Key	CellX	CellY
VisibleObstacle		
	8	26
	9	26
	9	27
	10	27
	10	28
	11	28
	11	29
	12	29
	12	30
	13	30
	13	29
	12	28
	11	27
	10	26
	9	25
	8	25
	7	25
	7	26
	6	25
	6	9
	8	10
	7	11
	9	13
	7	14
	6	23
	9	14
	16	9
	6	7
	7	7
	8	24
	7	23
	7	17
	6	11
	6	17
	16	8
	7	9
	6	8
	5	17
	4	17
	6	14
	9	8
	8	17
	9	17
	9	16
	9	15
	19	8
	172	7
	173	7
	177	7
	175	7
	178	7
	174	7
	179	7
	176	7
	171	7
	12	9
	13	7
	14	8
	14	7
	14	9
	13	9
	11	9
	9	7
	9	9
	11	8
	18	11
	19	10
	18	9
	8	7
	8	8
	7	8
	17	9
	16	10
	8	9
	6	10
	7	10
	8	11
	6	12
	7	12
	6	13
	6	15
	8	13
	8	15
	7	13
	11	7
	13	8
	12	8
	12	7
	5	24
	6	24
	7	24
	8	12
	7	15
	8	14
	4	16
	5	16
	6	16
	7	16
	8	16
	9	12
	10	11
	9	11
	10	10
	10	9
	9	10
	10	8
	10	7
	18	10
	19	9
	18	8
	20	8
	20	7
	19	7
	18	7
	21	7
	11	10
	12	10
	13	10
	14	10
	15	10
	15	11
	16	11
	16	12
	17	12
	18	12
	19	12
	20	11
	20	10
	21	9
	20	9
	19	11
	22	8
	21	8
	22	7
	22	6
	22	5
	23	5
	24	5
	25	5
	27	5
	26	5
	28	5
	29	5
	30	5
	31	5
	32	5
	33	5
	34	5
	35	5
	36	5
	37	5
	38	5
	39	5
	40	5
	41	5
	42	5
	43	5
	23	6
	24	6
	25	6
	26	6
	27	6
	28	6
	29	6
	30	6
	31	6
	32	6
	33	6
	34	6
	35	6
	36	6
	37	6
	42	6
	43	6
	42	8
	43	8
	44	10
	45	11
	46	10
	47	11
	48	12
	49	14
	49	13
	48	13
	50	14
	50	15
	51	15
	51	14
	52	14
	53	13
	54	12
	55	11
	55	12
	55	13
	55	14
	55	15
	56	15
	180	7
	58	15
	58	14
	58	10
	58	9
	59	12
	58	6
	57	5
	59	6
	60	6
	61	6
	62	6
	63	6
	64	6
	43	7
	42	7
	44	8
	44	9
	45	9
	45	10
	46	9
	47	9
	47	10
	48	10
	48	11
	49	11
	49	12
	50	13
	51	13
	52	13
	52	12
	53	12
	53	11
	54	11
	54	10
	55	10
	56	10
	56	11
	56	12
	56	13
	56	14
	57	14
	57	15
	57	13
	58	13
	58	12
	58	11
	57	11
	57	10
	57	9
	57	8
	58	8
	58	7
	57	7
	57	6
	58	5
	59	5
	60	5
	61	5
	62	5
	63	5
	64	5
	65	5
	42	9
	43	9
	46	11
	47	12
	47	13
	52	15
	53	14
	54	13
	57	12
	66	5
	68	5
	69	5
	70	5
	71	5
	72	5
	73	5
	74	5
	67	5
	65	6
	66	6
	67	6
	68	6
	69	6
	70	6
	71	6
	72	6
	73	6
	74	6
	75	6
	77	6
	78	6
	79	6
	80	6
	81	6
	82	6
	83	6
	84	6
	85	6
	75	5
	76	5
	77	5
	78	5
	79	5
	80	5
	81	5
	82	5
	83	5
	84	5
	85	5
	76	6
	86	7
	87	8
	88	9
	86	6
	87	7
	88	8
	89	9
	90	8
	89	8
	91	8
	91	7
	92	7
	92	8
	93	8
	94	9
	95	10
	96	10
	97	11
	97	10
	97	9
	96	9
	95	9
	94	8
	94	7
	93	7
	90	7
	89	7
	88	7
	87	6
	86	5
	98	11
	99	10
	100	10
	101	10
	101	9
	102	10
	103	9
	104	9
	105	9
	106	9
	107	9
	108	9
	109	9
	110	9
	111	9
	112	9
	112	10
	113	10
	113	11
	114	12
	115	12
	116	12
	117	12
	118	11
	119	10
	120	9
	120	8
	120	7
	119	7
	119	8
	119	9
	118	9
	118	10
	117	11
	116	11
	115	11
	114	11
	114	10
	113	9
	113	8
	112	8
	111	8
	110	8
	109	8
	108	8
	107	8
	106	8
	105	8
	104	8
	103	8
	102	8
	102	9
	100	9
	99	9
	98	9
	98	10
	95	8
	119	6
	120	6
	121	6
	122	6
	123	6
	124	6
	125	6
	126	6
	127	6
	128	6
	129	6
	119	5
	120	5
	121	5
	122	5
	123	5
	124	5
	125	5
	126	5
	127	5
	129	5
	130	5
	131	5
	128	5
	131	6
	131	7
	130	6
	131	8
	130	9
	130	10
	129	11
	130	12
	129	13
	129	12
	130	13
	131	13
	185	7
	186	7
	156	11
	156	12
	134	13
	157	13
	158	14
	158	15
	137	15
	138	15
	139	14
	162	6
	158	12
	158	13
	169	6
	171	6
	183	7
	152	11
	149	14
	148	13
	147	13
	147	12
	153	11
	153	12
	152	12
	132	12
	131	12
	144	15
	133	12
	156	15
	135	13
	134	12
	150	13
	172	6
	190	7
	159	14
	163	6
	138	14
	159	15
	157	14
	164	6
	157	12
	166	6
	167	6
	182	7
	157	16
	187	7
	130	11
	131	9
	132	8
	132	7
	132	6
	132	5
	155	13
	149	13
	132	13
	158	16
	165	6
	133	13
	135	14
	135	15
	136	15
	137	16
	134	14
	136	16
	137	17
	138	17
	138	16
	139	15
	140	14
	157	11
	170	6
	131	10
	151	14
	153	10
	146	13
	148	14
	147	14
	153	6
	189	7
	168	6
	140	15
	154	8
	154	7
	154	9
	154	6
	140	16
	141	16
	141	17
	142	17
	143	17
	144	17
	144	16
	145	16
	145	15
	146	15
	146	14
	153	7
	131	11
	156	14
	153	9
	153	8
	188	7
	161	6
	145	14
	160	6
	132	9
	152	13
	155	6
	154	10
	151	13
	156	6
	157	6
	159	6
	158	6
	143	16
	142	16
	181	7
	150	15
	150	14
	155	9
	155	8
	155	7
	156	7
	157	7
	158	7
	159	7
	160	7
	161	7
	162	7
	163	7
	164	7
	165	7
	166	7
	167	7
	168	7
	169	7
	170	7
	157	15
	156	13
	155	12
	184	7
	156	10
	157	10
	173	6
	174	6
	175	6
	176	6
	177	6
	178	6
	179	6
	180	6
	181	6
	182	6
	183	6
	184	6
	185	6
	186	6
	187	6
	188	6
	189	6
	190	6
	191	7
	192	7
	193	7
	194	7
	195	7
	196	7
	197	7
	198	7
	199	7
	200	7
	201	7
	202	7
	203	7
	204	7
	205	7
	206	7
	207	7
	208	7
	209	7
	210	7
	211	7
	212	7
	213	7
	214	7
	215	7
	216	7
	217	7
	218	7
	219	7
	220	7
	221	7
	222	7
	223	7
	224	7
	225	7
	226	7
	227	7
	228	7
	191	6
	192	6
	193	6
	194	6
	195	6
	196	6
	197	6
	198	6
	199	6
	200	6
	201	6
	202	6
	203	6
	204	6
	205	6
	206	6
	207	6
	208	6
	209	6
	210	6
	211	6
	212	6
	213	6
	214	6
	215	6
	216	6
	218	6
	219	6
	220	6
	221	6
	222	6
	223	6
	217	6
	224	6
	225	6
	227	6
	228	6
	226	6
	229	7
	229	6
	230	7
	230	6
	230	8
	229	8
	228	9
	228	10
	227	11
	228	12
	228	11
	229	9
	229	12
	230	12
	227	12
	230	13
	229	14
	229	15
	230	16
	230	15
	230	14
	231	17
	232	18
	231	18
	233	18
	234	19
	231	16
	231	15
	229	11
	234	18
	235	19
	236	20
	236	19
	237	21
	237	20
	238	21
	238	22
	237	22
	236	23
	235	23
	235	24
	234	24
	234	25
	233	25
	233	26
	233	27
	232	27
	232	28
	231	29
	230	29
	229	30
	228	31
	227	32
	226	32
	226	33
	192	47
	225	34
	226	34
	226	35
	227	35
	227	36
	228	36
	228	37
	229	37
	229	38
	230	38
	231	38
	232	37
	233	36
	234	35
	235	34
	235	35
	235	36
	235	37
	235	38
	234	39
	234	40
	233	41
	233	42
	232	42
	232	43
	232	44
	233	44
	233	45
	233	46
	233	47
	230	37
	231	37
	232	36
	233	35
	234	34
	227	33
	228	33
	228	32
	229	31
	230	31
	230	30
	231	30
	232	29
	233	28
	231	28
	235	26
	234	26
	236	25
	237	25
	237	24
	237	23
	236	24
	235	25
	232	17
	233	17
	234	17
	235	18
	236	18
	237	19
	238	20
	238	23
	229	10
	235	39
	235	40
	234	41
	234	42
	234	43
	233	43
	228	8
	227	10
	226	11
	226	12
	229	13
	228	13
	227	13
	230	17
	229	16
	230	18
	232	26
	231	27
	230	28
	229	29
	191	47
	228	30
	225	33
	227	31
	189	47
	190	47
	229	39
	225	35
	230	39
	226	36
	227	37
	228	38
	234	36
	233	37
	232	38
	232	46
	231	46
	230	46
	229	46
	228	46
	227	46
	226	46
	225	46
	224	46
	223	46
	222	46
	221	46
	220	46
	219	46
	218	46
	216	46
	215	46
	214	46
	213	46
	212	46
	211	46
	210	46
	217	46
	209	46
	208	46
	207	46
	206	46
	205	46
	204	46
	203	46
	202	46
	201	46
	200	46
	199	46
	197	46
	196	46
	195	46
	194	46
	193	46
	198	46
	234	44
	234	45
	234	46
	234	47
	232	47
	230	47
	229	47
	228	47
	227	47
	226	47
	231	47
	225	47
	223	47
	222	47
	221	47
	220	47
	224	47
	219	47
	218	47
	217	47
	216	47
	215	47
	214	47
	213	47
	212	47
	211	47
	210	47
	209	47
	208	47
	207	47
	206	47
	205	47
	204	47
	203	47
	202	47
	201	47
	200	47
	199	47
	198	47
	197	47
	196	47
	195	47
	194	47
	193	47
	188	47
	187	47
	186	47
	185	47
	184	47
	183	47
	182	47
	181	47
	180	47
	179	47
	178	47
	177	47
	176	47
	175	47
	174	47
	173	47
	171	47
	170	47
	168	47
	167	47
	166	47
	165	47
	164	47
	163	47
	162	47
	169	47
	172	47
	192	46
	191	46
	190	46
	189	46
	188	46
	187	46
	186	46
	185	46
	184	46
	183	46
	182	46
	181	46
	180	46
	179	46
	178	46
	177	46
	176	46
	175	46
	174	46
	173	46
	172	46
	171	46
	170	46
	169	46
	168	46
	167	46
	166	46
	165	46
	164	46
	163	46
	162	46
	157	41
	157	42
	157	43
	157	44
	157	45
	157	46
	157	47
	158	46
	159	46
	161	46
	158	47
	159	47
	161	47
	160	47
	160	46
	157	40
	156	40
	156	39
	155	39
	156	38
	157	38
	157	37
	158	37
	158	36
	159	36
	159	35
	160	35
	158	35
	157	36
	156	37
	155	38
	154	39
	153	40
	152	40
	151	41
	150	41
	149	41
	152	41
	153	41
	154	40
	148	41
	147	41
	146	41
	145	41
	144	41
	143	41
	141	40
	142	41
	142	42
	140	40
	140	39
	139	39
	139	40
	136	40
	137	40
	138	40
	137	39
	137	38
	136	38
	138	39
	141	41
	135	38
	135	37
	134	37
	133	37
	132	37
	132	38
	131	38
	130	38
	129	38
	129	39
	128	39
	128	40
	129	41
	129	42
	130	42
	131	43
	131	44
	130	45
	130	44
	129	44
	128	44
	127	44
	126	44
	125	44
	124	43
	123	43
	123	44
	122	44
	124	44
	121	44
	121	45
	122	45
	122	46
	122	47
	123	47
	124	47
	124	48
	131	42
	130	41
	129	40
	130	39
	131	39
	132	39
	133	39
	133	38
	134	38
	135	39
	136	39
	139	41
	140	41
	141	42
	143	42
	144	42
	145	42
	146	42
	147	42
	149	42
	150	42
	151	42
	152	42
	148	42
	153	42
	154	41
	155	40
	156	41
	156	42
	156	43
	156	44
	157	39
	158	39
	158	38
	159	37
	160	36
	149	40
	156	36
	155	37
	159	34
	154	38
	153	39
	158	40
	150	40
	151	40
	152	39
	153	38
	148	40
	147	40
	146	40
	145	40
	144	40
	143	40
	142	40
	131	37
	130	37
	129	37
	128	38
	127	39
	127	40
	127	41
	128	41
	128	42
	129	43
	128	43
	130	43
	127	42
	127	43
	126	43
	125	43
	121	47
	120	47
	119	47
	118	47
	117	47
	116	47
	115	47
	114	47
	113	47
	112	47
	111	47
	110	47
	109	47
	123	46
	123	45
	130	40
	131	41
	136	37
	138	38
	134	36
	133	36
	132	36
	121	46
	120	46
	108	47
	107	47
	106	47
	105	47
	104	47
	103	47
	102	47
	102	48
	103	48
	105	48
	106	48
	107	48
	108	48
	109	48
	110	48
	111	48
	104	48
	112	48
	113	48
	114	48
	115	48
	116	48
	117	48
	118	48
	121	48
	122	48
	123	48
	119	48
	120	48
	124	46
	124	45
	102	46
	102	45
	101	45
	100	46
	99	46
	100	45
	98	47
	99	47
	97	48
	98	48
	97	49
	96	49
	96	48
	95	48
	94	48
	93	48
	93	47
	92	47
	91	47
	90	46
	90	47
	89	47
	89	46
	88	46
	88	47
	87	47
	87	46
	86	46
	86	45
	85	45
	85	44
	84	44
	84	45
	83	44
	83	43
	82	43
	82	42
	81	42
	80	41
	81	41
	79	41
	79	42
	78	42
	78	43
	78	44
	79	44
	80	45
	79	45
	80	46
	79	46
	79	47
	78	47
	77	47
	76	48
	76	47
	75	48
	74	48
	73	49
	73	48
	72	49
	71	49
	79	43
	80	42
	80	43
	80	44
	82	44
	81	43
	70	49
	68	49
	67	49
	69	49
	66	49
	66	48
	67	48
	68	48
	69	48
	70	48
	71	48
	72	48
	53	47
	67	41
	59	47
	60	47
	67	42
	67	43
	67	44
	66	45
	67	45
	66	46
	66	47
	65	48
	65	47
	65	46
	65	45
	66	44
	54	47
	55	47
	56	47
	57	47
	63	41
	64	41
	63	42
	62	43
	63	43
	62	44
	62	45
	61	46
	62	46
	61	47
	61	48
	60	49
	60	48
	59	48
	58	48
	57	48
	56	48
	55	48
	54	48
	53	48
	52	48
	51	48
	50	48
	49	48
	48	48
	47	48
	46	48
	45	48
	44	48
	43	48
	42	48
	41	48
	40	48
	39	48
	38	48
	37	48
	59	49
	58	49
	57	49
	55	49
	54	49
	53	49
	52	49
	50	49
	56	49
	51	49
	49	49
	48	49
	47	49
	46	49
	45	49
	44	49
	43	49
	42	49
	41	49
	40	49
	39	49
	38	49
	97	47
	95	47
	94	47
	96	47
	91	46
	90	45
	89	45
	88	45
	87	45
	78	46
	78	45
	75	47
	77	46
	74	47
	73	47
	72	47
	71	47
	70	47
	69	47
	68	47
	67	47
	67	46
	66	41
	65	41
	52	47
	58	47
	51	47
	50	47
	49	47
	48	47
	47	47
	46	47
	45	47
	43	47
	42	47
	41	47
	40	47
	44	47
	39	47
	37	47
	38	47
	37	46
	36	46
	36	45
	35	45
	35	44
	39	46
	39	45
	39	44
	38	44
	38	43
	39	43
	38	42
	37	42
	36	42
	36	41
	35	41
	35	42
	34	42
	34	41
	33	42
	33	43
	33	44
	34	44
	32	44
	31	44
	30	44
	29	44
	29	43
	27	43
	28	43
	28	42
	27	42
	27	41
	28	41
	27	40
	26	40
	25	40
	24	40
	23	40
	22	40
	22	39
	21	38
	20	38
	20	37
	19	37
	19	36
	18	36
	18	35
	17	34
	16	34
	16	33
	15	32
	15	31
	14	31
	14	30
	16	32
	17	33
	18	34
	19	35
	20	36
	21	37
	22	38
	21	39
	15	33
	17	35
	22	41
	23	41
	24	41
	25	41
	26	41
	29	45
	31	45
	32	45
	33	45
	34	45
	30	45
	28	44
	34	43
	35	43
	36	43
	37	44
	37	45
	38	46
	36	44
	37	43
	38	45
	7	22
	7	21
	7	20
	7	19
	7	18
	5	23
	4	23
	5	22
	6	22
	4	24
	4	22
	5	21
	6	21
	4	21
	5	20
	6	20
	4	20
	5	19
	6	19
	4	19
	5	18
	6	18
	4	18
	15	8
	15	9
	15	7
	17	8
	17	10
	17	11
	20	6
	21	6
	19	6
	21	5
	20	5
	21	4
	22	4
	20	4
	23	4
	24	4
	23	3
	24	3
	22	3
	25	4
	25	3
	26	4
	26	3
	27	4
	27	3
	28	4
	28	3
	29	4
	29	3
	30	4
	30	3
	31	4
	31	3
	30	2
	31	2
	29	2
	32	3
	32	4
	32	2
	33	3
	33	4
	33	2
	34	3
	34	4
	34	2
	35	3
	35	4
	35	2
	36	4
	36	3
	37	4
	37	3
	38	4
	38	3
	39	4
	39	3
	40	4
	40	3
	41	4
	41	3
	42	4
	42	3
	43	4
	43	3
	5	26
	6	26
	4	26
	5	27
	5	25
	6	27
	4	27
	4	25
	7	27
	6	28
	7	28
	5	28
	8	27
	8	28
	7	29
	8	29
	6	29
	9	28
	9	29
	10	29
	10	30
	11	30
	9	30
	11	31
	12	31
	10	31
	13	31
	12	32
	13	32
	11	32
	14	32
	13	33
	14	33
	12	33
	13	34
	14	34
	12	34
	15	34
	14	35
	15	35
	13	35
	16	35
	15	36
	16	36
	14	36
	17	36
	16	37
	17	37
	15	37
	18	37
	17	38
	18	38
	16	38
	19	38
	18	39
	19	39
	17	39
	20	39
	19	40
	20	40
	18	40
	21	40
	20	41
	21	41
	19	41
	21	42
	22	42
	20	42
	21	43
	22	43
	20	43
	23	43
	22	44
	23	44
	23	42
	21	44
	24	43
	24	44
	24	42
	25	43
	25	44
	25	42
	26	43
	26	44
	26	42
	27	44
	26	45
	27	45
	25	45
	26	46
	27	46
	25	46
	28	46
	27	47
	28	47
	28	45
	26	47
	29	46
	29	47
	28	48
	29	48
	27	48
	30	47
	30	48
	30	46
	31	47
	31	48
	31	46
	32	47
	32	48
	32	46
	33	47
	33	48
	33	46
	34	47
	34	48
	34	46
	35	47
	35	48
	35	46
	36	47
	36	48
	35	49
	36	49
	34	49
	37	49
	36	50
	37	50
	35	50
	38	50
	39	50
	38	51
	39	51
	37	51
	62	49
	63	49
	61	49
	62	50
	62	48
	63	50
	63	48
	61	50
	64	49
	64	50
	64	48
	63	47
	64	47
	62	47
	63	46
	64	46
	64	45
	63	45
	64	44
	65	44
	63	44
	65	43
	66	43
	64	43
	65	42
	66	42
	64	42
	75	49
	76	49
	74	49
	75	50
	76	50
	74	50
	77	49
	77	50
	77	48
	78	49
	78	50
	78	48
	79	49
	79	50
	79	48
	80	49
	80	50
	80	48
	80	47
	81	48
	81	49
	81	47
	82	47
	81	46
	82	48
	82	46
	81	45
	82	45
	81	44
	83	46
	83	47
	83	45
	84	46
	84	47
	83	48
	84	48
	85	47
	85	48
	85	46
	86	47
	86	48
	87	48
	86	49
	87	49
	85	49
	88	48
	88	49
	89	48
	89	49
	90	48
	90	49
	89	50
	90	50
	88	50
	91	49
	91	50
	91	48
	92	49
	92	50
	92	48
	93	49
	93	50
	94	49
	94	50
	93	51
	94	51
	92	51
	95	50
	95	51
	95	49
	96	50
	96	51
	97	50
	97	51
	98	50
	98	51
	98	49
	99	50
	99	51
	99	49
	100	50
	100	51
	100	49
	101	50
	101	51
	101	49
	100	48
	101	48
	99	48
	100	47
	101	47
	101	46
	102	49
	103	49
	102	50
	103	50
	104	50
	103	51
	104	51
	104	49
	102	51
	105	50
	105	51
	105	49
	106	50
	107	50
	106	51
	106	49
	107	51
	107	49
	108	50
	108	51
	108	49
	109	50
	109	51
	109	49
	110	50
	110	51
	110	49
	111	50
	111	51
	111	49
	112	50
	112	51
	112	49
	113	50
	113	51
	113	49
	114	50
	114	51
	114	49
	115	50
	115	51
	115	49
	116	50
	116	51
	116	49
	117	50
	117	51
	117	49
	118	50
	118	51
	118	49
	119	50
	119	51
	119	49
	120	50
	120	51
	120	49
	121	50
	121	51
	121	49
	122	50
	122	51
	122	49
	123	50
	123	51
	123	49
	124	50
	124	51
	124	49
	125	50
	125	51
	125	49
	125	48
	126	49
	126	50
	126	48
	125	47
	126	47
	125	46
	126	46
	127	47
	127	48
	127	46
	126	45
	127	45
	125	45
	128	45
	128	46
	129	45
	129	46
	130	46
	131	45
	131	46
	132	45
	132	46
	132	44
	132	43
	132	42
	132	41
	133	41
	132	40
	133	42
	133	40
	131	40
	134	39
	134	40
	134	41
	135	40
	135	41
	136	41
	135	42
	136	42
	134	42
	137	41
	137	42
	138	41
	138	42
	137	43
	138	43
	136	43
	139	42
	139	43
	140	42
	140	43
	139	44
	140	44
	138	44
	141	43
	141	44
	142	43
	142	44
	143	43
	143	44
	144	43
	144	44
	145	43
	145	44
	146	43
	146	44
	147	43
	147	44
	148	43
	148	44
	149	43
	149	44
	150	43
	150	44
	151	43
	151	44
	152	43
	152	44
	153	43
	153	44
	154	43
	154	44
	154	42
	155	43
	155	44
	155	42
	155	41
	154	45
	155	45
	153	45
	154	46
	155	46
	153	46
	156	45
	156	46
	155	47
	156	47
	154	47
	155	48
	156	48
	154	48
	155	49
	156	49
	154	49
	157	48
	158	48
	157	49
	158	49
	159	48
	159	49
	160	48
	160	49
	161	48
	161	49
	162	48
	162	49
	163	48
	163	49
	164	48
	164	49
	165	48
	165	49
	166	48
	166	49
	167	48
	167	49
	168	48
	168	49
	169	48
	169	49
	170	48
	170	49
	171	48
	171	49
	172	48
	172	49
	173	48
	173	49
	174	48
	174	49
	175	48
	175	49
	176	48
	176	49
	177	48
	177	49
	178	48
	178	49
	179	48
	179	49
	180	48
	180	49
	181	48
	181	49
	182	48
	182	49
	184	48
	185	48
	183	48
	184	49
	185	49
	183	49
	186	48
	186	49
	187	48
	188	48
	187	49
	188	49
	189	48
	189	49
	190	48
	190	49
	191	48
	191	49
	192	48
	192	49
	193	48
	193	49
	194	48
	194	49
	195	48
	195	49
	196	48
	196	49
	197	48
	197	49
	198	48
	198	49
	199	48
	199	49
	200	48
	200	49
	201	48
	201	49
	202	48
	202	49
	203	48
	203	49
	204	48
	204	49
	205	48
	205	49
	206	48
	206	49
	207	48
	207	49
	208	48
	208	49
	209	48
	209	49
	210	48
	210	49
	211	48
	211	49
	212	48
	212	49
	213	48
	213	49
	214	48
	214	49
	215	48
	215	49
	216	48
	216	49
	217	48
	217	49
	218	48
	218	49
	219	48
	219	49
	220	48
	220	49
	221	48
	221	49
	222	48
	222	49
	223	48
	223	49
	224	48
	224	49
	225	48
	225	49
	226	48
	226	49
	227	48
	227	49
	228	48
	228	49
	229	48
	229	49
	230	48
	230	49
	231	48
	231	49
	232	48
	232	49
	233	48
	233	49
	234	48
	234	49
	235	48
	235	49
	235	47
	236	48
	236	49
	236	47
	237	48
	237	49
	237	47
	236	46
	237	46
	235	46
	236	45
	237	45
	235	45
	236	44
	237	44
	235	44
	236	43
	237	43
	235	43
	236	42
	237	42
	235	42
	236	41
	237	41
	235	41
	236	40
	237	40
	238	40
	237	39
	238	41
	238	39
	236	39
	237	38
	238	38
	236	38
	237	37
	238	37
	236	37
	237	36
	238	36
	236	36
	237	35
	238	35
	236	35
	237	34
	238	34
	236	34
	237	33
	238	33
	236	33
	237	32
	238	32
	236	32
	234	32
	235	32
	233	32
	234	33
	234	31
	235	33
	235	31
	233	33
	233	31
	233	34
	232	33
	232	34
	232	32
	231	33
	231	34
	231	32
	232	35
	231	35
	230	34
	230	35
	230	33
	229	35
	230	36
	231	36
	229	36
	229	34
	228	35
	228	34
	227	34
	229	33
	229	32
	230	32
	231	31
	232	31
	232	30
	233	30
	234	30
	233	29
	234	29
	234	28
	235	29
	235	30
	235	28
	236	29
	236	30
	236	28
	235	27
	236	27
	234	27
	237	28
	237	29
	237	27
	236	26
	237	26
	238	25
	238	26
	238	24
	239	25
	239	26
	239	24
	239	23
	240	24
	240	25
	240	23
	241	23
	240	22
	241	24
	241	22
	239	22
	240	21
	241	21
	239	21
	240	20
	241	20
	239	20
	240	19
	241	19
	239	19
	240	18
	241	18
	239	18
	240	17
	241	17
	239	17
	238	18
	238	19
	238	17
	239	16
	240	16
	238	16
	237	17
	237	18
	237	16
	238	15
	239	15
	237	15
	236	16
	236	17
	236	15
	235	15
	236	14
	237	14
	235	16
	235	14
	234	15
	234	16
	234	14
	233	15
	233	16
	233	14
	235	17
	232	15
	232	16
	232	14
	231	14
	232	13
	233	13
	231	13
	231	12
	232	12
	231	11
	232	11
	230	11
	230	10
	231	10
	230	9
	231	9
	231	8
	232	9
	232	10
	232	8
	231	7
	232	7
	231	6
	232	6
	231	5
	232	5
	230	5
	229	5
	230	4
	231	4
	229	4
	228	5
	228	4
	229	3
	230	3
	228	3
	227	4
	227	5
	227	3
	226	4
	226	5
	226	3
	225	4
	225	5
	225	3
	224	4
	224	5
	224	3
	223	4
	223	5
	223	3
	222	4
	222	5
	222	3
	221	4
	221	5
	221	3
	220	4
	220	5
	220	3
	219	4
	219	5
	219	3
	218	4
	218	5
	218	3
	217	4
	217	5
	217	3
	216	4
	216	5
	216	3
	215	4
	215	5
	215	3
	214	4
	214	5
	214	3
	213	4
	213	5
	213	3
	212	4
	212	5
	212	3
	211	4
	211	5
	211	3
	210	4
	210	5
	210	3
	209	4
	209	5
	209	3
	208	4
	208	5
	208	3
	207	4
	207	5
	207	3
	206	4
	206	5
	206	3
	205	4
	205	5
	205	3
	204	4
	204	5
	204	3
	203	4
	203	5
	203	3
	202	4
	202	5
	202	3
	201	4
	201	5
	201	3
	200	4
	200	5
	200	3
	199	4
	198	4
	199	5
	199	3
	198	5
	198	3
	197	4
	197	5
	197	3
	196	4
	196	5
	196	3
	195	4
	195	5
	195	3
	194	4
	194	5
	194	3
	193	4
	193	5
	193	3
	192	4
	192	5
	192	3
	191	4
	191	5
	191	3
	190	4
	190	5
	190	3
	189	4
	189	5
	189	3
	188	4
	188	5
	188	3
	187	4
	186	4
	187	5
	187	3
	186	5
	186	3
	185	4
	185	5
	185	3
	184	4
	184	5
	184	3
	183	4
	183	5
	183	3
	182	4
	182	5
	182	3
	181	4
	181	5
	181	3
	180	4
	180	5
	180	3
	179	4
	179	5
	179	3
	178	4
	178	5
	178	3
	177	4
	177	5
	177	3
	176	4
	176	5
	176	3
	175	4
	175	5
	175	3
	174	4
	174	5
	174	3
	173	4
	173	5
	173	3
	172	4
	172	5
	172	3
	171	4
	171	5
	171	3
	170	4
	170	5
	170	3
	169	4
	169	5
	169	3
	168	4
	168	5
	168	3
	167	3
	168	2
	169	2
	167	4
	167	2
	166	3
	166	4
	166	2
	165	3
	165	4
	165	2
	164	3
	164	4
	164	2
	163	3
	163	4
	163	2
	162	3
	162	4
	162	2
	161	3
	161	4
	161	2
	160	3
	160	4
	160	2
	159	3
	159	4
	159	2
	158	3
	158	4
	158	2
	157	3
	157	4
	157	2
	156	3
	156	4
	156	2
	155	3
	155	4
	155	2
	154	3
	154	4
	154	2
	167	5
	166	5
	164	5
	165	5
	163	5
	162	5
	161	5
	160	5
	159	5
	158	5
	157	5
	156	5
	155	5
	154	5
	153	5
	153	4
	152	5
	152	6
	152	4
	151	5
	151	6
	151	4
	150	5
	150	6
	150	4
	151	7
	152	7
	150	7
	151	8
	152	8
	150	8
	151	9
	152	9
	150	9
	149	8
	149	9
	149	7
	150	10
	151	10
	149	10
	150	11
	151	11
	149	11
	152	10
	151	12
	150	12
	149	12
	148	12
	148	11
	147	11
	146	12
	146	11
	145	13
	145	12
	144	13
	144	14
	144	12
	143	13
	143	14
	143	12
	143	15
	142	14
	142	15
	142	13
	141	14
	141	15
	141	13
	140	13
	139	13
	140	12
	141	12
	139	12
	138	13
	138	12
	137	13
	137	14
	137	12
	136	13
	136	14
	136	12
	135	12
	136	11
	137	11
	135	11
	134	11
	133	11
	134	10
	135	10
	133	10
	132	11
	132	10
	133	9
	134	9
	133	8
	134	8
	133	7
	134	7
	133	6
	134	6
	133	5
	134	5
	133	4
	134	4
	132	4
	133	3
	134	3
	132	3
	131	4
	131	3
	130	4
	130	3
	129	4
	129	3
	130	2
	131	2
	129	2
	128	3
	128	4
	128	2
	127	3
	127	4
	127	2
	126	3
	126	4
	126	2
	125	3
	125	4
	125	2
	124	3
	124	4
	124	2
	123	3
	123	4
	123	2
	122	4
	122	3
	121	4
	121	3
	120	4
	120	3
	119	4
	119	3
	118	4
	118	5
	118	3
	117	4
	117	5
	117	3
	116	4
	115	4
	116	5
	116	3
	115	5
	115	3
	116	6
	117	6
	115	6
	118	6
	117	7
	118	7
	116	7
	117	8
	118	8
	116	8
	117	9
	116	9
	115	8
	115	9
	115	7
	116	10
	117	10
	115	10
	114	9
	114	8
	113	7
	114	7
	112	7
	111	7
	112	6
	113	6
	111	6
	110	7
	110	6
	109	7
	109	6
	108	7
	108	6
	107	7
	107	6
	106	7
	106	6
	105	7
	105	6
	104	7
	104	6
	103	7
	103	6
	102	7
	102	6
	101	7
	101	8
	101	6
	100	7
	100	8
	100	6
	99	7
	99	8
	99	6
	98	7
	98	8
	98	6
	99	5
	100	5
	98	5
	97	6
	97	7
	97	5
	96	6
	96	7
	96	5
	95	6
	95	7
	95	5
	94	6
	94	5
	97	8
	96	8
	93	5
	94	4
	95	4
	93	6
	93	4
	92	5
	92	6
	92	4
	91	5
	91	6
	91	4
	90	5
	90	6
	90	4
	89	5
	89	6
	89	4
	88	5
	88	6
	88	4
	87	5
	87	4
	86	4
	87	3
	88	3
	86	3
	85	4
	85	3
	84	4
	84	3
	83	4
	83	3
	82	4
	82	3
	81	4
	81	3
	80	4
	80	3
	79	4
	79	3
	80	2
	81	2
	79	2
	78	3
	78	4
	78	2
	77	3
	77	4
	77	2
	76	3
	76	4
	76	2
	75	3
	75	4
	75	2
	74	3
	74	4
	74	2
	73	3
	73	4
	73	2
	72	3
	72	4
	72	2
	71	3
	71	4
	71	2
	70	3
	70	4
	70	2
	69	3
	69	4
	69	2
	68	3
	68	4
	68	2
	67	3
	67	4
	67	2
	66	3
	66	4
	66	2
	65	3
	65	4
	65	2
	64	4
	64	3
	63	4
	63	3
	62	4
	62	3
	61	4
	61	3
	60	4
	60	3
	59	4
	59	3
	58	4
	58	3
	57	4
	57	3
	56	4
	56	5
	56	3
	55	4
	55	5
	55	3
	54	5
	55	6
	56	6
	54	6
	54	4
	55	7
	56	7
	54	7
	55	8
	56	8
	54	8
	55	9
	56	9
	54	9
	53	9
	53	10
	53	8
	52	10
	52	11
	52	9
	51	10
	51	11
	51	9
	50	10
	50	11
	50	9
	50	12
	51	12
	49	10
	48	9
	49	9
	47	8
	48	8
	46	8
	45	8
	46	7
	47	7
	45	7
	46	6
	47	6
	45	6
	44	7
	44	6
	45	5
	46	5
	44	5
	44	4
	45	4
	44	3
	155	11
	154	11
	155	10
	154	12
	154	13
	153	13
	22	1
	23	1
	21	1
	22	2
	22	0
	23	2
	23	0
	21	2
	21	0
	20	1
	20	2
	20	0
	21	3
	20	3
	19	3
	19	4
	19	2
	18	4
	19	5
	18	5
	18	3
	17	4
	17	5
	17	3
	16	5
	17	6
	18	6
	16	6
	16	4
	15	5
	15	6
	15	4
	14	6
	16	7
	14	5
	13	6
	17	7
	18	2
	19	1
	18	1
	19	0
	18	0
	17	2
	14	4
	13	5
	12	6
	12	5
	11	6
	11	5
	10	6
	10	5
	9	6
	9	5
	8	6
	8	5
	7	6
	7	5
	11	4
	12	4
	10	4
	13	4
	13	3
	14	3
	12	3
	15	3
	8	4
	9	4
	7	4
	6	5
	5	5
	6	6
	6	4
	5	6
	5	4
	7	3
	8	3
	6	3
	4	5
	4	6
	4	4
	5	7
	4	7
	5	8
	4	8
	3	6
	3	7
	3	5
	4	9
	5	9
	3	9
	4	10
	5	10
	3	10
	3	8
	4	12
	5	12
	3	12
	4	13
	4	11
	5	13
	5	11
	3	13
	3	11
	2	10
	2	11
	2	9
	2	8
	2	7
	2	12
	3	15
	4	15
	2	15
	3	16
	3	14
	4	14
	2	16
	2	14
	3	17
	2	17
	2	13
	5	15
	5	14
	1	11
	1	12
	1	10
	1	9
	0	9
	1	8
	0	10
	0	8
	1	7
	0	7
	1	13
	1	14
	1	17
	2	18
	3	18
	1	18
	1	16
	2	19
	3	19
	1	19
	2	20
	3	20
	1	20
	1	15
	0	11
	0	12
	0	15
	0	16
	0	14
	0	20
	1	21
	2	21
	0	21
	0	19
	1	24
	2	24
	0	24
	1	25
	1	23
	2	25
	2	23
	0	25
	0	23
	1	22
	2	22
	0	22
	0	18
	1	26
	2	26
	0	26
	1	28
	2	28
	0	28
	1	29
	1	27
	2	29
	2	27
	0	29
	0	27
	1	30
	2	30
	0	30
	3	28
	3	29
	3	27
	3	26
	3	22
	3	23
	3	21
	3	25
	3	24
	4	28
	4	30
	5	30
	3	30
	4	31
	4	29
	5	31
	5	29
	3	31
	4	33
	5	33
	3	33
	4	34
	4	32
	5	34
	5	32
	3	34
	3	32
	6	32
	6	33
	6	31
	7	35
	8	35
	6	35
	7	36
	7	34
	8	36
	8	34
	6	36
	6	34
	9	36
	10	36
	9	37
	9	35
	10	37
	10	35
	8	37
	7	37
	7	33
	7	32
	6	30
	9	34
	8	33
	9	33
	12	37
	13	37
	11	37
	12	38
	12	36
	13	38
	13	36
	11	38
	11	36
	12	39
	13	39
	11	39
	11	35
	10	34
	11	34
	8	32
	9	32
	8	31
	9	31
	7	31
	10	33
	10	32
	11	33
	7	30
	8	30
	12	35
	14	37
	16	40
	17	40
	15	40
	16	41
	16	39
	17	41
	15	41
	15	39
	18	43
	19	43
	17	43
	18	44
	18	42
	19	44
	19	42
	17	44
	17	42
	20	44
	19	45
	20	45
	18	45
	16	43
	16	44
	16	42
	14	41
	13	41
	14	42
	14	40
	15	42
	13	42
	13	40
	12	40
	11	40
	14	43
	15	43
	13	43
	17	45
	16	45
	17	46
	18	46
	16	46
	12	42
	12	43
	12	41
	10	39
	10	40
	10	38
	14	39
	18	41
	15	38
	14	38
	19	46
	20	46
	23	47
	24	47
	22	47
	23	48
	23	46
	24	48
	24	46
	22	48
	22	46
	21	46
	20	47
	21	47
	21	45
	19	47
	26	48
	27	49
	28	49
	26	49
	25	47
	25	48
	24	45
	23	45
	22	45
	25	49
	24	49
	25	50
	26	50
	24	50
	27	50
	26	51
	27	51
	25	51
	28	50
	28	51
	24	51
	29	50
	29	51
	29	49
	30	50
	30	51
	30	49
	31	50
	31	51
	31	49
	32	50
	33	50
	32	51
	32	49
	33	51
	33	49
	34	50
	35	51
	36	51
	34	51
	38	52
	39	52
	37	52
	35	52
	36	52
	34	52
	32	52
	33	52
	31	52
	40	51
	40	52
	40	50
	34	53
	35	53
	33	53
	39	53
	40	53
	38	53
	43	52
	44	52
	42	52
	43	53
	43	51
	44	53
	44	51
	42	53
	42	51
	45	52
	45	53
	45	51
	41	52
	41	53
	41	51
	41	50
	42	50
	43	50
	44	50
	45	50
	48	51
	49	51
	47	51
	48	52
	48	50
	49	52
	49	50
	47	52
	47	50
	50	51
	50	52
	50	50
	48	53
	49	53
	47	53
	54	51
	55	51
	53	51
	54	52
	54	50
	55	52
	55	50
	53	52
	53	50
	56	51
	56	52
	56	50
	46	51
	46	52
	46	50
	51	51
	52	51
	51	52
	51	50
	52	52
	52	50
	50	53
	51	53
	59	51
	60	51
	58	51
	59	52
	59	50
	60	52
	60	50
	58	52
	58	50
	61	51
	61	52
	57	51
	57	52
	57	50
	62	51
	63	51
	62	52
	63	52
	64	51
	64	52
	55	53
	56	53
	54	53
	53	53
	52	53
	60	53
	61	53
	59	53
	62	53
	63	53
	58	53
	50	54
	51	54
	49	54
	57	53
	56	54
	57	54
	55	54
	60	54
	61	54
	59	54
	60	55
	61	55
	59	55
	54	54
	53	54
	54	55
	55	55
	53	55
	52	54
	51	55
	52	55
	50	55
	49	55
	56	55
	57	55
	46	54
	47	54
	45	54
	46	55
	46	53
	47	55
	45	55
	44	54
	43	54
	44	55
	43	55
	48	54
	69	52
	70	52
	68	52
	69	53
	69	51
	70	53
	70	51
	68	53
	68	51
	67	51
	66	51
	67	52
	67	50
	68	50
	66	52
	66	50
	65	50
	65	51
	65	49
	65	52
	65	53
	66	53
	64	53
	69	50
	70	50
	73	50
	75	51
	76	51
	74	51
	72	52
	73	52
	71	52
	72	53
	72	51
	73	53
	73	51
	71	53
	71	51
	75	52
	76	52
	74	52
	75	53
	76	53
	74	53
	78	52
	79	52
	77	52
	78	53
	78	51
	79	53
	79	51
	77	53
	77	51
	72	50
	71	50
	78	54
	79	54
	77	54
	80	53
	81	53
	80	54
	80	52
	81	54
	81	52
	80	51
	81	51
	81	50
	82	52
	82	53
	82	51
	82	54
	82	50
	83	50
	82	49
	83	51
	83	49
	84	49
	84	50
	84	51
	85	51
	84	52
	85	52
	85	50
	83	52
	86	51
	86	52
	86	50
	86	53
	87	53
	85	53
	86	54
	87	54
	87	52
	85	54
	88	53
	88	54
	88	52
	87	51
	88	51
	90	52
	91	52
	89	52
	90	53
	90	51
	91	53
	91	51
	89	53
	89	51
	92	52
	93	52
	92	53
	93	53
	84	53
	94	52
	94	53
	95	52
	95	53
	87	50
	96	53
	97	53
	96	54
	96	52
	97	54
	97	52
	95	54
	98	53
	98	54
	98	52
	94	54
	93	54
	94	55
	95	55
	93	55
	92	54
	92	55
	96	55
	99	54
	100	54
	99	55
	99	53
	100	55
	100	53
	98	55
	103	54
	104	54
	102	54
	103	55
	103	53
	104	55
	104	53
	102	55
	102	53
	97	55
	101	54
	101	55
	101	53
	101	52
	102	52
	100	52
	99	52
	103	52
	105	53
	104	52
	105	54
	105	52
	106	53
	106	54
	106	52
	107	53
	108	53
	107	54
	107	52
	108	54
	108	52
	109	53
	109	54
	109	52
	110	53
	110	54
	110	52
	111	53
	111	54
	111	52
	112	53
	112	54
	112	52
	113	53
	114	53
	113	54
	113	52
	114	54
	114	52
	115	53
	116	53
	115	54
	115	52
	116	54
	116	52
	117	53
	118	53
	117	54
	117	52
	118	54
	118	52
	119	52
	120	52
	119	53
	120	53
	121	52
	121	53
	122	52
	122	53
	123	52
	124	52
	123	53
	124	53
	125	52
	125	53
	122	54
	123	54
	121	54
	119	54
	120	54
	119	55
	120	55
	118	55
	117	55
	116	55
	115	55
	114	55
	112	55
	113	55
	111	55
	110	55
	109	55
	108	55
	106	55
	107	55
	105	55
	124	54
	125	54
	122	55
	123	55
	121	55
	120	56
	121	56
	119	56
	124	55
	126	53
	126	54
	126	52
	127	53
	127	54
	127	52
	126	51
	127	51
	128	52
	128	53
	128	51
	129	51
	128	50
	129	52
	129	50
	127	50
	128	49
	129	49
	127	49
	130	49
	129	48
	130	50
	130	48
	128	48
	129	47
	130	47
	128	47
	131	49
	132	49
	131	50
	131	48
	132	50
	132	48
	133	48
	132	47
	133	49
	133	47
	131	47
	134	47
	133	46
	134	48
	134	46
	135	47
	135	48
	135	46
	133	45
	134	45
	135	45
	134	44
	135	44
	133	44
	134	43
	135	43
	133	43
	136	44
	136	45
	137	45
	136	46
	137	46
	137	44
	139	45
	140	45
	138	45
	139	46
	140	46
	138	46
	138	47
	139	47
	137	47
	140	47
	139	48
	140	48
	138	48
	141	47
	141	48
	141	46
	140	49
	141	49
	139	49
	138	49
	137	48
	136	47
	136	48
	142	47
	143	47
	142	48
	142	46
	143	48
	143	46
	144	47
	145	47
	144	48
	144	46
	145	48
	145	46
	146	46
	147	46
	146	47
	146	45
	147	47
	147	45
	145	45
	148	45
	149	45
	148	46
	149	46
	144	45
	143	45
	142	45
	141	45
	150	46
	149	47
	150	47
	150	45
	148	47
	151	46
	151	47
	151	45
	152	46
	152	47
	152	45
	151	48
	152	48
	150	48
	153	47
	153	48
	149	48
	151	49
	152	49
	150	49
	153	49
	152	50
	153	50
	151	50
	152	51
	153	51
	151	51
	148	50
	149	50
	147	50
	148	51
	148	49
	149	51
	149	49
	147	51
	147	49
	144	49
	145	49
	143	49
	144	50
	145	50
	143	50
	142	49
	142	50
	146	49
	146	50
	146	48
	147	48
	150	50
	154	50
	148	48
	150	51
	154	51
	155	51
	154	52
	155	52
	155	50
	153	52
	156	51
	157	51
	156	52
	156	50
	157	52
	157	50
	158	51
	158	52
	158	50
	159	51
	159	52
	159	50
	160	51
	160	52
	160	50
	161	51
	161	52
	161	50
	157	53
	158	53
	156	53
	154	53
	155	53
	153	53
	162	51
	163	51
	162	52
	162	50
	163	52
	163	50
	164	50
	165	50
	164	51
	165	51
	166	50
	166	51
	167	50
	167	51
	168	50
	168	51
	169	50
	169	51
	170	50
	170	51
	171	50
	171	51
	172	50
	173	50
	172	51
	173	51
	174	50
	174	51
	175	50
	175	51
	167	52
	168	52
	166	52
	164	52
	165	52
	169	52
	170	52
	171	52
	172	52
	173	52
	174	52
	175	52
	176	51
	176	52
	176	50
	178	51
	179	51
	177	51
	178	52
	178	50
	179	52
	179	50
	177	52
	177	50
	180	51
	180	52
	180	50
	181	51
	182	51
	181	52
	181	50
	182	52
	182	50
	183	51
	183	52
	183	50
	184	51
	184	52
	184	50
	185	50
	186	50
	185	51
	186	51
	187	50
	188	50
	187	51
	188	51
	189	50
	190	50
	189	51
	190	51
	191	50
	191	51
	192	50
	193	50
	192	51
	193	51
	194	50
	194	51
	195	50
	195	51
	183	53
	184	53
	182	53
	185	52
	185	53
	186	52
	187	52
	186	53
	187	53
	188	52
	188	53
	189	52
	189	53
	190	52
	190	53
	193	52
	194	52
	192	52
	193	53
	194	53
	192	53
	195	52
	196	52
	195	53
	196	53
	196	51
	197	52
	197	53
	197	51
	198	52
	198	53
	198	51
	199	52
	199	53
	199	51
	201	52
	202	52
	200	52
	201	53
	201	51
	202	53
	202	51
	200	53
	200	51
	203	52
	203	53
	203	51
	204	51
	205	51
	204	52
	204	50
	205	52
	205	50
	203	50
	206	51
	206	52
	206	50
	200	50
	201	50
	199	50
	196	50
	197	50
	191	52
	191	53
	202	50
	198	50
	207	50
	208	50
	207	51
	208	51
	209	50
	210	50
	209	51
	210	51
	211	50
	211	51
	212	50
	212	51
	210	52
	211	52
	209	52
	205	53
	206	53
	204	53
	207	52
	207	53
	208	52
	208	53
	209	53
	212	52
	213	51
	213	52
	213	50
	214	51
	214	52
	214	50
	215	51
	215	52
	215	50
	216	51
	216	52
	216	50
	217	51
	217	52
	217	50
	218	50
	218	51
	219	50
	219	51
	220	50
	221	50
	220	51
	221	51
	222	50
	222	51
	223	50
	223	51
	224	50
	224	51
	225	50
	226	50
	225	51
	226	51
	227	50
	228	50
	227	51
	228	51
	229	50
	229	51
	230	50
	230	51
	231	50
	231	51
	232	50
	233	50
	232	51
	233	51
	234	50
	235	50
	234	51
	235	51
	218	52
	212	53
	213	53
	211	53
	210	53
	214	53
	215	53
	216	53
	219	52
	218	53
	219	53
	217	53
	220	52
	221	52
	220	53
	221	53
	222	52
	223	52
	222	53
	223	53
	224	52
	224	53
	225	52
	226	52
	225	53
	226	53
	227	52
	228	52
	229	52
	230	52
	231	52
	232	52
	233	52
	236	51
	235	52
	236	52
	236	50
	234	52
	237	50
	237	51
	238	50
	238	51
	238	49
	239	50
	239	51
	239	49
	240	50
	240	51
	240	49
	239	48
	240	48
	238	48
	239	47
	240	47
	238	47
	239	46
	240	46
	238	46
	239	45
	240	45
	238	45
	239	44
	240	44
	238	44
	239	43
	240	43
	238	43
	239	42
	240	42
	238	42
	239	41
	240	41
	241	44
	241	45
	241	43
	241	46
	241	42
	241	41
	240	40
	241	40
	239	40
	240	39
	241	39
	239	39
	240	38
	241	38
	239	38
	240	37
	241	37
	239	37
	242	38
	242	39
	242	37
	242	40
	242	41
	241	35
	242	35
	240	35
	241	36
	241	34
	242	36
	242	34
	240	36
	240	34
	241	33
	242	33
	240	33
	241	32
	242	32
	240	32
	239	36
	239	35
	239	34
	239	33
	239	32
	239	31
	240	31
	238	31
	241	31
	240	30
	241	30
	239	30
	242	31
	242	30
	241	28
	242	28
	240	28
	241	29
	241	27
	242	29
	242	27
	240	29
	240	27
	241	26
	242	26
	240	26
	239	29
	238	30
	238	29
	238	28
	239	28
	237	30
	238	27
	237	31
	236	31
	239	27
	241	25
	242	25
	242	24
	242	23
	243	23
	242	22
	243	24
	243	22
	243	25
	243	26
	242	21
	243	21
	242	20
	243	20
	244	20
	243	19
	244	21
	244	19
	242	19
	244	22
	244	23
	244	24
	242	18
	243	18
	242	17
	243	17
	242	16
	243	16
	241	16
	242	15
	243	15
	241	15
	241	14
	242	14
	240	14
	241	13
	242	13
	240	15
	240	13
	241	12
	242	12
	240	12
	239	10
	240	10
	238	10
	239	11
	239	9
	240	11
	240	9
	238	11
	238	9
	239	8
	240	8
	238	8
	243	12
	242	11
	243	13
	243	11
	241	11
	243	14
	244	14
	244	15
	244	13
	235	9
	236	9
	234	9
	235	10
	235	8
	236	10
	236	8
	234	10
	234	8
	235	7
	236	7
	234	7
	233	8
	233	9
	233	7
	237	11
	236	11
	237	12
	237	10
	238	12
	236	12
	239	12
	238	13
	239	13
	237	13
	236	13
	239	14
	235	13
	235	12
	233	11
	233	12
	233	10
	235	11
	238	14
	234	11
	234	12
	234	13
	233	6
	234	6
	233	5
	234	5
	233	4
	234	4
	232	4
	235	5
	235	6
	235	4
	236	6
	237	6
	236	5
	237	7
	237	5
	232	3
	233	3
	231	3
	232	2
	233	2
	231	2
	230	2
	229	2
	230	1
	231	1
	229	1
	228	1
	229	0
	230	0
	228	2
	228	0
	227	2
	227	1
	226	2
	226	1
	225	2
	225	1
	224	2
	224	1
	225	0
	226	0
	224	0
	223	1
	223	2
	223	0
	222	1
	222	2
	222	0
	221	1
	221	2
	221	0
	220	1
	220	2
	220	0
	219	0
	219	1
	218	0
	218	1
	217	0
	216	0
	217	1
	216	1
	215	0
	215	1
	214	0
	214	1
	213	0
	213	1
	212	0
	211	0
	212	1
	211	1
	210	0
	209	0
	210	1
	209	1
	208	0
	208	1
	212	2
	213	2
	211	2
	216	2
	217	2
	215	2
	218	2
	219	2
	214	2
	210	2
	209	2
	207	1
	208	2
	207	2
	207	0
	206	1
	206	2
	206	0
	205	1
	205	2
	205	0
	204	1
	204	2
	204	0
	203	1
	202	1
	203	2
	203	0
	202	2
	202	0
	201	1
	201	2
	201	0
	200	1
	200	2
	200	0
	199	1
	199	2
	199	0
	198	1
	197	1
	198	2
	198	0
	197	2
	197	0
	195	1
	196	1
	194	1
	195	2
	195	0
	196	2
	196	0
	194	2
	194	0
	193	1
	192	1
	193	2
	193	0
	192	2
	192	0
	191	2
	190	2
	191	1
	190	1
	189	2
	188	2
	189	1
	188	1
	187	2
	186	2
	187	1
	186	1
	185	2
	184	2
	183	2
	182	2
	181	2
	180	2
	179	2
	178	2
	177	2
	176	2
	175	2
	174	2
	173	2
	172	2
	171	2
	170	2
	168	1
	169	1
	167	1
	166	1
	165	1
	170	1
	171	1
	173	1
	174	1
	172	1
	175	1
	176	1
	178	1
	179	1
	177	1
	178	0
	179	0
	177	0
	181	1
	182	1
	180	1
	181	0
	182	0
	180	0
	183	1
	184	1
	183	0
	184	0
	185	1
	186	0
	187	0
	185	0
	188	0
	189	0
	190	0
	191	0
	175	0
	176	0
	174	0
	173	0
	172	0
	171	0
	169	0
	170	0
	168	0
	166	0
	167	0
	165	0
	164	1
	163	1
	164	0
	163	0
	162	1
	162	0
	161	1
	161	0
	160	1
	159	1
	160	0
	159	0
	158	1
	158	0
	157	1
	156	1
	157	0
	156	0
	155	1
	153	2
	154	1
	153	3
	153	1
	152	2
	151	2
	152	3
	152	1
	151	3
	151	1
	150	2
	149	2
	150	3
	150	1
	149	3
	149	1
	148	2
	148	3
	148	1
	147	2
	147	3
	147	1
	149	4
	149	5
	148	5
	149	6
	148	6
	148	4
	148	7
	147	6
	147	7
	147	5
	148	8
	147	8
	148	9
	147	9
	146	7
	146	8
	146	6
	146	3
	147	4
	146	4
	146	2
	146	5
	146	9
	147	10
	148	10
	146	10
	145	9
	145	10
	145	8
	144	9
	144	10
	144	8
	144	11
	145	11
	143	11
	142	12
	142	11
	141	11
	140	11
	141	10
	142	10
	140	10
	139	10
	138	10
	139	11
	139	9
	140	9
	138	11
	138	9
	139	8
	140	8
	138	8
	137	10
	136	10
	135	9
	136	9
	135	8
	135	7
	136	8
	136	7
	137	9
	137	8
	135	6
	135	5
	136	6
	137	6
	136	5
	137	7
	137	5
	138	7
	139	7
	138	6
	139	6
	138	5
	139	5
	141	8
	140	7
	141	9
	141	7
	143	10
	143	9
	142	9
	136	4
	137	4
	135	4
	135	3
	133	2
	134	2
	132	2
	132	1
	133	1
	131	1
	136	3
	135	2
	134	1
	135	1
	132	0
	133	0
	131	0
	130	0
	130	1
	129	0
	129	1
	128	0
	128	1
	127	0
	127	1
	126	0
	126	1
	125	1
	124	1
	125	0
	124	0
	123	1
	123	0
	122	1
	122	2
	122	0
	121	1
	121	2
	121	0
	120	1
	119	1
	120	2
	120	0
	119	2
	119	0
	118	1
	118	2
	118	0
	117	1
	116	1
	117	2
	117	0
	116	2
	116	0
	115	2
	114	2
	115	1
	114	3
	114	1
	113	2
	112	2
	113	3
	113	1
	112	3
	112	1
	111	2
	111	3
	111	1
	110	2
	109	2
	110	3
	110	1
	109	3
	109	1
	108	2
	108	3
	108	1
	107	2
	107	3
	107	1
	106	2
	106	3
	106	1
	109	4
	110	4
	108	4
	111	4
	112	4
	111	5
	112	5
	110	5
	113	5
	113	4
	114	5
	114	6
	114	4
	109	5
	108	5
	107	4
	107	5
	106	4
	106	5
	105	4
	104	4
	105	5
	105	3
	104	5
	104	3
	103	4
	103	5
	103	3
	102	3
	103	2
	104	2
	102	4
	102	2
	101	3
	101	4
	101	2
	100	3
	99	3
	100	4
	100	2
	99	4
	99	2
	98	4
	98	3
	97	4
	96	4
	97	3
	96	3
	95	3
	94	3
	93	3
	94	2
	95	2
	93	2
	92	3
	92	2
	91	3
	91	2
	101	5
	102	5
	105	2
	105	1
	106	0
	107	0
	105	0
	108	0
	103	1
	104	1
	102	1
	103	0
	104	0
	102	0
	100	1
	101	1
	99	1
	98	2
	98	1
	97	2
	97	1
	96	2
	96	1
	95	1
	94	1
	93	1
	92	1
	91	1
	90	2
	90	3
	90	1
	89	2
	89	3
	89	1
	88	2
	88	1
	87	2
	87	1
	86	2
	86	1
	85	2
	84	2
	85	1
	84	1
	83	2
	82	2
	83	1
	82	1
	81	1
	80	1
	79	1
	78	1
	77	1
	76	1
	75	1
	84	0
	85	0
	83	0
	86	0
	87	0
	91	0
	92	0
	90	0
	93	0
	94	0
	96	0
	97	0
	95	0
	99	0
	100	0
	98	0
	101	0
	89	0
	88	0
	82	0
	80	0
	81	0
	79	0
	78	0
	77	0
	76	0
	75	0
	74	0
	74	1
	73	0
	73	1
	72	0
	72	1
	70	1
	71	1
	69	1
	70	0
	71	0
	69	0
	68	1
	67	1
	68	0
	67	0
	65	1
	66	1
	64	1
	65	0
	66	0
	64	2
	64	0
	63	1
	62	1
	63	2
	63	0
	62	2
	62	0
	61	1
	60	1
	61	2
	61	0
	60	2
	60	0
	59	1
	59	2
	59	0
	58	1
	58	2
	58	0
	57	1
	57	2
	57	0
	56	1
	56	2
	56	0
	55	1
	55	2
	55	0
	54	1
	53	1
	54	2
	54	0
	53	2
	53	0
	52	1
	52	2
	52	0
	51	1
	50	1
	51	2
	51	0
	50	2
	50	0
	49	1
	49	2
	49	0
	48	1
	48	2
	48	0
	51	3
	52	3
	50	3
	53	3
	52	4
	53	4
	51	4
	52	5
	53	5
	51	5
	52	6
	53	6
	51	6
	52	7
	53	7
	51	7
	50	6
	50	7
	50	5
	50	4
	54	3
	52	8
	51	8
	50	8
	49	6
	48	6
	49	7
	49	5
	48	7
	48	5
	48	4
	49	4
	47	4
	48	3
	49	3
	47	5
	47	3
	46	3
	47	2
	46	4
	46	2
	49	8
	43	1
	44	1
	42	1
	43	2
	43	0
	44	2
	44	0
	42	2
	42	0
	41	1
	41	2
	41	0
	45	2
	45	3
	45	1
	46	1
	47	1
	40	2
	40	1
	39	2
	39	1
	38	2
	38	1
	37	2
	37	1
	36	2
	36	1
	35	1
	34	1
	33	1
	32	1
	31	1
	30	1
	29	1
	28	2
	27	2
	28	1
	27	1
	26	2
	26	1
	25	2
	24	2
	25	1
	24	1
	31	0
	32	0
	30	0
	34	0
	35	0
	33	0
	36	0
	37	0
	38	0
	39	0
	40	0
	29	0
	28	0
	27	0
	26	0
	25	0
	24	0
	17	1
	16	1
	17	0
	16	2
	16	0
	15	1
	15	2
	15	0
	14	1
	14	2
	14	0
	13	2
	13	1
	11	3
	12	2
	11	2
	12	1
	11	1
	16	3
	10	3
	10	2
	9	3
	9	2
	8	2
	9	1
	10	1
	8	1
	13	0
InvisibleObstacle		
AW1		
	101	44
	102	44
	100	44
	101	45
	101	43
	102	45
	102	43
	100	45
	100	43
	101	42
	102	42
	100	42
	101	41
	102	41
	100	41
	101	40
	102	40
	100	40
	101	39
	102	39
	100	39
	101	38
	102	38
	100	38
	101	37
	102	37
	100	37
	101	36
	102	36
	100	36
	101	35
	102	35
	100	35
	101	34
	102	34
	100	34
	101	33
	102	33
	100	33
	101	32
	102	32
	100	32
	101	31
	102	31
	100	31
	101	30
	102	30
	100	30
	101	29
	102	29
	100	29
	101	28
	102	28
	100	28
	101	27
	102	27
	100	27
	100	26
	101	26
	102	26
	101	25
	102	25
	100	25
	101	24
	102	24
	100	24
	101	23
	102	23
	100	23
	101	22
	102	22
	100	22
	101	21
	102	21
	100	21
	101	20
	102	20
	100	20
	101	19
	102	19
	100	19
	101	18
	102	18
	100	18
	101	17
	102	17
	100	17
	101	16
	102	16
	100	16
	101	15
	102	15
	100	15
	101	14
	102	14
	100	14
	101	13
	102	13
	100	13
	101	12
	102	12
	100	12
	101	11
	102	11
	100	11
AW2		
	153	37
	154	37
	152	37
	153	38
	153	36
	154	38
	154	36
	152	38
	152	36
	153	35
	154	35
	152	35
	153	34
	154	34
	152	34
	153	33
	154	33
	152	33
	153	32
	154	32
	152	32
	153	31
	154	31
	152	31
	153	30
	154	30
	152	30
	153	29
	154	29
	152	29
	153	28
	154	28
	152	28
	153	27
	154	27
	152	27
	153	26
	154	26
	152	26
	153	25
	154	25
	152	25
	153	24
	154	24
	152	24
	153	23
	154	23
	152	23
	153	22
	154	22
	152	22
	153	21
	154	21
	152	21
	153	20
	154	20
	152	20
	153	19
	154	19
	152	19
	153	18
	154	18
	152	18
	153	17
	154	17
	152	17
	153	16
	154	16
	152	16
	153	15
	154	15
	152	15
	153	14
	154	14
	152	14
	155	37
	155	38
	155	36
	155	35
	155	34
	155	33
	155	32
	155	31
	155	30
	155	29
	155	28
	155	27
	155	26
	155	25
	155	24
	155	23
	155	22
	155	21
	155	20
	155	19
	155	18
	155	17
	155	16
	155	15
	155	14
	156	37
	156	38
	156	36
	155	39
	156	39
	154	39
	156	35
	156	34
	156	33
	156	32
	156	31
	156	30
	156	29
	156	28
	156	27
	156	26
	156	25
	156	24
	156	23
	156	22
	156	21
	156	20
	156	19
	156	18
	156	17
	156	16
	156	15
	156	14
	153	39
	152	39
BB1		
	159	33
	160	33
	158	33
	159	34
	159	32
	160	34
	160	32
	158	34
	158	32
	159	31
	160	31
	158	31
	159	30
	160	30
	158	30
	159	29
	160	29
	158	29
	159	28
	160	28
	158	28
	159	27
	160	27
	158	27
	159	26
	160	26
	158	26
	158	25
	159	25
	160	25
	159	24
	160	24
	158	24
	159	22
	160	22
	158	22
	159	23
	159	21
	160	23
	160	21
	158	23
	158	21
	159	20
	160	20
	158	20
	159	19
	160	19
	158	19
	159	18
	160	18
	158	18
	159	17
	160	17
	158	17
	159	16
	160	16
	158	16
AW3		
	69	45
	70	45
	68	45
	69	46
	69	44
	70	46
	70	44
	68	46
	68	44
	69	43
	70	43
	68	43
	69	42
	70	42
	68	42
	69	41
	70	41
	68	41
	69	40
	70	40
	68	40
	69	39
	70	39
	68	39
	69	38
	70	38
	68	38
	69	37
	70	37
	68	37
	69	36
	70	36
	68	36
	69	35
	70	35
	68	35
	69	34
	70	34
	68	34
	69	33
	70	33
	68	33
	69	32
	70	32
	68	32
	69	31
	70	31
	68	31
	69	30
	70	30
	68	30
	69	29
	70	29
	68	29
	69	28
	70	28
	68	28
	69	27
	70	27
	68	27
	69	26
	70	26
	68	26
	69	25
	70	25
	68	25
	69	24
	70	24
	68	24
	69	23
	70	23
	68	23
	69	22
	70	22
	68	22
	69	21
	70	21
	68	21
	69	20
	70	20
	68	20
	69	19
	70	19
	68	19
	69	18
	70	18
	68	18
	69	17
	70	17
	68	17
	69	16
	70	16
	68	16
	69	15
	70	15
	68	15
	69	14
	70	14
	68	14
	69	13
	70	13
	68	13
	69	12
	70	12
	68	12
	69	11
	70	11
	68	11
	69	10
	70	10
	68	10
	69	9
	70	9
	68	9
	69	8
	70	8
	68	8
	69	7
	70	7
	68	7
CG1		
	26	38
	27	38
	25	38
	26	39
	26	37
	27	39
	27	37
	25	39
	25	37
	26	36
	27	36
	25	36
	26	35
	27	35
	25	35
	26	34
	27	34
	25	34
	26	33
	27	33
	25	33
	26	32
	27	32
	25	32
	26	31
	27	31
	25	31
	26	30
	27	30
	25	30
	26	29
	27	29
	25	29
	26	28
	27	28
	25	28
	26	27
	27	27
	25	27
	26	26
	27	26
	25	26
	26	25
	27	25
	25	25
	26	24
	27	24
	25	24
	26	23
	27	23
	25	23
	26	22
	27	22
	25	22
	26	21
	27	21
	25	21
	26	20
	27	20
	25	20
	26	19
	27	19
	25	19
	26	18
	27	18
	25	18
	26	17
	27	17
	25	17
	26	16
	27	16
	25	16
	26	15
	27	15
	25	15
	26	14
	27	14
	25	14
	27	13
	26	13
	27	12
	26	12
	25	13
	25	12
	26	11
	27	11
	25	11
	26	10
	27	10
	25	10
	26	9
	27	9
	25	9
	26	8
	27	8
	25	8
	26	7
	27	7
	25	7
CG2		
	80	39
	81	39
	79	39
	80	40
	80	38
	81	40
	81	38
	79	40
	79	38
	80	37
	81	37
	79	37
	79	36
	80	36
	79	35
	80	35
	79	34
	80	34
	81	36
	81	35
	81	34
	80	33
	81	33
	79	33
	80	32
	81	32
	79	32
	80	31
	81	31
	79	31
	80	30
	81	30
	79	30
	80	29
	81	29
	79	29
	80	28
	81	28
	79	28
	80	27
	81	27
	79	27
	80	26
	81	26
	79	26
	80	25
	81	25
	79	25
	79	24
	80	24
	79	23
	80	23
	79	22
	80	22
	79	21
	80	21
	79	20
	79	19
	81	24
	81	23
	81	22
	81	21
	80	20
	81	20
	80	19
	81	19
	80	18
	81	18
	79	18
	80	17
	81	17
	79	17
	80	16
	81	16
	79	16
	80	15
	81	15
	79	15
	80	14
	81	14
	79	14
	80	13
	81	13
	79	13
	80	12
	81	12
	79	12
	80	11
	81	11
	79	11
	80	10
	81	10
	79	10
	80	9
	81	9
	79	9
	80	8
	81	8
	79	8
	80	7
	81	7
	79	7
EB1		
	194	39
	195	39
	193	39
	194	40
	194	38
	195	40
	195	38
	193	40
	193	38
	194	42
	195	42
	193	42
	194	43
	194	41
	195	43
	195	41
	193	43
	193	41
	197	42
	198	42
	196	42
	197	43
	197	41
	198	43
	198	41
	196	43
	196	41
	197	39
	198	39
	196	39
	197	40
	197	38
	198	40
	198	38
	196	40
	196	38
CB1		
	55	38
	56	38
	54	38
	55	39
	55	37
	56	39
	56	37
	54	39
	54	37
	58	38
	59	38
	57	38
	58	39
	58	37
	59	39
	59	37
	57	39
	57	37
	58	35
	59	35
	57	35
	58	36
	58	34
	59	36
	59	34
	57	36
	57	34
	55	35
	56	35
	54	35
	55	36
	55	34
	56	36
	56	34
	54	36
	54	34
CS1		
	166	29
	167	29
	165	29
	166	30
	166	28
	167	30
	167	28
	165	30
	165	28
	169	29
	170	29
	168	29
	169	30
	169	28
	170	30
	170	28
	168	30
	168	28
	169	26
	170	26
	168	26
	169	27
	169	25
	170	27
	170	25
	168	27
	168	25
	166	26
	167	26
	165	26
	166	27
	166	25
	167	27
	167	25
	165	27
	165	25
BB2		
	116	39
	117	39
	115	39
	116	40
	116	38
	117	40
	117	38
	115	40
	115	38
AW4		
	213	44
	214	44
	212	44
	213	45
	213	43
	214	45
	214	43
	212	45
	212	43
	213	42
	214	42
	212	42
	213	41
	214	41
	212	41
	213	40
	214	40
	212	40
	213	39
	214	39
	212	39
	213	38
	214	38
	212	38
	213	37
	214	37
	212	37
	213	36
	214	36
	212	36
	213	35
	214	35
	212	35
	213	34
	214	34
	212	34
	213	33
	214	33
	212	33
	213	32
	214	32
	212	32
	213	31
	214	31
	212	31
	213	30
	214	30
	212	30
	213	29
	214	29
	212	29
	212	28
	213	28
	212	27
	213	27
	212	26
	213	26
	212	25
	213	25
	212	24
	213	24
	212	23
	213	23
	212	22
	213	22
	212	21
	213	21
	212	20
	213	20
	212	19
	213	19
	212	18
	213	18
	212	17
	213	17
	212	16
	213	16
	212	15
	212	14
	212	13
	212	12
	212	11
	212	10
	212	9
	214	28
	214	27
	214	26
	214	25
	214	24
	214	23
	214	22
	214	21
	214	20
	214	19
	214	16
	213	15
	214	17
	214	15
	213	14
	214	14
	213	13
	214	13
	213	12
	214	12
	213	11
	214	11
	213	10
	214	10
	213	9
	214	9
	213	8
	214	8
	212	8
	214	18
