Key	CellX	CellY
VisibleObstacle		
	3	55
	4	55
	2	55
	3	56
	3	54
	4	56
	4	54
	2	56
	2	54
	1	55
	1	56
	1	54
	0	55
	0	56
	0	54
	3	52
	4	52
	2	52
	3	53
	3	51
	4	53
	4	51
	2	53
	2	51
	3	50
	4	50
	2	50
	3	49
	4	49
	2	49
	3	48
	4	48
	2	48
	4	47
	5	47
	3	47
	4	46
	5	48
	5	46
	3	46
	6	47
	6	48
	6	46
	7	47
	7	48
	7	46
	8	47
	8	48
	8	46
	9	47
	9	48
	9	46
	10	47
	10	48
	10	46
	11	47
	11	48
	11	46
	12	47
	12	48
	12	46
	13	47
	13	48
	13	46
	14	47
	14	48
	14	46
	15	47
	15	48
	15	46
	16	47
	16	48
	16	46
	17	47
	17	48
	17	46
	18	47
	18	48
	18	46
	19	47
	19	48
	19	46
	20	47
	20	48
	20	46
	21	47
	21	48
	21	46
	22	47
	22	48
	22	46
	23	47
	23	48
	23	46
	24	47
	24	48
	24	46
	25	47
	25	48
	25	46
	26	47
	26	48
	26	46
	27	47
	27	48
	27	46
	28	47
	28	48
	28	46
	29	47
	29	48
	29	46
	29	49
	30	49
	28	49
	29	50
	30	50
	30	48
	28	50
	29	51
	30	51
	28	51
	29	52
	30	52
	28	52
	29	53
	30	53
	28	53
	29	54
	30	54
	28	54
	29	55
	30	55
	28	55
	29	56
	30	56
	28	56
	29	57
	30	57
	28	57
	29	58
	30	58
	28	58
	29	59
	30	59
	28	59
	29	60
	30	60
	28	60
	29	61
	30	61
	28	61
	29	62
	30	62
	28	62
	29	63
	30	63
	28	63
	29	64
	30	64
	28	64
	29	65
	30	65
	28	65
	29	66
	30	66
	28	66
	29	67
	30	67
	28	67
	29	68
	30	68
	28	68
	29	69
	30	69
	28	69
	29	70
	30	70
	28	70
	29	72
	30	72
	28	72
	29	73
	29	71
	30	73
	30	71
	28	73
	28	71
	28	74
	29	74
	27	74
	28	75
	29	75
	27	75
	27	73
	26	74
	26	75
	26	73
	25	74
	25	75
	25	73
	24	74
	24	75
	24	73
	25	72
	26	72
	24	72
	27	72
	0	57
	1	57
	0	58
	1	58
	0	59
	1	59
	0	60
	1	60
	0	61
	1	61
	0	62
	1	62
	0	63
	1	63
	0	64
	1	64
	0	65
	1	65
	0	66
	1	66
	0	67
	1	67
	0	68
	1	68
	0	69
	1	69
	0	70
	1	70
	0	71
	1	71
	0	72
	1	72
	0	73
	1	73
	0	74
	1	74
	0	75
	1	75
	0	76
	1	76
	0	77
	1	77
	0	78
	1	78
	0	79
	1	79
	0	80
	1	80
	0	81
	1	81
	0	82
	1	82
	0	83
	1	83
	0	87
	1	87
	0	88
	0	86
	1	88
	1	86
	0	85
	1	85
	0	84
	1	84
	0	89
	1	89
	0	90
	1	90
	0	91
	1	91
	0	92
	1	92
	25	77
	26	77
	24	77
	25	78
	25	76
	26	78
	26	76
	24	78
	24	76
	25	79
	26	79
	24	79
	25	80
	26	80
	24	80
	27	79
	28	79
	27	80
	27	78
	28	80
	28	78
	29	81
	30	81
	28	81
	29	82
	29	80
	30	82
	30	80
	28	82
	29	83
	30	83
	28	83
	29	84
	30	84
	28	84
	29	85
	30	85
	28	85
	29	86
	30	86
	28	86
	29	87
	30	87
	28	87
	29	88
	30	88
	28	88
	29	89
	30	89
	28	89
	29	90
	30	90
	28	90
	29	91
	30	91
	28	91
	29	92
	30	92
	28	92
	27	93
	28	93
	26	93
	27	94
	27	92
	28	94
	26	94
	26	92
	25	93
	25	94
	25	92
	24	93
	24	94
	24	92
	23	93
	23	94
	23	92
	22	93
	22	94
	22	92
	21	93
	21	94
	21	92
	20	93
	20	94
	20	92
	21	95
	22	95
	20	95
	21	96
	22	96
	20	96
	23	95
	24	95
	23	96
	24	96
	21	97
	22	97
	20	97
	23	97
	24	97
	25	96
	25	97
	25	95
	26	96
	26	97
	26	95
	27	96
	27	97
	27	95
	28	96
	28	97
	28	95
	29	96
	29	97
	29	95
	30	96
	30	97
	30	95
	31	96
	31	97
	31	95
	32	96
	32	97
	32	95
	34	97
	35	97
	33	97
	34	98
	34	96
	35	98
	35	96
	33	98
	33	96
	32	98
	31	98
	33	99
	34	99
	32	99
	33	100
	34	100
	32	100
	33	101
	34	101
	32	101
	35	100
	35	101
	35	99
	36	100
	36	101
	36	99
	37	101
	38	101
	37	102
	37	100
	38	102
	38	100
	36	102
	37	103
	38	103
	36	103
	37	104
	38	104
	36	104
	37	105
	38	105
	36	105
	37	106
	38	106
	36	106
	37	107
	38	107
	36	107
	37	108
	38	108
	36	108
	37	109
	38	109
	36	109
	37	110
	38	110
	36	110
	37	111
	38	111
	36	111
	37	112
	38	112
	36	112
	37	113
	38	113
	36	113
	37	114
	38	114
	36	114
	37	115
	38	115
	36	115
	37	116
	38	116
	36	116
	35	117
	36	117
	34	117
	35	118
	35	116
	36	118
	34	118
	34	116
	33	117
	33	118
	33	116
	32	117
	32	118
	32	116
	31	117
	31	118
	31	116
	32	119
	33	119
	31	119
	30	118
	30	119
	30	117
	29	118
	29	119
	29	117
	28	118
	28	119
	28	117
	30	116
	29	116
	28	116
	27	117
	27	118
	27	116
	26	117
	26	118
	26	116
	25	117
	25	118
	25	116
	24	117
	24	118
	24	116
	23	117
	23	118
	23	116
	22	117
	22	118
	22	116
	21	117
	21	118
	21	116
	20	117
	20	118
	20	116
	19	117
	19	118
	19	116
	18	117
	18	118
	18	116
	17	117
	17	118
	17	116
	16	117
	16	118
	16	116
	15	117
	15	118
	15	116
	14	117
	14	118
	14	116
	13	117
	13	118
	13	116
	12	117
	12	118
	12	116
	11	117
	11	118
	11	116
	10	117
	10	118
	10	116
	9	117
	9	118
	9	116
	8	117
	8	118
	8	116
	7	117
	7	118
	7	116
	6	117
	6	118
	6	116
	7	115
	8	115
	6	115
	7	114
	8	114
	6	114
	9	115
	9	114
	8	113
	9	113
	7	113
	6	113
	7	112
	8	112
	6	112
	5	113
	5	114
	5	112
	4	113
	4	114
	4	112
	3	113
	3	114
	3	112
	2	113
	2	114
	2	112
	1	113
	1	114
	1	112
	0	113
	0	114
	0	112
	0	110
	1	110
	0	111
	0	109
	1	111
	1	109
	0	108
	1	108
	0	107
	1	107
	0	106
	1	106
	0	105
	1	105
	0	104
	1	104
	0	103
	1	103
	0	102
	1	102
	0	98
	1	98
	0	99
	0	97
	1	99
	1	97
	0	96
	1	96
	0	100
	1	100
	0	101
	1	101
	1	95
	2	95
	0	95
	1	94
	2	96
	2	94
	0	94
	3	95
	3	96
	3	94
	4	95
	4	96
	4	94
	3	93
	4	93
	2	93
	3	92
	4	92
	2	92
	1	93
	31	18
	32	18
	30	18
	31	19
	31	17
	32	19
	32	17
	30	19
	30	17
	31	20
	32	20
	30	20
	31	21
	32	21
	30	21
	31	22
	32	22
	30	22
	31	23
	32	23
	30	23
	31	24
	32	24
	30	24
	31	25
	32	25
	30	25
	31	26
	32	26
	30	26
	31	27
	32	27
	30	27
	31	28
	32	28
	30	28
	31	15
	30	15
	32	15
	32	29
	31	14
	31	29
	32	30
	31	16
	31	30
	30	29
	30	30
	31	31
	32	31
	30	31
	31	32
	32	32
	30	32
	32	33
	33	33
	31	33
	32	34
	33	34
	33	32
	31	34
	34	33
	34	34
	34	32
	35	33
	35	34
	35	32
	36	33
	36	34
	36	32
	37	33
	37	34
	37	32
	38	33
	38	34
	38	32
	39	33
	39	34
	39	32
	40	33
	40	34
	40	32
	41	33
	41	34
	41	32
	42	33
	42	34
	42	32
	43	33
	43	34
	43	32
	32	13
	31	13
	30	14
	44	32
	44	33
	30	16
	45	32
	45	33
	32	14
	46	32
	46	33
	32	16
	45	34
	46	34
	44	34
	47	33
	47	34
	47	32
	48	33
	49	33
	48	34
	48	32
	49	34
	49	32
	50	33
	50	34
	50	32
	51	33
	51	34
	51	32
	52	33
	52	34
	52	32
	53	33
	53	34
	53	32
	54	33
	54	34
	54	32
	55	33
	55	34
	55	32
	54	31
	55	31
	53	31
	56	32
	56	33
	56	31
	55	30
	56	30
	54	30
	55	29
	56	29
	54	29
	55	28
	56	28
	54	28
	53	29
	53	30
	53	28
	54	27
	55	27
	53	27
	54	26
	55	26
	53	26
	54	25
	55	25
	53	25
	54	24
	55	24
	53	24
	54	23
	55	23
	53	23
	56	24
	56	25
	56	23
	57	24
	57	25
	57	23
	56	26
	57	26
	56	27
	57	27
	57	28
	58	27
	58	28
	58	26
	58	25
	58	24
	58	23
	59	29
	60	29
	58	29
	59	30
	59	28
	60	30
	60	28
	58	30
	61	29
	61	30
	61	28
	62	29
	62	30
	62	28
	63	29
	63	30
	63	28
	64	29
	64	30
	64	28
	65	29
	65	30
	65	28
	66	29
	66	30
	66	28
	67	29
	67	30
	67	28
	68	29
	68	30
	68	28
	69	29
	69	30
	69	28
	70	29
	70	30
	70	28
	71	29
	71	30
	71	28
	72	29
	72	30
	72	28
	73	29
	73	30
	73	28
	74	29
	74	30
	74	28
	75	29
	75	30
	75	28
	76	29
	76	30
	76	28
	77	29
	77	30
	77	28
	78	29
	78	30
	78	28
	79	29
	79	30
	79	28
	80	29
	80	30
	80	28
	81	29
	81	30
	81	28
	82	29
	82	30
	82	28
	83	29
	83	30
	83	28
	84	29
	84	30
	84	28
	85	29
	85	30
	85	28
	86	29
	86	30
	86	28
	87	29
	87	30
	87	28
	88	29
	88	30
	88	28
	87	31
	88	31
	86	31
	87	32
	88	32
	86	32
	89	33
	90	33
	88	33
	89	34
	89	32
	90	34
	90	32
	88	34
	91	33
	91	34
	91	32
	92	33
	92	34
	92	32
	93	33
	93	34
	93	32
	94	33
	94	34
	94	32
	95	33
	95	34
	95	32
	96	33
	96	34
	96	32
	97	33
	97	34
	97	32
	98	33
	98	34
	98	32
	99	33
	99	34
	99	32
	100	33
	100	34
	100	32
	101	33
	101	34
	101	32
	102	33
	102	34
	102	32
	103	32
	102	31
	103	33
	103	31
	101	31
	102	30
	103	30
	101	30
	102	29
	103	29
	101	29
	104	30
	104	31
	104	29
	103	28
	104	28
	102	28
	101	28
	30	13
	31	12
	32	12
	30	12
	31	11
	32	11
	30	11
	31	10
	32	10
	30	10
	31	9
	32	9
	30	9
	31	8
	32	8
	30	8
	31	7
	32	7
	30	7
	31	6
	32	6
	30	6
	31	5
	32	5
	30	5
	31	4
	32	4
	30	4
	31	3
	32	3
	30	3
	33	3
	34	3
	33	4
	33	2
	34	4
	34	2
	32	2
	35	3
	35	4
	35	2
	36	3
	36	4
	36	2
	37	3
	37	4
	37	2
	38	3
	38	4
	38	2
	39	3
	39	4
	39	2
	40	3
	40	4
	40	2
	41	3
	41	4
	41	2
	42	3
	42	4
	42	2
	43	3
	43	4
	43	2
	44	3
	44	4
	44	2
	45	3
	45	4
	45	2
	46	3
	46	4
	46	2
	47	3
	47	4
	47	2
	48	3
	48	4
	48	2
	49	3
	49	4
	49	2
	50	3
	50	4
	50	2
	51	3
	51	4
	51	2
	52	3
	52	4
	52	2
	53	3
	53	4
	53	2
	54	3
	54	4
	54	2
	55	3
	55	4
	55	2
	56	3
	56	4
	56	2
	57	3
	57	4
	57	2
	58	3
	58	4
	58	2
	57	1
	58	1
	56	1
	57	0
	58	0
	56	0
	60	0
	61	0
	59	0
	60	1
	61	1
	59	1
	62	0
	62	1
	63	0
	63	1
	64	0
	64	1
	65	0
	65	1
	66	0
	66	1
	67	0
	67	1
	68	0
	68	1
	69	0
	69	1
	70	0
	70	1
	71	0
	71	1
	72	0
	72	1
	73	0
	73	1
	74	0
	74	1
	75	0
	75	1
	76	0
	76	1
	77	0
	77	1
	78	0
	78	1
	79	0
	79	1
	80	0
	80	1
	81	0
	81	1
	82	0
	82	1
	83	0
	83	1
	84	0
	84	1
	85	0
	85	1
	86	0
	86	1
	87	0
	87	1
	88	0
	88	1
	89	0
	89	1
	90	0
	90	1
	91	0
	91	1
	92	0
	92	1
	93	0
	93	1
	94	0
	94	1
	95	0
	95	1
	96	0
	96	1
	97	0
	97	1
	98	0
	98	1
	99	0
	99	1
	100	0
	100	1
	101	0
	101	1
	102	0
	102	1
	102	2
	103	2
	101	2
	102	3
	103	3
	103	1
	101	3
	102	4
	103	4
	101	4
	104	3
	105	3
	104	4
	104	2
	105	4
	105	2
	106	29
	107	29
	105	29
	106	30
	106	28
	107	30
	107	28
	105	30
	105	28
	106	5
	107	5
	105	5
	106	6
	106	4
	107	6
	107	4
	105	6
	106	7
	107	7
	105	7
	104	6
	104	7
	104	5
	105	8
	106	8
	104	8
	105	9
	106	9
	104	9
	105	10
	106	10
	104	10
	105	11
	106	11
	104	11
	105	12
	106	12
	104	12
	105	13
	106	13
	104	13
	105	14
	106	14
	104	14
	105	15
	106	15
	104	15
	105	16
	106	16
	104	16
	105	17
	106	17
	104	17
	105	18
	106	18
	104	18
	105	19
	106	19
	104	19
	105	20
	106	20
	104	20
	105	21
	106	21
	104	21
	105	22
	106	22
	104	22
	105	23
	106	23
	104	23
	105	24
	106	24
	104	24
	105	25
	106	25
	104	25
	105	26
	106	26
	104	26
	105	27
	106	27
	104	27
	107	26
	107	27
	107	25
	125	62
	126	62
	124	62
	125	63
	125	61
	126	63
	126	61
	124	63
	124	61
	127	62
	127	63
	127	61
	128	62
	128	63
	128	61
	129	62
	129	63
	129	61
	130	62
	130	63
	130	61
	131	62
	131	63
	131	61
	132	62
	132	63
	132	61
	133	62
	133	63
	133	61
	134	62
	134	63
	134	61
	135	62
	135	63
	135	61
	136	62
	136	63
	136	61
	137	62
	137	63
	137	61
	138	62
	138	63
	138	61
	139	62
	139	63
	139	61
	140	62
	140	63
	140	61
	141	62
	141	63
	141	61
	142	62
	142	63
	142	61
	143	62
	143	63
	143	61
	144	62
	144	63
	144	61
	145	62
	145	63
	145	61
	146	62
	146	63
	146	61
	147	62
	147	63
	147	61
	148	62
	148	63
	148	61
	149	62
	149	63
	149	61
	150	62
	150	63
	150	61
	151	62
	151	63
	151	61
	152	62
	152	63
	152	61
	153	64
	154	64
	152	64
	153	65
	153	63
	154	65
	154	63
	152	65
	153	66
	154	66
	152	66
	153	67
	154	67
	152	67
	153	68
	154	68
	152	68
	153	69
	154	69
	152	69
	153	70
	154	70
	152	70
	153	71
	154	71
	152	71
	153	72
	154	72
	152	72
	153	73
	154	73
	152	73
	153	74
	154	74
	152	74
	153	75
	154	75
	152	75
	153	76
	154	76
	152	76
	153	78
	154	78
	152	78
	133	116
	153	77
	130	117
	154	77
	132	117
	152	77
	123	63
	122	63
	123	64
	123	62
	124	64
	122	64
	122	62
	123	65
	124	65
	122	65
	123	66
	124	66
	122	66
	123	67
	124	67
	122	67
	123	68
	124	68
	122	68
	123	69
	124	69
	122	69
	123	70
	124	70
	122	70
	123	71
	124	71
	122	71
	123	72
	124	72
	122	72
	123	73
	124	73
	122	73
	123	74
	124	74
	122	74
	125	73
	125	74
	125	72
	126	73
	126	74
	126	72
	125	71
	126	71
	127	72
	127	73
	127	71
	128	72
	128	73
	128	71
	127	74
	128	74
	127	75
	128	75
	126	75
	125	75
	124	75
	123	75
	124	77
	124	76
	123	76
	122	75
	122	76
	155	78
	156	78
	123	88
	155	77
	122	88
	156	77
	124	88
	158	79
	123	89
	157	78
	123	87
	158	78
	123	90
	122	89
	122	87
	122	90
	124	89
	124	87
	124	91
	123	91
	122	91
	124	90
	123	92
	122	86
	124	92
	122	92
	123	86
	123	93
	124	93
	124	85
	122	93
	123	94
	122	84
	124	94
	122	94
	122	83
	123	95
	125	96
	122	95
	124	95
	126	97
	123	96
	123	98
	127	97
	126	96
	126	98
	128	97
	127	96
	127	98
	129	97
	128	96
	128	98
	130	97
	129	96
	129	98
	131	97
	130	96
	130	98
	132	97
	131	96
	131	98
	126	95
	132	96
	132	98
	128	95
	127	95
	129	95
	130	95
	125	95
	131	95
	132	95
	123	80
	131	99
	132	99
	124	81
	131	100
	130	100
	123	79
	131	101
	130	99
	123	78
	132	100
	124	86
	122	85
	123	85
	124	84
	123	84
	124	83
	123	83
	122	82
	122	81
	123	82
	124	97
	124	80
	123	81
	123	97
	125	97
	124	96
	122	80
	125	98
	124	82
	124	98
	122	77
	122	79
	124	79
	123	77
	122	78
	124	78
	133	117
	130	115
	132	115
	131	115
	128	116
	131	117
	129	116
	130	116
	133	115
	132	116
	131	116
	134	115
	134	117
	136	115
	136	117
	135	115
	135	117
	134	116
	136	116
	135	116
	126	103
	126	105
	128	105
	127	103
	127	105
	126	104
	128	104
	127	104
	128	101
	128	103
	129	101
	129	103
	128	102
	129	102
	130	103
	132	103
	131	103
	130	102
	132	102
	131	102
	130	101
	132	101
	129	117
	129	115
	128	117
	128	115
	127	116
	126	116
	127	117
	127	115
	126	117
	126	115
	127	114
	128	114
	126	114
	127	113
	128	113
	126	113
	127	112
	128	112
	126	112
	127	111
	128	111
	126	111
	127	110
	128	110
	126	110
	127	109
	128	109
	126	109
	127	108
	128	108
	126	108
	127	107
	128	107
	126	107
	127	106
	128	106
	126	106
	153	79
	154	79
	152	79
	155	79
	156	79
	157	79
	157	77
	158	77
	157	81
	158	81
	156	81
	157	82
	157	80
	158	82
	158	80
	156	82
	156	80
	157	83
	158	83
	156	83
	157	84
	158	84
	156	84
	157	85
	158	85
	156	85
	157	86
	158	86
	156	86
	157	87
	158	87
	156	87
	157	88
	158	88
	156	88
	157	89
	158	89
	156	89
	157	90
	158	90
	156	90
	157	91
	158	91
	156	91
	157	92
	158	92
	156	92
	157	114
	158	114
	156	114
	157	115
	157	113
	158	115
	158	113
	156	115
	156	113
	157	112
	158	112
	156	112
	157	111
	158	111
	156	111
	157	110
	158	110
	156	110
	157	109
	158	109
	156	109
	157	108
	158	108
	156	108
	157	107
	158	107
	156	107
	157	106
	158	106
	156	106
	157	105
	158	105
	156	105
	157	104
	158	104
	156	104
	157	103
	158	103
	156	103
	157	102
	158	102
	156	102
	157	101
	158	101
	156	101
	157	100
	158	100
	156	100
	157	99
	158	99
	156	99
	157	98
	158	98
	156	98
	157	97
	158	97
	156	97
	157	96
	158	96
	156	96
	157	95
	158	95
	156	95
	157	94
	158	94
	156	94
	157	93
	158	93
	156	93
	153	116
	154	116
	152	116
	153	117
	153	115
	154	117
	154	115
	152	117
	152	115
	156	116
	157	116
	155	116
	156	117
	157	117
	155	117
	155	115
	153	118
	154	118
	152	118
	153	119
	154	119
	152	119
	155	118
	156	118
	155	119
	156	119
	135	118
	136	118
	134	118
	135	119
	136	119
	134	119
	132	118
	133	118
	131	118
	132	119
	133	119
	131	119
	130	118
	129	118
	130	119
	129	119
	128	118
	127	118
	128	119
	127	119
	125	118
	126	118
	124	118
	125	119
	125	117
	126	119
	124	119
	124	117
	123	120
	124	120
	122	120
	123	121
	123	119
	124	121
	122	121
	122	119
	123	122
	124	122
	122	122
	123	123
	124	123
	122	123
	121	122
	120	122
	121	123
	121	121
	120	123
	120	121
	121	124
	122	124
	120	124
	119	125
	120	125
	118	125
	119	126
	119	124
	120	126
	118	126
	118	124
	119	128
	120	128
	118	128
	119	129
	119	127
	120	129
	120	127
	118	129
	118	127
	157	121
	158	121
	156	121
	157	122
	157	120
	158	122
	158	120
	156	122
	156	120
	157	123
	158	123
	156	123
	157	124
	158	124
	156	124
	157	125
	158	125
	156	125
	157	126
	158	126
	156	126
	157	127
	158	127
	156	127
	157	128
	158	128
	156	128
	157	129
	158	129
	156	129
	157	130
	158	130
	156	130
	157	131
	158	131
	156	131
	157	132
	158	132
	156	132
	157	133
	158	133
	156	133
	157	134
	158	134
	156	134
	157	135
	158	135
	156	135
	156	136
	157	136
	155	136
	156	137
	157	137
	155	137
	155	135
	154	136
	154	137
	154	135
	153	136
	153	137
	153	135
	152	136
	152	137
	152	135
	151	136
	151	137
	151	135
	150	136
	150	137
	150	135
	149	136
	149	137
	149	135
	148	136
	148	137
	148	135
	149	138
	150	138
	148	138
	149	139
	150	139
	148	139
	149	140
	150	140
	148	140
	149	141
	150	141
	148	141
	149	142
	150	142
	148	142
	149	143
	150	143
	148	143
	149	144
	150	144
	148	144
	147	144
	146	144
	147	145
	147	143
	148	145
	146	145
	146	143
	145	144
	145	145
	145	143
	144	144
	144	145
	144	143
	143	144
	143	145
	143	143
	142	144
	142	145
	142	143
	141	144
	141	145
	141	143
	140	144
	140	145
	140	143
	141	146
	142	146
	140	146
	139	145
	139	146
	139	144
	138	145
	138	146
	138	144
	137	145
	137	146
	137	144
	136	145
	136	146
	136	144
	139	143
	138	143
	137	143
	136	143
	135	144
	135	145
	135	143
	134	144
	134	145
	134	143
	133	144
	133	145
	133	143
	132	144
	132	145
	132	143
	131	144
	131	145
	131	143
	130	144
	130	145
	130	143
	129	144
	129	145
	129	143
	128	144
	128	145
	128	143
	127	144
	127	145
	127	143
	126	144
	126	145
	126	143
	125	144
	125	145
	125	143
	124	144
	124	145
	124	143
	123	144
	123	145
	123	143
	122	144
	122	145
	122	143
	121	144
	121	145
	121	143
	120	144
	120	145
	120	143
	119	144
	119	145
	119	143
	118	144
	118	145
	118	143
	119	142
	120	142
	118	142
	119	141
	120	141
	118	141
	119	140
	120	140
	118	140
	119	139
	120	139
	118	139
	119	138
	120	138
	118	138
	119	137
	120	137
	118	137
	119	136
	120	136
	118	136
	117	137
	117	138
	117	136
	118	135
	119	135
	117	135
	118	134
	119	134
	117	134
	118	133
	119	133
	117	133
	118	132
	119	132
	117	132
	118	131
	119	131
	117	131
	118	130
	119	130
	117	130
	117	129
	120	130
	120	131
	120	132
	120	133
	120	134
	120	135
	40	64
	40	90
	40	66
	40	89
	40	65
	40	87
	40	62
	40	113
	40	85
	40	61
	40	107
	40	109
	40	110
	40	108
	40	92
	40	91
	40	111
	40	114
	40	106
	40	112
	40	83
	40	60
	40	105
	40	103
	40	102
	40	104
	40	100
	40	99
	40	101
	40	97
	40	96
	40	98
	40	94
	40	93
	40	95
	40	80
	70	43
	40	59
	40	79
	40	58
	40	74
	40	77
	40	56
	40	57
	40	76
	69	43
	40	53
	46	43
	54	43
	40	55
	40	52
	40	51
	40	54
	56	43
	68	43
	42	47
	47	43
	88	43
	40	50
	43	45
	43	46
	40	49
	45	44
	45	43
	44	45
	50	43
	67	43
	52	43
	57	43
	59	43
	53	43
	71	43
	72	43
	60	43
	62	43
	63	43
	61	43
	65	43
	66	43
	64	43
	74	43
	75	43
	73	43
	77	43
	78	43
	76	43
	89	43
	116	75
	116	74
	116	81
	90	43
	116	73
	116	71
	91	43
	116	72
	116	70
	92	43
	96	43
	116	69
	93	43
	98	43
	116	66
	95	43
	101	43
	103	43
	97	43
	102	43
	105	43
	100	43
	104	43
	116	58
	116	60
	110	43
	116	56
	116	62
	106	43
	116	61
	107	43
	116	57
	108	43
	116	59
	116	84
	116	85
	116	86
	116	87
	116	52
	116	88
	116	83
	116	82
	116	89
	116	91
	116	51
	116	90
	116	94
	116	93
	116	92
	116	95
	116	48
	116	49
	116	98
	116	97
	116	96
	116	101
	116	100
	116	99
	116	102
	116	50
	116	53
	116	105
	116	104
	116	103
	116	109
	116	107
	116	106
	116	111
	116	112
	116	110
	111	118
	113	116
	116	108
	116	113
	115	114
	114	115
	116	54
	109	43
	116	55
	116	64
	116	63
	116	79
	116	65
	116	67
	116	68
	116	80
	116	76
	40	63
	40	86
	40	88
	40	71
	40	84
	40	68
	40	67
	40	70
	40	82
	40	69
	79	43
	40	81
	40	72
	40	78
	58	43
	40	73
	40	75
	87	43
	85	43
	55	43
	48	43
	86	42
	49	43
	51	43
	85	42
	80	43
	81	43
	82	43
	84	43
	86	43
	83	43
	99	43
	94	43
	116	78
	116	77
	47	45
	48	45
	49	45
	50	45
	52	45
	51	45
	53	45
	54	45
	55	45
	57	45
	56	45
	58	45
	60	45
	59	45
	61	45
	62	45
	63	45
	65	45
	64	45
	66	45
	68	45
	67	45
	69	45
	71	45
	70	45
	72	45
	73	45
	74	45
	75	45
	76	45
	77	45
	78	45
	79	45
	81	45
	80	45
	82	45
	84	45
	83	45
	85	45
	86	45
	87	45
	89	45
	88	45
	90	45
	91	45
	93	45
	92	45
	94	45
	96	45
	95	45
	97	45
	99	45
	98	45
	100	45
	101	45
	102	45
	103	45
	104	45
	105	45
	106	45
	107	45
	108	45
	109	45
	110	45
	110	46
	111	46
	111	47
	112	47
	112	48
	113	48
	113	49
	114	50
	114	49
	114	51
	114	52
	114	53
	114	54
	114	58
	114	55
	114	56
	115	57
	114	57
	114	59
	114	60
	114	62
	114	63
	114	61
	114	64
	114	65
	114	66
	114	67
	114	68
	114	69
	114	70
	114	71
	114	73
	114	72
	114	74
	114	75
	114	76
	114	78
	114	77
	115	79
	114	79
	114	80
	114	81
	114	82
	114	83
	114	84
	114	86
	114	85
	114	87
	114	88
	114	89
	114	90
	114	91
	114	92
	114	94
	114	93
	114	95
	114	96
	114	97
	114	98
	114	100
	114	99
	114	101
	114	103
	114	102
	114	104
	114	105
	114	106
	114	107
	114	108
	114	109
	114	110
	114	111
	114	112
	113	113
	112	114
	111	115
	110	116
	109	117
	108	117
	110	117
	111	116
	112	115
	113	114
	114	113
	107	117
	106	117
	105	117
	104	117
	103	117
	102	117
	101	117
	100	117
	99	117
	98	117
	97	117
	96	117
	95	117
	94	117
	93	117
	92	117
	91	117
	90	117
	89	117
	88	117
	87	117
	86	117
	85	117
	84	117
	83	117
	82	117
	81	117
	80	117
	79	117
	78	117
	77	117
	67	117
	68	117
	69	117
	70	117
	71	117
	76	117
	75	117
	74	117
	73	117
	72	117
	66	117
	65	117
	43	113
	44	114
	45	115
	64	117
	63	117
	62	117
	61	117
	60	117
	59	117
	58	117
	57	117
	56	117
	55	117
	54	117
	53	117
	52	117
	51	117
	50	117
	49	117
	48	117
	46	116
	47	117
	42	112
	46	117
	45	116
	44	115
	43	114
	42	113
	42	111
	42	110
	42	108
	42	109
	42	103
	42	102
	42	107
	42	106
	42	105
	42	104
	42	101
	42	100
	42	99
	42	98
	42	97
	42	96
	42	95
	42	94
	42	93
	42	92
	42	91
	42	90
	42	89
	42	88
	42	87
	42	86
	42	85
	42	84
	42	83
	42	82
	42	81
	42	80
	42	79
	42	78
	42	77
	42	76
	42	75
	42	74
	42	73
	42	72
	42	71
	42	70
	42	69
	42	68
	42	67
	42	66
	42	65
	42	64
	42	63
	42	62
	42	61
	42	60
	42	59
	42	58
	41	57
	41	56
	41	55
	41	54
	42	57
	42	56
	42	55
	42	54
	42	53
	42	52
	42	51
	42	50
	43	49
	42	49
	44	48
	45	47
	46	46
	46	45
	45	46
	44	47
	43	48
	115	55
	115	54
	115	53
	115	52
	115	51
	115	50
	115	49
	114	48
	114	47
	113	47
	112	46
	111	45
	109	44
	108	44
	110	44
	107	44
	106	44
	105	44
	104	44
	103	44
	102	44
	101	44
	100	44
	99	44
	97	44
	96	44
	95	44
	94	44
	93	44
	91	44
	89	44
	98	44
	90	44
	88	44
	92	44
	87	44
	85	44
	84	44
	83	44
	82	44
	81	44
	80	44
	79	44
	78	44
	77	44
	75	44
	73	44
	71	44
	70	44
	69	44
	68	44
	67	44
	66	44
	65	44
	64	44
	62	44
	61	44
	60	44
	86	44
	76	44
	74	44
	72	44
	56	44
	55	44
	57	44
	59	44
	63	44
	44	46
	43	47
	42	48
	41	49
	58	44
	54	44
	53	44
	52	44
	51	44
	50	44
	45	45
	46	44
	47	44
	48	44
	49	44
	41	50
	41	51
	41	52
	41	53
	41	58
	41	59
	41	60
	41	61
	41	62
	41	63
	41	64
	41	65
	41	66
	41	67
	41	68
	41	69
	41	70
	41	71
	41	72
	41	73
	41	74
	41	75
	41	76
	41	77
	41	78
	41	79
	41	80
	41	81
	41	82
	41	83
	41	84
	41	85
	41	86
	41	87
	41	88
	41	89
	41	90
	41	91
	41	92
	41	93
	41	94
	41	95
	41	96
	41	97
	41	98
	41	99
	41	100
	41	101
	41	102
	41	103
	41	104
	41	105
	41	106
	41	107
	41	108
	41	109
	41	110
	41	111
	41	112
	41	113
	42	114
	43	115
	44	116
	45	117
	45	118
	46	118
	47	118
	48	118
	49	118
	50	118
	51	118
	53	118
	54	118
	55	118
	56	118
	57	118
	61	118
	60	118
	59	118
	58	118
	52	118
	44	117
	43	116
	42	115
	41	114
	62	118
	63	118
	64	118
	65	118
	66	118
	67	118
	68	118
	69	118
	70	118
	71	118
	72	118
	73	118
	74	118
	75	118
	76	118
	77	118
	78	118
	79	118
	80	118
	81	118
	82	118
	83	118
	84	118
	85	118
	86	118
	93	118
	115	112
	115	113
	87	118
	88	118
	89	118
	90	118
	91	118
	92	118
	94	118
	95	118
	96	118
	97	118
	98	118
	99	118
	100	118
	101	118
	102	118
	103	118
	104	118
	105	118
	106	118
	107	118
	108	118
	109	118
	110	118
	115	111
	112	117
	111	117
	112	116
	113	115
	114	114
	115	110
	115	109
	115	108
	115	107
	115	106
	115	105
	115	104
	115	103
	115	102
	115	101
	115	100
	115	99
	115	98
	115	97
	115	96
	115	95
	115	94
	115	93
	115	92
	115	91
	115	90
	115	89
	115	88
	115	82
	115	81
	115	83
	115	84
	115	85
	115	86
	115	87
	115	80
	115	78
	115	77
	115	76
	115	75
	115	74
	115	73
	115	72
	115	71
	115	70
	115	69
	115	68
	115	67
	115	66
	115	65
	115	63
	115	64
	115	61
	115	60
	115	59
	115	58
	115	62
	115	56
	115	48
	113	46
	112	45
	111	44
InvisibleObstacle		
XS		
	122	141
	123	141
	121	141
	122	142
	122	140
	123	142
	123	140
	121	142
	121	140
	124	141
	124	142
	124	140
	126	141
	127	141
	125	141
	126	142
	126	140
	127	142
	127	140
	125	142
	125	140
	128	141
	129	141
	128	142
	128	140
	129	142
	129	140
	130	141
	130	142
	130	140
	131	141
	132	141
	131	142
	131	140
	132	142
	132	140
	134	141
	135	141
	133	141
	134	142
	134	140
	135	142
	135	140
	133	142
	133	140
	137	141
	138	141
	136	141
	137	142
	137	140
	138	142
	138	140
	136	142
	136	140
	140	141
	141	141
	139	141
	140	142
	140	140
	141	142
	141	140
	139	142
	139	140
	143	141
	144	141
	142	141
	143	142
	143	140
	144	142
	144	140
	142	142
	142	140
	146	141
	147	141
	145	141
	146	142
	146	140
	147	142
	147	140
	145	142
	145	140
	146	138
	147	138
	145	138
	146	139
	146	137
	147	139
	147	137
	145	139
	145	137
	146	136
	147	136
	145	136
	146	135
	147	135
	145	135
	149	133
	150	133
	148	133
	149	134
	149	132
	150	134
	150	132
	148	134
	148	132
	147	134
	146	134
	147	133
	148	135
	146	133
	154	133
	155	133
	153	133
	154	134
	154	132
	155	134
	155	132
	153	134
	153	132
	152	133
	151	133
	152	134
	152	132
	151	134
	151	132
	154	130
	155	130
	153	130
	154	131
	154	129
	155	131
	155	129
	153	131
	153	129
	154	127
	155	127
	153	127
	154	128
	154	126
	155	128
	155	126
	153	128
	153	126
	154	125
	155	125
	153	125
	154	124
	155	124
	153	124
	154	121
	155	121
	153	121
	154	122
	154	120
	155	122
	155	120
	153	122
	153	120
	154	123
	155	123
	153	123
	152	121
	152	122
	152	120
	152	119
	153	119
	151	119
	152	118
	153	118
	151	120
	151	118
	150	118
	149	118
	150	119
	150	117
	151	117
	149	119
	149	117
	150	116
	151	116
	149	116
	150	115
	151	115
	149	115
	153	113
	154	113
	152	113
	153	114
	153	112
	154	114
	154	112
	152	114
	152	112
	155	113
	155	114
	155	112
	151	114
	150	114
	151	113
	152	115
	150	113
	154	110
	155	110
	153	110
	154	111
	154	109
	155	111
	155	109
	153	111
	153	109
	154	107
	155	107
	153	107
	154	108
	154	106
	155	108
	155	106
	153	108
	153	106
	154	105
	155	105
	153	105
	154	103
	155	103
	153	103
	154	104
	154	102
	155	104
	155	102
	153	104
	153	102
	154	101
	155	101
	153	101
	154	99
	155	99
	153	99
	154	100
	154	98
	155	100
	155	98
	153	100
	153	98
	154	96
	155	96
	153	96
	154	97
	154	95
	155	97
	155	95
	153	97
	153	95
	154	93
	155	93
	153	93
	154	94
	154	92
	155	94
	155	92
	153	94
	153	92
	154	91
	155	91
	153	91
	154	90
	155	90
	153	90
	154	87
	155	87
	153	87
	154	88
	154	86
	155	88
	155	86
	153	88
	153	86
	154	89
	155	89
	153	89
	154	84
	155	84
	153	84
	154	85
	154	83
	155	85
	155	83
	153	85
	153	83
	154	81
	155	81
	153	81
	154	82
	154	80
	155	82
	155	80
	153	82
	153	80
	152	81
	152	82
	152	80
	150	78
	151	78
	149	78
	150	79
	150	77
	151	79
	151	77
	149	79
	149	77
	151	80
	150	80
	151	81
	152	79
	150	81
	150	75
	151	75
	149	75
	150	76
	150	74
	151	76
	151	74
	149	76
	149	74
	150	72
	151	72
	149	72
	150	73
	150	71
	151	73
	151	71
	149	73
	149	71
	150	70
	151	70
	149	70
	150	68
	151	68
	149	68
	150	69
	150	67
	151	69
	151	67
	149	69
	149	67
	150	66
	151	66
	149	66
	150	65
	151	65
	149	65
	150	64
	151	64
	149	64
	148	65
	147	65
	148	66
	148	64
	147	66
	147	64
	146	65
	146	66
	146	64
	145	65
	144	65
	145	66
	145	64
	144	66
	144	64
	142	65
	143	65
	141	65
	142	66
	142	64
	143	66
	143	64
	141	66
	141	64
	139	65
	140	65
	138	65
	139	66
	139	64
	140	66
	140	64
	138	66
	138	64
	137	65
	137	66
	137	64
	135	65
	136	65
	134	65
	135	66
	135	64
	136	66
	136	64
	134	66
	134	64
	132	65
	133	65
	131	65
	132	66
	132	64
	133	66
	133	64
	131	66
	131	64
	130	65
	130	66
	130	64
	128	65
	129	65
	127	65
	128	66
	128	64
	129	66
	129	64
	127	66
	127	64
	126	65
	125	65
	126	66
	126	64
	125	66
	125	64
	126	69
	127	69
	125	69
	126	70
	126	68
	127	70
	127	68
	125	70
	125	68
	126	67
	127	67
	125	67
	128	69
	128	70
	128	68
	130	72
	131	72
	129	72
	130	73
	130	71
	131	73
	131	71
	129	73
	129	71
	129	70
	130	70
	129	69
	130	69
	128	71
	130	74
	131	74
	129	74
	130	75
	131	75
	129	75
	127	77
	128	77
	126	77
	127	78
	127	76
	128	78
	128	76
	126	78
	126	76
	125	77
	125	78
	125	76
	129	76
	130	76
	129	77
	130	77
	128	75
	126	79
	127	79
	125	79
	126	93
	127	93
	125	93
	126	94
	126	92
	127	94
	127	92
	125	94
	125	92
	126	91
	127	91
	125	91
	126	90
	127	90
	125	90
	126	89
	127	89
	125	89
	126	88
	127	88
	125	88
	126	86
	127	86
	125	86
	126	87
	126	85
	127	87
	127	85
	125	87
	125	85
	126	84
	127	84
	125	84
	126	83
	127	83
	125	83
	126	82
	127	82
	125	82
	126	81
	127	81
	125	81
	126	80
	127	80
	125	80
	129	93
	130	93
	128	93
	129	94
	129	92
	130	94
	130	92
	128	94
	128	92
	131	93
	132	93
	131	94
	131	92
	132	94
	132	92
	134	96
	135	96
	133	96
	134	97
	134	95
	133	98
	135	95
	133	97
	133	95
	134	102
	133	101
	135	101
	134	101
	135	98
	134	98
	135	97
	134	100
	135	102
	135	100
	133	102
	133	100
	134	99
	135	99
	133	99
	134	103
	135	103
	133	103
	133	94
	134	94
	133	93
	134	93
	132	95
	131	105
	132	105
	130	105
	131	106
	131	104
	132	106
	132	104
	130	106
	130	104
	133	104
	134	104
	133	105
	134	105
	132	103
	129	105
	129	106
	129	104
	130	113
	131	113
	129	113
	130	114
	130	112
	131	114
	131	112
	129	114
	129	112
	130	111
	131	111
	129	111
	130	110
	131	110
	129	110
	130	109
	131	109
	129	109
	130	108
	131	108
	129	108
	130	107
	131	107
	129	107
	133	113
	134	113
	132	113
	133	114
	133	112
	134	114
	134	112
	132	114
	132	112
	135	113
	136	113
	135	114
	135	112
	136	114
	136	112
	138	116
	139	116
	137	116
	138	117
	138	115
	139	117
	139	115
	137	117
	137	115
	138	118
	139	118
	137	118
	138	119
	139	119
	137	119
	137	114
	138	114
	137	113
	138	113
	136	115
	135	121
	136	121
	134	121
	135	122
	135	120
	136	122
	136	120
	134	122
	134	120
	137	120
	138	120
	137	121
	138	121
	136	119
	132	121
	133	121
	131	121
	132	122
	132	120
	133	122
	133	120
	131	122
	131	120
	129	121
	130	121
	128	121
	129	122
	129	120
	130	122
	130	120
	128	122
	128	120
	126	121
	127	121
	125	121
	126	122
	126	120
	127	122
	127	120
	125	122
	125	120
	126	123
	127	123
	125	123
	122	126
	123	126
	121	126
	122	127
	122	125
	123	127
	123	125
	121	127
	121	125
	124	124
	125	124
	123	124
	124	125
	124	123
	125	125
	123	123
	122	129
	123	129
	121	129
	122	130
	122	128
	123	130
	123	128
	121	130
	121	128
	122	139
	123	139
	121	139
	122	138
	123	138
	121	138
	122	137
	123	137
	121	137
	122	136
	123	136
	121	136
	122	135
	123	135
	121	135
	122	134
	123	134
	121	134
	122	132
	123	132
	121	132
	122	133
	122	131
	123	133
	123	131
	121	133
	121	131
	34	30
	35	30
	33	30
	34	31
	34	29
	35	31
	35	29
	33	31
	33	29
	36	30
	36	31
	36	29
	37	30
	37	31
	37	29
	38	30
	38	31
	38	29
	39	30
	39	31
	39	29
	40	30
	40	31
	40	29
	41	30
	41	31
	41	29
	42	30
	42	31
	42	29
	43	30
	43	31
	43	29
	44	30
	45	30
	44	31
	44	29
	45	31
	45	29
	46	30
	46	31
	46	29
	47	30
	47	31
	47	29
	48	30
	48	31
	48	29
	49	30
	49	31
	49	29
	50	30
	50	31
	50	29
	51	30
	51	31
	51	29
	52	30
	52	31
	52	29
	34	28
	35	28
	33	28
	34	27
	35	27
	33	27
	35	25
	35	26
	34	25
	33	26
	34	26
	33	25
	34	23
	35	23
	33	23
	34	24
	34	22
	35	24
	35	22
	33	24
	33	22
	34	21
	35	21
	33	21
	34	20
	35	20
	33	20
	34	17
	35	17
	33	17
	34	18
	34	16
	35	18
	35	16
	33	18
	33	16
	34	19
	35	19
	33	19
	34	15
	35	15
	33	15
	34	14
	35	14
	33	14
	34	13
	35	13
	33	13
	34	12
	35	12
	33	12
	34	10
	35	10
	33	10
	34	11
	34	9
	35	11
	35	9
	33	11
	33	9
	34	7
	35	7
	33	7
	34	8
	34	6
	35	8
	35	6
	33	8
	33	6
	34	5
	35	5
	33	5
	37	6
	38	6
	36	6
	37	7
	37	5
	38	7
	38	5
	36	7
	36	5
	40	6
	41	6
	39	6
	40	7
	40	5
	41	7
	41	5
	39	7
	39	5
	43	6
	44	6
	42	6
	43	7
	43	5
	44	7
	44	5
	42	7
	42	5
	46	6
	47	6
	45	6
	46	7
	46	5
	47	7
	47	5
	45	7
	45	5
	49	6
	50	6
	48	6
	49	7
	49	5
	50	7
	50	5
	48	7
	48	5
	52	6
	53	6
	51	6
	52	7
	52	5
	53	7
	53	5
	51	7
	51	5
	55	6
	56	6
	54	6
	55	7
	55	5
	56	7
	56	5
	54	7
	54	5
	57	6
	58	6
	57	7
	57	5
	58	7
	58	5
	60	3
	61	3
	59	3
	60	4
	60	2
	61	4
	61	2
	59	4
	59	2
	58	4
	57	4
	58	3
	59	5
	57	3
	63	3
	64	3
	62	3
	63	4
	63	2
	64	4
	64	2
	62	4
	62	2
	65	3
	65	4
	65	2
	66	3
	66	4
	66	2
	68	3
	69	3
	67	3
	68	4
	68	2
	69	4
	69	2
	67	4
	67	2
	71	3
	72	3
	70	3
	71	4
	71	2
	72	4
	72	2
	70	4
	70	2
	74	3
	75	3
	73	3
	74	4
	74	2
	75	4
	75	2
	73	4
	73	2
	77	3
	78	3
	76	3
	77	4
	77	2
	78	4
	78	2
	76	4
	76	2
	80	3
	81	3
	79	3
	80	4
	80	2
	81	4
	81	2
	79	4
	79	2
	83	3
	84	3
	82	3
	83	4
	83	2
	84	4
	84	2
	82	4
	82	2
	86	3
	87	3
	85	3
	86	4
	86	2
	87	4
	87	2
	85	4
	85	2
	89	3
	90	3
	88	3
	89	4
	89	2
	90	4
	90	2
	88	4
	88	2
	92	3
	93	3
	91	3
	92	4
	92	2
	93	4
	93	2
	91	4
	91	2
	96	3
	97	3
	95	3
	96	4
	96	2
	97	4
	97	2
	95	4
	95	2
	94	3
	94	4
	94	2
	99	3
	100	3
	98	3
	99	4
	99	2
	100	4
	100	2
	98	4
	98	2
	102	6
	103	6
	101	6
	102	7
	102	5
	103	7
	103	5
	101	7
	101	5
	101	4
	102	4
	101	3
	102	3
	100	5
	102	9
	103	9
	101	9
	102	10
	102	8
	103	10
	103	8
	101	10
	101	8
	102	12
	103	12
	101	12
	102	13
	102	11
	103	13
	103	11
	101	13
	101	11
	102	16
	103	16
	101	16
	102	17
	102	15
	103	17
	103	15
	101	17
	101	15
	102	14
	103	14
	101	14
	102	18
	103	18
	101	18
	102	19
	103	19
	101	19
	102	21
	103	21
	101	21
	102	22
	102	20
	103	22
	103	20
	101	22
	101	20
	102	23
	103	23
	101	23
	102	24
	103	24
	101	24
	102	26
	103	26
	101	26
	102	27
	102	25
	103	27
	103	25
	101	27
	101	25
	99	30
	100	30
	98	30
	99	31
	99	29
	100	31
	100	29
	98	31
	98	29
	99	28
	100	28
	98	28
	101	28
	102	28
	101	29
	102	29
	100	27
	97	30
	96	30
	97	31
	97	29
	96	31
	96	29
	95	30
	94	30
	95	31
	95	29
	94	31
	94	29
	93	30
	92	30
	93	31
	93	29
	92	31
	92	29
	90	30
	91	30
	89	30
	90	31
	90	29
	91	31
	91	29
	89	31
	89	29
	90	28
	91	28
	89	28
	87	26
	88	26
	86	26
	87	27
	87	25
	88	27
	88	25
	86	27
	86	25
	88	28
	87	28
	88	29
	89	27
	87	29
	84	26
	85	26
	83	26
	84	27
	84	25
	85	27
	85	25
	83	27
	83	25
	80	26
	81	26
	79	26
	80	27
	80	25
	81	27
	81	25
	79	27
	79	25
	82	26
	82	27
	82	25
	77	26
	78	26
	76	26
	77	27
	77	25
	78	27
	78	25
	76	27
	76	25
	74	26
	75	26
	73	26
	74	27
	74	25
	75	27
	75	25
	73	27
	73	25
	71	26
	72	26
	70	26
	71	27
	71	25
	72	27
	72	25
	70	27
	70	25
	68	26
	69	26
	67	26
	68	27
	68	25
	69	27
	69	25
	67	27
	67	25
	65	26
	66	26
	64	26
	65	27
	65	25
	66	27
	66	25
	64	27
	64	25
	63	26
	62	26
	63	27
	63	25
	62	27
	62	25
	60	26
	61	26
	59	26
	60	27
	60	25
	61	27
	61	25
	59	27
	59	25
	60	24
	61	24
	59	24
	60	23
	61	23
	59	23
	57	21
	58	21
	56	21
	57	22
	57	20
	58	22
	58	20
	56	22
	56	20
	54	21
	55	21
	53	21
	54	22
	54	20
	55	22
	55	20
	53	22
	53	20
	51	25
	52	25
	50	25
	51	26
	51	24
	52	26
	52	24
	50	26
	50	24
	51	27
	52	27
	50	27
	51	28
	52	28
	50	28
	51	23
	52	23
	50	23
	53	23
	54	23
	53	24
	54	24
	52	22
	58	23
	57	23
	58	24
	59	22
	57	24
	11	114
	12	114
	10	114
	11	115
	11	113
	12	115
	12	113
	10	115
	10	113
	13	114
	14	114
	13	115
	13	113
	14	115
	14	113
	15	114
	16	114
	15	115
	15	113
	16	115
	16	113
	18	114
	19	114
	17	114
	18	115
	18	113
	19	115
	19	113
	17	115
	17	113
	20	114
	21	114
	20	115
	20	113
	21	115
	21	113
	22	114
	23	114
	22	115
	22	113
	23	115
	23	113
	25	114
	26	114
	24	114
	25	115
	25	113
	26	115
	26	113
	24	115
	24	113
	29	114
	30	114
	28	114
	29	115
	29	113
	30	115
	30	113
	28	115
	28	113
	27	114
	27	115
	27	113
	32	114
	33	114
	31	114
	32	115
	32	113
	33	115
	33	113
	31	115
	31	113
	34	114
	35	114
	34	115
	34	113
	35	115
	35	113
	34	111
	35	111
	33	111
	34	112
	34	110
	35	112
	35	110
	33	112
	33	110
	34	108
	35	108
	33	108
	34	109
	34	107
	35	109
	35	107
	33	109
	33	107
	34	106
	35	106
	33	106
	34	105
	35	105
	33	105
	34	104
	35	104
	33	104
	34	103
	35	103
	33	103
	34	102
	35	102
	33	102
	32	103
	29	100
	32	104
	32	102
	31	100
	30	100
	30	101
	30	99
	31	101
	31	99
	29	101
	29	99
	28	99
	29	98
	30	98
	28	100
	28	98
	32	101
	33	101
	32	100
	33	100
	31	102
	26	99
	27	99
	25	99
	26	100
	26	98
	27	100
	27	98
	25	100
	25	98
	24	99
	24	100
	24	98
	22	99
	23	99
	21	99
	22	100
	22	98
	23	100
	23	98
	21	100
	21	98
	20	99
	20	100
	20	98
	18	96
	19	96
	17	96
	18	97
	18	95
	19	97
	19	95
	17	97
	17	95
	18	93
	19	93
	17	93
	18	94
	18	92
	19	94
	19	92
	17	94
	17	92
	21	90
	22	90
	20	90
	21	91
	21	89
	22	91
	22	89
	20	91
	20	89
	20	97
	21	97
	20	96
	21	96
	19	98
	20	92
	21	92
	20	93
	21	93
	19	91
	24	90
	25	90
	23	90
	24	91
	24	89
	25	91
	25	89
	23	91
	23	89
	26	90
	27	90
	26	91
	26	89
	27	91
	27	89
	26	88
	27	88
	25	88
	26	87
	27	87
	25	87
	26	86
	27	86
	25	86
	26	85
	27	85
	25	85
	26	84
	27	84
	25	84
	26	83
	27	83
	25	83
	26	82
	27	82
	25	82
	26	81
	27	81
	25	81
	24	82
	24	83
	24	81
	22	79
	23	79
	21	79
	22	80
	22	78
	23	80
	23	78
	21	80
	21	78
	24	80
	25	80
	24	79
	25	79
	23	81
	22	77
	23	77
	21	77
	22	76
	23	76
	21	76
	22	75
	23	75
	21	75
	22	74
	23	74
	21	74
	22	73
	23	73
	21	73
	22	72
	23	72
	21	72
	25	70
	26	70
	24	70
	25	71
	25	69
	26	71
	26	69
	24	71
	24	69
	27	70
	27	71
	27	69
	24	72
	25	72
	24	73
	25	73
	23	71
	26	68
	27	68
	25	68
	26	67
	27	67
	25	67
	26	66
	27	66
	25	66
	26	65
	27	65
	25	65
	26	64
	27	64
	25	64
	26	63
	27	63
	25	63
	26	62
	27	62
	25	62
	26	61
	27	61
	25	61
	26	60
	27	60
	25	60
	26	59
	27	59
	25	59
	26	58
	27	58
	25	58
	5	54
	25	57
	26	57
	6	55
	7	54
	25	56
	26	56
	6	54
	27	57
	27	56
	26	55
	27	55
	25	55
	26	54
	27	54
	25	54
	26	53
	27	53
	25	53
	26	52
	27	52
	25	52
	26	51
	27	51
	25	51
	26	50
	27	50
	25	50
	26	49
	27	49
	25	49
	6	50
	7	50
	5	50
	6	51
	6	49
	7	51
	7	49
	5	51
	5	49
	8	50
	8	51
	8	49
	9	50
	9	51
	9	49
	10	50
	11	50
	10	51
	10	49
	11	51
	11	49
	12	50
	12	51
	12	49
	13	50
	13	51
	13	49
	14	50
	15	50
	14	51
	14	49
	15	51
	15	49
	16	50
	17	50
	16	51
	16	49
	17	51
	17	49
	18	50
	18	51
	18	49
	19	50
	19	51
	19	49
	20	50
	20	51
	20	49
	21	50
	21	51
	21	49
	22	50
	22	51
	22	49
	23	50
	23	51
	23	49
	24	50
	24	51
	24	49
	6	53
	7	55
	7	53
	5	55
	5	53
	6	56
	7	56
	5	56
	6	52
	7	52
	5	52
	3	58
	4	58
	2	58
	3	59
	3	57
	4	59
	4	57
	2	59
	2	57
	4	56
	3	56
	4	55
	5	57
	3	55
	3	90
	4	90
	2	90
	3	91
	3	89
	4	91
	4	89
	2	91
	2	89
	3	88
	4	88
	2	88
	3	87
	4	87
	2	87
	3	86
	4	86
	2	86
	3	85
	4	85
	2	85
	3	84
	4	84
	2	84
	3	83
	4	83
	2	83
	3	82
	4	82
	2	82
	3	81
	4	81
	2	81
	3	80
	4	80
	2	80
	3	79
	4	79
	2	79
	3	78
	4	78
	2	78
	3	77
	4	77
	2	77
	3	76
	4	76
	2	76
	3	75
	4	75
	2	75
	3	74
	4	74
	2	74
	3	73
	4	73
	2	73
	3	72
	4	72
	2	72
	3	71
	4	71
	2	71
	3	70
	4	70
	2	70
	3	69
	4	69
	2	69
	3	68
	4	68
	2	68
	3	67
	4	67
	2	67
	3	66
	4	66
	2	66
	3	65
	4	65
	2	65
	3	64
	4	64
	2	64
	3	63
	4	63
	2	63
	3	62
	4	62
	2	62
	3	61
	4	61
	2	61
	3	60
	4	60
	2	60
	6	93
	7	93
	5	93
	6	94
	6	92
	7	94
	7	92
	5	94
	5	92
	6	95
	7	95
	5	95
	6	96
	7	96
	5	96
	3	110
	4	110
	2	110
	3	111
	3	109
	4	111
	4	109
	2	111
	2	109
	3	108
	4	108
	2	108
	3	107
	4	107
	2	107
	3	106
	4	106
	2	106
	3	105
	4	105
	2	105
	3	104
	4	104
	2	104
	3	103
	4	103
	2	103
	3	102
	4	102
	2	102
	3	101
	4	101
	2	101
	3	100
	4	100
	2	100
	3	99
	4	99
	2	99
	3	98
	4	98
	2	98
	3	97
	4	97
	2	97
	5	110
	6	110
	5	111
	5	109
	6	111
	6	109
	7	110
	8	110
	7	111
	7	109
	8	111
	8	109
	8	113
	9	113
	7	113
	8	114
	8	112
	9	114
	9	112
	7	114
	7	112
	4	96
	3	96
	4	95
	5	97
	3	95
	4	93
	4	94
	4	92
	3	92
	5	91
	3	93
CS1		
	138	76
	139	76
	137	76
	138	77
	138	75
	139	77
	139	75
	137	77
	137	75
	138	74
	139	74
	137	74
	138	73
	139	73
	137	73
	138	72
	139	72
	137	72
	141	76
	142	76
	140	76
	141	77
	141	75
	142	77
	142	75
	140	77
	140	75
	141	73
	142	73
	140	73
	141	74
	141	72
	142	74
	142	72
	140	74
	140	72
CS2		
	41	20
	42	20
	40	20
	41	21
	41	19
	42	21
	42	19
	40	21
	40	19
	44	20
	45	20
	43	20
	44	21
	44	19
	45	21
	45	19
	43	21
	43	19
	44	17
	45	17
	43	17
	44	18
	44	16
	45	18
	45	16
	43	18
	43	16
	41	17
	42	17
	40	17
	41	18
	41	16
	42	18
	42	16
	40	18
	40	16
CS3		
	28	109
	29	109
	27	109
	28	110
	28	108
	29	110
	29	108
	27	110
	27	108
	28	106
	29	106
	27	106
	28	107
	28	105
	29	107
	29	105
	27	107
	27	105
	25	106
	26	106
	24	106
	25	107
	25	105
	26	107
	26	105
	24	107
	24	105
	25	109
	26	109
	24	109
	25	110
	25	108
	26	110
	26	108
	24	110
	24	108
LX1		
	62	95
	62	94
	61	94
	61	93
	62	93
	63	93
	64	94
	64	95
	63	95
	63	94
	64	93
	62	92
	63	92
LX2		
	93	63
	92	62
	93	61
	93	60
	94	60
	94	61
	95	61
	95	62
	94	62
	93	62
	94	63
	95	63
	92	61
