Id	Name	Level[1]	Level[2]	Level[3]	Level[4]	Level[5]	Level[6]	Level[7]	Level[8]	Level[9]	Level[10]	Level[11]	Level[12]	Level[13]	Level[14]	Level[15]	Level[16]	Level[17]	Level[18]	Level[19]	Level[20]	Level[21]	Level[22]	Level[23]	Level[24]	Level[25]	Level[26]	Level[27]	Level[28]	Level[29]	Level[30]
102200	Damage	2|0|4000|0|0|0|1|7500	2|0|4235|0|0|0|1|7500	2|0|4471|0|0|0|1|7500	2|0|4706|0|0|0|1|7500	2|0|4941|0|0|0|1|7500	2|0|5176|0|0|0|1|7500	2|0|5412|0|0|0|1|7500	2|0|5647|0|0|0|1|7500	2|0|5882|0|0|0|1|7500	2|0|6118|0|0|0|1|7500	2|0|6353|0|0|0|1|7500	2|0|6588|0|0|0|1|7500	2|0|6824|0|0|0|1|7500	2|0|7059|0|0|0|1|7500	2|0|7294|0|0|0|1|7500	2|0|7529|0|0|0|1|7500	2|0|7765|0|0|0|1|7500	2|0|8000|0|0|0|1|7500	2|0|8235|0|0|0|1|7500	2|0|8471|0|0|0|1|7500	2|0|8706|0|0|0|1|7500	2|0|8941|0|0|0|1|7500	2|0|9176|0|0|0|1|7500	2|0|9412|0|0|0|1|7500	2|0|9647|0|0|0|1|7500	2|0|9647|0|0|0|1|7500	2|0|9647|0|0|0|1|7500	2|0|9647|0|0|0|1|7500	2|0|9647|0|0|0|1|7500	2|0|9647|0|0|0|1|7500
102201	Damage	2|0|2500|0|0|0|1|7500	2|0|2647|0|0|0|1|7500	2|0|2794|0|0|0|1|7500	2|0|2941|0|0|0|1|7500	2|0|3088|0|0|0|1|7500	2|0|3235|0|0|0|1|7500	2|0|3382|0|0|0|1|7500	2|0|3529|0|0|0|1|7500	2|0|3676|0|0|0|1|7500	2|0|3824|0|0|0|1|7500	2|0|3971|0|0|0|1|7500	2|0|4118|0|0|0|1|7500	2|0|4265|0|0|0|1|7500	2|0|4412|0|0|0|1|7500	2|0|4559|0|0|0|1|7500	2|0|4706|0|0|0|1|7500	2|0|4853|0|0|0|1|7500	2|0|5000|0|0|0|1|7500	2|0|5147|0|0|0|1|7500	2|0|5294|0|0|0|1|7500	2|0|5441|0|0|0|1|7500	2|0|5588|0|0|0|1|7500	2|0|5735|0|0|0|1|7500	2|0|5882|0|0|0|1|7500	2|0|6029|0|0|0|1|7500	2|0|6029|0|0|0|1|7500	2|0|6029|0|0|0|1|7500	2|0|6029|0|0|0|1|7500	2|0|6029|0|0|0|1|7500	2|0|6029|0|0|0|1|7500
102202	Damage	2|0|2000|0|0|0|1|7500	2|0|2118|0|0|0|1|7500	2|0|2235|0|0|0|1|7500	2|0|2353|0|0|0|1|7500	2|0|2471|0|0|0|1|7500	2|0|2588|0|0|0|1|7500	2|0|2706|0|0|0|1|7500	2|0|2824|0|0|0|1|7500	2|0|2941|0|0|0|1|7500	2|0|3059|0|0|0|1|7500	2|0|3176|0|0|0|1|7500	2|0|3294|0|0|0|1|7500	2|0|3412|0|0|0|1|7500	2|0|3529|0|0|0|1|7500	2|0|3647|0|0|0|1|7500	2|0|3765|0|0|0|1|7500	2|0|3882|0|0|0|1|7500	2|0|4000|0|0|0|1|7500	2|0|4118|0|0|0|1|7500	2|0|4235|0|0|0|1|7500	2|0|4353|0|0|0|1|7500	2|0|4471|0|0|0|1|7500	2|0|4588|0|0|0|1|7500	2|0|4706|0|0|0|1|7500	2|0|4824|0|0|0|1|7500	2|0|4824|0|0|0|1|7500	2|0|4824|0|0|0|1|7500	2|0|4824|0|0|0|1|7500	2|0|4824|0|0|0|1|7500	2|0|4824|0|0|0|1|7500
102203	Damage	2|0|1500|0|0|0|1|7500	2|0|1588|0|0|0|1|7500	2|0|1676|0|0|0|1|7500	2|0|1765|0|0|0|1|7500	2|0|1853|0|0|0|1|7500	2|0|1941|0|0|0|1|7500	2|0|2029|0|0|0|1|7500	2|0|2118|0|0|0|1|7500	2|0|2206|0|0|0|1|7500	2|0|2294|0|0|0|1|7500	2|0|2382|0|0|0|1|7500	2|0|2471|0|0|0|1|7500	2|0|2559|0|0|0|1|7500	2|0|2647|0|0|0|1|7500	2|0|2735|0|0|0|1|7500	2|0|2824|0|0|0|1|7500	2|0|2912|0|0|0|1|7500	2|0|3000|0|0|0|1|7500	2|0|3088|0|0|0|1|7500	2|0|3176|0|0|0|1|7500	2|0|3265|0|0|0|1|7500	2|0|3353|0|0|0|1|7500	2|0|3441|0|0|0|1|7500	2|0|3529|0|0|0|1|7500	2|0|3618|0|0|0|1|7500	2|0|3618|0|0|0|1|7500	2|0|3618|0|0|0|1|7500	2|0|3618|0|0|0|1|7500	2|0|3618|0|0|0|1|7500	2|0|3618|0|0|0|1|7500
102204	Damage	2|0|2000|0|0|0|1|7500	2|0|2118|0|0|0|1|7500	2|0|2235|0|0|0|1|7500	2|0|2353|0|0|0|1|7500	2|0|2471|0|0|0|1|7500	2|0|2588|0|0|0|1|7500	2|0|2706|0|0|0|1|7500	2|0|2824|0|0|0|1|7500	2|0|2941|0|0|0|1|7500	2|0|3059|0|0|0|1|7500	2|0|3176|0|0|0|1|7500	2|0|3294|0|0|0|1|7500	2|0|3412|0|0|0|1|7500	2|0|3529|0|0|0|1|7500	2|0|3647|0|0|0|1|7500	2|0|3765|0|0|0|1|7500	2|0|3882|0|0|0|1|7500	2|0|4000|0|0|0|1|7500	2|0|4118|0|0|0|1|7500	2|0|4235|0|0|0|1|7500	2|0|4353|0|0|0|1|7500	2|0|4471|0|0|0|1|7500	2|0|4588|0|0|0|1|7500	2|0|4706|0|0|0|1|7500	2|0|4824|0|0|0|1|7500	2|0|4824|0|0|0|1|7500	2|0|4824|0|0|0|1|7500	2|0|4824|0|0|0|1|7500	2|0|4824|0|0|0|1|7500	2|0|4824|0|0|0|1|7500
102205	DragNpc	2|1|10|0																													
102206	PlaySound	22601|																													
102207	PlaySound	22602|																													
102210	Damage	11|0|1200|0|0|0|1|7500	11|0|1271|0|0|0|1|7500	11|0|1341|0|0|0|1|7500	11|0|1412|0|0|0|1|7500	11|0|1482|0|0|0|1|7500	11|0|1553|0|0|0|1|7500	11|0|1624|0|0|0|1|7500	11|0|1694|0|0|0|1|7500	11|0|1765|0|0|0|1|7500	11|0|1835|0|0|0|1|7500	11|0|1906|0|0|0|1|7500	11|0|1976|0|0|0|1|7500	11|0|2047|0|0|0|1|7500	11|0|2118|0|0|0|1|7500	11|0|2188|0|0|0|1|7500	11|0|2259|0|0|0|1|7500	11|0|2329|0|0|0|1|7500	11|0|2400|0|0|0|1|7500	11|0|2471|0|0|0|1|7500	11|0|2541|0|0|0|1|7500	11|0|2612|0|0|0|1|7500	11|0|2682|0|0|0|1|7500	11|0|2753|0|0|0|1|7500	11|0|2824|0|0|0|1|7500	11|0|2894|0|0|0|1|7500	11|0|2894|0|0|0|1|7500	11|0|2894|0|0|0|1|7500	11|0|2894|0|0|0|1|7500	11|0|2894|0|0|0|1|7500	11|0|2894|0|0|0|1|7500
102211	Damage	12|0|2500|0|0|0|1|7500	12|0|2647|0|0|0|1|7500	12|0|2794|0|0|0|1|7500	12|0|2941|0|0|0|1|7500	12|0|3088|0|0|0|1|7500	12|0|3235|0|0|0|1|7500	12|0|3382|0|0|0|1|7500	12|0|3529|0|0|0|1|7500	12|0|3676|0|0|0|1|7500	12|0|3824|0|0|0|1|7500	12|0|3971|0|0|0|1|7500	12|0|4118|0|0|0|1|7500	12|0|4265|0|0|0|1|7500	12|0|4412|0|0|0|1|7500	12|0|4559|0|0|0|1|7500	12|0|4706|0|0|0|1|7500	12|0|4853|0|0|0|1|7500	12|0|5000|0|0|0|1|7500	12|0|5147|0|0|0|1|7500	12|0|5294|0|0|0|1|7500	12|0|5441|0|0|0|1|7500	12|0|5588|0|0|0|1|7500	12|0|5735|0|0|0|1|7500	12|0|5882|0|0|0|1|7500	12|0|6029|0|0|0|1|7500	12|0|6029|0|0|0|1|7500	12|0|6029|0|0|0|1|7500	12|0|6029|0|0|0|1|7500	12|0|6029|0|0|0|1|7500	12|0|6029|0|0|0|1|7500
102212	Damage	13|0|3750|0|0|0|1|7500	13|0|3971|0|0|0|1|7500	13|0|4191|0|0|0|1|7500	13|0|4412|0|0|0|1|7500	13|0|4632|0|0|0|1|7500	13|0|4853|0|0|0|1|7500	13|0|5074|0|0|0|1|7500	13|0|5294|0|0|0|1|7500	13|0|5515|0|0|0|1|7500	13|0|5735|0|0|0|1|7500	13|0|5956|0|0|0|1|7500	13|0|6176|0|0|0|1|7500	13|0|6397|0|0|0|1|7500	13|0|6618|0|0|0|1|7500	13|0|6838|0|0|0|1|7500	13|0|7059|0|0|0|1|7500	13|0|7279|0|0|0|1|7500	13|0|7500|0|0|0|1|7500	13|0|7721|0|0|0|1|7500	13|0|7941|0|0|0|1|7500	13|0|8162|0|0|0|1|7500	13|0|8382|0|0|0|1|7500	13|0|8603|0|0|0|1|7500	13|0|8824|0|0|0|1|7500	13|0|9044|0|0|0|1|7500	13|0|9044|0|0|0|1|7500	13|0|9044|0|0|0|1|7500	13|0|9044|0|0|0|1|7500	13|0|9044|0|0|0|1|7500	13|0|9044|0|0|0|1|7500
102213	Damage	13|0|3750|0|0|0|1|7500	13|0|3971|0|0|0|1|7500	13|0|4191|0|0|0|1|7500	13|0|4412|0|0|0|1|7500	13|0|4632|0|0|0|1|7500	13|0|4853|0|0|0|1|7500	13|0|5074|0|0|0|1|7500	13|0|5294|0|0|0|1|7500	13|0|5515|0|0|0|1|7500	13|0|5735|0|0|0|1|7500	13|0|5956|0|0|0|1|7500	13|0|6176|0|0|0|1|7500	13|0|6397|0|0|0|1|7500	13|0|6618|0|0|0|1|7500	13|0|6838|0|0|0|1|7500	13|0|7059|0|0|0|1|7500	13|0|7279|0|0|0|1|7500	13|0|7500|0|0|0|1|7500	13|0|7721|0|0|0|1|7500	13|0|7941|0|0|0|1|7500	13|0|8162|0|0|0|1|7500	13|0|8382|0|0|0|1|7500	13|0|8603|0|0|0|1|7500	13|0|8824|0|0|0|1|7500	13|0|9044|0|0|0|1|7500	13|0|9044|0|0|0|1|7500	13|0|9044|0|0|0|1|7500	13|0|9044|0|0|0|1|7500	13|0|9044|0|0|0|1|7500	13|0|9044|0|0|0|1|7500
102214	DragNpc	1|1|10|2																													
102215	AddBuff	102215																													
102215000	SetCameraPositionOffset	0|00.5|-2.5|00.2|1																													
102220	Damage	21|0|200|0|0|0|1|7500	21|0|212|0|0|0|1|7500	21|0|224|0|0|0|1|7500	21|0|235|0|0|0|1|7500	21|0|247|0|0|0|1|7500	21|0|259|0|0|0|1|7500	21|0|271|0|0|0|1|7500	21|0|282|0|0|0|1|7500	21|0|294|0|0|0|1|7500	21|0|306|0|0|0|1|7500	21|0|318|0|0|0|1|7500	21|0|329|0|0|0|1|7500	21|0|341|0|0|0|1|7500	21|0|353|0|0|0|1|7500	21|0|365|0|0|0|1|7500	21|0|376|0|0|0|1|7500	21|0|388|0|0|0|1|7500	21|0|400|0|0|0|1|7500	21|0|412|0|0|0|1|7500	21|0|424|0|0|0|1|7500	21|0|435|0|0|0|1|7500	21|0|447|0|0|0|1|7500	21|0|459|0|0|0|1|7500	21|0|471|0|0|0|1|7500	21|0|482|0|0|0|1|7500	21|0|482|0|0|0|1|7500	21|0|482|0|0|0|1|7500	21|0|482|0|0|0|1|7500	21|0|482|0|0|0|1|7500	21|0|482|0|0|0|1|7500
102221	Damage	22|0|400|0|0|0|1|7500	22|0|424|0|0|0|1|7500	22|0|447|0|0|0|1|7500	22|0|471|0|0|0|1|7500	22|0|494|0|0|0|1|7500	22|0|518|0|0|0|1|7500	22|0|541|0|0|0|1|7500	22|0|565|0|0|0|1|7500	22|0|588|0|0|0|1|7500	22|0|612|0|0|0|1|7500	22|0|635|0|0|0|1|7500	22|0|659|0|0|0|1|7500	22|0|682|0|0|0|1|7500	22|0|706|0|0|0|1|7500	22|0|729|0|0|0|1|7500	22|0|753|0|0|0|1|7500	22|0|776|0|0|0|1|7500	22|0|800|0|0|0|1|7500	22|0|824|0|0|0|1|7500	22|0|847|0|0|0|1|7500	22|0|871|0|0|0|1|7500	22|0|894|0|0|0|1|7500	22|0|918|0|0|0|1|7500	22|0|941|0|0|0|1|7500	22|0|965|0|0|0|1|7500	22|0|965|0|0|0|1|7500	22|0|965|0|0|0|1|7500	22|0|965|0|0|0|1|7500	22|0|965|0|0|0|1|7500	22|0|965|0|0|0|1|7500
102222	Damage	23|0|600|0|0|0|1|7500	23|0|635|0|0|0|1|7500	23|0|671|0|0|0|1|7500	23|0|706|0|0|0|1|7500	23|0|741|0|0|0|1|7500	23|0|776|0|0|0|1|7500	23|0|812|0|0|0|1|7500	23|0|847|0|0|0|1|7500	23|0|882|0|0|0|1|7500	23|0|918|0|0|0|1|7500	23|0|953|0|0|0|1|7500	23|0|988|0|0|0|1|7500	23|0|1024|0|0|0|1|7500	23|0|1059|0|0|0|1|7500	23|0|1094|0|0|0|1|7500	23|0|1129|0|0|0|1|7500	23|0|1165|0|0|0|1|7500	23|0|1200|0|0|0|1|7500	23|0|1235|0|0|0|1|7500	23|0|1271|0|0|0|1|7500	23|0|1306|0|0|0|1|7500	23|0|1341|0|0|0|1|7500	23|0|1376|0|0|0|1|7500	23|0|1412|0|0|0|1|7500	23|0|1447|0|0|0|1|7500	23|0|1447|0|0|0|1|7500	23|0|1447|0|0|0|1|7500	23|0|1447|0|0|0|1|7500	23|0|1447|0|0|0|1|7500	23|0|1447|0|0|0|1|7500
102223	AddBuff	102223																													
102223000	AddBehavior	102223																													
102224	AddBuff	102224																													
102224000	AddBehavior	102224																													
102225	AddBuff	102225																													
102225000	AddBehavior	102225																													
102226	AddBuff	102226																													
102226000	ChangeAttribAdditive	3|0|2000																													
102227	AddBuff	102227																													
102227000	ChangeAttribAdditive	3|0|3000																													
102228	AddBuff	102228																													
102228000	ChangeAttribAdditive	3|0|5000																													
102230	Damage	31|0|2500|0|0|0|1|7500	31|0|2647|0|0|0|1|7500	31|0|2794|0|0|0|1|7500	31|0|2941|0|0|0|1|7500	31|0|3088|0|0|0|1|7500	31|0|3235|0|0|0|1|7500	31|0|3382|0|0|0|1|7500	31|0|3529|0|0|0|1|7500	31|0|3676|0|0|0|1|7500	31|0|3824|0|0|0|1|7500	31|0|3971|0|0|0|1|7500	31|0|4118|0|0|0|1|7500	31|0|4265|0|0|0|1|7500	31|0|4412|0|0|0|1|7500	31|0|4559|0|0|0|1|7500	31|0|4706|0|0|0|1|7500	31|0|4853|0|0|0|1|7500	31|0|5000|0|0|0|1|7500	31|0|5147|0|0|0|1|7500	31|0|5294|0|0|0|1|7500	31|0|5441|0|0|0|1|7500	31|0|5588|0|0|0|1|7500	31|0|5735|0|0|0|1|7500	31|0|5882|0|0|0|1|7500	31|0|6029|0|0|0|1|7500	31|0|6029|0|0|0|1|7500	31|0|6029|0|0|0|1|7500	31|0|6029|0|0|0|1|7500	31|0|6029|0|0|0|1|7500	31|0|6029|0|0|0|1|7500
102231	Damage	32|0|5000|0|0|0|1|7500	32|0|5294|0|0|0|1|7500	32|0|5588|0|0|0|1|7500	32|0|5882|0|0|0|1|7500	32|0|6176|0|0|0|1|7500	32|0|6471|0|0|0|1|7500	32|0|6765|0|0|0|1|7500	32|0|7059|0|0|0|1|7500	32|0|7353|0|0|0|1|7500	32|0|7647|0|0|0|1|7500	32|0|7941|0|0|0|1|7500	32|0|8235|0|0|0|1|7500	32|0|8529|0|0|0|1|7500	32|0|8824|0|0|0|1|7500	32|0|9118|0|0|0|1|7500	32|0|9412|0|0|0|1|7500	32|0|9706|0|0|0|1|7500	32|0|10000|0|0|0|1|7500	32|0|10294|0|0|0|1|7500	32|0|10588|0|0|0|1|7500	32|0|10882|0|0|0|1|7500	32|0|11176|0|0|0|1|7500	32|0|11471|0|0|0|1|7500	32|0|11765|0|0|0|1|7500	32|0|12059|0|0|0|1|7500	32|0|12059|0|0|0|1|7500	32|0|12059|0|0|0|1|7500	32|0|12059|0|0|0|1|7500	32|0|12059|0|0|0|1|7500	32|0|12059|0|0|0|1|7500
102232	Damage	33|0|7500|0|0|0|1|7500	33|0|7941|0|0|0|1|7500	33|0|8382|0|0|0|1|7500	33|0|8824|0|0|0|1|7500	33|0|9265|0|0|0|1|7500	33|0|9706|0|0|0|1|7500	33|0|10147|0|0|0|1|7500	33|0|10588|0|0|0|1|7500	33|0|11029|0|0|0|1|7500	33|0|11471|0|0|0|1|7500	33|0|11912|0|0|0|1|7500	33|0|12353|0|0|0|1|7500	33|0|12794|0|0|0|1|7500	33|0|13235|0|0|0|1|7500	33|0|13676|0|0|0|1|7500	33|0|14118|0|0|0|1|7500	33|0|14559|0|0|0|1|7500	33|0|15000|0|0|0|1|7500	33|0|15441|0|0|0|1|7500	33|0|15882|0|0|0|1|7500	33|0|16324|0|0|0|1|7500	33|0|16765|0|0|0|1|7500	33|0|17206|0|0|0|1|7500	33|0|17647|0|0|0|1|7500	33|0|18088|0|0|0|1|7500	33|0|18088|0|0|0|1|7500	33|0|18088|0|0|0|1|7500	33|0|18088|0|0|0|1|7500	33|0|18088|0|0|0|1|7500	33|0|18088|0|0|0|1|7500
102240	Damage	3|0|17000|0|0|0|1|7500	3|0|18000|0|0|0|1|7500	3|0|19000|0|0|0|1|7500	3|0|20000|0|0|0|1|7500	3|0|21000|0|0|0|1|7500	3|0|22000|0|0|0|1|7500	3|0|23000|0|0|0|1|7500	3|0|24000|0|0|0|1|7500	3|0|25000|0|0|0|1|7500	3|0|26000|0|0|0|1|7500	3|0|27000|0|0|0|1|7500	3|0|28000|0|0|0|1|7500	3|0|29000|0|0|0|1|7500	3|0|30000|0|0|0|1|7500	3|0|31000|0|0|0|1|7500	3|0|32000|0|0|0|1|7500	3|0|33000|0|0|0|1|7500	3|0|34000|0|0|0|1|7500	3|0|35000|0|0|0|1|7500	3|0|36000|0|0|0|1|7500	3|0|37000|0|0|0|1|7500	3|0|38000|0|0|0|1|7500	3|0|39000|0|0|0|1|7500	3|0|40000|0|0|0|1|7500	3|0|41000|0|0|0|1|7500	3|0|41000|0|0|0|1|7500	3|0|41000|0|0|0|1|7500	3|0|41000|0|0|0|1|7500	3|0|41000|0|0|0|1|7500	3|0|41000|0|0|0|1|7500
102241	Damage	6|0|3750|0|0|0|1|7500	6|0|3971|0|0|0|1|7500	6|0|4191|0|0|0|1|7500	6|0|4412|0|0|0|1|7500	6|0|4632|0|0|0|1|7500	6|0|4853|0|0|0|1|7500	6|0|5074|0|0|0|1|7500	6|0|5294|0|0|0|1|7500	6|0|5515|0|0|0|1|7500	6|0|5735|0|0|0|1|7500	6|0|5956|0|0|0|1|7500	6|0|6176|0|0|0|1|7500	6|0|6397|0|0|0|1|7500	6|0|6618|0|0|0|1|7500	6|0|6838|0|0|0|1|7500	6|0|7059|0|0|0|1|7500	6|0|7279|0|0|0|1|7500	6|0|7500|0|0|0|1|7500	6|0|7721|0|0|0|1|7500	6|0|7941|0|0|0|1|7500	6|0|8162|0|0|0|1|7500	6|0|8382|0|0|0|1|7500	6|0|8603|0|0|0|1|7500	6|0|8824|0|0|0|1|7500	6|0|9044|0|0|0|1|7500	6|0|9044|0|0|0|1|7500	6|0|9044|0|0|0|1|7500	6|0|9044|0|0|0|1|7500	6|0|9044|0|0|0|1|7500	6|0|9044|0|0|0|1|7500
102242	AddBuff	102242																													
102242000	AddBehavior	102242																													
102243	AddBuff	102243																													
102243000	SetCameraPosition	1|00.2|-4|00.1																													
102244	AddBuff	102244																													
102244000	SetCameraRotation	8|-30|0|00.1|1|1																													
102245	AddBuff	102245																													
102246	AddBuff	102246																													
102246000	AddBehavior	102246																													
102247	Damage	21|0|400|0|0|0|1|7500	21|0|424|0|0|0|1|7500	21|0|447|0|0|0|1|7500	21|0|471|0|0|0|1|7500	21|0|494|0|0|0|1|7500	21|0|518|0|0|0|1|7500	21|0|541|0|0|0|1|7500	21|0|565|0|0|0|1|7500	21|0|588|0|0|0|1|7500	21|0|612|0|0|0|1|7500	21|0|635|0|0|0|1|7500	21|0|659|0|0|0|1|7500	21|0|682|0|0|0|1|7500	21|0|706|0|0|0|1|7500	21|0|729|0|0|0|1|7500	21|0|753|0|0|0|1|7500	21|0|776|0|0|0|1|7500	21|0|800|0|0|0|1|7500	21|0|824|0|0|0|1|7500	21|0|847|0|0|0|1|7500	21|0|871|0|0|0|1|7500	21|0|894|0|0|0|1|7500	21|0|918|0|0|0|1|7500	21|0|941|0|0|0|1|7500	21|0|965|0|0|0|1|7500	21|0|965|0|0|0|1|7500	21|0|965|0|0|0|1|7500	21|0|965|0|0|0|1|7500	21|0|965|0|0|0|1|7500	21|0|965|0|0|0|1|7500
102248	Damage	22|0|800|0|0|0|1|7500	22|0|847|0|0|0|1|7500	22|0|894|0|0|0|1|7500	22|0|941|0|0|0|1|7500	22|0|988|0|0|0|1|7500	22|0|1035|0|0|0|1|7500	22|0|1082|0|0|0|1|7500	22|0|1129|0|0|0|1|7500	22|0|1176|0|0|0|1|7500	22|0|1224|0|0|0|1|7500	22|0|1271|0|0|0|1|7500	22|0|1318|0|0|0|1|7500	22|0|1365|0|0|0|1|7500	22|0|1412|0|0|0|1|7500	22|0|1459|0|0|0|1|7500	22|0|1506|0|0|0|1|7500	22|0|1553|0|0|0|1|7500	22|0|1600|0|0|0|1|7500	22|0|1647|0|0|0|1|7500	22|0|1694|0|0|0|1|7500	22|0|1741|0|0|0|1|7500	22|0|1788|0|0|0|1|7500	22|0|1835|0|0|0|1|7500	22|0|1882|0|0|0|1|7500	22|0|1929|0|0|0|1|7500	22|0|1929|0|0|0|1|7500	22|0|1929|0|0|0|1|7500	22|0|1929|0|0|0|1|7500	22|0|1929|0|0|0|1|7500	22|0|1929|0|0|0|1|7500
102249	Damage	23|0|1200|0|0|0|1|7500	23|0|1271|0|0|0|1|7500	23|0|1341|0|0|0|1|7500	23|0|1412|0|0|0|1|7500	23|0|1482|0|0|0|1|7500	23|0|1553|0|0|0|1|7500	23|0|1624|0|0|0|1|7500	23|0|1694|0|0|0|1|7500	23|0|1765|0|0|0|1|7500	23|0|1835|0|0|0|1|7500	23|0|1906|0|0|0|1|7500	23|0|1976|0|0|0|1|7500	23|0|2047|0|0|0|1|7500	23|0|2118|0|0|0|1|7500	23|0|2188|0|0|0|1|7500	23|0|2259|0|0|0|1|7500	23|0|2329|0|0|0|1|7500	23|0|2400|0|0|0|1|7500	23|0|2471|0|0|0|1|7500	23|0|2541|0|0|0|1|7500	23|0|2612|0|0|0|1|7500	23|0|2682|0|0|0|1|7500	23|0|2753|0|0|0|1|7500	23|0|2824|0|0|0|1|7500	23|0|2894|0|0|0|1|7500	23|0|2894|0|0|0|1|7500	23|0|2894|0|0|0|1|7500	23|0|2894|0|0|0|1|7500	23|0|2894|0|0|0|1|7500	23|0|2894|0|0|0|1|7500
102250	AddBuff	102250																													
102250000	PlayCameraTrack	CTLuxiya03|0|00.3																													
102251	Damage	4|0|10000|0|0|0|1|7500	4|0|10588|0|0|0|1|7500	4|0|11176|0|0|0|1|7500	4|0|11765|0|0|0|1|7500	4|0|12353|0|0|0|1|7500	4|0|12941|0|0|0|1|7500	4|0|13529|0|0|0|1|7500	4|0|14118|0|0|0|1|7500	4|0|14706|0|0|0|1|7500	4|0|15294|0|0|0|1|7500	4|0|15882|0|0|0|1|7500	4|0|16471|0|0|0|1|7500	4|0|17059|0|0|0|1|7500	4|0|17647|0|0|0|1|7500	4|0|18235|0|0|0|1|7500	4|0|18824|0|0|0|1|7500	4|0|19412|0|0|0|1|7500	4|0|20000|0|0|0|1|7500	4|0|20588|0|0|0|1|7500	4|0|21176|0|0|0|1|7500	4|0|21765|0|0|0|1|7500	4|0|22353|0|0|0|1|7500	4|0|22941|0|0|0|1|7500	4|0|23529|0|0|0|1|7500	4|0|24118|0|0|0|1|7500	4|0|24118|0|0|0|1|7500	4|0|24118|0|0|0|1|7500	4|0|24118|0|0|0|1|7500	4|0|24118|0|0|0|1|7500	4|0|24118|0|0|0|1|7500
102252	Damage	4|0|60000|0|0|0|1|7500	4|0|63529|0|0|0|1|7500	4|0|67059|0|0|0|1|7500	4|0|70588|0|0|0|1|7500	4|0|74118|0|0|0|1|7500	4|0|77647|0|0|0|1|7500	4|0|81176|0|0|0|1|7500	4|0|84706|0|0|0|1|7500	4|0|88235|0|0|0|1|7500	4|0|91765|0|0|0|1|7500	4|0|95294|0|0|0|1|7500	4|0|98824|0|0|0|1|7500	4|0|102353|0|0|0|1|7500	4|0|105882|0|0|0|1|7500	4|0|109412|0|0|0|1|7500	4|0|112941|0|0|0|1|7500	4|0|116471|0|0|0|1|7500	4|0|120000|0|0|0|1|7500	4|0|123529|0|0|0|1|7500	4|0|127059|0|0|0|1|7500	4|0|130588|0|0|0|1|7500	4|0|134118|0|0|0|1|7500	4|0|137647|0|0|0|1|7500	4|0|141176|0|0|0|1|7500	4|0|144706|0|0|0|1|7500	4|0|144706|0|0|0|1|7500	4|0|144706|0|0|0|1|7500	4|0|144706|0|0|0|1|7500	4|0|144706|0|0|0|1|7500	4|0|144706|0|0|0|1|7500
102253	AddBuff	102253																													
102253000	AddTimeScaleBuff	0.01																													
102254	ChangeTimeScale	1|2|0|0																													
102255	AddBuff	102255																													
102256	AddBuff	102256																													
102256000	AddBehavior	102256																													
102257	AddBuff	102257																													
102257000	AddAttribValue	57|120|0																													
102258	AddBuff	102258																													
102258000	AddAttribValue	57|-1|0																													
102259	AddBuff	102259																													
102259000	PlayCameraTrack	CTLuxiya03Born|0|0																													
102260	AddBuff	102260																													
102260000	PlayCameraTrack	CTLuxiya03Win|0|0																													
102261	AddBuff	102261																													
102261000	AddBehavior	102261																													
102262	AddBuff	102262																													
102262000	AddBehavior	102262																													
102263	AddBuff	102263																													
102263000	AddBehavior	102263																													
102264	AddBuff	102264																													
102264000	AddBehavior	102264																													
102265	AddBall	4|1																													
102266	AddBall	0|1																													
102267	AddBuff	102267																													
102268	AddBuff	102268																													
102268000	ShakeCamera	|||||																													
102269	AddBuff	102269																													
102269000	SetCameraPositionOffset	0|00.5|-2.5|00.2|1																													
102270	AddBuff	102270																													
102270000	AddNpcState	21																													
102271	AddBuff	102271																													
102272	AddBuff	102272																													
102272000	AddNpcState	22																													
102273	AddBuff	102273																													
102274	AddBuff	102274																													
102274000	HideJoint	ModelCase																													
102275	AddBuff	102275																													
102275000	HideJoint	WeaponCase1																													
102276	AddBuff	102276																													
102277	AddBuff	102277																													
102277000	AddNpcState	27																													
102278	AddBuff	102278																													
102279	AddBuff	102279																													
102280	AddBuff	102280																													
102281	AddBuff	102281																													
102281000	PlaySound	22701|0																													
102282	AddBuff	102282																													
102282000	PlaySound	22702|0																													
102285	AddBuff	102285																													
102285000	AddBehavior	102285																													
102286	AddBuff	102286																													
102286000	ChangeAttribAdditive	11|0|1000																													
102287	AddBuff	102287																													
102287000	ChangeAttribAdditive	12|0|1000																													
102288	AddBuff	102288																													
102288000	ChangeAttribAdditive	13|0|1000																													
102289	AddBuff	102289																													
102289000	ChangeAttribAdditive	14|0|1000																													
102290	AddBuff	102290																													
102290000	ChangeAttribAdditive	15|0|1000																													
102291	AddBuff	102291																													
102291000	ChangeAttribAdditive	45|500|0																													
102292	AddBuff	102292																													
102292000	AddBehavior	102292																													
102293	AddBuff	102293																													
102293000	ChangeAttribAdditive	26|1000|0																													
102294	AddBuff	102294																													
102295	AddBuff	102295																													
102295000	AddBehavior	102295																													
102296	AddBuff	102296																													
102296000	ChangeAttribAdditive	26|2500|0																													
102297	AddBuff	102297																													
102298	AddBuff	102298																													
102298000	AddBuff	100089																													
102299	AddBuff	102299																													
101500	Damage	2|0|4000|0|0|0|1|20000	2|0|4235|0|0|0|1|20000	2|0|4471|0|0|0|1|20000	2|0|4706|0|0|0|1|20000	2|0|4941|0|0|0|1|20000	2|0|5176|0|0|0|1|20000	2|0|5412|0|0|0|1|20000	2|0|5647|0|0|0|1|20000	2|0|5882|0|0|0|1|20000	2|0|6118|0|0|0|1|20000	2|0|6353|0|0|0|1|20000	2|0|6588|0|0|0|1|20000	2|0|6824|0|0|0|1|20000	2|0|7059|0|0|0|1|20000	2|0|7294|0|0|0|1|20000	2|0|7529|0|0|0|1|20000	2|0|7765|0|0|0|1|20000	2|0|8000|0|0|0|1|20000	2|0|8235|0|0|0|1|20000	2|0|8471|0|0|0|1|20000	2|0|8706|0|0|0|1|20000	2|0|8941|0|0|0|1|20000	2|0|9176|0|0|0|1|20000	2|0|9412|0|0|0|1|20000	2|0|9647|0|0|0|1|20000	2|0|9647|0|0|0|1|20000	2|0|9647|0|0|0|1|20000	2|0|9647|0|0|0|1|20000	2|0|9647|0|0|0|1|20000	2|0|9647|0|0|0|1|20000
101501	Damage	2|0|4000|0|0|0|1|20000	2|0|4235|0|0|0|1|20000	2|0|4471|0|0|0|1|20000	2|0|4706|0|0|0|1|20000	2|0|4941|0|0|0|1|20000	2|0|5176|0|0|0|1|20000	2|0|5412|0|0|0|1|20000	2|0|5647|0|0|0|1|20000	2|0|5882|0|0|0|1|20000	2|0|6118|0|0|0|1|20000	2|0|6353|0|0|0|1|20000	2|0|6588|0|0|0|1|20000	2|0|6824|0|0|0|1|20000	2|0|7059|0|0|0|1|20000	2|0|7294|0|0|0|1|20000	2|0|7529|0|0|0|1|20000	2|0|7765|0|0|0|1|20000	2|0|8000|0|0|0|1|20000	2|0|8235|0|0|0|1|20000	2|0|8471|0|0|0|1|20000	2|0|8706|0|0|0|1|20000	2|0|8941|0|0|0|1|20000	2|0|9176|0|0|0|1|20000	2|0|9412|0|0|0|1|20000	2|0|9647|0|0|0|1|20000	2|0|9647|0|0|0|1|20000	2|0|9647|0|0|0|1|20000	2|0|9647|0|0|0|1|20000	2|0|9647|0|0|0|1|20000	2|0|9647|0|0|0|1|20000
101502	Damage	2|0|2000|0|0|0|1|20000	2|0|2118|0|0|0|1|20000	2|0|2235|0|0|0|1|20000	2|0|2353|0|0|0|1|20000	2|0|2471|0|0|0|1|20000	2|0|2588|0|0|0|1|20000	2|0|2706|0|0|0|1|20000	2|0|2824|0|0|0|1|20000	2|0|2941|0|0|0|1|20000	2|0|3059|0|0|0|1|20000	2|0|3176|0|0|0|1|20000	2|0|3294|0|0|0|1|20000	2|0|3412|0|0|0|1|20000	2|0|3529|0|0|0|1|20000	2|0|3647|0|0|0|1|20000	2|0|3765|0|0|0|1|20000	2|0|3882|0|0|0|1|20000	2|0|4000|0|0|0|1|20000	2|0|4118|0|0|0|1|20000	2|0|4235|0|0|0|1|20000	2|0|4353|0|0|0|1|20000	2|0|4471|0|0|0|1|20000	2|0|4588|0|0|0|1|20000	2|0|4706|0|0|0|1|20000	2|0|4824|0|0|0|1|20000	2|0|4824|0|0|0|1|20000	2|0|4824|0|0|0|1|20000	2|0|4824|0|0|0|1|20000	2|0|4824|0|0|0|1|20000	2|0|4824|0|0|0|1|20000
101503	Damage	2|0|5000|0|0|0|1|20000	2|0|5294|0|0|0|1|20000	2|0|5588|0|0|0|1|20000	2|0|5882|0|0|0|1|20000	2|0|6176|0|0|0|1|20000	2|0|6471|0|0|0|1|20000	2|0|6765|0|0|0|1|20000	2|0|7059|0|0|0|1|20000	2|0|7353|0|0|0|1|20000	2|0|7647|0|0|0|1|20000	2|0|7941|0|0|0|1|20000	2|0|8235|0|0|0|1|20000	2|0|8529|0|0|0|1|20000	2|0|8824|0|0|0|1|20000	2|0|9118|0|0|0|1|20000	2|0|9412|0|0|0|1|20000	2|0|9706|0|0|0|1|20000	2|0|10000|0|0|0|1|20000	2|0|10294|0|0|0|1|20000	2|0|10588|0|0|0|1|20000	2|0|10882|0|0|0|1|20000	2|0|11176|0|0|0|1|20000	2|0|11471|0|0|0|1|20000	2|0|11765|0|0|0|1|20000	2|0|12059|0|0|0|1|20000	2|0|12059|0|0|0|1|20000	2|0|12059|0|0|0|1|20000	2|0|12059|0|0|0|1|20000	2|0|12059|0|0|0|1|20000	2|0|12059|0|0|0|1|20000
101504	Damage	2|0|500|0|0|0|1|20000	2|0|529|0|0|0|1|20000	2|0|559|0|0|0|1|20000	2|0|588|0|0|0|1|20000	2|0|618|0|0|0|1|20000	2|0|647|0|0|0|1|20000	2|0|676|0|0|0|1|20000	2|0|706|0|0|0|1|20000	2|0|735|0|0|0|1|20000	2|0|765|0|0|0|1|20000	2|0|794|0|0|0|1|20000	2|0|824|0|0|0|1|20000	2|0|853|0|0|0|1|20000	2|0|882|0|0|0|1|20000	2|0|912|0|0|0|1|20000	2|0|941|0|0|0|1|20000	2|0|971|0|0|0|1|20000	2|0|1000|0|0|0|1|20000	2|0|1029|0|0|0|1|20000	2|0|1059|0|0|0|1|20000	2|0|1088|0|0|0|1|20000	2|0|1118|0|0|0|1|20000	2|0|1147|0|0|0|1|20000	2|0|1176|0|0|0|1|20000	2|0|1206|0|0|0|1|20000	2|0|1206|0|0|0|1|20000	2|0|1206|0|0|0|1|20000	2|0|1206|0|0|0|1|20000	2|0|1206|0|0|0|1|20000	2|0|1206|0|0|0|1|20000
101505	Damage	2|0|5000|0|0|0|1|20000	2|0|5294|0|0|0|1|20000	2|0|5588|0|0|0|1|20000	2|0|5882|0|0|0|1|20000	2|0|6176|0|0|0|1|20000	2|0|6471|0|0|0|1|20000	2|0|6765|0|0|0|1|20000	2|0|7059|0|0|0|1|20000	2|0|7353|0|0|0|1|20000	2|0|7647|0|0|0|1|20000	2|0|7941|0|0|0|1|20000	2|0|8235|0|0|0|1|20000	2|0|8529|0|0|0|1|20000	2|0|8824|0|0|0|1|20000	2|0|9118|0|0|0|1|20000	2|0|9412|0|0|0|1|20000	2|0|9706|0|0|0|1|20000	2|0|10000|0|0|0|1|20000	2|0|10294|0|0|0|1|20000	2|0|10588|0|0|0|1|20000	2|0|10882|0|0|0|1|20000	2|0|11176|0|0|0|1|20000	2|0|11471|0|0|0|1|20000	2|0|11765|0|0|0|1|20000	2|0|12059|0|0|0|1|20000	2|0|12059|0|0|0|1|20000	2|0|12059|0|0|0|1|20000	2|0|12059|0|0|0|1|20000	2|0|12059|0|0|0|1|20000	2|0|12059|0|0|0|1|20000
101510	Damage	11|0|1000|0|0|0|1|20000	11|0|1059|0|0|0|1|20000	11|0|1118|0|0|0|1|20000	11|0|1176|0|0|0|1|20000	11|0|1235|0|0|0|1|20000	11|0|1294|0|0|0|1|20000	11|0|1353|0|0|0|1|20000	11|0|1412|0|0|0|1|20000	11|0|1471|0|0|0|1|20000	11|0|1529|0|0|0|1|20000	11|0|1588|0|0|0|1|20000	11|0|1647|0|0|0|1|20000	11|0|1706|0|0|0|1|20000	11|0|1765|0|0|0|1|20000	11|0|1824|0|0|0|1|20000	11|0|1882|0|0|0|1|20000	11|0|1941|0|0|0|1|20000	11|0|2000|0|0|0|1|20000	11|0|2059|0|0|0|1|20000	11|0|2118|0|0|0|1|20000	11|0|2176|0|0|0|1|20000	11|0|2235|0|0|0|1|20000	11|0|2294|0|0|0|1|20000	11|0|2353|0|0|0|1|20000	11|0|2412|0|0|0|1|20000	11|0|2412|0|0|0|1|20000	11|0|2412|0|0|0|1|20000	11|0|2412|0|0|0|1|20000	11|0|2412|0|0|0|1|20000	11|0|2412|0|0|0|1|20000
101511	Damage	12|0|2000|0|0|0|1|20000	12|0|2118|0|0|0|1|20000	12|0|2235|0|0|0|1|20000	12|0|2353|0|0|0|1|20000	12|0|2471|0|0|0|1|20000	12|0|2588|0|0|0|1|20000	12|0|2706|0|0|0|1|20000	12|0|2824|0|0|0|1|20000	12|0|2941|0|0|0|1|20000	12|0|3059|0|0|0|1|20000	12|0|3176|0|0|0|1|20000	12|0|3294|0|0|0|1|20000	12|0|3412|0|0|0|1|20000	12|0|3529|0|0|0|1|20000	12|0|3647|0|0|0|1|20000	12|0|3765|0|0|0|1|20000	12|0|3882|0|0|0|1|20000	12|0|4000|0|0|0|1|20000	12|0|4118|0|0|0|1|20000	12|0|4235|0|0|0|1|20000	12|0|4353|0|0|0|1|20000	12|0|4471|0|0|0|1|20000	12|0|4588|0|0|0|1|20000	12|0|4706|0|0|0|1|20000	12|0|4824|0|0|0|1|20000	12|0|4824|0|0|0|1|20000	12|0|4824|0|0|0|1|20000	12|0|4824|0|0|0|1|20000	12|0|4824|0|0|0|1|20000	12|0|4824|0|0|0|1|20000
101512	Damage	13|0|0|1|0|3000|1|10000	13|0|0|1|0|3176|1|10000	13|0|0|1|0|3353|1|10000	13|0|0|1|0|3529|1|10000	13|0|0|1|0|3706|1|10000	13|0|0|1|0|3882|1|10000	13|0|0|1|0|4059|1|10000	13|0|0|1|0|4235|1|10000	13|0|0|1|0|4412|1|10000	13|0|0|1|0|4588|1|10000	13|0|0|1|0|4765|1|10000	13|0|0|1|0|4941|1|10000	13|0|0|1|0|5118|1|10000	13|0|0|1|0|5294|1|10000	13|0|0|1|0|5471|1|10000	13|0|0|1|0|5647|1|10000	13|0|0|1|0|5824|1|10000	13|0|0|1|0|6000|1|10000	13|0|0|1|0|6176|1|10000	13|0|0|1|0|6353|1|10000	13|0|0|1|0|6529|1|10000	13|0|0|1|0|6706|1|10000	13|0|0|1|0|6882|1|10000	13|0|0|1|0|7059|1|10000	13|0|0|1|0|7235|1|10000	13|0|0|1|0|7235|1|10000	13|0|0|1|0|7235|1|10000	13|0|0|1|0|7235|1|10000	13|0|0|1|0|7235|1|10000	13|0|0|1|0|7235|1|10000
101513	DragNpc	2|2|10|4																													
101514	AddBuff	101514																													
101514000	AddNpcState	27																													
101515	AddBuff	101515																													
101516	AddBuff	101516																													
101516000	ChangeTimeScale	0|5|0|3																													
101517	DragNpc	1|1|5|0																													
101520	Damage	21|0|2500|0|0|0|1|20000	21|0|2647|0|0|0|1|20000	21|0|2794|0|0|0|1|20000	21|0|2941|0|0|0|1|20000	21|0|3088|0|0|0|1|20000	21|0|3235|0|0|0|1|20000	21|0|3382|0|0|0|1|20000	21|0|3529|0|0|0|1|20000	21|0|3676|0|0|0|1|20000	21|0|3824|0|0|0|1|20000	21|0|3971|0|0|0|1|20000	21|0|4118|0|0|0|1|20000	21|0|4265|0|0|0|1|20000	21|0|4412|0|0|0|1|20000	21|0|4559|0|0|0|1|20000	21|0|4706|0|0|0|1|20000	21|0|4853|0|0|0|1|20000	21|0|5000|0|0|0|1|20000	21|0|5147|0|0|0|1|20000	21|0|5294|0|0|0|1|20000	21|0|5441|0|0|0|1|20000	21|0|5588|0|0|0|1|20000	21|0|5735|0|0|0|1|20000	21|0|5882|0|0|0|1|20000	21|0|6029|0|0|0|1|20000	21|0|6029|0|0|0|1|20000	21|0|6029|0|0|0|1|20000	21|0|6029|0|0|0|1|20000	21|0|6029|0|0|0|1|20000	21|0|6029|0|0|0|1|20000
101521	Damage	22|0|5000|0|0|0|1|20000	22|0|5294|0|0|0|1|20000	22|0|5588|0|0|0|1|20000	22|0|5882|0|0|0|1|20000	22|0|6176|0|0|0|1|20000	22|0|6471|0|0|0|1|20000	22|0|6765|0|0|0|1|20000	22|0|7059|0|0|0|1|20000	22|0|7353|0|0|0|1|20000	22|0|7647|0|0|0|1|20000	22|0|7941|0|0|0|1|20000	22|0|8235|0|0|0|1|20000	22|0|8529|0|0|0|1|20000	22|0|8824|0|0|0|1|20000	22|0|9118|0|0|0|1|20000	22|0|9412|0|0|0|1|20000	22|0|9706|0|0|0|1|20000	22|0|10000|0|0|0|1|20000	22|0|10294|0|0|0|1|20000	22|0|10588|0|0|0|1|20000	22|0|10882|0|0|0|1|20000	22|0|11176|0|0|0|1|20000	22|0|11471|0|0|0|1|20000	22|0|11765|0|0|0|1|20000	22|0|12059|0|0|0|1|20000	22|0|12059|0|0|0|1|20000	22|0|12059|0|0|0|1|20000	22|0|12059|0|0|0|1|20000	22|0|12059|0|0|0|1|20000	22|0|12059|0|0|0|1|20000
101522	Damage	23|0|0|1|0|10000|1|10000	23|0|0|1|0|10588|1|10000	23|0|0|1|0|11176|1|10000	23|0|0|1|0|11765|1|10000	23|0|0|1|0|12353|1|10000	23|0|0|1|0|12941|1|10000	23|0|0|1|0|13529|1|10000	23|0|0|1|0|14118|1|10000	23|0|0|1|0|14706|1|10000	23|0|0|1|0|15294|1|10000	23|0|0|1|0|15882|1|10000	23|0|0|1|0|16471|1|10000	23|0|0|1|0|17059|1|10000	23|0|0|1|0|17647|1|10000	23|0|0|1|0|18235|1|10000	23|0|0|1|0|18824|1|10000	23|0|0|1|0|19412|1|10000	23|0|0|1|0|20000|1|10000	23|0|0|1|0|20588|1|10000	23|0|0|1|0|21176|1|10000	23|0|0|1|0|21765|1|10000	23|0|0|1|0|22353|1|10000	23|0|0|1|0|22941|1|10000	23|0|0|1|0|23529|1|10000	23|0|0|1|0|24118|1|10000	23|0|0|1|0|24118|1|10000	23|0|0|1|0|24118|1|10000	23|0|0|1|0|24118|1|10000	23|0|0|1|0|24118|1|10000	23|0|0|1|0|24118|1|10000
101523	AddBuff	101523																													
101523000	AddProtector	1|0|1|500																													
101524	AddBuff	101524																													
101524000	AddProtector	1|0|1|750																													
101525	AddBuff	101525																													
101525000	AddProtector	1|0|1|1000																													
101526	AddBuff	101526																													
101526000	AddNpcState	27																													
101527	AddBuff	101527																													
101528	AddBuff	101528																													
101528000	AddBehavior	101528																													
101530	Damage	31|0|5000|0|0|0|1|20000	31|0|5294|0|0|0|1|20000	31|0|5588|0|0|0|1|20000	31|0|5882|0|0|0|1|20000	31|0|6176|0|0|0|1|20000	31|0|6471|0|0|0|1|20000	31|0|6765|0|0|0|1|20000	31|0|7059|0|0|0|1|20000	31|0|7353|0|0|0|1|20000	31|0|7647|0|0|0|1|20000	31|0|7941|0|0|0|1|20000	31|0|8235|0|0|0|1|20000	31|0|8529|0|0|0|1|20000	31|0|8824|0|0|0|1|20000	31|0|9118|0|0|0|1|20000	31|0|9412|0|0|0|1|20000	31|0|9706|0|0|0|1|20000	31|0|10000|0|0|0|1|20000	31|0|10294|0|0|0|1|20000	31|0|10588|0|0|0|1|20000	31|0|10882|0|0|0|1|20000	31|0|11176|0|0|0|1|20000	31|0|11471|0|0|0|1|20000	31|0|11765|0|0|0|1|20000	31|0|12059|0|0|0|1|20000	31|0|12059|0|0|0|1|20000	31|0|12059|0|0|0|1|20000	31|0|12059|0|0|0|1|20000	31|0|12059|0|0|0|1|20000	31|0|12059|0|0|0|1|20000
101531	Damage	32|0|10000|0|0|0|1|20000	32|0|10588|0|0|0|1|20000	32|0|11176|0|0|0|1|20000	32|0|11765|0|0|0|1|20000	32|0|12353|0|0|0|1|20000	32|0|12941|0|0|0|1|20000	32|0|13529|0|0|0|1|20000	32|0|14118|0|0|0|1|20000	32|0|14706|0|0|0|1|20000	32|0|15294|0|0|0|1|20000	32|0|15882|0|0|0|1|20000	32|0|16471|0|0|0|1|20000	32|0|17059|0|0|0|1|20000	32|0|17647|0|0|0|1|20000	32|0|18235|0|0|0|1|20000	32|0|18824|0|0|0|1|20000	32|0|19412|0|0|0|1|20000	32|0|20000|0|0|0|1|20000	32|0|20588|0|0|0|1|20000	32|0|21176|0|0|0|1|20000	32|0|21765|0|0|0|1|20000	32|0|22353|0|0|0|1|20000	32|0|22941|0|0|0|1|20000	32|0|23529|0|0|0|1|20000	32|0|24118|0|0|0|1|20000	32|0|24118|0|0|0|1|20000	32|0|24118|0|0|0|1|20000	32|0|24118|0|0|0|1|20000	32|0|24118|0|0|0|1|20000	32|0|24118|0|0|0|1|20000
101532	Damage	33|0|0|1|0|10000|1|10000	33|0|0|1|0|10588|1|10000	33|0|0|1|0|11176|1|10000	33|0|0|1|0|11765|1|10000	33|0|0|1|0|12353|1|10000	33|0|0|1|0|12941|1|10000	33|0|0|1|0|13529|1|10000	33|0|0|1|0|14118|1|10000	33|0|0|1|0|14706|1|10000	33|0|0|1|0|15294|1|10000	33|0|0|1|0|15882|1|10000	33|0|0|1|0|16471|1|10000	33|0|0|1|0|17059|1|10000	33|0|0|1|0|17647|1|10000	33|0|0|1|0|18235|1|10000	33|0|0|1|0|18824|1|10000	33|0|0|1|0|19412|1|10000	33|0|0|1|0|20000|1|10000	33|0|0|1|0|20588|1|10000	33|0|0|1|0|21176|1|10000	33|0|0|1|0|21765|1|10000	33|0|0|1|0|22353|1|10000	33|0|0|1|0|22941|1|10000	33|0|0|1|0|23529|1|10000	33|0|0|1|0|24118|1|10000	33|0|0|1|0|24118|1|10000	33|0|0|1|0|24118|1|10000	33|0|0|1|0|24118|1|10000	33|0|0|1|0|24118|1|10000	33|0|0|1|0|24118|1|10000
101533	AddBuff	101533																													
101533000	ChangeTimeScale	0|5|0|4																													
101534	ShakeAllCamera	3|00.25|-00.5|10|00.25|10																													
101535	AddBuff	101535																													
101535000	AddBuff	100089																													
101536	AddBuff	101536																													
101537	AddBuff	101537																													
101537000	PlaySound	51701|0																													
101538	AddBuff	101538																													
101538000	PlaySound	51702|0																													
101539	Damage	33|0|0|1|0|1500|1|10000	33|0|0|1|0|1588|1|10000	33|0|0|1|0|1676|1|10000	33|0|0|1|0|1765|1|10000	33|0|0|1|0|1853|1|10000	33|0|0|1|0|1941|1|10000	33|0|0|1|0|2029|1|10000	33|0|0|1|0|2118|1|10000	33|0|0|1|0|2206|1|10000	33|0|0|1|0|2294|1|10000	33|0|0|1|0|2382|1|10000	33|0|0|1|0|2471|1|10000	33|0|0|1|0|2559|1|10000	33|0|0|1|0|2647|1|10000	33|0|0|1|0|2735|1|10000	33|0|0|1|0|2824|1|10000	33|0|0|1|0|2912|1|10000	33|0|0|1|0|3000|1|10000	33|0|0|1|0|3088|1|10000	33|0|0|1|0|3176|1|10000	33|0|0|1|0|3265|1|10000	33|0|0|1|0|3353|1|10000	33|0|0|1|0|3441|1|10000	33|0|0|1|0|3529|1|10000	33|0|0|1|0|3618|1|10000	33|0|0|1|0|3618|1|10000	33|0|0|1|0|3618|1|10000	33|0|0|1|0|3618|1|10000	33|0|0|1|0|3618|1|10000	33|0|0|1|0|3618|1|10000
101541	Damage	6|0|0|1|0|4000|1|10000	6|0|0|1|0|4235|1|10000	6|0|0|1|0|4471|1|10000	6|0|0|1|0|4706|1|10000	6|0|0|1|0|4941|1|10000	6|0|0|1|0|5176|1|10000	6|0|0|1|0|5412|1|10000	6|0|0|1|0|5647|1|10000	6|0|0|1|0|5882|1|10000	6|0|0|1|0|6118|1|10000	6|0|0|1|0|6353|1|10000	6|0|0|1|0|6588|1|10000	6|0|0|1|0|6824|1|10000	6|0|0|1|0|7059|1|10000	6|0|0|1|0|7294|1|10000	6|0|0|1|0|7529|1|10000	6|0|0|1|0|7765|1|10000	6|0|0|1|0|8000|1|10000	6|0|0|1|0|8235|1|10000	6|0|0|1|0|8471|1|10000	6|0|0|1|0|8706|1|10000	6|0|0|1|0|8941|1|10000	6|0|0|1|0|9176|1|10000	6|0|0|1|0|9412|1|10000	6|0|0|1|0|9647|1|10000	6|0|0|1|0|9647|1|10000	6|0|0|1|0|9647|1|10000	6|0|0|1|0|9647|1|10000	6|0|0|1|0|9647|1|10000	6|0|0|1|0|9647|1|10000
101542	AddBuff	101542																													
101542000	AddBehavior	101542																													
101543	AddBuff	101543																													
101543000	AddNpcState	21																													
101544	AddBuff	101544																													
101545	AddBuff	101545																													
101545000	AddNpcState	22																													
101546	AddBuff	101546																													
101547	AddBuff	101547																													
101548	AddBuff	101548																													
101550	AddBuff	101550																													
101550000	PlayCameraTrack	CTYyongyechao03|0|0																													
101551	Damage	4|0|0|1|0|27500|1|10000	4|0|0|1|0|29118|1|10000	4|0|0|1|0|30735|1|10000	4|0|0|1|0|32353|1|10000	4|0|0|1|0|33971|1|10000	4|0|0|1|0|35588|1|10000	4|0|0|1|0|37206|1|10000	4|0|0|1|0|38824|1|10000	4|0|0|1|0|40441|1|10000	4|0|0|1|0|42059|1|10000	4|0|0|1|0|43676|1|10000	4|0|0|1|0|45294|1|10000	4|0|0|1|0|46912|1|10000	4|0|0|1|0|48529|1|10000	4|0|0|1|0|50147|1|10000	4|0|0|1|0|51765|1|10000	4|0|0|1|0|53382|1|10000	4|0|0|1|0|55000|1|10000	4|0|0|1|0|56618|1|10000	4|0|0|1|0|58235|1|10000	4|0|0|1|0|59853|1|10000	4|0|0|1|0|61471|1|10000	4|0|0|1|0|63088|1|10000	4|0|0|1|0|64706|1|10000	4|0|0|1|0|66324|1|10000	4|0|0|1|0|66324|1|10000	4|0|0|1|0|66324|1|10000	4|0|0|1|0|66324|1|10000	4|0|0|1|0|66324|1|10000	4|0|0|1|0|66324|1|10000
101552	AddBuff	101552																													
101552000	ChangeAttribAdditive	3|0|3000																													
101553	AddBuff	101553																													
101553000	AddBehavior	101553																													
101554	AddAttribValue	57|54|0																													
101555	AddAttribValue	57|-1|0																													
101556	AddBuff	101556																													
101556000	AddAttribValue	2|-30|0																													
101558	AddBuff	101558																													
101558000	AddBehavior	101558																													
101559	AddBuff	101559																													
101559000	PlayCameraTrack	CTYongyech03Born|0|0																													
101560	AddBuff	101560																													
101560000	PlayCameraTrack	CTYyongyechao03win|0|0																													
101561	AddBuff	101561																													
101562	AddBuff	101562																													
101563	DragNpc	2|1|17.5|0																													
101564	AddBuff	101564																													
101564000	ChangeTimeScale	0|4|0|2																													
101565	AddBuff	101565																													
101565000	ChangeTimeScale	0|2|0|1																													
101566	AddBuff	101566																													
101566000	ChangeTimeScale	0|6|0|3																													
101567	AddBuff	101567																													
101567000	HideJoint	ModelCase																													
101568	AddBuff	101568																													
101568000	HideJoint	WeaponCase1																													
101569	AddBuff	101569																													
101569000	AddNpcState	21																													
101570	AddBuff	101570																													
101571	AddBuff	101571																													
101571000	AddNpcState	22																													
101572	AddBuff	101572																													
101573	AddBuff	101573																													
101574	AddBuff	101574																													
101574000	AddTimeScaleBuff	0																													
101575	AddBuff	101575																													
101576	AddBuff	101576																													
101577	AddBuff	101577																													
101577000	HideJoint	ModelCase																													
101578	AddBuff	101578																													
101578000	HideJoint	WeaponCase1																													
101579	AddBuff	101579																													
101579000	ChangeAttribAdditive	34|-500|0	34|-529|0	34|-559|0	34|-588|0	34|-618|0	34|-647|0	34|-676|0	34|-706|0	34|-735|0	34|-765|0	34|-794|0	34|-824|0	34|-853|0	34|-882|0	34|-912|0	34|-941|0	34|-971|0	34|-1000|0	34|-1029|0	34|-1059|0	34|-1088|0	34|-1118|0	34|-1147|0	34|-1176|0	34|-1206|0	34|-1206|0	34|-1206|0	34|-1206|0	34|-1206|0	34|-1206|0
101580	Damage	2|0|0|1|0|4000|1|10000	2|0|0|1|0|4235|1|10000	2|0|0|1|0|4471|1|10000	2|0|0|1|0|4706|1|10000	2|0|0|1|0|4941|1|10000	2|0|0|1|0|5176|1|10000	2|0|0|1|0|5412|1|10000	2|0|0|1|0|5647|1|10000	2|0|0|1|0|5882|1|10000	2|0|0|1|0|6118|1|10000	2|0|0|1|0|6353|1|10000	2|0|0|1|0|6588|1|10000	2|0|0|1|0|6824|1|10000	2|0|0|1|0|7059|1|10000	2|0|0|1|0|7294|1|10000	2|0|0|1|0|7529|1|10000	2|0|0|1|0|7765|1|10000	2|0|0|1|0|8000|1|10000	2|0|0|1|0|8235|1|10000	2|0|0|1|0|8471|1|10000	2|0|0|1|0|8706|1|10000	2|0|0|1|0|8941|1|10000	2|0|0|1|0|9176|1|10000	2|0|0|1|0|9412|1|10000	2|0|0|1|0|9647|1|10000	2|0|0|1|0|9647|1|10000	2|0|0|1|0|9647|1|10000	2|0|0|1|0|9647|1|10000	2|0|0|1|0|9647|1|10000	2|0|0|1|0|9647|1|10000
101581	Damage	2|0|0|1|0|4000|1|10000	2|0|0|1|0|4235|1|10000	2|0|0|1|0|4471|1|10000	2|0|0|1|0|4706|1|10000	2|0|0|1|0|4941|1|10000	2|0|0|1|0|5176|1|10000	2|0|0|1|0|5412|1|10000	2|0|0|1|0|5647|1|10000	2|0|0|1|0|5882|1|10000	2|0|0|1|0|6118|1|10000	2|0|0|1|0|6353|1|10000	2|0|0|1|0|6588|1|10000	2|0|0|1|0|6824|1|10000	2|0|0|1|0|7059|1|10000	2|0|0|1|0|7294|1|10000	2|0|0|1|0|7529|1|10000	2|0|0|1|0|7765|1|10000	2|0|0|1|0|8000|1|10000	2|0|0|1|0|8235|1|10000	2|0|0|1|0|8471|1|10000	2|0|0|1|0|8706|1|10000	2|0|0|1|0|8941|1|10000	2|0|0|1|0|9176|1|10000	2|0|0|1|0|9412|1|10000	2|0|0|1|0|9647|1|10000	2|0|0|1|0|9647|1|10000	2|0|0|1|0|9647|1|10000	2|0|0|1|0|9647|1|10000	2|0|0|1|0|9647|1|10000	2|0|0|1|0|9647|1|10000
101582	Damage	2|0|0|1|0|2000|1|10000	2|0|0|1|0|2118|1|10000	2|0|0|1|0|2235|1|10000	2|0|0|1|0|2353|1|10000	2|0|0|1|0|2471|1|10000	2|0|0|1|0|2588|1|10000	2|0|0|1|0|2706|1|10000	2|0|0|1|0|2824|1|10000	2|0|0|1|0|2941|1|10000	2|0|0|1|0|3059|1|10000	2|0|0|1|0|3176|1|10000	2|0|0|1|0|3294|1|10000	2|0|0|1|0|3412|1|10000	2|0|0|1|0|3529|1|10000	2|0|0|1|0|3647|1|10000	2|0|0|1|0|3765|1|10000	2|0|0|1|0|3882|1|10000	2|0|0|1|0|4000|1|10000	2|0|0|1|0|4118|1|10000	2|0|0|1|0|4235|1|10000	2|0|0|1|0|4353|1|10000	2|0|0|1|0|4471|1|10000	2|0|0|1|0|4588|1|10000	2|0|0|1|0|4706|1|10000	2|0|0|1|0|4824|1|10000	2|0|0|1|0|4824|1|10000	2|0|0|1|0|4824|1|10000	2|0|0|1|0|4824|1|10000	2|0|0|1|0|4824|1|10000	2|0|0|1|0|4824|1|10000
101583	Damage	2|0|0|1|0|5000|1|10000	2|0|0|1|0|5294|1|10000	2|0|0|1|0|5588|1|10000	2|0|0|1|0|5882|1|10000	2|0|0|1|0|6176|1|10000	2|0|0|1|0|6471|1|10000	2|0|0|1|0|6765|1|10000	2|0|0|1|0|7059|1|10000	2|0|0|1|0|7353|1|10000	2|0|0|1|0|7647|1|10000	2|0|0|1|0|7941|1|10000	2|0|0|1|0|8235|1|10000	2|0|0|1|0|8529|1|10000	2|0|0|1|0|8824|1|10000	2|0|0|1|0|9118|1|10000	2|0|0|1|0|9412|1|10000	2|0|0|1|0|9706|1|10000	2|0|0|1|0|10000|1|10000	2|0|0|1|0|10294|1|10000	2|0|0|1|0|10588|1|10000	2|0|0|1|0|10882|1|10000	2|0|0|1|0|11176|1|10000	2|0|0|1|0|11471|1|10000	2|0|0|1|0|11765|1|10000	2|0|0|1|0|12059|1|10000	2|0|0|1|0|12059|1|10000	2|0|0|1|0|12059|1|10000	2|0|0|1|0|12059|1|10000	2|0|0|1|0|12059|1|10000	2|0|0|1|0|12059|1|10000
101584	Damage	2|0|0|1|0|500|1|10000	2|0|0|1|0|529|1|10000	2|0|0|1|0|559|1|10000	2|0|0|1|0|588|1|10000	2|0|0|1|0|618|1|10000	2|0|0|1|0|647|1|10000	2|0|0|1|0|676|1|10000	2|0|0|1|0|706|1|10000	2|0|0|1|0|735|1|10000	2|0|0|1|0|765|1|10000	2|0|0|1|0|794|1|10000	2|0|0|1|0|824|1|10000	2|0|0|1|0|853|1|10000	2|0|0|1|0|882|1|10000	2|0|0|1|0|912|1|10000	2|0|0|1|0|941|1|10000	2|0|0|1|0|971|1|10000	2|0|0|1|0|1000|1|10000	2|0|0|1|0|1029|1|10000	2|0|0|1|0|1059|1|10000	2|0|0|1|0|1088|1|10000	2|0|0|1|0|1118|1|10000	2|0|0|1|0|1147|1|10000	2|0|0|1|0|1176|1|10000	2|0|0|1|0|1206|1|10000	2|0|0|1|0|1206|1|10000	2|0|0|1|0|1206|1|10000	2|0|0|1|0|1206|1|10000	2|0|0|1|0|1206|1|10000	2|0|0|1|0|1206|1|10000
101585	Damage	2|0|0|1|0|5000|1|10000	2|0|0|1|0|5294|1|10000	2|0|0|1|0|5588|1|10000	2|0|0|1|0|5882|1|10000	2|0|0|1|0|6176|1|10000	2|0|0|1|0|6471|1|10000	2|0|0|1|0|6765|1|10000	2|0|0|1|0|7059|1|10000	2|0|0|1|0|7353|1|10000	2|0|0|1|0|7647|1|10000	2|0|0|1|0|7941|1|10000	2|0|0|1|0|8235|1|10000	2|0|0|1|0|8529|1|10000	2|0|0|1|0|8824|1|10000	2|0|0|1|0|9118|1|10000	2|0|0|1|0|9412|1|10000	2|0|0|1|0|9706|1|10000	2|0|0|1|0|10000|1|10000	2|0|0|1|0|10294|1|10000	2|0|0|1|0|10588|1|10000	2|0|0|1|0|10882|1|10000	2|0|0|1|0|11176|1|10000	2|0|0|1|0|11471|1|10000	2|0|0|1|0|11765|1|10000	2|0|0|1|0|12059|1|10000	2|0|0|1|0|12059|1|10000	2|0|0|1|0|12059|1|10000	2|0|0|1|0|12059|1|10000	2|0|0|1|0|12059|1|10000	2|0|0|1|0|12059|1|10000
101586	AddBuff	101586																													
101586000	ChangeAttribAdditive	34|-750|0	34|-794|0	34|-838|0	34|-882|0	34|-926|0	34|-971|0	34|-1015|0	34|-1059|0	34|-1103|0	34|-1147|0	34|-1191|0	34|-1235|0	34|-1279|0	34|-1324|0	34|-1368|0	34|-1412|0	34|-1456|0	34|-1500|0	34|-1544|0	34|-1588|0	34|-1632|0	34|-1676|0	34|-1721|0	34|-1765|0	34|-1809|0	34|-1809|0	34|-1809|0	34|-1809|0	34|-1809|0	34|-1809|0
101587	AddBuff	101587																													
101587000	AddNpcState	27																													
101588	AddBuff	101588																													
101588000	AddBehavior	101588																													
101590	AddBuff	101590																													
101590000	AddBehavior	101590																													
101591	AddBuff	101591																													
101591000	ChangeAttribAdditive	23|0|1500																													
101592	AddBuff	101592																													
101592000	ChangeAttribAdditive	34|1000|0																													
101593	AddBuff	101593																													
101593000	AddBehavior	101593																													
101594	Damage	3|0|0|1|0|2500|1|10000																													
101595	AddBuff	101595																													
101595000	AddBehavior	101595																													
101596	AddBuff	101596																													
101596000	ChangeAttribAdditive	25|1500|0																													
101597	AddBuff	101597																													
101597000	AddBehavior	101597																													
101598	AddBuff	101598																													
101598000	ChangeAttribAdditive	32|2000|0																													
101599	AddBuff	101599																													
101599000	ChangeAttribAdditive	27|1500|0																													
