Key	CellX	CellY
VisibleObstacle		
	39	55
	40	55
	41	55
	42	55
	43	55
	44	55
	45	55
	46	55
	47	55
	48	55
	49	55
	48	56
	50	55
	51	55
	53	54
	52	54
	51	54
	53	53
	54	53
	55	53
	56	53
	57	53
	58	55
	57	54
	58	54
	59	55
	60	55
	61	55
	62	55
	63	55
	64	55
	65	55
	66	55
	67	55
	68	55
	69	54
	68	54
	70	54
	71	54
	72	55
	72	53
	72	54
	73	56
	73	55
	74	57
	74	56
	75	56
	76	55
	74	55
	75	55
	77	54
	76	54
	78	55
	78	54
	79	55
	80	54
	79	54
	81	53
	80	53
	82	52
	81	52
	83	51
	82	51
	83	52
	84	53
	84	52
	85	54
	85	53
	86	54
	87	54
	88	53
	87	53
	89	52
	88	52
	90	52
	91	51
	91	50
	90	51
	92	50
	93	50
	94	51
	94	50
	95	51
	95	50
	96	52
	96	51
	97	51
	98	50
	97	50
	99	49
	98	49
	99	50
	99	51
	99	52
	100	53
	100	52
	101	54
	101	53
	102	55
	102	54
	103	54
	104	53
	103	53
	105	53
	106	53
	107	53
	107	54
	107	55
	107	56
	107	57
	106	58
	107	58
	106	59
	107	60
	107	59
	107	61
	107	62
	107	63
	107	64
	106	65
	107	65
	106	66
	107	67
	107	66
	108	67
	109	67
	110	67
	110	68
	111	69
	112	68
	111	68
	111	70
	112	71
	112	70
	113	71
	113	72
	114	73
	114	72
	114	74
	115	75
	115	74
	115	76
	116	77
	116	76
	117	78
	117	77
	117	79
	118	80
	118	79
	118	81
	118	82
	118	83
	118	84
	117	85
	118	85
	116	85
	116	86
	115	86
	114	86
	113	87
	114	87
	113	88
	112	89
	113	89
	112	90
	112	91
	112	92
	112	93
	112	94
	112	95
	113	96
	113	95
	114	96
	115	96
	116	96
	116	97
	116	98
	116	99
	116	101
	116	100
	115	102
	117	102
	116	102
	116	103
	116	104
	115	103
	115	104
	115	105
	115	106
	114	106
	113	105
	113	106
	112	105
	114	105
	111	104
	110	104
	109	103
	108	103
	107	103
	106	102
	104	103
	105	102
	103	103
	102	103
	101	104
	100	104
	99	105
	98	105
	97	106
	96	107
	96	108
	96	109
	95	110
	95	111
	94	112
	95	112
	96	110
	97	107
	98	106
	100	105
	102	104
	105	103
	106	103
	109	104
	111	105
	94	113
	93	114
	94	114
	94	115
	94	116
	95	117
	95	116
	95	118
	96	119
	96	118
	96	120
	96	121
	95	121
	95	122
	94	122
	94	123
	93	123
	92	122
	91	122
	93	122
	92	123
	91	123
	90	123
	89	124
	89	125
	90	126
	90	125
	90	124
	90	127
	89	127
	88	127
	87	127
	86	127
	86	126
	86	125
	87	124
	86	124
	87	123
	87	122
	88	124
	87	121
	86	120
	87	120
	85	120
	84	120
	83	120
	82	119
	81	119
	80	119
	82	120
	80	118
	79	117
	78	116
	78	117
	79	118
	77	116
	76	117
	77	117
	75	117
	74	117
	74	116
	75	115
	74	115
	75	114
	74	113
	72	113
	73	113
	71	112
	71	113
	70	112
	69	112
	68	112
	67	112
	66	112
	65	113
	66	113
	65	112
	65	114
	65	115
	64	116
	65	116
	64	117
	63	117
	62	117
	61	117
	60	117
	59	117
	58	117
	57	118
	58	118
	56	119
	57	119
	56	120
	57	121
	57	120
	57	122
	56	122
	55	122
	54	123
	55	123
	54	124
	54	125
	55	125
	56	126
	56	125
	57	126
	58	125
	57	125
	58	126
	58	127
	58	128
	58	129
	57	129
	56	129
	56	130
	55	130
	54	130
	54	131
	53	131
	53	132
	52	132
	51	132
	50	132
	49	132
	48	133
	49	133
	47	133
	46	133
	45	133
	43	133
	44	133
	43	132
	155	88
	155	89
	154	86
	155	87
	156	89
	154	85
	155	86
	154	83
	154	84
	153	81
	154	82
	153	80
	152	80
	154	81
	35	125
	35	124
	35	123
	35	122
	35	121
	36	120
	36	119
	35	120
	35	119
	35	118
	35	117
	35	116
	35	115
	35	114
	35	113
	35	112
	36	112
	36	111
	36	110
	36	109
	36	108
	36	107
	35	107
	35	106
	35	105
	35	104
	35	103
	35	102
	35	101
	35	100
	35	99
	35	98
	35	96
	35	95
	35	94
	35	93
	35	92
	35	91
	35	97
	35	90
	35	89
	35	88
	35	87
	35	86
	35	85
	35	84
	35	83
	35	82
	35	81
	35	80
	35	79
	35	77
	35	76
	35	75
	35	74
	35	73
	35	78
	35	72
	35	71
	35	70
	35	69
	35	68
	35	67
	35	66
	35	65
	35	64
	35	62
	35	61
	35	60
	35	59
	35	58
	35	57
	35	56
	35	63
	35	55
	38	52
	38	53
	38	54
	38	55
	74	114
	76	116
	75	116
	41	132
	42	132
	40	132
	39	132
	38	133
	39	133
	38	134
	38	135
	37	135
	36	135
	35	135
	35	134
	35	133
	35	132
	35	131
	35	130
	156	90
	155	91
	155	90
	154	92
	154	91
	153	92
	152	93
	152	92
	151	94
	151	93
	150	94
	149	95
	149	94
	149	96
	149	97
	149	98
	150	99
	150	100
	150	101
	149	99
	151	102
	150	103
	150	102
	149	104
	149	103
	149	105
	150	104
	151	105
	150	105
	152	105
	153	105
	154	106
	153	106
	155	106
	156	107
	155	107
	157	108
	156	108
	158	109
	157	109
	158	110
	159	111
	158	111
	159	112
	159	113
	159	114
	159	115
	159	116
	159	117
	159	118
	158	119
	158	118
	158	120
	158	121
	157	122
	157	121
	156	122
	155	123
	155	122
	153	124
	154	123
	153	123
	152	124
	151	125
	150	125
	151	124
	150	124
	149	124
	148	124
	147	124
	146	124
	146	123
	145	123
	144	123
	143	123
	143	124
	143	125
	143	126
	144	127
	143	127
	145	128
	144	128
	145	127
	146	128
	147	129
	146	129
	147	130
	147	131
	147	132
	148	133
	147	133
	149	134
	148	134
	150	135
	149	135
	150	136
	150	137
	149	138
	149	137
	148	139
	148	138
	148	140
	148	141
	149	141
	150	141
	151	141
	152	141
	153	141
	154	141
	155	141
	156	141
	157	141
	158	141
	159	141
	160	141
	161	141
	162	141
	163	141
	164	141
	165	141
	170	141
	171	141
	172	141
	173	141
	174	141
	175	141
	176	141
	177	141
	178	141
	179	141
	180	141
	181	141
	180	140
	180	139
	181	138
	180	138
	181	139
	181	137
	181	136
	182	135
	182	136
	182	134
	182	133
	181	132
	182	132
	181	131
	182	130
	182	131
	180	129
	181	130
	181	129
	179	129
	179	128
	180	127
	180	128
	181	126
	181	127
	181	125
	182	124
	182	125
	183	123
	183	124
	184	123
	185	122
	185	123
	186	122
	187	122
	188	123
	187	123
	188	124
	188	125
	189	125
	190	126
	189	126
	191	127
	190	127
	192	127
	193	128
	192	128
	194	129
	194	130
	193	129
	194	131
	193	131
	193	132
	192	133
	192	132
	191	134
	191	133
	192	135
	191	135
	192	134
	194	136
	193	135
	193	136
	195	136
	196	136
	197	137
	196	137
	198	138
	197	138
	199	138
	199	139
	200	138
	201	137
	201	138
	202	137
	203	137
	204	136
	204	137
	205	135
	205	136
	206	134
	206	135
	207	133
	207	134
	208	133
	208	132
	209	132
	209	131
	209	130
	208	130
	208	131
	208	129
	209	128
	209	129
	209	127
	209	126
	208	125
	209	125
	208	124
	208	123
	208	122
	208	121
	208	120
	208	119
	208	118
	208	117
	208	116
	209	115
	209	116
	210	114
	210	115
	211	114
	212	114
	213	114
	214	115
	213	115
	215	116
	214	116
	216	116
	217	116
	214	114
	215	113
	215	114
	216	112
	216	113
	217	111
	217	112
	218	110
	218	111
	218	109
	218	108
	219	107
	219	108
	220	106
	220	107
	220	105
	220	104
	220	103
	219	102
	220	102
	219	101
	219	100
	220	100
	221	100
	222	100
	223	100
	224	100
	224	99
	225	99
	225	98
	226	98
	226	97
	227	97
	227	96
	228	96
	228	95
	229	95
	229	94
	230	94
	231	94
	232	94
	232	93
	233	93
	233	92
	234	91
	234	92
	235	92
	236	92
	237	92
	238	93
	237	93
	239	93
	240	94
	239	94
	240	95
	240	96
	241	97
	240	97
	242	97
	243	97
	244	97
	245	96
	245	97
	246	95
	246	96
	247	94
	247	95
	248	94
	249	94
	250	94
	251	94
	252	94
	252	93
	252	92
	252	91
	252	90
	252	89
	252	88
	252	87
	252	86
	252	85
	252	84
	252	83
	252	82
	252	81
	252	80
	252	78
	252	77
	252	76
	252	79
	252	75
	252	74
	251	74
	250	74
	250	73
	250	72
	250	71
	250	70
	249	70
	248	70
	247	70
	246	70
	245	70
	244	70
	243	70
	243	69
	243	68
	243	67
	243	66
	243	65
	243	64
	243	63
	243	62
	243	61
	243	60
	243	59
	243	58
	243	57
	243	56
	243	55
	243	54
	244	54
	245	54
	246	54
	247	54
	248	54
	249	54
	250	54
	250	53
	250	52
	250	51
	251	51
	252	51
	252	50
	252	49
	252	48
	252	47
	251	47
	250	47
	249	47
	248	47
	247	47
	247	48
	247	49
	246	49
	245	49
	244	49
	243	49
	242	49
	241	49
	241	50
	240	50
	240	51
	239	51
	238	51
	237	51
	237	52
	236	52
	236	53
	235	53
	235	54
	234	54
	233	54
	233	55
	233	56
	232	56
	232	57
	231	57
	230	57
	229	57
	229	58
	229	59
	229	60
	228	60
	227	60
	227	61
	226	61
	225	61
	224	61
	223	61
	222	61
	221	61
	220	61
	220	60
	220	59
	219	59
	218	59
	217	59
	216	59
	215	59
	215	58
	214	57
	215	57
	213	56
	214	56
	212	55
	213	55
	211	55
	210	54
	211	54
	209	54
	208	54
	207	54
	206	53
	207	53
	205	52
	206	52
	204	51
	205	51
	203	52
	203	51
	204	52
	188	46
	188	47
	187	46
	188	45
	189	45
	196	44
	197	46
	196	45
	190	45
	187	47
	187	45
	186	46
	200	47
	189	47
	185	47
	203	49
	201	48
	180	65
	179	65
	178	65
	182	66
	182	64
	182	63
	181	66
	180	66
	178	63
	179	66
	178	66
	177	66
	177	64
	175	61
	174	61
	173	61
	172	61
	171	61
	170	61
	169	61
	168	61
	166	61
	165	61
	167	61
	160	61
	159	61
	158	61
	157	61
	156	61
	155	61
	154	61
	153	61
	152	61
	151	61
	151	62
	151	63
	151	64
	151	65
	151	66
	152	67
	153	68
	154	69
	151	67
	152	68
	153	69
	153	70
	152	71
	151	72
	152	70
	150	71
	151	71
	150	72
	149	72
	148	71
	149	71
	148	72
	148	73
	148	74
	148	75
	148	76
	148	77
	148	78
	149	79
	148	79
	150	79
	150	80
	151	80
	151	79
	151	20
	160	111
	161	112
	160	112
	161	113
	160	114
	160	113
	160	115
	161	115
	161	114
	162	116
	162	117
	162	118
	161	116
	161	118
	160	118
	216	60
	216	61
	217	61
	218	61
	218	60
	219	61
	98	115
	152	20
	153	20
	154	20
	155	20
	156	20
	157	20
	158	20
	159	20
	163	20
	165	20
	167	20
	168	20
	169	20
	170	20
	171	20
	172	20
	174	20
	175	20
	173	20
	166	20
	164	20
	174	19
	175	19
	176	19
	177	19
	178	19
	179	19
	180	19
	181	19
	182	19
	183	19
	184	19
	185	19
	186	19
	187	19
	188	19
	190	19
	191	19
	192	19
	193	19
	189	19
	194	19
	195	19
	196	19
	197	19
	198	19
	199	19
	200	19
	201	19
	202	19
	203	19
	204	19
	205	19
	206	19
	207	19
	208	19
	209	19
	210	19
	211	19
	212	19
	213	19
	214	19
	216	19
	217	19
	218	19
	219	19
	220	19
	215	19
	221	19
	222	19
	223	19
	224	19
	225	19
	226	19
	227	19
	228	19
	229	19
	230	19
	231	19
	232	19
	233	19
	234	19
	235	19
	236	19
	237	19
	235	21
	235	22
	235	20
	234	21
	236	21
	238	19
	236	22
	234	22
	234	20
	233	21
	233	20
	232	21
	232	22
	232	20
	233	22
	225	18
	225	17
	226	16
	227	16
	225	16
	228	17
	227	17
	227	18
	228	18
	224	17
	224	18
	235	18
	235	17
	235	16
	235	15
	235	14
	235	13
	235	12
	234	5
	235	5
	235	6
	235	11
	235	10
	235	9
	235	8
	235	7
	233	5
	232	5
	231	5
	230	5
	229	5
	228	5
	227	5
	226	5
	225	5
	225	4
	225	3
	225	2
	225	1
	224	1
	223	1
	221	1
	220	1
	219	1
	218	1
	217	1
	216	1
	215	1
	214	1
	212	1
	211	1
	210	1
	209	1
	208	1
	213	1
	222	1
	207	1
	206	1
	205	1
	204	1
	203	1
	202	1
	201	1
	200	1
	199	1
	198	1
	197	1
	196	1
	194	1
	193	1
	192	1
	191	1
	190	1
	195	1
	189	1
	188	1
	187	1
	186	1
	185	1
	184	1
	183	1
	181	1
	180	1
	179	1
	178	1
	176	1
	175	1
	182	1
	177	1
	174	1
	173	1
	172	1
	171	1
	170	1
	169	1
	168	1
	167	1
	166	1
	165	1
	164	1
	163	1
	162	1
	161	1
	160	1
	224	3
	224	2
	223	2
	222	2
	221	2
	220	2
	219	2
	218	2
	216	2
	215	2
	214	2
	212	2
	211	2
	217	2
	213	2
	210	2
	209	2
	208	2
	207	2
	206	2
	205	2
	204	2
	203	2
	202	2
	201	2
	200	2
	199	2
	198	2
	197	2
	196	2
	195	2
	194	2
	193	2
	192	2
	191	2
	189	2
	188	2
	186	2
	185	2
	190	2
	187	2
	184	2
	183	2
	182	2
	181	2
	180	2
	179	2
	178	2
	177	2
	176	2
	175	2
	174	2
	173	2
	172	2
	171	2
	170	2
	169	2
	168	2
	167	2
	166	2
	165	2
	164	2
	163	2
	162	2
	161	2
	160	2
	159	2
	158	2
	157	2
	156	2
	155	2
	154	2
	153	2
	152	2
	151	2
	150	2
	149	2
	148	2
	147	2
	146	2
	145	2
	144	2
	143	2
	142	2
	141	2
	140	2
	139	2
	138	2
	137	2
	136	2
	135	2
	134	2
	133	2
	132	2
	131	2
	130	2
	129	2
	128	2
	127	2
	126	2
	125	2
	124	2
	123	2
	122	2
	121	2
	120	2
	119	2
	118	2
	117	2
	116	2
	115	2
	114	2
	113	2
	112	2
	111	2
	110	2
	109	2
	108	2
	107	2
	106	2
	104	2
	103	2
	102	2
	101	2
	100	2
	99	2
	98	2
	97	2
	96	2
	95	2
	94	2
	105	1
	105	2
	70	19
	70	18
	70	17
	70	16
	70	15
	70	14
	70	13
	70	12
	70	11
	69	11
	68	11
	67	11
	66	11
	66	10
	65	10
	77	0
	82	0
	84	0
	81	0
	80	0
	79	0
	78	0
	65	8
	65	7
	66	7
	68	10
	68	9
	68	8
	69	10
	69	9
	69	8
	69	7
	69	6
	69	5
	69	4
	68	4
	67	4
	66	4
	69	0
	74	0
	73	0
	76	0
	75	0
	72	0
	71	0
	70	0
	66	1
	67	1
	68	1
	69	1
	70	1
	71	1
	72	1
	73	1
	75	1
	76	1
	77	1
	78	1
	79	1
	80	1
	74	1
	81	1
	82	1
	83	1
	84	1
	85	1
	86	1
	87	1
	88	1
	89	1
	90	1
	91	1
	91	2
	71	2
	72	2
	73	2
	78	2
	75	2
	77	2
	81	2
	83	2
	87	2
	89	2
	88	2
	72	19
	73	19
	74	19
	75	19
	76	19
	71	19
	77	19
	78	19
	79	19
	80	19
	81	19
	82	19
	83	19
	85	19
	86	19
	87	19
	88	19
	84	19
	89	19
	90	19
	91	19
	92	19
	93	19
	94	19
	95	19
	96	19
	97	19
	98	19
	99	19
	100	19
	101	19
	102	19
	103	19
	104	19
	105	19
	106	19
	107	19
	107	18
	108	18
	108	17
	109	16
	109	15
	110	15
	110	14
	111	14
	111	13
	112	13
	112	12
	113	12
	113	13
	114	13
	115	13
	115	14
	116	15
	117	15
	117	16
	118	16
	118	17
	119	18
	119	19
	120	19
	120	20
	115	15
	109	17
	118	18
	121	19
	122	19
	123	19
	124	19
	125	19
	126	19
	127	19
	128	19
	129	19
	130	19
	131	19
	132	19
	133	19
	134	19
	135	19
	136	19
	137	19
	138	19
	139	19
	140	19
	141	19
	142	19
	143	19
	144	19
	145	19
	146	19
	147	19
	147	20
	148	20
	149	20
	150	20
	174	18
	175	18
	176	18
	177	18
	178	18
	179	18
	175	3
	175	4
	176	4
	177	4
	178	4
	179	4
	180	4
	180	3
	194	3
	194	4
	195	4
	196	4
	197	4
	198	4
	199	4
	199	3
	193	3
	192	3
	191	3
	190	3
	189	3
	188	3
	187	3
	186	3
	184	3
	183	3
	182	3
	174	3
	181	3
	185	3
	173	3
	172	3
	171	3
	170	3
	169	3
	168	3
	167	3
	166	3
	165	3
	164	3
	163	3
	162	3
	161	3
	160	3
	159	3
	158	3
	157	3
	156	3
	155	3
	154	3
	153	3
	152	3
	151	3
	150	3
	149	3
	148	3
	147	3
	146	3
	145	3
	144	3
	143	3
	142	3
	141	3
	140	3
	139	3
	138	3
	137	3
	136	3
	135	3
	87	18
	86	18
	69	3
	69	2
	134	3
	132	3
	131	3
	130	3
	129	3
	128	3
	126	3
	125	3
	124	3
	127	3
	133	3
	88	18
	89	18
	90	18
	91	18
	141	18
	142	18
	143	18
	144	18
	145	18
	146	18
	147	18
	124	18
	126	18
	127	18
	128	18
	125	18
	148	18
	149	18
	150	18
	151	18
	151	19
	140	18
	139	18
	138	18
	137	18
	136	18
	135	18
	134	18
	133	18
	132	18
	130	18
	129	18
	131	18
	147	4
	148	4
	149	4
	150	4
	151	4
	152	4
	124	4
	125	4
	126	4
	127	4
	128	4
	34	137
	34	136
	34	135
	34	134
	34	133
	34	132
	34	131
	34	130
	34	125
	34	124
	34	123
	34	122
	34	121
	33	121
	32	120
	31	120
	30	120
	29	120
	28	120
	33	120
	27	119
	27	120
	27	118
	26	120
	25	120
	24	120
	23	120
	22	120
	21	120
	49	166
	45	166
	46	166
	47	166
	48	166
	20	119
	19	118
	18	117
	17	117
	16	117
	15	117
	15	118
	15	119
	15	120
	19	117
	20	118
	21	119
	44	166
	42	166
	43	166
	35	166
	34	166
	33	166
	32	166
	31	166
	30	166
	29	166
	28	166
	27	166
	26	166
	25	166
	24	166
	23	166
	22	166
	21	166
	20	166
	19	166
	18	166
	17	165
	18	165
	17	164
	16	163
	17	163
	16	162
	15	165
	15	164
	15	163
	15	162
	15	161
	15	160
	15	159
	15	158
	15	157
	15	156
	15	155
	15	154
	15	153
	15	152
	15	151
	15	150
	15	149
	15	148
	15	147
	15	146
	15	145
	15	144
	15	143
	15	142
	15	141
	15	140
	15	139
	15	138
	15	137
	15	136
	15	135
	15	134
	15	133
	15	132
	15	131
	15	130
	15	129
	15	128
	15	127
	15	126
	15	125
	15	124
	15	123
	15	122
	15	121
	50	166
	51	166
	52	166
	53	166
	54	166
	55	166
	55	165
	56	164
	56	165
	57	164
	58	164
	57	165
	58	165
	59	165
	59	166
	60	166
	61	166
	62	166
	63	166
	64	166
	65	166
	66	166
	67	166
	68	166
	70	166
	72	166
	73	166
	74	166
	75	166
	76	166
	69	166
	71	166
	77	166
	78	166
	79	166
	80	166
	81	166
	82	166
	83	166
	84	166
	85	166
	86	166
	87	166
	89	166
	90	166
	91	166
	92	166
	93	166
	88	166
	94	166
	95	166
	96	166
	97	166
	98	166
	99	166
	100	166
	101	166
	102	166
	103	166
	95	150
	104	165
	104	166
	94	150
	93	150
	107	165
	106	165
	92	150
	107	166
	105	165
	108	166
	109	166
	110	166
	111	166
	112	166
	113	166
	114	166
	115	166
	116	166
	117	166
	118	166
	119	166
	122	165
	123	165
	121	165
	105	150
	97	150
	96	150
	119	165
	120	165
	124	166
	123	166
	125	166
	126	166
	127	166
	128	166
	129	166
	130	166
	131	166
	132	166
	107	150
	111	150
	116	150
	108	150
	110	150
	117	150
	115	150
	120	150
	118	150
	119	150
	121	150
	103	150
	100	150
	102	150
	101	150
	122	149
	99	150
	122	150
	123	150
	124	150
	125	150
	127	152
	126	151
	129	152
	127	151
	125	151
	128	152
	129	153
	131	153
	130	153
	132	153
	133	153
	153	166
	154	166
	155	166
	156	166
	157	166
	158	166
	159	166
	160	166
	161	166
	162	166
	163	166
	164	166
	165	166
	166	166
	167	166
	168	166
	169	166
	170	166
	171	166
	172	166
	173	166
	174	166
	175	166
	176	166
	177	166
	178	166
	179	166
	180	166
	181	166
	182	166
	183	166
	184	166
	185	166
	186	166
	187	166
	188	166
	189	166
	190	166
	191	166
	192	166
	193	166
	194	166
	195	166
	196	166
	197	166
	196	165
	194	164
	195	165
	194	165
	193	163
	194	163
	192	162
	193	162
	191	161
	192	161
	190	160
	191	160
	189	159
	190	159
	188	158
	189	158
	187	157
	188	157
	186	156
	187	156
	185	155
	186	155
	184	154
	185	154
	183	153
	184	153
	182	153
	181	152
	182	152
	180	151
	181	151
	179	150
	180	150
	179	149
	179	151
	170	144
	171	144
	170	145
	169	145
	168	145
	169	144
	166	145
	165	145
	165	144
	163	145
	162	145
	161	145
	160	145
	159	145
	159	144
	158	144
	157	145
	157	144
	156	145
	156	144
	155	144
	153	145
	150	145
	147	150
	144	150
	137	154
	138	153
	138	152
	139	151
	140	151
	139	152
	140	150
	141	150
	142	150
	148	166
	143	150
	152	166
	151	166
	136	153
	134	153
	135	153
	137	153
	149	166
	150	166
	147	165
	146	164
	148	165
	147	164
	144	164
	145	164
	143	164
	142	164
	141	164
	140	164
	138	164
	136	164
	139	164
	137	164
	134	165
	136	165
	135	165
	135	166
	133	166
	134	166
	121	149
	120	149
	119	149
	118	149
	117	149
	116	149
	115	149
	114	149
	113	149
	112	149
	111	149
	110	149
	109	149
	108	149
	107	149
	106	149
	105	149
	104	149
	103	149
	102	149
	101	151
	100	151
	99	151
	98	150
	101	149
	97	149
	86	150
	96	149
	95	149
	93	149
	92	149
	91	149
	90	149
	89	149
	88	149
	87	149
	94	149
	86	149
	85	149
	84	149
	83	149
	82	149
	81	149
	80	149
	79	149
	78	149
	77	149
	76	149
	75	149
	74	149
	73	149
	72	149
	71	149
	70	149
	69	149
	68	149
	67	149
	66	149
	65	149
	64	149
	63	149
	62	149
	61	149
	60	149
	59	149
	58	149
	57	149
	56	149
	55	149
	54	149
	53	149
	52	149
	51	149
	50	149
	49	149
	48	149
	49	150
	44	150
	44	149
	43	149
	42	149
	41	149
	40	149
	39	149
	38	149
	37	149
	36	149
	35	149
	34	149
	33	149
	32	149
	31	149
	30	149
	29	149
	28	149
	27	149
	26	149
	26	148
	26	147
	26	146
	26	145
	26	144
	26	143
	26	142
	26	141
	26	140
	26	139
	26	138
	26	137
	27	137
	28	137
	29	137
	30	137
	31	137
	32	137
	33	137
	106	150
	109	150
	113	150
	112	150
	114	150
	102	151
	103	151
	104	150
	98	149
	99	149
	100	149
	85	150
	84	150
	83	150
	82	150
	67	150
	66	150
	65	150
	64	150
	63	150
	62	150
	61	150
	67	151
	66	151
	65	151
	64	151
	63	151
	62	151
	61	151
	32	150
	31	150
	30	150
	29	150
	28	150
	27	150
	26	150
	25	150
	25	149
	25	148
	25	147
	25	146
	25	145
	91	150
	90	150
	89	150
	88	150
	87	150
	81	150
	80	150
	79	150
	78	150
	77	150
	76	150
	75	150
	74	150
	73	150
	72	150
	71	150
	70	150
	69	150
	68	150
	60	150
	59	150
	58	150
	57	150
	56	150
	55	150
	54	150
	53	150
	52	150
	51	150
	50	150
	43	150
	42	150
	41	150
	40	150
	39	150
	38	150
	37	150
	36	150
	35	150
	34	150
	33	150
	34	129
	35	129
	36	134
	36	133
	36	132
	36	131
	36	130
	36	129
	35	128
	36	128
	34	128
	35	127
	36	127
	34	127
	35	126
	36	126
	34	126
	36	125
	36	124
	36	123
	36	122
	36	121
	34	119
	33	119
	34	120
	34	118
	33	118
	32	119
	32	118
	33	117
	34	117
	32	117
	31	118
	31	119
	31	117
	30	118
	30	119
	30	117
	29	118
	29	119
	29	117
	28	118
	28	119
	28	117
	27	117
	26	118
	26	119
	26	117
	25	118
	25	119
	25	117
	24	118
	24	119
	24	117
	23	118
	23	119
	23	117
	22	118
	22	119
	22	117
	21	118
	21	117
	22	116
	23	116
	21	116
	20	117
	20	116
	21	115
	22	115
	20	115
	19	116
	19	115
	18	116
	18	115
	19	114
	20	114
	18	114
	17	115
	17	116
	17	114
	16	115
	16	116
	16	114
	15	115
	15	116
	15	114
	14	115
	14	116
	14	114
	13	115
	13	116
	13	114
	12	115
	12	116
	12	114
	13	117
	14	117
	12	117
	13	118
	14	118
	12	118
	13	119
	14	119
	12	119
	13	120
	14	120
	12	120
	11	119
	11	120
	11	118
	12	121
	13	121
	11	121
	12	122
	13	122
	11	122
	12	123
	13	123
	11	123
	14	121
	14	122
	14	123
	13	124
	14	124
	12	124
	13	125
	14	125
	12	125
	13	126
	14	126
	12	126
	13	127
	14	127
	12	127
	13	128
	14	128
	12	128
	13	129
	14	129
	12	129
	13	130
	14	130
	12	130
	13	131
	14	131
	12	131
	13	132
	14	132
	12	132
	13	133
	14	133
	12	133
	13	134
	14	134
	12	134
	13	135
	14	135
	12	135
	11	134
	11	135
	11	133
	12	136
	13	136
	11	136
	12	137
	13	137
	11	137
	12	138
	13	138
	11	138
	12	139
	13	139
	11	139
	12	140
	13	140
	11	140
	12	141
	13	141
	11	141
	14	140
	14	141
	14	139
	14	137
	14	138
	14	136
	13	142
	14	142
	12	142
	13	143
	14	143
	12	143
	13	144
	14	144
	12	144
	13	145
	14	145
	12	145
	13	146
	14	146
	12	146
	13	147
	14	147
	12	147
	13	148
	14	148
	12	148
	13	149
	14	149
	12	149
	13	150
	14	150
	12	150
	13	151
	14	151
	12	151
	13	152
	14	152
	12	152
	13	153
	14	153
	12	153
	13	154
	14	154
	12	154
	14	155
	13	155
	14	156
	13	156
	14	157
	13	157
	14	158
	13	158
	14	159
	13	159
	12	158
	12	159
	12	157
	13	160
	14	160
	12	160
	13	161
	14	161
	12	161
	13	162
	14	162
	12	162
	13	163
	14	163
	12	163
	13	164
	14	164
	12	164
	14	165
	13	165
	16	164
	16	165
	15	166
	16	166
	14	166
	17	166
	16	167
	17	167
	15	167
	18	167
	17	168
	18	168
	16	168
	19	167
	19	168
	20	168
	19	169
	20	169
	20	167
	18	169
	21	168
	21	169
	21	167
	22	168
	22	169
	22	167
	23	168
	23	169
	23	167
	24	168
	24	169
	24	167
	25	168
	25	169
	25	167
	26	168
	26	169
	26	167
	27	168
	27	169
	27	167
	28	168
	28	169
	28	167
	29	168
	29	169
	29	167
	30	168
	30	169
	30	167
	31	168
	31	169
	31	167
	32	168
	32	169
	32	167
	33	168
	33	169
	33	167
	34	168
	34	169
	34	167
	35	168
	35	169
	35	167
	36	168
	37	168
	36	169
	36	167
	37	169
	37	167
	38	168
	38	169
	38	167
	37	166
	38	166
	36	166
	39	167
	39	168
	39	166
	40	166
	40	167
	41	166
	42	168
	43	168
	41	168
	42	169
	42	167
	43	169
	43	167
	41	169
	41	167
	44	168
	44	169
	44	167
	45	168
	45	169
	45	167
	46	168
	46	169
	46	167
	47	168
	47	169
	47	167
	48	168
	48	169
	48	167
	49	168
	49	169
	49	167
	50	168
	50	169
	50	167
	51	168
	51	169
	51	167
	52	168
	52	169
	52	167
	53	168
	53	169
	53	167
	54	168
	54	169
	54	167
	55	168
	55	169
	55	167
	56	169
	56	168
	57	169
	57	168
	56	167
	57	167
	58	168
	58	169
	58	167
	57	166
	58	166
	56	166
	59	167
	59	168
	59	169
	60	168
	60	169
	60	167
	61	168
	61	169
	61	167
	62	168
	62	169
	62	167
	63	168
	63	169
	63	167
	64	168
	64	169
	64	167
	65	168
	65	169
	65	167
	67	168
	68	168
	66	168
	67	169
	67	167
	68	169
	68	167
	66	169
	66	167
	69	168
	70	168
	69	169
	69	167
	70	169
	70	167
	71	168
	71	169
	71	167
	72	168
	72	169
	72	167
	73	168
	73	169
	73	167
	74	168
	74	169
	74	167
	75	168
	75	169
	75	167
	76	168
	76	169
	76	167
	77	168
	77	169
	77	167
	78	168
	78	169
	78	167
	79	168
	79	169
	79	167
	80	168
	80	169
	80	167
	81	168
	81	169
	81	167
	82	168
	82	169
	82	167
	83	168
	83	169
	83	167
	84	168
	84	169
	84	167
	85	168
	85	169
	85	167
	86	168
	86	169
	86	167
	87	168
	87	169
	87	167
	88	168
	89	168
	88	169
	88	167
	89	169
	89	167
	90	168
	90	169
	90	167
	91	168
	91	169
	91	167
	92	168
	92	169
	92	167
	93	168
	93	169
	93	167
	94	168
	94	169
	94	167
	96	168
	97	168
	95	168
	96	169
	96	167
	97	169
	97	167
	95	169
	95	167
	98	168
	98	169
	98	167
	99	168
	99	169
	99	167
	100	168
	100	169
	100	167
	101	168
	101	169
	101	167
	102	168
	102	169
	102	167
	103	168
	103	169
	103	167
	104	168
	105	168
	104	169
	104	167
	105	169
	105	167
	106	168
	107	168
	106	169
	106	167
	107	169
	107	167
	108	168
	108	169
	108	167
	109	168
	109	169
	109	167
	110	168
	110	169
	110	167
	111	169
	111	168
	106	166
	105	166
	112	168
	111	167
	112	169
	112	167
	113	168
	113	169
	113	167
	114	168
	114	169
	114	167
	115	168
	115	169
	115	167
	116	168
	116	169
	116	167
	117	168
	117	169
	117	167
	118	168
	118	169
	118	167
	119	168
	119	169
	119	167
	121	167
	122	167
	120	167
	121	168
	121	166
	122	168
	122	166
	120	168
	120	166
	123	167
	123	168
	122	169
	123	169
	121	169
	124	168
	124	169
	124	167
	125	168
	125	169
	125	167
	126	168
	126	169
	126	167
	127	168
	127	169
	127	167
	128	168
	128	169
	128	167
	129	168
	129	169
	129	167
	130	168
	130	169
	130	167
	131	168
	131	169
	131	167
	132	168
	132	169
	132	167
	133	168
	133	169
	133	167
	134	168
	135	168
	134	169
	134	167
	135	169
	135	167
	136	168
	136	169
	136	167
	137	168
	137	169
	137	167
	136	166
	137	166
	138	167
	138	168
	138	166
	137	165
	138	165
	139	166
	139	167
	139	165
	140	166
	140	167
	140	165
	141	166
	141	167
	141	165
	142	166
	142	167
	142	165
	143	166
	143	167
	143	165
	144	166
	144	167
	144	165
	145	166
	145	167
	145	165
	146	166
	146	167
	146	165
	147	166
	147	167
	146	168
	147	168
	145	168
	148	167
	148	168
	149	167
	149	168
	150	167
	150	168
	151	167
	152	167
	151	168
	152	168
	153	167
	153	168
	154	167
	154	168
	155	167
	155	168
	156	167
	157	167
	156	168
	157	168
	158	167
	159	167
	158	168
	159	168
	160	167
	161	167
	160	168
	161	168
	162	168
	161	169
	162	169
	162	167
	160	169
	163	168
	163	169
	163	167
	165	168
	166	168
	164	168
	165	169
	165	167
	166	169
	166	167
	164	169
	164	167
	167	168
	167	169
	167	167
	168	168
	168	169
	168	167
	169	168
	169	169
	169	167
	170	168
	170	169
	170	167
	171	168
	171	169
	171	167
	172	168
	172	169
	172	167
	173	168
	173	169
	173	167
	174	168
	174	169
	174	167
	175	168
	175	169
	175	167
	176	168
	176	169
	176	167
	177	168
	177	169
	177	167
	178	168
	178	169
	178	167
	179	168
	179	169
	179	167
	180	168
	180	169
	180	167
	181	168
	181	169
	181	167
	182	168
	183	168
	182	169
	182	167
	183	169
	183	167
	184	168
	184	169
	184	167
	185	168
	185	169
	185	167
	186	168
	186	169
	186	167
	187	168
	188	168
	187	169
	187	167
	188	169
	188	167
	189	168
	189	169
	189	167
	190	168
	190	169
	190	167
	191	168
	191	169
	191	167
	192	168
	192	169
	192	167
	193	168
	193	169
	193	167
	194	168
	194	169
	194	167
	195	168
	195	169
	195	167
	196	168
	196	169
	196	167
	197	168
	197	169
	197	167
	196	164
	197	164
	195	164
	196	163
	197	165
	197	163
	195	163
	196	162
	197	162
	195	162
	196	161
	197	161
	195	161
	194	162
	194	161
	195	160
	196	160
	194	160
	193	161
	193	160
	194	159
	195	159
	193	159
	192	160
	192	159
	193	158
	194	158
	192	158
	191	159
	191	158
	192	157
	193	157
	191	157
	190	158
	190	157
	191	156
	192	156
	190	156
	189	157
	189	156
	190	155
	191	155
	189	155
	188	156
	188	155
	189	154
	190	154
	188	154
	187	155
	187	154
	188	153
	189	153
	187	153
	186	154
	186	153
	187	152
	188	152
	186	152
	185	153
	185	152
	186	151
	187	151
	185	151
	184	152
	184	151
	185	150
	186	150
	184	150
	183	151
	183	152
	183	150
	184	149
	185	149
	183	149
	182	150
	182	151
	182	149
	183	148
	184	148
	182	148
	181	149
	181	150
	181	148
	180	149
	180	148
	181	146
	182	147
	179	146
	179	148
	180	146
	177	145
	178	145
	176	145
	175	145
	172	144
	173	144
	172	145
	173	145
	171	145
	174	145
	180	145
	167	144
	180	147
	167	145
	179	147
	179	145
	168	144
	181	147
	166	144
	181	145
	145	145
	164	145
	146	145
	146	146
	164	144
	147	145
	147	144
	163	144
	146	144
	145	146
	162	144
	147	146
	146	148
	161	144
	146	147
	147	148
	160	144
	147	147
	145	147
	158	145
	145	144
	151	145
	155	145
	145	148
	152	145
	154	145
	147	149
	149	145
	148	145
	145	149
	146	150
	145	150
	146	149
	144	148
	144	149
	144	147
	143	148
	143	149
	143	147
	142	148
	142	149
	142	147
	141	148
	141	149
	141	147
	140	148
	140	149
	140	147
	139	148
	139	149
	139	147
	138	149
	137	149
	138	150
	138	148
	139	150
	137	150
	137	148
	136	149
	136	150
	136	148
	137	151
	138	151
	136	151
	135	150
	135	151
	135	149
	136	152
	137	152
	135	152
	134	151
	134	152
	134	150
	133	151
	133	152
	133	150
	132	151
	132	152
	132	150
	131	151
	131	152
	131	150
	130	151
	130	152
	130	150
	129	151
	129	150
	128	151
	128	150
	129	149
	130	149
	128	149
	127	150
	127	149
	126	150
	126	149
	127	148
	128	148
	126	148
	125	149
	125	148
	124	149
	124	148
	123	148
	124	147
	125	147
	123	149
	123	147
	122	148
	122	147
	121	148
	121	147
	120	148
	120	147
	119	148
	119	147
	118	148
	118	147
	117	148
	117	147
	116	148
	116	147
	115	148
	114	148
	115	147
	114	147
	113	148
	113	147
	112	148
	112	147
	111	148
	111	147
	110	148
	110	147
	109	148
	109	147
	108	148
	108	147
	107	148
	107	147
	106	148
	106	147
	105	148
	105	147
	104	148
	104	147
	103	148
	103	147
	102	148
	102	147
	101	148
	101	147
	100	148
	100	147
	99	148
	99	147
	98	148
	98	147
	97	148
	97	147
	96	148
	96	147
	95	148
	95	147
	94	148
	94	147
	93	148
	93	147
	92	148
	92	147
	91	148
	91	147
	90	148
	90	147
	89	148
	89	147
	88	148
	88	147
	87	148
	87	147
	86	148
	86	147
	85	148
	85	147
	84	148
	84	147
	83	148
	83	147
	82	148
	82	147
	81	148
	81	147
	80	148
	80	147
	79	148
	78	148
	79	147
	78	147
	77	148
	77	147
	76	148
	76	147
	75	148
	75	147
	74	148
	74	147
	73	148
	73	147
	72	148
	72	147
	71	148
	71	147
	70	148
	70	147
	69	148
	69	147
	68	148
	68	147
	67	148
	67	147
	66	148
	66	147
	65	148
	65	147
	64	148
	64	147
	63	148
	63	147
	62	148
	62	147
	61	148
	61	147
	60	148
	60	147
	59	148
	59	147
	58	148
	58	147
	57	148
	57	147
	56	148
	56	147
	55	148
	55	147
	54	148
	54	147
	53	148
	53	147
	52	148
	52	147
	51	148
	51	147
	50	148
	50	147
	49	148
	49	147
	48	148
	48	147
	47	148
	47	149
	47	147
	46	149
	47	150
	48	150
	46	150
	46	148
	45	150
	45	149
	45	148
	44	148
	45	147
	46	147
	44	147
	43	148
	43	147
	42	148
	42	147
	41	148
	41	147
	40	148
	40	147
	39	148
	39	147
	38	148
	38	147
	37	148
	37	147
	36	148
	36	147
	35	148
	34	148
	35	147
	34	147
	33	148
	33	147
	32	148
	32	147
	31	148
	31	147
	30	148
	30	147
	29	148
	29	147
	28	148
	28	147
	27	148
	27	147
	28	146
	29	146
	27	146
	28	145
	29	145
	27	145
	28	144
	29	144
	27	144
	28	143
	29	143
	27	143
	28	142
	29	142
	27	142
	28	141
	29	141
	27	141
	28	140
	29	140
	27	140
	28	139
	29	139
	27	139
	28	138
	29	138
	27	138
	30	139
	30	140
	30	138
	31	139
	31	140
	31	138
	32	139
	33	139
	32	140
	32	138
	33	140
	33	138
	34	139
	34	140
	34	138
	35	139
	35	140
	35	138
	36	138
	35	137
	36	139
	36	137
	37	138
	37	139
	37	137
	36	136
	37	136
	35	136
	38	137
	38	138
	38	136
	39	136
	39	137
	39	135
	40	136
	40	137
	40	135
	39	134
	40	134
	41	135
	41	136
	41	134
	42	134
	41	133
	42	135
	42	133
	40	133
	43	134
	43	135
	44	135
	43	136
	44	136
	44	134
	42	136
	45	134
	46	134
	45	135
	46	135
	47	134
	47	135
	48	134
	48	135
	49	134
	49	135
	50	134
	50	135
	50	133
	51	134
	51	135
	51	133
	52	133
	52	134
	53	133
	53	134
	54	133
	54	134
	54	132
	55	133
	55	134
	55	132
	55	131
	56	132
	56	133
	56	131
	57	132
	57	133
	57	131
	57	130
	58	131
	58	132
	58	130
	59	130
	59	131
	59	129
	60	130
	60	131
	60	129
	61	130
	61	131
	61	129
	60	128
	61	128
	59	128
	60	127
	61	127
	59	127
	60	126
	61	126
	59	126
	60	125
	61	125
	59	125
	60	124
	61	124
	59	124
	58	124
	59	123
	60	123
	58	123
	57	124
	57	123
	56	124
	56	123
	55	124
	59	122
	60	122
	58	122
	59	121
	60	121
	58	121
	59	120
	60	120
	58	120
	59	119
	60	119
	58	119
	61	120
	61	121
	61	119
	60	118
	61	118
	59	118
	62	119
	62	120
	62	118
	63	119
	63	120
	63	118
	64	119
	64	120
	64	118
	65	118
	65	119
	65	117
	66	118
	66	119
	66	117
	67	118
	67	119
	67	117
	66	116
	67	116
	68	117
	68	118
	68	116
	67	115
	68	115
	66	115
	67	114
	68	114
	66	114
	67	113
	68	113
	69	114
	69	115
	69	113
	70	114
	70	115
	70	113
	71	114
	71	115
	70	116
	71	116
	69	116
	72	115
	72	116
	72	114
	73	115
	73	116
	73	114
	73	117
	72	117
	73	118
	74	118
	72	118
	73	119
	74	119
	72	119
	75	118
	75	119
	76	118
	76	119
	77	119
	76	120
	77	120
	77	118
	75	120
	78	119
	78	120
	78	118
	79	119
	79	120
	78	121
	79	121
	77	121
	80	120
	80	121
	81	121
	80	122
	81	122
	81	120
	79	122
	82	121
	82	122
	81	123
	82	123
	80	123
	83	122
	83	123
	83	121
	84	122
	84	123
	84	121
	85	122
	85	123
	85	121
	86	122
	86	123
	86	121
	84	124
	85	124
	83	124
	84	125
	85	125
	83	125
	84	126
	85	126
	83	126
	84	127
	85	127
	83	127
	87	126
	87	125
	88	126
	88	125
	87	128
	88	128
	86	128
	89	128
	89	126
	90	128
	91	127
	91	128
	91	126
	92	126
	91	125
	92	127
	92	125
	93	126
	93	127
	93	125
	92	124
	93	124
	91	124
	94	125
	94	126
	94	124
	95	125
	95	126
	95	124
	95	123
	96	124
	96	125
	96	123
	97	124
	97	125
	97	123
	96	122
	97	122
	98	123
	98	124
	98	122
	97	121
	98	121
	97	120
	98	120
	99	121
	99	122
	99	120
	98	119
	99	119
	97	119
	98	118
	99	118
	97	118
	98	117
	99	117
	97	117
	98	116
	99	116
	97	116
	99	115
	97	115
	96	116
	96	117
	96	115
	97	114
	98	114
	96	114
	95	115
	95	114
	96	113
	97	113
	95	113
	96	112
	97	112
	98	112
	97	111
	98	113
	98	111
	96	111
	99	111
	98	110
	99	112
	99	110
	97	110
	98	109
	99	109
	97	109
	98	108
	99	108
	97	108
	100	108
	99	107
	100	109
	100	107
	98	107
	101	107
	100	106
	101	108
	101	106
	99	106
	102	106
	101	105
	102	107
	102	105
	103	106
	103	107
	103	105
	103	104
	104	105
	104	106
	104	104
	105	105
	105	106
	105	104
	106	105
	106	106
	106	104
	107	104
	107	105
	108	104
	108	105
	109	105
	110	105
	109	106
	110	106
	108	106
	109	107
	110	107
	108	107
	111	106
	111	107
	112	107
	111	108
	112	108
	112	106
	110	108
	113	107
	113	108
	114	107
	114	108
	115	107
	115	108
	116	107
	116	108
	116	106
	117	107
	117	108
	117	106
	116	105
	117	105
	117	104
	118	105
	118	106
	118	104
	117	103
	118	103
	119	104
	119	105
	119	103
	118	102
	119	102
	118	101
	119	101
	117	101
	118	100
	119	100
	117	100
	118	99
	119	99
	117	99
	118	98
	119	98
	117	98
	118	97
	119	97
	117	97
	118	96
	119	96
	117	96
	118	95
	119	95
	117	95
	118	94
	119	94
	117	94
	116	95
	116	94
	117	93
	118	93
	116	93
	115	94
	115	95
	115	93
	114	94
	114	95
	114	93
	115	92
	116	92
	114	92
	113	93
	113	94
	113	92
	114	91
	115	91
	113	91
	114	90
	115	90
	113	90
	114	89
	115	89
	116	90
	116	91
	116	89
	115	88
	116	88
	114	88
	117	89
	117	90
	117	88
	116	87
	117	87
	115	87
	118	88
	118	89
	118	87
	119	87
	118	86
	119	88
	119	86
	117	86
	120	87
	120	88
	120	86
	119	85
	120	85
	121	86
	121	87
	121	85
	120	84
	121	84
	119	84
	120	83
	121	83
	119	83
	120	82
	121	82
	119	82
	120	81
	121	81
	119	81
	120	80
	121	80
	119	80
	120	79
	121	79
	119	79
	120	78
	121	78
	119	78
	122	79
	122	80
	122	78
	121	77
	122	77
	120	77
	121	76
	122	76
	120	76
	119	77
	119	76
	120	75
	121	75
	119	75
	118	77
	118	78
	118	76
	118	75
	117	76
	117	75
	118	74
	119	74
	117	74
	116	75
	116	74
	117	73
	118	73
	116	73
	117	72
	118	72
	116	72
	115	73
	115	72
	116	71
	117	71
	115	71
	114	71
	115	70
	116	70
	114	70
	115	69
	116	69
	114	69
	113	70
	113	69
	114	68
	115	68
	113	68
	112	69
	113	67
	114	67
	112	67
	111	67
	112	65
	113	65
	111	65
	112	66
	112	64
	113	66
	113	64
	111	66
	111	64
	110	65
	110	66
	110	64
	109	65
	109	66
	109	64
	108	65
	108	66
	108	64
	109	63
	110	63
	108	63
	109	62
	110	62
	108	62
	109	61
	110	61
	108	61
	109	60
	110	60
	108	60
	109	59
	110	59
	108	59
	109	58
	110	58
	108	58
	109	57
	110	57
	108	57
	109	56
	110	56
	108	56
	109	55
	110	55
	108	55
	109	54
	110	54
	108	54
	109	53
	110	53
	108	53
	109	52
	110	52
	108	52
	109	51
	110	51
	108	51
	109	50
	110	50
	108	50
	107	51
	107	52
	107	50
	106	51
	106	52
	106	50
	105	51
	105	52
	105	50
	104	51
	104	52
	104	50
	103	51
	103	52
	103	50
	102	51
	102	52
	102	50
	101	51
	101	52
	101	50
	100	51
	100	50
	102	53
	101	49
	102	49
	100	49
	101	48
	102	48
	100	48
	99	48
	100	47
	101	47
	99	47
	98	48
	98	47
	97	49
	97	48
	96	49
	96	50
	96	48
	95	49
	95	48
	94	49
	94	48
	93	48
	94	47
	95	47
	93	49
	93	47
	92	48
	92	49
	92	47
	91	48
	91	49
	91	47
	90	48
	90	49
	90	47
	89	48
	89	49
	89	47
	88	48
	88	49
	88	47
	89	50
	90	50
	88	50
	87	49
	87	50
	87	48
	88	51
	89	51
	87	51
	86	50
	86	51
	86	49
	87	52
	86	52
	85	51
	85	52
	85	50
	84	51
	84	50
	86	53
	85	49
	84	49
	83	50
	83	49
	82	50
	82	49
	81	50
	81	51
	81	49
	80	50
	80	51
	80	49
	79	50
	79	51
	79	49
	78	51
	79	52
	80	52
	78	52
	78	50
	77	51
	77	52
	77	50
	76	52
	77	53
	78	53
	76	53
	76	51
	75	52
	75	53
	75	51
	79	53
	75	54
	74	53
	74	54
	74	52
	73	53
	73	54
	73	52
	72	52
	71	52
	72	51
	73	51
	71	53
	71	51
	70	52
	70	53
	70	51
	69	52
	69	53
	69	51
	68	53
	68	52
	67	53
	67	54
	67	52
	66	53
	66	54
	66	52
	65	53
	65	54
	65	52
	64	53
	64	54
	64	52
	63	53
	63	54
	63	52
	62	53
	62	54
	62	52
	61	53
	61	54
	61	52
	60	53
	60	54
	60	52
	59	53
	59	54
	59	52
	60	51
	61	51
	59	51
	58	52
	58	53
	58	51
	59	50
	60	50
	58	50
	57	51
	57	52
	57	50
	56	51
	56	52
	56	50
	55	51
	55	52
	55	50
	54	51
	54	52
	54	50
	53	52
	53	51
	52	52
	52	53
	52	51
	51	52
	51	53
	51	51
	50	52
	50	53
	50	51
	49	52
	49	53
	49	51
	48	52
	48	53
	48	51
	49	54
	50	54
	48	54
	47	53
	47	54
	47	52
	46	53
	46	54
	46	52
	45	53
	45	54
	45	52
	44	53
	44	54
	44	52
	43	53
	43	54
	43	52
	42	53
	42	54
	42	52
	41	53
	41	54
	41	52
	40	53
	40	54
	40	52
	39	53
	39	54
	39	52
	33	55
	34	55
	32	55
	33	56
	34	56
	32	56
	31	56
	32	57
	33	57
	31	57
	31	55
	32	58
	33	58
	31	58
	32	59
	33	59
	31	59
	32	60
	33	60
	31	60
	34	57
	34	58
	34	59
	34	60
	33	61
	34	61
	32	61
	33	62
	34	62
	32	62
	33	63
	34	63
	32	63
	33	64
	34	64
	32	64
	33	65
	34	65
	32	65
	33	66
	34	66
	32	66
	33	67
	34	67
	32	67
	33	68
	34	68
	32	68
	33	69
	34	69
	32	69
	33	70
	34	70
	32	70
	33	71
	34	71
	32	71
	33	72
	34	72
	32	72
	33	73
	34	73
	32	73
	33	74
	34	74
	32	74
	33	75
	34	75
	32	75
	33	76
	34	76
	32	76
	33	77
	34	77
	32	77
	33	78
	34	78
	32	78
	33	79
	34	79
	32	79
	33	80
	34	80
	32	80
	33	81
	34	81
	32	81
	33	82
	34	82
	32	82
	33	83
	34	83
	32	83
	33	84
	34	84
	32	84
	33	85
	34	85
	32	85
	33	86
	34	86
	32	86
	33	87
	34	87
	32	87
	33	88
	34	88
	32	88
	33	89
	34	89
	32	89
	33	90
	34	90
	32	90
	33	91
	34	91
	32	91
	33	92
	34	92
	32	92
	33	93
	34	93
	32	93
	33	94
	34	94
	32	94
	33	95
	34	95
	32	95
	33	96
	34	96
	32	96
	33	97
	34	97
	32	97
	33	98
	34	98
	32	98
	33	99
	34	99
	32	99
	33	100
	34	100
	32	100
	33	101
	34	101
	32	101
	33	102
	34	102
	32	102
	33	103
	34	103
	32	103
	33	104
	34	104
	32	104
	33	105
	34	105
	32	105
	33	106
	34	106
	32	106
	33	107
	34	107
	32	107
	33	108
	34	108
	32	108
	33	109
	34	109
	32	109
	33	110
	34	110
	32	110
	35	109
	35	110
	35	108
	34	111
	35	111
	33	111
	34	112
	33	112
	32	112
	33	113
	34	113
	32	113
	32	111
	33	114
	34	114
	32	114
	33	115
	34	115
	32	115
	33	116
	34	116
	32	116
	67	2
	67	0
	68	2
	68	0
	66	2
	66	0
	67	3
	68	3
	66	3
	67	5
	68	5
	66	5
	67	6
	68	6
	66	6
	67	7
	68	7
	67	8
	66	8
	67	9
	66	9
	65	9
	67	10
	65	11
	66	12
	67	12
	65	12
	66	13
	67	13
	65	13
	85	0
	83	0
	86	0
	87	0
	88	0
	89	0
	90	0
	94	0
	95	0
	93	0
	94	1
	95	1
	93	1
	96	0
	96	1
	91	0
	92	0
	92	1
	93	2
	92	2
	74	2
	76	2
	70	2
	80	2
	79	2
	84	2
	82	2
	85	2
	86	2
	90	2
	97	0
	97	1
	98	0
	98	1
	99	0
	99	1
	108	0
	109	0
	107	0
	108	1
	109	1
	107	1
	100	0
	100	1
	101	0
	101	1
	102	0
	102	1
	103	0
	103	1
	104	0
	105	0
	104	1
	106	0
	106	1
	110	0
	110	1
	111	0
	112	0
	111	1
	112	1
	113	0
	113	1
	114	0
	114	1
	115	0
	115	1
	116	0
	116	1
	118	0
	119	0
	117	0
	118	1
	119	1
	117	1
	120	0
	120	1
	121	0
	122	0
	121	1
	122	1
	124	0
	125	0
	123	0
	124	1
	125	1
	123	1
	126	0
	127	0
	126	1
	127	1
	128	0
	128	1
	129	0
	129	1
	130	0
	130	1
	131	0
	131	1
	132	0
	133	0
	132	1
	133	1
	134	0
	134	1
	135	0
	135	1
	136	0
	136	1
	137	0
	137	1
	138	0
	139	0
	138	1
	139	1
	140	0
	140	1
	141	0
	141	1
	142	0
	143	0
	142	1
	143	1
	144	0
	145	0
	144	1
	145	1
	146	0
	146	1
	147	0
	148	0
	147	1
	148	1
	149	1
	150	1
	149	0
	150	0
	151	1
	152	1
	151	0
	152	0
	153	1
	154	1
	153	0
	154	0
	156	1
	157	1
	155	1
	156	0
	157	0
	155	0
	158	1
	159	1
	158	0
	159	0
	160	0
	161	0
	163	0
	164	0
	162	0
	165	0
	166	0
	167	0
	168	0
	169	0
	170	0
	171	0
	172	0
	173	0
	174	0
	175	0
	176	0
	177	0
	178	0
	179	0
	180	0
	177	3
	178	3
	176	3
	179	3
	181	0
	182	0
	183	0
	184	0
	185	0
	186	0
	187	0
	188	0
	189	0
	190	0
	191	0
	192	0
	193	0
	194	0
	195	0
	196	0
	197	0
	198	0
	199	0
	200	0
	201	0
	202	0
	203	0
	197	3
	198	3
	196	3
	195	3
	204	0
	205	0
	206	0
	207	0
	208	0
	209	0
	210	0
	211	0
	212	0
	213	0
	214	0
	215	0
	216	0
	217	0
	218	0
	219	0
	220	0
	221	0
	222	0
	223	0
	224	0
	225	0
	226	0
	226	1
	227	0
	227	1
	228	1
	229	1
	228	2
	228	0
	229	2
	229	0
	227	2
	228	3
	229	3
	227	3
	226	2
	226	3
	227	4
	228	4
	226	4
	229	4
	230	3
	230	4
	230	2
	231	3
	231	4
	231	2
	232	3
	232	4
	232	2
	233	4
	233	3
	234	4
	234	3
	235	4
	235	3
	236	4
	236	5
	236	3
	237	4
	237	5
	237	3
	236	6
	237	6
	238	6
	237	7
	238	7
	238	5
	236	7
	237	8
	238	8
	236	8
	237	9
	238	9
	236	9
	237	10
	238	10
	236	10
	237	11
	238	11
	236	11
	236	12
	237	12
	236	13
	237	13
	236	14
	237	14
	238	14
	237	15
	238	15
	238	13
	236	15
	237	16
	238	16
	236	16
	237	17
	238	17
	236	17
	237	18
	238	18
	236	18
	237	20
	238	20
	236	20
	231	21
	231	22
	231	20
	230	21
	229	21
	230	22
	230	20
	229	22
	229	20
	228	21
	228	22
	228	20
	227	21
	227	22
	227	20
	226	20
	226	21
	226	18
	225	20
	226	17
	224	20
	225	21
	224	21
	223	20
	223	21
	222	20
	222	21
	221	20
	221	21
	220	20
	220	21
	219	20
	219	21
	218	20
	218	21
	217	20
	217	21
	216	20
	216	21
	215	20
	215	21
	214	20
	214	21
	213	20
	213	21
	212	20
	212	21
	211	20
	211	21
	210	20
	209	20
	210	21
	209	21
	208	20
	207	20
	208	21
	207	21
	206	20
	206	21
	205	20
	205	21
	204	20
	204	21
	203	20
	203	21
	202	20
	202	21
	201	20
	201	21
	200	20
	200	21
	199	20
	199	21
	198	20
	198	21
	197	20
	197	21
	196	20
	196	21
	195	20
	195	21
	194	20
	194	21
	193	22
	192	21
	193	20
	193	21
	192	20
	194	22
	191	20
	196	22
	190	20
	195	22
	192	22
	191	21
	191	22
	190	21
	189	20
	189	21
	188	20
	188	21
	187	20
	187	21
	186	20
	186	21
	185	20
	185	21
	184	20
	184	21
	183	20
	183	21
	182	20
	182	21
	181	20
	181	21
	180	20
	180	21
	179	20
	179	21
	178	20
	178	21
	177	20
	177	21
	176	20
	176	21
	175	21
	174	21
	175	22
	176	22
	174	22
	173	21
	173	22
	172	21
	172	22
	171	21
	171	22
	170	21
	170	22
	169	21
	169	22
	168	21
	168	22
	167	21
	167	22
	166	21
	166	22
	165	21
	165	22
	164	21
	164	22
	163	21
	163	22
	162	21
	162	22
	162	20
	161	21
	161	22
	161	20
	160	21
	160	22
	160	20
	159	21
	159	22
	158	21
	157	21
	158	22
	157	22
	156	21
	156	22
	155	21
	155	22
	154	21
	154	22
	153	21
	153	22
	152	21
	152	22
	151	21
	151	22
	150	21
	149	21
	150	22
	149	22
	148	21
	148	22
	147	21
	147	22
	149	19
	150	19
	148	19
	146	20
	146	21
	145	20
	145	21
	144	20
	144	21
	143	20
	143	21
	142	20
	141	20
	142	21
	141	21
	140	20
	140	21
	139	20
	139	21
	138	20
	137	20
	138	21
	137	21
	136	20
	136	21
	135	20
	135	21
	134	20
	133	20
	134	21
	133	21
	132	20
	132	21
	131	20
	131	21
	130	20
	130	21
	129	20
	129	21
	128	20
	128	21
	127	20
	127	21
	126	20
	126	21
	125	20
	125	21
	126	22
	127	22
	125	22
	124	21
	124	22
	124	20
	123	21
	123	22
	123	20
	122	21
	122	22
	122	20
	121	21
	121	22
	121	20
	120	21
	119	21
	118	21
	119	22
	119	20
	120	22
	118	22
	118	20
	117	21
	117	22
	117	20
	118	19
	117	19
	116	20
	116	21
	116	19
	115	19
	116	18
	117	18
	115	20
	115	18
	114	18
	115	17
	116	17
	114	19
	114	17
	115	16
	116	16
	114	16
	117	17
	113	17
	113	18
	113	16
	114	15
	113	15
	112	16
	112	17
	112	15
	113	14
	114	14
	112	14
	111	15
	111	16
	110	16
	111	17
	110	17
	110	18
	111	18
	109	18
	110	19
	111	19
	109	19
	108	19
	109	20
	110	20
	108	20
	109	21
	110	21
	108	21
	107	20
	107	21
	108	22
	109	22
	107	22
	106	21
	106	22
	106	20
	105	21
	105	22
	105	20
	104	21
	104	22
	104	20
	103	21
	103	22
	103	20
	102	21
	102	22
	102	20
	101	21
	101	22
	101	20
	100	20
	99	20
	100	21
	99	21
	98	20
	98	21
	97	20
	97	21
	96	20
	96	21
	97	22
	98	22
	96	22
	95	21
	95	22
	95	20
	94	21
	94	22
	94	20
	93	21
	93	22
	93	20
	92	21
	92	22
	92	20
	91	21
	91	22
	91	20
	90	21
	90	22
	90	20
	89	21
	89	22
	89	20
	88	21
	88	22
	88	20
	87	21
	87	22
	87	20
	86	21
	86	22
	86	20
	85	20
	85	21
	84	20
	83	20
	84	21
	83	21
	82	20
	82	21
	81	20
	80	20
	81	21
	80	21
	79	20
	79	21
	78	20
	78	21
	77	20
	77	21
	76	20
	76	21
	75	20
	75	21
	74	20
	73	20
	74	21
	73	21
	72	20
	72	21
	71	20
	70	20
	71	21
	70	21
	69	20
	69	21
	69	19
	68	20
	68	21
	68	19
	67	20
	67	21
	67	19
	66	20
	66	21
	66	19
	67	18
	68	18
	66	18
	67	17
	68	17
	66	17
	69	18
	69	17
	68	16
	69	16
	67	16
	68	15
	69	15
	67	15
	68	14
	69	14
	67	14
	68	13
	69	13
	68	12
	69	12
	175	60
	176	60
	174	60
	175	59
	176	59
	174	59
	173	60
	173	59
	172	60
	172	59
	171	60
	171	59
	170	60
	170	59
	169	60
	169	59
	168	60
	168	59
	167	60
	167	59
	166	60
	166	59
	165	60
	165	59
	164	60
	164	61
	164	59
	163	60
	163	61
	163	59
	162	60
	162	61
	162	59
	161	60
	161	61
	161	59
	160	60
	160	59
	159	60
	159	59
	158	60
	158	59
	157	60
	157	59
	156	60
	156	59
	155	60
	155	59
	154	60
	154	59
	153	60
	153	59
	152	60
	152	59
	151	60
	151	59
	150	60
	150	61
	150	59
	149	60
	149	61
	149	59
	148	60
	148	61
	148	59
	149	62
	150	62
	148	62
	149	63
	150	63
	148	63
	149	64
	150	64
	148	64
	149	65
	150	65
	148	65
	149	66
	150	66
	148	66
	149	67
	150	67
	148	67
	149	68
	150	68
	148	68
	149	69
	150	69
	148	69
	151	68
	151	69
	150	70
	151	70
	149	70
	152	69
	148	70
	147	70
	147	71
	147	69
	146	70
	146	71
	146	69
	147	72
	146	72
	145	71
	145	72
	145	70
	144	72
	145	73
	146	73
	144	73
	144	71
	145	74
	146	74
	144	74
	145	75
	146	75
	144	75
	145	76
	146	76
	144	76
	147	73
	147	74
	147	75
	147	76
	146	77
	147	77
	145	77
	146	78
	147	78
	145	78
	146	79
	147	79
	145	79
	146	80
	147	80
	145	80
	146	81
	147	81
	145	81
	148	80
	148	81
	149	80
	149	81
	148	82
	149	82
	147	82
	150	81
	150	82
	151	81
	151	82
	152	82
	151	83
	152	83
	152	81
	150	83
	153	82
	153	83
	152	84
	153	84
	151	84
	152	85
	153	85
	151	85
	152	86
	153	86
	151	86
	153	87
	154	87
	152	87
	153	88
	154	88
	152	88
	153	89
	154	89
	152	89
	153	90
	154	90
	152	90
	153	91
	152	91
	151	91
	151	92
	151	90
	150	91
	150	92
	150	90
	149	91
	149	92
	149	90
	148	92
	149	93
	150	93
	148	93
	148	91
	147	92
	147	93
	147	91
	148	94
	147	94
	146	93
	146	94
	146	92
	147	95
	148	95
	146	95
	145	95
	146	96
	147	96
	145	96
	145	94
	146	97
	147	97
	145	97
	146	98
	147	98
	145	98
	148	96
	148	97
	148	98
	147	99
	148	99
	146	99
	145	99
	146	100
	147	100
	145	100
	146	101
	147	101
	145	101
	146	102
	147	102
	145	102
	148	100
	149	100
	148	101
	149	101
	148	102
	149	102
	148	103
	147	103
	148	104
	147	104
	148	105
	147	105
	148	106
	149	106
	147	106
	148	107
	149	107
	147	107
	150	107
	149	108
	150	108
	150	106
	148	108
	151	107
	151	108
	151	106
	152	107
	152	108
	152	106
	151	109
	152	109
	150	109
	153	108
	153	109
	153	107
	152	110
	153	110
	151	110
	154	109
	154	110
	154	108
	155	109
	155	110
	155	108
	156	110
	155	111
	156	111
	156	109
	154	111
	154	107
	157	110
	157	111
	158	112
	159	110
	157	112
	158	113
	157	113
	158	114
	157	114
	158	115
	160	116
	158	116
	160	117
	161	117
	158	117
	157	116
	157	117
	157	115
	156	116
	156	117
	156	115
	157	118
	156	118
	155	117
	155	118
	155	116
	156	119
	157	119
	155	119
	156	120
	157	120
	155	120
	154	119
	154	120
	154	118
	155	121
	156	121
	154	121
	153	120
	153	121
	153	119
	154	122
	153	122
	152	121
	152	122
	152	120
	151	121
	151	122
	151	120
	152	123
	151	123
	150	122
	150	123
	150	121
	149	122
	149	123
	149	121
	148	123
	148	122
	147	123
	147	122
	146	122
	147	121
	148	121
	146	121
	145	122
	145	121
	144	122
	144	121
	145	120
	146	120
	144	120
	143	121
	143	122
	143	120
	142	121
	142	122
	142	120
	141	122
	142	123
	141	123
	141	121
	140	122
	140	123
	140	121
	141	124
	142	124
	140	124
	141	125
	142	125
	140	125
	141	126
	142	126
	140	126
	141	127
	142	127
	140	127
	141	128
	142	128
	140	128
	141	129
	142	129
	140	129
	143	129
	142	130
	143	130
	143	128
	141	130
	142	131
	143	131
	141	131
	144	130
	144	131
	144	129
	145	130
	145	131
	145	129
	146	131
	145	132
	146	132
	146	130
	144	132
	146	133
	145	133
	146	134
	147	134
	145	134
	146	135
	147	135
	145	135
	146	136
	147	136
	145	136
	148	136
	147	137
	148	137
	148	135
	146	137
	149	136
	147	138
	146	138
	147	139
	146	139
	147	140
	146	140
	145	139
	145	140
	145	138
	146	141
	147	141
	145	141
	146	142
	147	142
	145	142
	146	143
	147	143
	145	143
	148	142
	148	143
	149	142
	149	143
	150	143
	149	144
	150	144
	150	142
	148	144
	151	143
	151	144
	151	142
	152	143
	152	144
	152	142
	153	143
	153	144
	153	142
	154	143
	154	144
	154	142
	155	142
	155	143
	156	142
	156	143
	157	142
	157	143
	158	142
	158	143
	159	142
	159	143
	160	142
	160	143
	161	142
	161	143
	162	142
	162	143
	163	142
	163	143
	164	142
	164	143
	165	142
	165	143
	166	142
	166	143
	166	141
	167	142
	167	143
	167	141
	168	142
	169	142
	168	143
	168	141
	169	143
	169	141
	170	142
	170	143
	171	142
	171	143
	172	142
	172	143
	173	142
	174	142
	173	143
	174	143
	175	142
	175	143
	176	143
	175	144
	176	144
	176	142
	174	144
	177	143
	177	144
	177	142
	178	143
	178	144
	178	142
	179	143
	180	143
	179	144
	179	142
	180	144
	180	142
	181	143
	181	144
	181	142
	182	143
	182	144
	182	142
	182	141
	183	142
	183	143
	183	141
	182	140
	183	140
	181	140
	184	141
	184	142
	184	140
	183	139
	184	139
	182	139
	183	138
	184	138
	182	138
	183	137
	184	137
	182	137
	185	138
	185	139
	185	137
	184	136
	185	136
	183	136
	184	135
	185	135
	183	135
	184	134
	185	134
	183	134
	184	133
	185	133
	183	133
	184	132
	185	132
	183	132
	186	132
	185	131
	186	133
	186	131
	184	131
	185	130
	186	130
	184	130
	183	131
	183	130
	184	129
	185	129
	183	129
	184	128
	185	128
	183	128
	182	129
	182	128
	183	127
	184	127
	182	127
	181	128
	182	126
	183	126
	184	126
	183	125
	184	125
	185	126
	185	127
	185	125
	186	125
	185	124
	186	126
	186	124
	184	124
	187	124
	186	123
	187	125
	187	126
	188	126
	187	127
	188	127
	186	127
	189	127
	188	128
	189	128
	187	128
	190	128
	189	129
	190	129
	188	129
	191	128
	191	129
	192	129
	191	130
	192	130
	190	130
	193	130
	192	131
	191	131
	191	132
	190	132
	190	133
	190	131
	190	134
	189	133
	189	134
	189	132
	190	135
	189	135
	190	136
	191	136
	189	136
	190	137
	191	137
	189	137
	192	137
	191	138
	192	138
	192	136
	190	138
	193	137
	193	138
	192	139
	193	139
	191	139
	194	138
	194	139
	194	137
	195	138
	195	139
	195	137
	196	139
	195	140
	196	140
	196	138
	194	140
	197	140
	196	141
	197	141
	197	139
	195	141
	198	140
	198	141
	198	139
	199	141
	198	142
	199	142
	199	140
	197	142
	200	141
	200	142
	200	140
	201	141
	201	142
	201	140
	202	140
	201	139
	202	141
	202	139
	200	139
	203	140
	203	141
	203	139
	202	138
	203	138
	204	139
	204	140
	204	138
	205	139
	205	140
	205	138
	205	137
	206	138
	206	139
	206	137
	207	138
	207	139
	207	137
	206	136
	207	136
	208	137
	208	138
	208	136
	209	136
	208	135
	209	137
	209	135
	207	135
	210	136
	210	137
	210	135
	209	134
	210	134
	208	134
	211	135
	211	136
	211	134
	210	133
	211	133
	209	133
	212	133
	211	132
	212	134
	212	132
	210	132
	211	131
	212	131
	210	131
	211	130
	212	130
	210	130
	211	129
	212	129
	210	129
	211	128
	212	128
	210	128
	211	127
	212	127
	210	127
	213	127
	212	126
	213	128
	213	126
	211	126
	212	125
	213	125
	211	125
	212	124
	213	124
	211	124
	210	124
	211	123
	212	123
	210	125
	210	123
	210	126
	211	122
	212	122
	210	122
	209	123
	209	124
	209	122
	210	121
	211	121
	209	121
	210	120
	211	120
	209	120
	210	119
	211	119
	209	119
	210	118
	211	118
	209	118
	210	117
	211	117
	209	117
	210	116
	211	116
	212	117
	212	118
	212	116
	211	115
	212	115
	213	116
	213	117
	214	117
	215	117
	214	118
	215	118
	213	118
	216	117
	216	118
	217	117
	217	118
	218	117
	218	118
	218	116
	217	115
	218	115
	216	115
	215	115
	217	114
	218	114
	216	114
	219	114
	218	113
	219	115
	219	113
	217	113
	220	113
	219	112
	220	114
	220	112
	218	112
	221	112
	220	111
	221	113
	221	111
	219	111
	220	110
	221	110
	219	110
	220	109
	221	109
	219	109
	220	108
	221	108
	222	109
	222	110
	222	108
	221	107
	222	107
	221	106
	222	106
	221	105
	222	105
	223	105
	222	104
	223	106
	223	104
	221	104
	222	103
	223	103
	221	103
	222	102
	223	102
	221	102
	222	101
	223	101
	221	101
	220	101
	224	101
	224	102
	225	101
	225	102
	225	100
	223	99
	226	100
	226	101
	226	99
	227	100
	227	101
	227	99
	228	99
	227	98
	228	100
	228	98
	228	97
	229	98
	229	99
	229	97
	229	96
	230	97
	230	98
	230	96
	231	96
	230	95
	231	97
	231	95
	232	96
	232	97
	232	95
	233	95
	233	96
	233	94
	234	95
	234	96
	234	94
	235	94
	234	93
	235	95
	235	93
	236	94
	236	95
	236	93
	237	94
	237	95
	238	94
	238	95
	237	96
	238	96
	236	96
	239	95
	239	96
	238	97
	239	97
	237	97
	238	98
	239	98
	237	98
	240	98
	239	99
	240	99
	238	99
	239	100
	240	100
	238	100
	241	99
	241	100
	241	98
	242	99
	242	100
	242	98
	243	99
	243	100
	243	98
	244	99
	244	100
	244	98
	245	99
	245	100
	245	98
	246	99
	246	100
	246	98
	247	99
	247	100
	247	98
	246	97
	247	97
	248	98
	248	99
	248	97
	247	96
	248	96
	249	97
	249	98
	249	96
	250	96
	249	95
	250	97
	250	95
	248	95
	251	96
	251	97
	251	95
	252	96
	252	97
	252	95
	253	96
	253	97
	253	95
	254	95
	255	95
	254	96
	254	94
	255	96
	255	94
	253	94
	256	95
	256	96
	256	94
	255	93
	256	93
	254	93
	255	92
	256	92
	254	92
	257	93
	257	94
	257	92
	256	91
	257	91
	255	91
	254	91
	253	93
	253	92
	253	91
	255	90
	256	90
	254	90
	255	89
	256	89
	254	89
	255	88
	256	88
	254	88
	255	87
	256	87
	254	87
	253	90
	253	89
	253	88
	253	87
	254	86
	255	86
	253	86
	254	85
	255	85
	253	85
	254	84
	255	84
	253	84
	254	83
	255	83
	253	83
	254	82
	255	82
	253	82
	254	81
	255	81
	253	81
	254	80
	255	80
	253	80
	254	79
	255	79
	253	79
	254	78
	255	78
	253	78
	254	77
	255	77
	253	77
	254	76
	255	76
	253	76
	254	75
	255	75
	253	75
	254	74
	255	74
	253	74
	254	73
	255	73
	253	73
	254	72
	255	72
	253	72
	252	72
	251	72
	252	73
	252	71
	253	71
	251	73
	251	71
	252	70
	253	70
	251	70
	252	69
	253	69
	251	69
	252	68
	253	68
	251	68
	250	69
	250	68
	251	67
	252	67
	250	67
	249	68
	249	69
	249	67
	248	68
	248	69
	248	67
	247	68
	247	69
	247	67
	246	68
	246	69
	246	67
	245	68
	245	69
	245	67
	244	68
	244	69
	244	67
	245	66
	246	66
	244	66
	245	65
	246	65
	244	65
	245	64
	246	64
	244	64
	244	63
	245	63
	244	62
	245	62
	244	61
	245	61
	246	62
	246	63
	246	61
	245	60
	246	60
	244	60
	245	59
	246	59
	244	59
	245	58
	246	58
	244	58
	245	57
	246	57
	244	57
	245	56
	246	56
	244	56
	245	55
	246	55
	244	55
	247	56
	247	57
	247	55
	248	56
	248	57
	248	55
	249	56
	249	57
	249	55
	250	56
	250	57
	250	55
	251	55
	251	56
	251	54
	252	55
	252	56
	252	54
	253	55
	253	56
	253	54
	252	53
	253	53
	251	53
	252	52
	253	52
	251	52
	254	53
	254	54
	254	52
	253	51
	254	51
	253	50
	254	50
	255	50
	254	49
	255	51
	255	49
	253	49
	254	48
	255	48
	253	48
	254	47
	255	47
	253	47
	254	46
	255	46
	253	46
	252	46
	253	45
	254	45
	252	45
	253	44
	254	44
	252	44
	251	45
	251	46
	251	44
	250	45
	250	46
	250	44
	249	45
	248	45
	249	46
	249	44
	248	46
	248	44
	247	45
	247	46
	247	44
	246	45
	246	46
	246	44
	245	45
	245	46
	245	44
	244	45
	244	46
	244	44
	245	47
	246	47
	244	47
	245	48
	246	48
	244	48
	243	47
	243	48
	243	46
	242	47
	242	48
	242	46
	241	47
	241	48
	241	46
	240	47
	240	48
	240	46
	239	47
	239	48
	239	46
	238	48
	239	49
	240	49
	238	49
	238	47
	237	48
	237	49
	237	47
	236	49
	237	50
	238	50
	236	50
	236	48
	235	49
	235	50
	235	48
	239	50
	236	51
	235	51
	234	50
	234	51
	234	49
	233	50
	233	51
	233	49
	234	52
	235	52
	233	52
	234	53
	233	53
	232	52
	232	53
	232	51
	231	52
	231	53
	231	51
	232	54
	231	54
	230	53
	230	54
	230	52
	231	55
	232	55
	230	55
	229	54
	229	55
	229	53
	230	56
	231	56
	229	56
	228	55
	228	56
	228	54
	228	57
	227	56
	227	57
	227	55
	226	56
	226	57
	226	55
	227	58
	228	58
	226	58
	225	57
	225	58
	225	56
	226	59
	227	59
	225	59
	226	60
	225	60
	228	59
	224	58
	224	59
	224	57
	223	58
	223	59
	223	57
	224	60
	223	60
	222	59
	222	60
	222	58
	221	59
	221	60
	221	58
	220	58
	219	60
	219	58
	218	58
	217	60
	217	58
	217	57
	218	57
	216	57
	217	56
	218	56
	216	58
	216	56
	215	56
	216	55
	217	55
	215	55
	216	54
	217	54
	215	54
	214	55
	214	54
	215	53
	216	53
	214	53
	213	54
	213	53
	214	52
	215	52
	213	52
	212	53
	212	54
	212	52
	211	53
	211	52
	212	51
	213	51
	211	51
	210	52
	210	53
	210	51
	209	52
	209	53
	209	51
	208	52
	208	53
	208	51
	207	52
	207	51
	208	50
	209	50
	207	50
	206	51
	206	50
	205	50
	204	50
	203	50
	202	51
	202	52
	202	50
	201	51
	189	46
	201	50
	201	49
	202	49
	200	49
	178	54
	178	51
	199	48
	200	48
	178	55
	178	56
	181	50
	178	52
	178	53
	182	50
	179	50
	178	50
	180	50
	178	57
	178	58
	189	48
	188	48
	186	47
	177	58
	179	59
	179	63
	180	63
	178	64
	179	64
	180	62
	180	64
	181	64
	181	63
	181	65
	182	65
	177	60
	181	62
	182	62
	180	61
	177	63
	178	62
	177	65
	178	59
	176	61
	179	62
	179	61
	177	62
	176	62
	178	61
	179	60
	177	59
	178	60
	177	61
	176	58
	32	135
	33	135
	31	135
	32	136
	32	134
	33	136
	33	134
	31	136
	31	134
	32	133
	33	133
	31	133
	32	132
	33	132
	31	132
	32	131
	33	131
	31	131
	32	130
	33	130
	31	130
	32	129
	33	129
	31	129
	32	128
	33	128
	31	128
	32	127
	33	127
	31	127
	32	126
	33	126
	31	126
	32	125
	33	125
	31	125
	32	124
	33	124
	31	124
	32	123
	33	123
	31	123
	32	122
	33	122
	31	122
	32	121
	31	121
	149	149
	150	149
	148	149
	149	150
	149	148
	150	150
	150	148
	148	150
	148	148
	164	149
	165	149
	163	149
	164	150
	164	148
	165	150
	165	148
	163	150
	163	148
	166	149
	167	149
	166	150
	166	148
	167	150
	167	148
	168	149
	168	150
	168	148
	170	150
	171	150
	169	150
	170	151
	170	149
	171	151
	171	149
	169	151
	169	149
	172	150
	173	150
	172	151
	172	149
	173	151
	173	149
	174	149
	175	149
	174	150
	174	148
	175	150
	175	148
	173	148
	176	149
	176	150
	176	148
	177	149
	178	149
	177	150
	177	148
	178	150
	178	148
	149	146
	150	146
	148	146
	149	147
	150	147
	148	147
	164	146
	165	146
	163	146
	164	147
	165	147
	163	147
	166	147
	167	147
	166	146
	167	146
	168	147
	168	146
	170	147
	171	147
	169	147
	170	148
	170	146
	171	148
	171	146
	169	148
	169	146
	173	147
	174	147
	172	147
	173	146
	174	146
	172	148
	172	146
	175	147
	176	147
	175	146
	176	146
	177	147
	178	147
	177	146
	178	146
	150	76
	151	76
	149	76
	150	77
	150	75
	151	77
	151	75
	149	77
	149	75
	150	78
	151	78
	149	78
	152	77
	152	78
	152	76
	153	78
	152	79
	153	79
	153	77
	154	78
	154	79
	154	77
	154	80
	155	82
	155	83
	155	81
	155	84
	156	83
	156	84
	156	82
	155	85
	156	85
	156	86
	157	86
	156	87
	157	87
	157	85
	156	88
	148	130
	149	130
	148	131
	148	129
	149	131
	149	129
	150	131
	149	132
	150	132
	150	130
	148	132
	149	133
	150	133
	150	134
	151	133
	151	134
	151	132
	152	66
	152	65
	153	65
	152	63
	153	63
	152	64
	152	62
	153	64
	153	62
	153	66
	153	67
	152	72
	151	73
	152	73
	150	73
	149	73
	150	74
	151	74
	149	74
	145	125
	146	125
	144	125
	145	126
	145	124
	146	126
	144	126
	144	124
	147	126
	146	127
	147	127
	147	125
	148	126
	148	127
	148	125
	147	128
	148	128
	149	127
	149	128
	149	126
	149	125
	70	55
	71	55
	69	55
	70	56
	71	56
	69	56
	72	56
	75	57
	73	57
	76	56
	77	56
	76	57
	77	57
	77	55
	78	56
	78	57
	79	56
	80	55
	80	56
	81	55
	81	56
	81	54
	82	54
	83	54
	82	55
	82	53
	83	55
	83	53
	84	54
	84	55
	85	55
	92	51
	93	51
	92	52
	93	52
	91	52
	94	52
	95	52
	97	52
	98	51
	98	52
	99	53
	98	53
	104	54
	105	54
	106	54
	105	55
	106	55
	104	55
	105	56
	106	56
	104	56
	106	57
	105	57
	105	58
	106	60
	106	61
	106	62
	106	63
	56	54
	55	54
	52	55
	53	55
	51	56
	52	56
	50	56
	49	56
	112	87
	113	86
	112	88
	112	86
	114	85
	115	85
	113	85
	114	84
	115	84
	113	84
	116	84
	115	83
	116	83
	114	83
	117	84
	117	83
	116	82
	117	82
	115	82
	117	81
	116	81
	117	80
	36	56
	37	56
	36	57
	36	55
	37	57
	37	55
	38	56
	39	56
	37	54
	40	56
	38	57
	39	57
	150	95
	151	95
	150	96
	151	96
	150	98
	151	98
	150	97
	151	99
	151	97
	151	100
	151	101
	151	103
	152	103
	151	104
	152	104
	152	102
	153	104
	153	103
	156	106
	157	107
	157	106
	158	107
	158	108
	158	106
	159	108
	159	109
	159	107
	159	121
	158	122
	159	122
	159	120
	158	123
	159	123
	157	123
	156	123
	159	119
	154	105
	154	104
	182	49
	183	49
	184	49
	185	49
	186	49
	184	48
	185	48
	186	48
	187	48
	187	49
	188	49
	190	47
	190	46
	191	46
	192	45
	191	45
	191	44
	190	44
	189	44
	188	44
	187	44
	192	44
	193	44
	198	47
	198	48
	197	47
	196	46
	195	46
	195	45
	194	45
	193	45
	194	44
	195	44
	197	45
	198	46
	199	47
	198	45
	197	44
	184	47
	183	48
	182	48
	181	49
	180	49
	179	49
	178	49
	177	49
	177	50
	177	51
	177	52
	176	52
	176	53
	176	54
	176	55
	176	56
	176	57
	177	57
	177	56
	177	55
	177	54
	177	53
	181	48
	12	167
	13	167
	11	167
	12	168
	12	166
	13	168
	13	166
	11	168
	11	166
	10	166
	11	165
	12	165
	10	167
	10	165
	9	166
	9	167
	9	165
	14	167
	14	168
	15	168
	40	168
	39	169
	40	169
	13	169
	14	169
	12	169
	15	169
	16	169
	17	169
	10	168
	11	169
	10	169
	8	167
	9	168
	8	168
	8	166
	8	165
	7	165
	8	164
	9	164
	7	166
	7	164
	8	163
	9	163
	7	163
	10	164
	11	164
	10	163
	11	163
	11	162
	10	162
	11	160
	10	160
	11	161
	11	159
	10	161
	10	159
	10	156
	11	156
	9	156
	10	157
	10	155
	11	157
	11	155
	9	157
	9	155
	9	153
	10	153
	8	153
	9	154
	9	152
	10	154
	10	152
	8	154
	8	152
	9	160
	9	161
	9	159
	11	153
	11	154
	11	152
	12	155
	11	158
	12	156
	10	158
	9	158
	9	162
	10	150
	11	150
	9	150
	10	151
	10	149
	11	151
	11	149
	9	151
	9	149
	10	148
	11	148
	9	148
	10	147
	11	147
	9	147
	10	146
	11	146
	9	146
	10	145
	11	145
	9	145
	10	144
	11	144
	9	144
	11	142
	10	142
	11	143
	10	143
	10	141
	9	142
	9	143
	9	141
	9	140
	10	140
	8	140
	9	139
	10	139
	8	141
	8	139
	9	138
	10	138
	8	138
	9	134
	10	134
	8	134
	9	135
	9	133
	10	135
	10	133
	8	135
	8	133
	10	137
	9	137
	10	136
	9	136
	10	132
	11	132
	9	132
	11	131
	10	131
	11	130
	10	130
	11	129
	10	129
	11	128
	10	128
	11	126
	10	126
	11	127
	11	125
	10	127
	10	125
	11	124
	10	124
	9	125
	9	126
	9	124
	10	122
	9	122
	10	123
	10	121
	9	123
	9	121
	10	120
	9	120
	10	119
	9	119
	10	118
	9	118
	10	117
	11	117
	9	117
	10	116
	11	116
	9	116
	10	114
	11	114
	9	114
	10	115
	10	113
	11	115
	11	113
	9	115
	9	113
	10	112
	11	112
	9	112
	12	113
	12	112
	13	113
	13	112
	14	113
	14	112
	15	113
	16	113
	15	112
	16	112
	17	113
	18	113
	17	112
	18	112
	19	113
	20	113
	19	112
	20	112
	22	113
	23	113
	21	113
	22	114
	22	112
	23	114
	23	112
	21	114
	21	112
	25	113
	26	113
	24	113
	25	114
	25	112
	26	114
	26	112
	24	114
	24	112
	25	115
	26	115
	24	115
	27	114
	27	115
	27	113
	23	115
	25	116
	26	116
	24	116
	27	116
	28	115
	28	116
	28	114
	29	115
	29	116
	29	114
	30	115
	30	116
	30	114
	31	115
	31	116
	31	114
	30	112
	31	112
	29	112
	30	113
	30	111
	31	113
	31	111
	29	113
	29	111
	30	110
	31	110
	29	110
	30	109
	31	109
	29	109
	30	103
	31	103
	29	103
	30	104
	30	102
	31	104
	31	102
	29	104
	29	102
	30	105
	31	105
	29	105
	30	107
	31	107
	29	107
	30	108
	30	106
	31	108
	31	106
	29	108
	29	106
	31	100
	31	101
	31	99
	31	98
	30	99
	30	100
	30	98
	29	100
	30	101
	29	101
	29	99
	29	98
	30	97
	31	97
	29	97
	30	96
	31	96
	29	96
	30	95
	31	95
	29	95
	30	94
	31	94
	29	94
	30	93
	31	93
	29	93
	30	92
	31	92
	29	92
	30	91
	31	91
	29	91
	30	90
	31	90
	29	90
	30	89
	31	89
	29	89
	30	88
	31	88
	29	88
	30	87
	31	87
	29	87
	30	86
	31	86
	29	86
	31	84
	30	84
	31	85
	31	83
	30	85
	30	83
	31	82
	30	82
	31	81
	30	81
	31	80
	30	80
	31	79
	30	79
	31	78
	30	78
	31	77
	30	77
	31	76
	30	76
	31	75
	30	75
	31	73
	30	73
	31	74
	31	72
	30	74
	30	72
	31	71
	30	71
	31	70
	30	70
	31	68
	30	68
	31	69
	31	67
	30	69
	30	67
	31	66
	30	66
	31	65
	30	65
	31	64
	30	64
	31	62
	30	62
	31	63
	31	61
	30	63
	30	61
	30	60
	30	59
	30	58
	30	55
	31	54
	32	54
	30	56
	30	54
	29	84
	29	85
	29	83
	29	82
	29	81
	29	79
	29	80
	29	78
	29	76
	29	77
	29	75
	29	60
	29	61
	29	59
	29	58
	30	57
	29	57
	29	56
	29	54
	30	53
	31	53
	29	55
	29	53
	34	54
	35	54
	33	54
	34	53
	35	53
	33	53
	36	54
	36	53
	32	53
	33	52
	34	52
	32	52
	31	52
	30	52
	33	51
	34	51
	32	51
	36	52
	37	52
	35	52
	36	51
	37	53
	37	51
	35	51
	38	51
	39	51
	40	51
	41	51
	40	50
	41	50
	39	50
	38	50
	42	51
	43	51
	42	50
	43	50
	45	51
	46	51
	44	51
	45	50
	46	50
	44	50
	47	51
	47	50
	48	50
	49	50
	50	50
	49	49
	50	49
	48	49
	51	50
	52	50
	51	49
	52	49
	53	50
	54	49
	55	49
	53	49
	61	50
	60	49
	61	49
	59	49
	63	50
	64	50
	62	50
	63	51
	63	49
	64	51
	64	49
	62	51
	62	49
	65	50
	66	50
	65	51
	65	49
	66	51
	66	49
	69	50
	70	50
	68	50
	69	49
	70	49
	68	51
	68	49
	74	50
	75	50
	73	50
	74	51
	74	49
	75	49
	73	49
	76	50
	77	49
	78	49
	76	49
	72	50
	71	50
	72	49
	71	49
	67	49
	68	48
	69	48
	67	50
	67	48
	66	48
	65	48
	64	48
	67	47
	68	47
	66	47
	70	48
	67	51
	83	48
	84	48
	82	48
	86	48
	87	47
	86	47
	96	47
	97	47
	97	46
	98	46
	96	46
	99	46
	85	47
	86	46
	87	46
	85	48
	85	46
	84	47
	83	47
	84	46
	83	46
	88	46
	91	46
	92	46
	90	46
	102	47
	101	46
	102	46
	100	46
	106	49
	107	49
	105	49
	106	48
	107	48
	105	48
	103	48
	104	48
	103	49
	103	47
	104	49
	104	47
	65	19
	64	19
	65	20
	65	18
	64	20
	64	18
	65	15
	66	15
	64	15
	65	16
	65	14
	66	16
	66	14
	64	16
	64	14
	64	13
	64	10
	64	11
	64	9
	64	7
	65	6
	64	8
	64	6
	65	1
	64	1
	65	2
	65	0
	64	2
	64	0
	65	3
	64	3
	65	4
	64	4
	65	17
	64	17
	65	5
	64	5
	63	10
	63	11
	63	9
	64	12
	63	12
	63	13
	63	14
	63	15
	65	21
	66	22
	67	22
	65	22
	64	21
	64	22
	65	23
	66	23
	64	23
	67	23
	68	23
	69	23
	68	24
	68	22
	69	24
	69	22
	67	24
	70	23
	70	24
	70	22
	71	23
	71	24
	71	22
	72	23
	72	24
	72	22
	74	23
	75	23
	73	23
	74	24
	74	22
	75	24
	75	22
	73	24
	73	22
	76	23
	76	24
	76	22
	77	23
	78	23
	77	24
	77	22
	78	24
	78	22
	79	23
	80	23
	79	24
	79	22
	80	24
	80	22
	82	23
	83	23
	81	23
	82	24
	82	22
	83	24
	83	22
	81	24
	81	22
	84	23
	84	24
	84	22
	85	24
	84	25
	85	25
	85	23
	83	25
	86	24
	87	24
	86	25
	86	23
	87	25
	87	23
	88	24
	89	24
	88	25
	88	23
	89	25
	89	23
	90	24
	91	24
	90	25
	90	23
	91	25
	91	23
	85	22
	92	23
	92	24
	94	23
	95	23
	93	23
	94	24
	95	24
	93	24
	96	23
	96	24
	97	23
	97	24
	98	23
	99	23
	98	24
	99	24
	99	22
	100	23
	101	23
	100	24
	100	22
	101	24
	102	23
	102	24
	103	23
	104	23
	103	24
	104	24
	105	23
	105	24
	106	23
	106	24
	107	23
	108	23
	107	24
	108	24
	109	23
	109	24
	110	22
	111	22
	110	23
	111	23
	111	21
	112	22
	112	23
	112	21
	113	22
	113	23
	113	21
	112	20
	113	20
	111	20
	112	19
	113	19
	114	20
	114	21
	115	21
	112	18
	114	22
	115	22
	115	23
	116	23
	114	23
	115	24
	116	24
	116	22
	114	24
	117	23
	117	24
	119	23
	120	23
	118	23
	119	24
	120	24
	118	24
	121	23
	122	23
	121	24
	122	24
	123	23
	124	23
	123	24
	124	24
	128	22
	127	23
	128	23
	126	23
	129	22
	129	23
	132	22
	133	22
	131	22
	132	23
	133	23
	131	23
	134	22
	134	23
	136	22
	137	22
	135	22
	136	23
	137	23
	135	23
	140	22
	141	22
	139	22
	140	23
	141	23
	139	23
	145	22
	146	22
	144	22
	145	23
	146	23
	144	23
	147	23
	143	23
	142	23
	143	24
	143	22
	144	24
	142	24
	142	22
	138	23
	139	24
	140	24
	138	24
	138	22
	134	24
	135	24
	133	24
	132	24
	131	24
	127	24
	128	24
	126	24
	127	25
	128	25
	126	25
	125	24
	125	25
	125	23
	124	25
	123	25
	129	24
	130	24
	129	25
	130	25
	130	23
	133	25
	134	25
	132	25
	136	24
	137	24
	136	25
	137	25
	135	25
	139	25
	140	25
	138	25
	145	24
	130	22
	150	23
	151	23
	149	23
	150	24
	151	24
	149	24
	152	23
	152	24
	156	23
	157	23
	155	23
	156	24
	157	24
	155	24
	158	23
	158	24
	159	23
	160	23
	159	24
	160	24
	161	23
	161	24
	162	23
	163	23
	164	23
	165	23
	163	24
	164	24
	162	24
	159	25
	160	25
	158	25
	156	25
	157	25
	155	25
	153	23
	153	24
	148	23
	148	24
	147	24
	146	24
	154	25
	155	26
	156	26
	154	26
	154	24
	153	25
	152	25
	153	26
	152	26
	154	23
	169	23
	170	23
	168	23
	169	24
	170	24
	168	24
	171	23
	172	23
	171	24
	172	24
	174	23
	175	23
	173	23
	174	24
	175	24
	173	24
	176	23
	176	24
	167	23
	166	23
	167	24
	166	24
	165	24
	169	25
	170	25
	168	25
	173	25
	174	25
	172	25
	177	24
	178	24
	177	25
	177	23
	178	25
	178	23
	176	25
	180	24
	181	24
	179	24
	180	25
	180	23
	181	25
	181	23
	179	25
	179	23
	183	23
	184	23
	182	23
	183	24
	183	22
	184	24
	184	22
	182	24
	182	22
	185	23
	185	24
	185	22
	186	23
	186	24
	186	22
	187	23
	187	24
	187	22
	178	22
	179	22
	177	22
	181	22
	182	25
	183	25
	180	22
	190	23
	191	23
	189	23
	190	24
	190	22
	191	24
	189	24
	189	22
	192	23
	193	23
	192	24
	193	24
	188	23
	188	24
	188	22
	197	23
	198	23
	196	23
	197	24
	197	22
	198	24
	198	22
	196	24
	199	23
	199	24
	199	22
	201	23
	202	23
	200	23
	201	24
	201	22
	202	24
	202	22
	200	24
	200	22
	206	23
	207	23
	205	23
	206	24
	206	22
	207	24
	207	22
	205	24
	205	22
	204	23
	203	23
	204	24
	204	22
	203	24
	203	22
	194	24
	195	24
	194	25
	194	23
	195	25
	195	23
	193	25
	196	25
	200	25
	201	25
	199	25
	203	25
	204	25
	202	25
	209	24
	210	24
	208	24
	209	25
	209	23
	210	25
	210	23
	208	25
	208	23
	211	24
	211	25
	211	23
	208	22
	209	22
	212	23
	211	22
	212	24
	212	22
	210	22
	213	23
	214	23
	213	24
	213	22
	214	24
	214	22
	216	23
	217	23
	215	23
	216	24
	216	22
	217	24
	217	22
	215	24
	215	22
	219	23
	220	23
	218	23
	219	24
	219	22
	220	24
	220	22
	218	24
	218	22
	221	23
	221	24
	221	22
	222	22
	223	22
	222	23
	223	23
	224	22
	224	23
	226	22
	225	22
	226	23
	227	23
	225	23
	228	23
	225	24
	226	24
	224	24
	223	24
	222	24
	227	24
	228	24
	230	23
	231	23
	229	23
	230	24
	231	24
	229	24
	232	23
	233	23
	232	24
	233	24
	234	23
	235	23
	234	24
	235	24
	236	23
	237	23
	236	24
	237	24
	237	22
	238	23
	239	23
	238	24
	238	22
	239	24
	239	22
	240	23
	240	24
	240	22
	239	21
	240	21
	238	21
	239	20
	240	20
	239	19
	240	19
	239	18
	239	17
	239	16
	239	15
	239	14
	239	13
	239	11
	238	12
	239	12
	239	10
	239	7
	239	8
	239	6
	238	2
	239	2
	237	2
	238	3
	238	1
	239	3
	239	1
	237	1
	238	0
	239	0
	237	0
	234	2
	235	2
	233	2
	236	2
	236	1
	231	0
	232	0
	230	0
	231	1
	232	1
	230	1
	235	1
	236	0
	235	0
	233	1
	234	1
	233	0
	234	0
	238	4
	239	4
	239	5
	240	7
	240	8
	240	6
	240	11
	240	12
	240	10
	240	17
	240	18
	240	16
	237	21
	240	15
	240	14
	240	13
	241	10
	240	9
	241	11
	241	9
	239	9
	241	6
	240	5
	241	7
	241	5
	240	3
	240	4
	240	2
	240	1
	240	0
	149	58
	150	58
	148	58
	149	57
	150	57
	148	57
	151	58
	152	58
	155	58
	156	58
	154	58
	157	58
	158	58
	159	58
	160	58
	161	58
	162	58
	163	58
	164	58
	167	58
	168	58
	166	58
	170	58
	171	58
	169	58
	172	58
	173	58
	174	58
	175	58
	174	57
	175	57
	173	57
	171	57
	172	57
	170	57
	169	57
	168	57
	167	57
	166	57
	165	58
	165	57
	164	57
	163	57
	162	57
	161	57
	162	56
	163	56
	161	56
	160	57
	160	56
	158	57
	159	57
	157	57
	158	56
	159	56
	157	56
	156	57
	155	57
	156	56
	155	56
	153	57
	154	57
	152	57
	153	58
	153	56
	154	56
	152	56
	151	57
	151	56
	150	56
	149	56
	164	56
	165	56
	168	56
	169	56
	167	56
	170	56
	171	56
	172	56
	173	56
	174	56
	175	56
	174	55
	175	55
	173	55
	174	54
	175	54
	173	54
	175	53
	174	53
	175	52
	174	52
	175	50
	176	50
	174	50
	175	51
	175	49
	176	51
	176	49
	174	51
	174	49
	177	48
	178	48
	176	48
	180	48
	179	48
	180	47
	181	47
	179	47
	183	46
	184	46
	182	46
	183	47
	183	45
	184	45
	182	47
	182	45
	185	46
	185	45
	186	45
	186	44
	185	44
	188	43
	189	43
	187	43
	184	44
	183	44
	184	43
	185	43
	183	43
	181	45
	180	45
	181	46
	181	44
	182	44
	180	46
	180	44
	179	45
	179	46
	179	44
	178	46
	177	46
	178	47
	178	45
	177	47
	177	45
	176	47
	175	47
	176	46
	175	48
	175	46
	174	47
	174	48
	174	46
	182	43
	186	43
	187	42
	188	42
	186	42
	190	42
	191	42
	189	42
	190	43
	190	41
	191	43
	191	41
	189	41
	194	42
	195	42
	193	42
	194	43
	194	41
	195	43
	195	41
	193	43
	193	41
	197	42
	198	42
	196	42
	197	43
	197	41
	198	43
	198	41
	196	43
	196	41
	199	42
	199	43
	199	41
	192	42
	192	43
	192	41
	200	43
	199	44
	200	44
	200	42
	198	44
	203	45
	204	45
	202	45
	203	46
	203	44
	204	46
	204	44
	202	46
	202	44
	206	48
	207	48
	205	48
	206	49
	206	47
	207	49
	207	47
	205	49
	205	47
	208	49
	208	48
	204	47
	203	47
	204	48
	205	46
	203	48
	201	45
	201	46
	201	44
	200	45
	201	43
	199	45
	202	48
	204	49
	202	47
	201	47
	199	46
	200	46
	206	46
	210	50
	211	50
	210	49
	211	49
	209	49
	216	52
	220	55
	221	55
	219	55
	220	56
	220	54
	221	56
	221	54
	219	56
	219	54
	222	57
	221	57
	222	56
	223	56
	220	57
	219	57
	222	55
	223	55
	224	56
	224	55
	225	55
	227	54
	226	54
	227	53
	228	53
	226	53
	247	66
	247	65
	247	64
	248	64
	247	63
	248	65
	248	63
	247	61
	248	61
	247	62
	247	60
	248	62
	248	60
	247	59
	248	59
	247	58
	248	58
	249	65
	250	65
	249	66
	249	64
	250	66
	250	64
	248	66
	249	63
	250	63
	249	62
	250	62
	249	60
	250	60
	249	61
	249	59
	250	61
	250	59
	251	60
	252	60
	251	61
	251	59
	252	61
	252	59
	253	58
	254	58
	252	58
	253	59
	253	57
	254	59
	254	57
	252	57
	254	56
	255	56
	254	55
	255	57
	255	55
	251	57
	251	58
	250	58
	249	58
	255	54
	256	54
	255	53
	256	55
	256	53
	255	52
	256	52
	256	51
	256	50
	257	50
	256	49
	257	51
	257	49
	256	48
	257	48
	256	47
	257	47
	256	46
	257	46
	256	45
	257	45
	255	45
	255	44
	256	44
	253	43
	254	43
	252	43
	251	43
	250	43
	249	43
	248	43
	247	43
	246	43
	245	43
	244	43
	243	45
	243	44
	242	45
	241	45
	240	45
	239	45
	238	46
	236	47
	235	47
	234	48
	232	50
	232	49
	230	51
	229	51
	230	50
	231	50
	229	52
	229	50
	228	52
	228	51
	224	54
	225	54
	223	54
	218	55
	254	69
	254	70
	254	68
	254	71
	256	72
	255	71
	256	73
	256	71
	256	74
	256	75
	256	76
	256	79
	256	80
	256	78
	256	82
	257	82
	256	83
	256	81
	257	83
	257	81
	256	85
	257	85
	256	86
	256	84
	257	86
	257	84
	257	87
	257	88
	257	90
	257	89
	258	82
	258	83
	258	81
	257	80
	258	80
	257	79
	258	79
	256	77
	257	77
	257	78
	257	76
	257	75
	257	74
	257	73
	257	72
	257	71
	256	70
	257	70
	255	70
	255	97
	256	97
	254	97
	254	98
	255	98
	253	98
	252	98
	251	98
	252	99
	253	99
	251	99
	250	98
	250	99
	249	99
	249	100
	250	100
	248	100
	246	101
	247	101
	245	101
	244	101
	245	102
	246	102
	244	102
	243	101
	243	102
	241	101
	242	101
	240	101
	241	102
	242	102
	240	102
	239	101
	239	102
	238	101
	238	102
	237	100
	237	101
	237	99
	236	99
	236	100
	236	98
	235	99
	235	100
	235	98
	236	97
	235	97
	235	96
	234	97
	234	98
	233	98
	234	99
	233	99
	233	97
	232	98
	232	99
	231	99
	232	100
	233	100
	231	100
	231	98
	230	100
	231	101
	232	101
	230	101
	230	99
	229	101
	230	102
	231	102
	229	102
	229	100
	228	101
	228	102
	227	102
	228	103
	229	103
	227	103
	226	103
	227	104
	228	104
	226	104
	226	102
	225	103
	225	104
	226	105
	227	105
	225	105
	224	104
	224	105
	224	103
	224	106
	225	106
	223	107
	224	107
	223	108
	224	108
	223	109
	223	110
	222	112
	223	112
	222	113
	222	111
	223	113
	223	111
	221	114
	222	114
	221	115
	222	115
	220	115
	220	116
	221	116
	219	116
	219	117
	219	118
	217	119
	218	119
	216	119
	217	120
	218	120
	216	120
	215	120
	214	120
	215	121
	215	119
	216	121
	214	121
	214	119
	213	120
	213	121
	213	119
	212	121
	213	122
	214	122
	212	120
	213	123
	214	123
	212	119
	214	124
	214	125
	214	126
	214	127
	214	128
	213	129
	214	129
	213	131
	214	131
	213	132
	213	130
	214	132
	214	130
	213	134
	212	135
	213	135
	213	133
	212	136
	213	136
	212	137
	213	137
	211	137
	212	138
	213	138
	211	138
	210	138
	211	139
	212	139
	210	139
	208	140
	209	140
	207	140
	208	141
	208	139
	209	141
	209	139
	207	141
	206	140
	206	141
	205	141
	204	141
	205	142
	206	142
	204	142
	203	142
	199	143
	200	143
	198	143
	199	144
	200	144
	198	144
	199	145
	200	145
	198	145
	201	144
	201	145
	201	143
	202	143
	202	144
	202	142
	203	143
	203	144
	204	143
	204	144
	205	143
	205	144
	209	138
	210	140
	197	144
	197	145
	197	143
	196	144
	196	145
	196	143
	195	144
	195	145
	195	143
	195	142
	196	142
	194	142
	194	143
	194	141
	193	141
	193	142
	193	140
	192	140
	191	140
	192	141
	191	141
	188	130
	189	130
	187	130
	188	131
	189	131
	187	131
	187	129
	186	129
	186	128
	30	146
	31	146
	30	145
	31	145
	30	144
	31	144
	30	143
	31	143
	30	142
	31	142
	30	141
	31	141
	32	146
	33	146
	32	145
	33	145
	34	146
	35	146
	34	145
	35	145
	36	146
	36	145
	38	146
	39	146
	37	146
	38	145
	39	145
	37	145
	40	146
	41	146
	40	145
	41	145
	42	146
	43	146
	42	145
	43	145
	45	146
	46	146
	44	146
	45	145
	46	145
	44	145
	47	146
	47	145
	48	146
	49	146
	48	145
	49	145
	50	146
	51	146
	50	145
	51	145
	52	146
	53	146
	52	145
	53	145
	54	146
	55	146
	54	145
	55	145
	56	146
	57	146
	56	145
	57	145
	59	146
	60	146
	58	146
	59	145
	60	145
	58	145
	61	146
	62	146
	61	145
	62	145
	65	146
	66	146
	64	146
	65	145
	66	145
	64	145
	67	145
	68	145
	67	146
	67	144
	68	146
	68	144
	66	144
	70	145
	71	145
	69	145
	70	146
	70	144
	71	146
	71	144
	69	146
	69	144
	72	145
	72	146
	72	144
	74	145
	75	145
	73	145
	74	146
	74	144
	75	146
	75	144
	73	146
	73	144
	76	145
	77	145
	76	146
	76	144
	77	146
	77	144
	78	145
	78	146
	78	144
	79	146
	79	145
	80	146
	81	146
	80	145
	81	145
	83	146
	84	146
	82	146
	83	145
	84	145
	82	145
	86	146
	87	146
	85	146
	86	145
	87	145
	85	145
	88	146
	89	146
	88	145
	89	145
	63	146
	63	145
	63	144
	64	144
	62	144
	93	146
	94	146
	92	146
	93	145
	94	145
	92	145
	95	146
	96	146
	95	145
	96	145
	97	146
	98	146
	97	145
	98	145
	101	146
	102	146
	100	146
	101	145
	102	145
	100	145
	104	146
	105	146
	103	146
	104	145
	105	145
	103	145
	106	146
	107	146
	106	145
	107	145
	108	146
	108	145
	109	146
	110	146
	109	145
	110	145
	111	146
	112	146
	111	145
	112	145
	114	146
	115	146
	113	146
	114	145
	115	145
	113	145
	116	146
	117	146
	116	145
	117	145
	118	146
	118	145
	119	146
	120	146
	119	145
	120	145
	121	146
	121	145
	122	146
	123	146
	122	145
	123	145
	125	146
	126	146
	124	146
	125	145
	126	147
	126	145
	124	145
	129	147
	130	147
	128	147
	129	148
	129	146
	130	148
	130	146
	128	146
	131	148
	132	148
	131	149
	131	147
	132	149
	132	147
	133	148
	133	149
	133	147
	134	148
	135	148
	134	149
	134	147
	135	147
	136	147
	137	147
	138	147
	138	146
	139	146
	137	146
	140	146
	141	146
	140	145
	141	145
	139	145
	142	146
	143	146
	142	145
	143	145
	144	145
	143	144
	144	146
	144	144
	142	144
	144	142
	143	142
	144	143
	144	141
	143	143
	143	141
	144	140
	143	140
	144	139
	143	139
	144	138
	143	138
	144	137
	145	137
	143	137
	144	136
	143	136
	144	135
	143	135
	144	134
	143	134
	144	133
	143	133
	143	132
	127	146
	127	147
	127	145
	99	146
	91	146
	90	146
	91	145
	90	145
	99	145
InvisibleObstacle		
CG1		
	16	149
	17	149
	15	149
	16	150
	16	148
	17	150
	17	148
	15	150
	15	148
	18	149
	18	150
	18	148
	19	149
	19	150
	19	148
	20	149
	20	150
	20	148
	21	149
	22	149
	21	150
	21	148
	22	150
	22	148
	23	149
	23	150
	23	148
	24	149
	24	150
	24	148
	23	147
	24	147
	22	147
	23	146
	24	146
	22	146
	23	145
	24	145
	22	145
	21	146
	21	147
	21	145
	20	146
	20	147
	20	145
	19	146
	19	147
	19	145
	18	146
	18	147
	18	145
	17	146
	17	147
	17	145
	16	146
	16	147
	16	145
	15	146
	15	147
	15	145
CG2		
	38	110
	39	110
	37	110
	38	111
	38	109
	39	111
	39	109
	37	111
	37	109
	38	108
	39	108
	37	108
	40	109
	40	110
	40	108
	41	109
	41	110
	41	108
	40	111
	41	111
	40	112
	41	112
	39	112
	42	111
	42	112
	42	110
	43	111
	43	112
	43	110
	44	111
	44	112
	44	110
	45	111
	45	112
	45	110
	44	109
	45	109
	43	109
	44	108
	45	108
	43	108
	42	109
	42	108
	46	109
	47	109
	46	110
	46	108
	47	110
	47	108
	46	111
	47	111
	48	110
	48	111
	48	109
	47	112
	48	112
	46	112
	47	113
	48	113
	46	113
	47	114
	48	114
	46	114
	47	115
	48	115
	46	115
	49	114
	49	115
	49	113
	50	114
	50	115
	50	113
	49	112
	50	112
	49	111
	50	111
	51	113
	51	114
	51	112
	52	114
	51	115
	52	115
	52	113
	53	114
	53	115
	53	113
	52	116
	53	116
	51	116
	52	117
	53	117
	51	117
	50	116
	50	117
	49	116
	49	117
	50	118
	51	118
	49	118
	52	118
	51	119
	52	119
	50	119
	53	118
	53	119
	54	118
	54	119
	54	117
	55	118
	55	119
	55	117
	54	116
	55	116
	54	115
	55	115
	54	114
	55	114
	56	115
	56	116
	56	114
	56	117
	57	116
	57	117
	57	115
	56	118
	57	118
	58	117
	58	118
	58	116
	58	115
	59	116
	59	117
	59	115
	58	114
	59	114
	57	114
	60	115
	60	116
	60	114
	61	115
	61	116
	61	114
	62	115
	62	116
	62	114
	58	113
	59	113
	57	113
	55	113
	56	113
	54	113
	52	112
	53	112
	49	110
	50	110
	53	120
	54	120
	52	120
	53	121
	54	121
	52	121
	55	120
	55	121
	56	120
	56	121
	56	119
CS1		
	172	160
	173	160
	171	160
	172	161
	172	159
	173	161
	173	159
	171	161
	171	159
	174	160
	174	161
	174	159
	175	160
	175	161
	175	159
	176	160
	176	161
	176	159
	175	158
	176	158
	174	158
	175	157
	176	157
	174	157
	173	157
	174	156
	175	156
	173	158
	173	156
	174	155
	175	155
	173	155
	176	156
	176	155
	172	156
	172	157
	172	155
	171	156
	171	157
	171	155
	172	158
	171	158
	170	156
	170	157
	170	155
	170	160
	170	161
	170	159
	170	158
CS2		
	104	91
	105	91
	104	90
	105	90
	106	91
	106	90
	107	91
	107	90
	108	91
	108	90
	108	89
	107	89
	108	88
	107	88
	108	87
	107	87
	108	86
	107	86
	106	86
	106	87
	105	86
	105	87
	104	86
	104	87
	104	88
	105	88
	104	89
	105	89
	106	89
	106	88
CS3		
	161	72
	162	72
	161	71
	162	71
	163	72
	163	71
	164	72
	164	71
	165	72
	165	71
	166	72
	166	71
	166	70
	165	70
	166	69
	165	69
	166	68
	165	68
	166	67
	165	67
	166	66
	165	66
	164	66
	164	67
	163	66
	163	67
	162	66
	162	67
	161	66
	161	67
	161	68
	162	68
	161	69
	162	69
	161	70
	162	70
	163	69
	163	70
	163	68
	164	69
	164	70
	164	68
CG3		
	228	92
	229	92
	227	92
	228	93
	228	91
	229	93
	229	91
	227	93
	227	91
	228	90
	229	90
	227	90
	228	89
	229	89
	227	89
	228	88
	229	88
	227	88
	228	87
	229	87
	227	87
	230	92
	231	92
	230	93
	230	91
	231	93
	231	91
	230	90
	231	90
	230	89
	231	89
	226	93
	227	94
	228	94
	226	94
	226	92
	226	91
	226	90
	226	89
	226	88
	226	87
	227	86
	228	86
	226	86
	227	85
	228	85
	226	85
	227	84
	228	84
	226	84
	227	83
	228	83
	226	83
	227	82
	228	82
	226	82
	227	81
	228	81
	226	81
	227	80
	228	80
	226	80
	227	79
	228	79
	226	79
	227	78
	228	78
	226	78
	227	77
	228	77
	226	77
	227	76
	228	76
	226	76
	227	75
	228	75
	226	75
	227	74
	228	74
	226	74
	227	73
	228	73
	226	73
	227	72
	228	72
	226	72
	227	71
	228	71
	226	71
	227	70
	228	70
	226	70
	227	69
	228	69
	226	69
	227	68
	228	68
	226	68
	227	67
	228	67
	226	67
	227	66
	228	66
	226	66
	227	65
	228	65
	226	65
	227	64
	228	64
	226	64
	227	63
	228	63
	226	63
	227	62
	228	62
	226	62
	227	61
	228	61
	226	61
	225	62
	225	63
	225	61
	224	62
	224	63
	224	61
	223	62
	223	63
	223	61
	224	64
	225	64
	223	64
	224	65
	225	65
	223	65
	224	66
	225	66
	223	66
	224	67
	225	67
	223	67
	224	68
	225	68
	223	68
	224	69
	225	69
	223	69
	224	70
	225	70
	223	70
	224	71
	225	71
	223	71
	224	72
	225	72
	223	72
	224	73
	225	73
	223	73
	224	74
	225	74
	223	74
	224	75
	225	75
	223	75
	224	76
	225	76
	223	76
	224	77
	225	77
	223	77
	224	78
	225	78
	223	78
	224	79
	225	79
	223	79
	224	80
	225	80
	223	80
	225	81
	224	81
	225	82
	224	82
	225	83
	224	83
	225	84
	224	84
	225	85
	224	85
	225	86
	224	86
	225	87
	224	87
	225	88
	224	88
	225	89
	224	89
	225	90
	224	90
	225	91
	224	91
	225	92
	224	92
	225	93
	224	93
	225	94
	224	94
	225	95
	226	95
	224	95
	225	96
	226	96
	224	96
	227	95
	227	96
CH1		
	32	135
	33	135
	31	135
	32	136
	32	134
	33	136
	33	134
	31	136
	31	134
	32	133
	33	133
	31	133
	32	131
	33	131
	31	131
	32	132
	32	130
	33	132
	33	130
	31	132
	31	130
	32	128
	33	128
	31	128
	32	129
	32	127
	33	129
	33	127
	31	129
	31	127
	32	126
	33	126
	31	126
	32	125
	33	125
	31	125
	32	124
	33	124
	31	124
	32	123
	33	123
	31	123
	32	122
	33	122
	31	122
	32	121
	33	121
	31	121
	29	135
	30	135
	28	135
	29	136
	29	134
	30	136
	30	134
	28	136
	28	134
	29	132
	30	132
	28	132
	29	133
	29	131
	30	133
	30	131
	28	133
	28	131
	29	129
	30	129
	28	129
	29	130
	29	128
	30	130
	30	128
	28	130
	28	128
	29	126
	30	126
	28	126
	29	127
	29	125
	30	127
	30	125
	28	127
	28	125
	29	124
	30	124
	28	124
	29	123
	30	123
	28	123
	29	122
	30	122
	28	122
	29	121
	30	121
	28	121
	27	135
	26	135
	27	136
	27	134
	26	136
	26	134
	27	133
	26	133
	27	132
	26	132
	27	131
	26	131
	27	130
	26	130
	27	129
	26	129
	27	128
	26	128
	27	127
	26	127
	27	126
	26	126
	27	125
	26	125
	27	124
	26	124
	27	122
	26	122
	27	123
	27	121
	26	123
	26	121
	38	133
	39	133
	37	133
	38	134
	38	132
	39	134
	39	132
	37	134
	37	132
	38	131
	39	131
	37	131
	38	130
	39	130
	37	130
	38	129
	39	129
	37	129
	38	128
	39	128
	37	128
	40	128
	39	127
	40	129
	40	127
	38	127
	39	126
	40	126
	38	126
	39	125
	40	125
	38	125
	37	126
	37	127
	37	125
	38	124
	39	124
	37	124
	38	123
	39	123
	37	123
	38	122
	39	122
	37	122
	38	121
	39	121
	37	121
	38	120
	39	120
	37	120
	38	119
	39	119
	37	119
	36	119
	37	118
	38	118
	36	120
	36	118
	40	119
	39	118
	40	120
	40	118
	40	121
	40	122
	40	123
	40	124
	40	131
	40	132
	40	130
	40	133
	40	134
	34	135
	35	135
	34	136
	34	134
	35	136
	35	134
	36	135
	36	136
	36	134
	37	135
	37	136
	38	135
	38	136
	39	135
	39	136
	40	135
	40	136
	35	133
	36	133
	34	133
	35	132
	36	132
	34	132
	35	131
	36	131
	34	131
	35	130
	36	130
	34	130
	35	129
	36	129
	34	129
	35	128
	36	128
	34	128
	35	127
	36	127
	34	127
	35	126
	36	126
	34	126
	35	125
	36	125
	34	125
	34	124
	35	124
	34	123
	35	123
	34	122
	35	122
	36	122
	35	121
	36	123
	36	121
	34	121
	36	124
CH2		
	149	147
	150	147
	148	147
	149	148
	149	146
	150	148
	150	146
	148	148
	148	146
	151	147
	152	147
	151	148
	151	146
	152	148
	152	146
	153	148
	152	149
	153	149
	153	147
	151	149
	154	148
	154	149
	154	147
	155	148
	155	149
	155	147
	159	148
	160	148
	158	148
	159	149
	159	147
	160	149
	160	147
	158	149
	158	147
	161	148
	162	148
	161	149
	161	147
	162	149
	162	147
	163	148
	164	148
	163	149
	163	147
	164	149
	164	147
	165	148
	165	149
	165	147
	166	148
	167	148
	166	149
	166	147
	167	149
	167	147
	168	148
	168	149
	168	147
	169	148
	169	149
	169	147
	170	148
	170	149
	170	147
	171	148
	171	149
	171	147
	172	148
	172	149
	172	147
	173	148
	174	148
	173	149
	173	147
	174	149
	174	147
	175	148
	175	149
	175	147
	176	148
	176	149
	176	147
	177	148
	177	149
	177	147
	178	148
	179	148
	178	149
	178	147
	179	149
	179	147
	149	149
	150	149
	148	149
	149	150
	150	150
	148	150
	153	150
	154	150
	152	150
	155	150
	156	149
	157	149
	156	150
	156	148
	157	150
	157	148
	158	150
	151	150
	159	150
	160	150
	161	150
	162	150
	163	150
	164	150
	165	150
	166	150
	167	150
	168	150
	169	150
	170	150
	171	150
	172	150
	173	150
	174	150
	175	150
	176	150
	177	150
	178	150
	177	146
	178	146
	176	146
	174	146
	175	146
	173	146
	172	146
	171	146
	170	146
	169	146
	168	146
	167	146
	166	146
	165	146
	164	146
	163	146
	162	146
	161	146
	160	146
	159	146
	158	146
	157	147
	157	146
	156	147
	156	146
	155	146
	154	146
	153	146
	177	151
	178	151
	176	151
	175	151
	174	151
	173	151
	172	151
	171	151
	170	151
	169	151
	168	151
	167	151
	166	151
	165	151
	164	151
	163	151
	162	151
	161	151
	160	151
	159	151
	158	151
	157	151
	149	151
	150	151
	148	151
	151	151
	152	151
	153	151
	154	151
	155	151
	156	151
	150	139
	151	139
	149	139
	150	140
	150	138
	151	140
	151	138
	149	140
	149	138
	153	139
	154	139
	152	139
	153	140
	153	138
	154	140
	154	138
	152	140
	152	138
	155	139
	155	140
	155	138
	158	140
	159	140
	157	140
	158	139
	159	139
	157	139
	161	140
	162	140
	160	140
	161	139
	162	139
	160	139
	156	139
	156	140
	156	138
	157	138
	158	138
	159	138
	160	138
	161	138
	162	138
	164	139
	165	139
	163	139
	164	140
	164	138
	165	140
	165	138
	163	140
	163	138
	166	140
	167	140
	166	139
	167	139
	168	140
	168	139
	169	140
	169	139
	170	140
	170	139
	171	140
	172	140
	171	139
	172	139
	173	140
	173	139
	174	140
	175	140
	174	139
	175	139
	176	140
	176	139
	177	140
	178	140
	177	139
	178	139
	179	140
	179	139
	150	137
	151	137
	149	137
	150	136
	151	136
	149	136
	152	137
	152	136
	153	137
	153	136
	154	137
	155	137
	154	136
	155	136
	156	137
	156	136
	158	137
	159	137
	157	137
	158	136
	159	136
	157	136
	160	137
	160	136
	161	137
	162	137
	161	136
	162	136
	163	137
	163	136
	164	137
	164	136
	165	137
	166	137
	165	136
	166	138
	166	136
	167	137
	167	138
	167	136
	168	137
	169	137
	168	138
	168	136
	169	138
	169	136
	170	137
	170	138
	170	136
	171	137
	172	137
	171	138
	171	136
	172	138
	172	136
	173	137
	173	138
	173	136
	175	137
	176	137
	174	137
	175	138
	175	136
	176	138
	176	136
	174	138
	174	136
	178	137
	179	137
	177	137
	178	138
	178	136
	179	138
	179	136
	177	138
	177	136
	149	144
	150	144
	148	144
	149	145
	149	143
	150	145
	150	143
	148	145
	148	143
	149	142
	150	142
	148	142
	149	141
	150	141
	148	141
	148	140
	148	139
	147	139
	148	138
	147	140
	147	138
	148	137
	147	137
	148	136
	147	136
	151	144
	151	145
	151	143
	152	144
	152	145
	152	143
	154	144
	155	144
	153	144
	154	145
	154	143
	155	145
	155	143
	153	145
	153	143
	156	144
	156	145
	156	143
	159	144
	160	144
	158	144
	159	145
	159	143
	160	145
	160	143
	158	145
	158	143
	161	143
	162	143
	161	144
	161	142
	162	144
	162	142
	160	142
	163	143
	164	143
	163	144
	163	142
	164	144
	164	142
	165	143
	166	143
	165	144
	165	142
	166	144
	166	142
	167	143
	168	143
	167	144
	167	142
	168	144
	168	142
	169	143
	170	143
	169	144
	169	142
	170	144
	170	142
	171	143
	171	144
	171	142
	172	143
	173	143
	172	144
	172	142
	173	144
	173	142
	174	144
	175	144
	174	145
	174	143
	175	145
	175	143
	173	145
	176	144
	176	145
	176	143
	177	144
	177	145
	177	143
	178	145
	178	144
	179	145
	179	146
	179	144
	180	145
	180	146
	180	144
	179	143
	180	143
	178	143
	179	142
	180	142
	178	142
	179	141
	180	141
	178	141
	177	142
	177	141
	176	142
	176	141
	175	142
	175	141
	174	142
	174	141
	173	141
	172	141
	171	141
	172	145
	171	145
	170	145
	169	145
	168	145
	167	145
	166	145
	165	145
	164	145
	163	145
	162	145
	161	145
	157	145
	157	144
	157	143
	156	142
	157	142
	155	142
	154	142
	155	141
	156	141
	154	141
	153	142
	153	141
	152	142
	152	141
	151	142
	151	141
	159	142
	158	142
	159	141
	160	141
	158	141
	161	141
	162	141
	163	141
	164	141
	165	141
	166	141
	167	141
	168	141
	169	141
	170	141
	157	141
