Key	CellX	CellY
VisibleObstacle		
	83	228
	90	230
	91	231
	91	232
	91	230
	90	229
	86	229
	79	232
	85	229
	84	230
	86	228
	84	227
	86	227
	87	228
	87	227
	88	228
	88	227
	89	228
	89	227
	87	226
	88	226
	86	226
	90	228
	90	227
	85	226
	85	225
	86	225
	84	225
	80	224
	83	225
	84	228
	85	228
	83	224
	84	224
	82	225
	83	223
	84	223
	82	223
	82	226
	81	226
	81	223
	82	222
	83	222
	81	222
	82	221
	83	221
	81	221
	84	222
	85	224
	85	223
	86	224
	86	223
	87	225
	87	224
	88	225
	88	224
	85	222
	86	222
	84	221
	85	221
	84	220
	85	220
	83	220
	82	220
	83	219
	84	219
	82	219
	81	220
	81	219
	82	218
	83	218
	81	218
	84	218
	85	219
	86	220
	86	221
	86	219
	87	221
	87	222
	87	220
	87	223
	88	222
	88	223
	88	221
	82	217
	83	217
	81	217
	80	218
	80	219
	80	217
	80	220
	81	216
	82	216
	80	216
	81	215
	82	215
	80	215
	79	215
	80	214
	81	214
	79	216
	79	214
	80	221
	79	219
	79	220
	79	218
	80	222
	79	217
	78	216
	78	217
	78	215
	78	214
	84	217
	83	216
	84	216
	85	217
	85	218
	85	216
	86	218
	86	217
	83	215
	84	215
	82	214
	83	214
	81	213
	82	213
	80	213
	81	212
	82	212
	80	212
	79	213
	78	213
	79	212
	78	212
	77	213
	77	214
	77	212
	78	211
	79	211
	77	211
	80	211
	79	210
	80	210
	78	210
	79	209
	80	209
	78	209
	77	210
	77	209
	78	208
	79	208
	77	208
	81	211
	81	210
	81	209
	82	210
	82	211
	82	209
	80	208
	81	208
	80	207
	81	207
	79	207
	80	206
	81	206
	79	206
	78	206
	79	205
	80	205
	78	207
	78	205
	79	204
	80	204
	78	204
	77	204
	78	203
	79	203
	77	205
	77	203
	78	202
	79	202
	77	202
	77	206
	77	207
	76	205
	76	206
	76	204
	75	204
	76	203
	75	205
	75	203
	74	203
	76	207
	77	201
	77	200
	77	199
	78	201
	78	200
	78	199
	77	198
	76	197
	75	196
	76	196
	75	195
	76	195
	74	194
	75	194
	74	193
	75	193
	74	192
	73	191
	74	191
	72	189
	71	188
	72	188
	71	187
	72	187
	73	190
	74	190
	75	192
	76	194
	76	193
	77	195
	77	196
	77	194
	77	197
	76	192
	75	191
	75	190
	73	189
	74	189
	73	188
	74	188
	73	187
	72	186
	73	186
	71	186
	72	185
	73	185
	71	185
	70	185
	78	196
	78	197
	78	195
	78	198
	79	199
	79	200
	79	198
	79	201
	80	201
	80	202
	80	200
	80	203
	81	202
	81	203
	81	201
	81	204
	81	205
	76	191
	76	190
	75	189
	75	188
	74	187
	75	187
	74	186
	70	184
	71	184
	70	183
	71	183
	69	182
	70	182
	69	181
	70	181
	71	182
	72	184
	69	180
	69	179
	69	178
	68	177
	69	177
	67	177
	67	176
	68	176
	68	180
	70	180
	70	179
	71	181
	71	180
	72	182
	72	183
	72	181
	71	179
	70	178
	70	177
	69	176
	67	175
	68	175
	68	179
	69	175
	67	174
	68	174
	66	174
	67	173
	68	173
	66	173
	67	172
	68	172
	66	172
	65	173
	65	172
	66	171
	67	171
	65	171
	65	170
	66	170
	64	170
	64	169
	65	169
	100	170
	64	168
	65	168
	68	178
	64	167
	65	167
	63	167
	64	166
	65	166
	63	166
	66	169
	66	168
	67	170
	67	169
	66	167
	68	171
	69	173
	69	174
	69	172
	70	176
	70	175
	99	88
	63	165
	98	88
	63	164
	97	88
	96	88
	102	88
	91	87
	63	163
	63	162
	63	161
	101	88
	92	87
	100	88
	95	87
	63	160
	64	163
	64	164
	64	162
	64	165
	65	165
	65	164
	66	165
	66	166
	66	164
	65	163
	65	162
	64	161
	63	159
	94	87
	63	158
	93	87
	62	157
	63	157
	90	87
	64	160
	64	159
	64	158
	62	156
	63	156
	62	160
	62	159
	62	155
	62	158
	61	153
	61	152
	62	154
	62	153
	63	155
	63	154
	63	153
	83	213
	84	213
	83	212
	84	212
	84	214
	64	157
	62	152
	61	151
	62	151
	61	150
	62	150
	61	149
	62	149
	84	211
	83	211
	83	210
	61	148
	62	148
	61	147
	62	147
	61	146
	62	146
	61	145
	62	145
	61	144
	62	144
	61	143
	62	143
	61	142
	62	142
	61	141
	61	140
	61	138
	61	139
	61	137
	61	136
	61	135
	61	134
	62	141
	62	140
	62	139
	62	138
	62	137
	62	136
	62	135
	62	134
	61	133
	62	133
	61	132
	62	132
	61	131
	62	131
	62	129
	61	130
	62	130
	62	128
	107	188
	100	169
	61	120
	62	127
	62	126
	62	125
	62	124
	62	123
	62	122
	62	121
	61	118
	61	119
	61	117
	62	118
	62	119
	62	117
	62	120
	61	116
	62	116
	61	115
	62	115
	61	114
	62	114
	61	113
	62	113
	61	109
	61	110
	61	108
	61	111
	61	112
	62	112
	62	111
	62	110
	62	109
	62	108
	61	107
	62	107
	61	106
	62	106
	61	105
	61	104
	61	103
	62	105
	62	104
	62	103
	61	102
	62	102
	61	101
	62	101
	61	100
	62	100
	61	99
	62	99
	61	98
	61	97
	61	95
	61	96
	61	94
	62	97
	62	98
	62	96
	62	95
	62	94
	61	93
	62	93
	60	93
	59	93
	94	239
	94	238
	95	238
	94	237
	95	239
	95	237
	96	238
	96	239
	96	237
	97	238
	97	239
	97	237
	76	326
	76	327
	77	328
	98	239
	98	238
	99	239
	99	238
	98	237
	99	237
	100	238
	100	239
	100	237
	101	239
	101	238
	102	238
	101	237
	102	237
	103	237
	104	237
	105	237
	104	236
	105	236
	103	236
	106	236
	107	236
	108	236
	109	235
	110	235
	108	235
	111	235
	112	234
	113	234
	111	234
	115	233
	114	233
	117	232
	118	232
	116	232
	115	232
	114	232
	117	231
	118	231
	116	231
	119	231
	120	231
	121	231
	120	230
	121	230
	119	230
	122	230
	122	229
	121	229
	120	229
	119	229
	120	228
	121	228
	119	228
	122	228
	121	227
	120	227
	121	226
	120	226
	121	225
	120	225
	120	224
	120	223
	120	222
	119	224
	119	225
	119	223
	119	226
	119	227
	119	221
	119	222
	119	220
	118	220
	118	221
	118	219
	118	218
	118	222
	118	223
	118	224
	117	221
	117	222
	117	220
	117	219
	117	218
	117	217
	116	216
	116	217
	116	215
	116	218
	115	211
	115	212
	115	213
	115	214
	114	210
	114	211
	114	209
	113	209
	114	208
	113	210
	113	208
	114	207
	113	207
	89	225
	106	235
	92	232
	93	236
	94	236
	105	235
	93	234
	107	235
	104	235
	92	233
	93	235
	113	206
	112	206
	112	207
	112	205
	112	204
	89	223
	89	226
	90	226
	90	225
	112	203
	111	202
	111	203
	111	201
	111	200
	110	201
	110	202
	110	200
	110	199
	110	198
	87	217
	89	224
	111	204
	111	205
	110	195
	110	196
	110	197
	109	195
	109	196
	109	194
	108	194
	108	195
	108	193
	109	197
	109	198
	108	192
	108	191
	108	190
	107	191
	107	192
	107	190
	108	189
	107	189
	107	193
	107	194
	106	187
	106	188
	106	183
	105	182
	106	189
	106	190
	106	184
	105	184
	106	185
	104	187
	106	186
	104	186
	105	185
	104	185
	105	186
	105	180
	105	181
	105	183
	105	179
	104	179
	104	178
	103	178
	104	177
	103	179
	103	177
	103	180
	103	175
	102	175
	103	176
	102	176
	102	174
	101	174
	101	175
	101	173
	101	172
	85	214
	82	208
	83	209
	85	213
	86	216
	87	218
	85	215
	87	219
	86	215
	82	207
	102	177
	102	178
	101	171
	100	171
	100	172
	100	173
	100	174
	101	176
	99	167
	99	168
	99	169
	98	164
	97	162
	97	163
	97	161
	97	164
	98	165
	98	166
	98	167
	96	159
	96	160
	96	158
	95	158
	95	159
	95	157
	95	156
	94	154
	94	155
	93	153
	93	154
	93	152
	93	151
	92	148
	92	149
	92	147
	92	150
	92	151
	92	146
	92	145
	91	146
	91	147
	91	145
	92	144
	91	148
	91	149
	96	161
	96	162
	95	160
	95	161
	94	157
	94	158
	94	156
	94	159
	96	163
	96	164
	97	165
	98	168
	99	170
	92	143
	91	144
	91	143
	92	142
	92	141
	91	142
	91	141
	92	140
	91	140
	92	139
	91	139
	92	138
	91	138
	92	137
	92	136
	91	137
	91	136
	92	135
	91	135
	92	134
	91	134
	92	133
	91	133
	92	132
	91	132
	92	131
	92	130
	91	131
	91	130
	92	129
	91	129
	92	128
	91	128
	92	127
	91	127
	91	125
	91	126
	91	124
	92	125
	92	124
	92	126
	91	123
	91	122
	91	121
	92	118
	91	120
	91	119
	91	118
	92	117
	91	117
	92	116
	91	116
	92	115
	91	115
	92	114
	91	114
	92	113
	91	113
	92	112
	91	112
	92	111
	92	110
	92	109
	91	110
	91	111
	91	109
	92	108
	91	108
	92	107
	91	107
	92	106
	91	106
	92	105
	91	105
	92	104
	91	104
	92	103
	91	103
	92	102
	91	102
	92	101
	91	101
	92	100
	92	99
	91	100
	91	99
	92	97
	92	98
	91	98
	92	96
	92	95
	92	94
	93	93
	101	72
	92	93
	91	96
	91	97
	91	95
	93	92
	94	92
	92	92
	93	91
	94	91
	92	91
	100	72
	95	91
	99	71
	91	94
	91	93
	91	92
	91	91
	99	70
	98	69
	93	90
	94	90
	92	90
	91	90
	96	90
	97	90
	95	90
	98	90
	97	68
	99	90
	98	68
	100	90
	93	67
	97	67
	101	90
	102	90
	91	89
	93	89
	92	89
	94	89
	95	89
	96	89
	97	89
	98	89
	99	89
	100	89
	101	89
	102	89
	103	90
	96	67
	103	89
	104	90
	95	67
	104	89
	105	90
	94	67
	105	89
	106	90
	92	67
	106	89
	107	90
	49	1
	107	89
	108	90
	48	3
	108	89
	48	4
	109	90
	48	56
	45	55
	46	43
	48	55
	48	58
	45	42
	48	59
	48	57
	46	42
	47	59
	46	56
	46	44
	46	20
	49	2
	79	15
	45	44
	109	89
	46	58
	46	59
	45	58
	46	57
	47	60
	45	59
	45	61
	47	57
	45	43
	46	61
	46	60
	45	60
	48	18
	47	17
	46	18
	48	14
	48	17
	48	13
	46	14
	47	12
	47	14
	47	13
	47	58
	45	57
	47	56
	46	55
	47	55
	45	56
	47	22
	79	30
	80	30
	78	29
	81	32
	80	31
	81	31
	91	228
	91	229
	92	231
	91	227
	92	228
	92	230
	92	229
	93	231
	93	232
	47	18
	48	19
	48	21
	89	222
	90	224
	92	227
	89	220
	88	220
	89	221
	79	29
	45	23
	47	23
	46	13
	48	22
	45	22
	46	23
	46	22
	48	20
	83	207
	84	207
	82	206
	82	204
	118	225
	83	206
	84	208
	82	203
	84	209
	83	205
	82	205
	84	210
	88	216
	85	210
	86	213
	88	218
	85	212
	117	223
	87	216
	117	224
	116	220
	94	234
	115	218
	85	211
	83	208
	87	214
	118	226
	116	221
	48	5
	46	24
	45	24
	47	15
	46	15
	46	16
	46	17
	47	16
	47	20
	47	21
	46	19
	47	19
	46	21
	48	16
	79	13
	48	15
	95	236
	113	213
	113	211
	113	212
	112	209
	112	210
	113	214
	94	233
	93	233
	114	216
	114	217
	115	219
	87	215
	86	214
	88	219
	104	188
	106	193
	107	195
	111	207
	112	211
	112	208
	108	200
	107	196
	110	206
	110	205
	106	194
	109	200
	108	199
	107	197
	109	203
	109	201
	110	203
	109	202
	108	70
	108	71
	107	70
	107	71
	106	70
	106	71
	105	70
	105	71
	104	70
	104	71
	103	70
	103	71
	102	70
	102	71
	103	72
	104	72
	102	72
	106	72
	107	72
	105	72
	108	72
	109	72
	110	204
	105	191
	104	189
	101	70
	101	71
	101	69
	100	70
	100	71
	100	69
	100	68
	99	68
	100	67
	99	69
	99	67
	99	66
	98	66
	98	67
	98	65
	97	65
	93	63
	96	65
	97	66
	96	66
	90	64
	90	91
	63	88
	90	89
	64	151
	64	155
	64	150
	62	87
	64	149
	65	158
	65	159
	67	167
	66	163
	67	168
	85	49
	85	50
	85	48
	85	47
	85	46
	85	45
	90	90
	90	58
	89	56
	89	57
	88	56
	88	57
	88	55
	87	54
	86	52
	86	53
	85	51
	85	52
	84	47
	84	48
	84	46
	84	49
	84	50
	84	51
	84	52
	85	44
	85	43
	85	42
	84	45
	84	44
	84	43
	84	42
	85	41
	84	41
	85	40
	84	40
	111	206
	111	208
	116	222
	86	212
	95	235
	88	217
	94	235
	85	39
	84	39
	85	38
	85	37
	85	36
	85	35
	84	38
	84	37
	84	35
	85	34
	84	36
	84	34
	85	33
	84	33
	85	32
	84	32
	85	31
	84	31
	80	28
	79	27
	79	28
	79	26
	79	25
	79	1
	79	2
	79	0
	78	0
	78	1
	78	2
	79	3
	78	3
	77	2
	77	3
	77	1
	76	2
	76	3
	76	1
	75	2
	75	3
	75	1
	76	0
	77	0
	75	0
	74	1
	74	2
	74	0
	73	1
	73	2
	73	0
	72	1
	72	2
	72	0
	71	1
	71	2
	71	0
	70	1
	70	2
	70	0
	69	1
	68	1
	69	2
	69	0
	68	2
	68	0
	67	1
	67	2
	67	0
	66	1
	66	2
	66	0
	65	1
	64	1
	65	2
	65	0
	64	2
	64	0
	63	1
	63	2
	63	0
	62	1
	62	2
	62	0
	61	1
	61	2
	61	0
	60	1
	60	2
	60	0
	59	1
	59	2
	59	0
	58	1
	58	2
	58	0
	57	1
	57	2
	57	0
	56	1
	56	2
	56	0
	55	1
	55	2
	55	0
	51	2
	51	0
	51	1
	51	3
	50	1
	50	4
	51	4
	49	5
	50	5
	48	6
	49	6
	48	7
	49	7
	47	7
	47	8
	48	8
	46	8
	46	9
	47	9
	45	9
	46	10
	47	10
	45	10
	44	10
	45	11
	46	11
	44	11
	45	12
	46	12
	44	12
	79	18
	45	13
	48	9
	49	8
	50	6
	50	7
	50	3
	49	3
	50	2
	49	4
	52	0
	50	0
	53	0
	54	0
	52	2
	53	2
	54	1
	54	2
	53	1
	52	1
	74	3
	79	4
	79	16
	79	17
	43	22
	42	23
	43	23
	42	24
	43	24
	42	25
	43	25
	79	14
	42	22
	44	22
	44	23
	44	24
	44	25
	43	26
	44	26
	42	26
	42	27
	43	27
	42	28
	43	28
	42	29
	43	29
	42	30
	43	30
	42	31
	43	31
	42	32
	43	32
	42	33
	43	33
	42	34
	43	34
	42	35
	43	35
	42	36
	43	36
	42	37
	43	37
	44	28
	44	29
	44	27
	44	30
	44	31
	44	32
	44	34
	44	35
	44	33
	44	36
	44	37
	43	38
	44	38
	42	38
	42	39
	43	39
	42	40
	43	40
	42	41
	43	41
	42	42
	43	42
	42	43
	43	43
	42	44
	43	44
	42	45
	43	45
	42	46
	43	46
	42	47
	43	47
	43	48
	42	49
	43	49
	44	46
	44	47
	44	45
	44	44
	44	43
	44	42
	44	41
	44	40
	44	39
	44	48
	44	49
	43	50
	44	50
	43	51
	44	51
	45	50
	46	50
	45	51
	45	49
	46	51
	46	49
	47	50
	47	51
	47	49
	48	50
	48	51
	48	49
	47	52
	48	52
	46	52
	47	53
	48	53
	46	53
	45	52
	45	53
	44	52
	44	53
	44	54
	44	55
	45	54
	46	54
	47	54
	49	52
	49	53
	49	51
	48	54
	49	54
	49	50
	49	49
	44	56
	44	57
	44	59
	43	60
	44	60
	44	58
	43	61
	44	61
	43	62
	44	62
	43	63
	43	64
	43	65
	44	64
	44	65
	44	63
	43	66
	44	66
	43	67
	44	67
	43	68
	43	69
	43	70
	43	71
	43	72
	43	73
	43	74
	44	73
	44	74
	44	72
	44	71
	44	70
	44	69
	44	68
	43	75
	44	75
	43	76
	44	76
	43	77
	44	77
	43	78
	44	78
	44	79
	45	80
	46	80
	45	79
	46	81
	46	79
	45	78
	46	78
	47	81
	48	81
	47	82
	47	80
	48	82
	48	80
	49	83
	49	82
	50	83
	50	84
	50	82
	51	85
	51	84
	52	85
	52	86
	52	84
	53	86
	53	87
	53	85
	54	88
	54	87
	55	87
	54	86
	55	88
	55	86
	55	89
	56	89
	56	90
	56	88
	57	90
	57	91
	57	89
	58	90
	58	91
	58	89
	59	90
	59	91
	59	89
	60	89
	59	88
	60	90
	60	88
	58	88
	61	89
	61	90
	61	88
	60	91
	61	91
	62	90
	62	91
	62	89
	61	92
	62	92
	60	92
	59	92
	58	92
	57	88
	58	87
	59	87
	57	87
	60	87
	61	87
	62	88
	56	87
	45	77
	46	77
	47	79
	47	78
	48	79
	49	81
	49	80
	50	81
	51	82
	51	83
	51	81
	52	83
	52	82
	53	84
	53	83
	54	84
	54	85
	54	83
	55	85
	55	84
	56	86
	56	85
	105	187
	105	188
	108	196
	108	197
	108	198
	109	199
	103	235
	102	236
	101	236
	100	236
	99	236
	110	234
	109	234
	108	234
	113	233
	116	219
	92	121
	92	120
	92	123
	92	119
	92	122
	42	48
	87	55
	87	56
	54	345
	55	345
	43	330
	54	344
	43	331
	38	322
	44	332
	54	343
	44	327
	36	324
	53	342
	54	342
	42	329
	53	343
	55	341
	53	345
	52	341
	53	341
	53	346
	52	340
	53	340
	53	344
	52	339
	53	339
	51	339
	51	338
	52	338
	50	338
	53	338
	52	337
	53	337
	51	337
	50	337
	51	336
	52	336
	50	336
	49	336
	49	335
	50	335
	48	335
	48	334
	49	334
	47	334
	47	333
	48	333
	46	333
	46	332
	47	332
	45	332
	45	331
	46	331
	44	330
	43	329
	44	329
	42	328
	43	328
	41	328
	40	327
	41	327
	39	326
	40	326
	38	326
	38	325
	39	325
	37	325
	37	324
	35	323
	36	323
	34	322
	35	322
	33	322
	33	321
	34	321
	32	321
	32	320
	33	320
	31	320
	31	319
	32	319
	30	319
	30	318
	31	318
	30	317
	22	301
	21	300
	19	297
	20	297
	19	296
	19	295
	18	294
	18	293
	18	292
	17	291
	17	290
	16	288
	19	294
	19	293
	20	293
	19	292
	20	294
	20	292
	21	293
	21	294
	21	292
	20	291
	21	291
	19	291
	20	290
	21	290
	19	290
	18	291
	18	290
	18	289
	19	289
	17	289
	18	288
	19	288
	17	288
	20	289
	20	288
	17	287
	18	287
	16	287
	15	286
	16	286
	17	286
	16	285
	17	285
	15	285
	14	284
	15	284
	14	283
	15	283
	14	282
	15	282
	14	281
	15	281
	14	280
	15	280
	14	279
	72	359
	13	279
	71	361
	70	361
	14	278
	70	360
	14	277
	73	356
	73	355
	73	357
	71	358
	71	360
	70	359
	16	282
	17	282
	16	283
	17	283
	16	284
	17	284
	71	359
	15	276
	16	275
	17	275
	15	275
	72	358
	17	274
	18	274
	16	274
	14	275
	15	274
	14	276
	14	274
	13	275
	13	276
	13	274
	11	274
	15	277
	11	273
	13	277
	12	276
	13	278
	12	277
	12	279
	12	275
	12	278
	11	275
	11	271
	12	273
	13	273
	10	270
	12	274
	12	272
	15	278
	11	272
	10	271
	11	270
	10	269
	11	269
	12	271
	12	270
	13	272
	13	271
	14	273
	14	272
	15	273
	16	273
	15	272
	16	272
	30	266
	16	271
	31	266
	32	266
	12	269
	72	360
	12	268
	14	271
	13	270
	10	268
	11	268
	9	267
	10	267
	9	266
	10	266
	8	265
	9	265
	8	264
	9	264
	8	263
	9	263
	7	263
	8	262
	9	262
	7	262
	7	261
	8	261
	10	265
	7	260
	8	260
	7	259
	8	259
	8	258
	9	258
	8	257
	9	259
	9	257
	10	258
	10	259
	10	257
	10	256
	11	257
	11	258
	11	256
	12	257
	12	258
	12	256
	11	255
	12	255
	13	256
	13	257
	13	255
	12	254
	13	254
	11	254
	11	253
	12	253
	11	252
	11	251
	10	249
	9	248
	8	247
	9	247
	63	145
	8	246
	9	246
	11	249
	10	248
	11	250
	11	248
	12	250
	12	251
	12	249
	12	252
	13	252
	13	253
	13	251
	10	247
	10	246
	107	187
	90	149
	61	127
	107	186
	90	150
	90	151
	61	121
	61	122
	61	128
	61	129
	61	124
	61	123
	61	126
	61	125
	64	156
	90	152
	63	144
	7	244
	8	245
	9	245
	8	244
	6	243
	101	181
	101	180
	65	161
	101	179
	5	243
	5	242
	5	241
	5	240
	5	239
	5	234
	5	235
	5	233
	5	232
	5	231
	6	231
	6	232
	6	230
	7	229
	7	230
	7	228
	8	229
	8	230
	8	228
	9	229
	9	230
	9	228
	6	229
	8	227
	10	228
	10	229
	10	227
	10	226
	11	227
	11	228
	11	225
	12	227
	12	228
	12	225
	9	227
	13	225
	9	226
	13	226
	13	227
	12	226
	14	226
	14	227
	15	224
	15	226
	15	227
	15	225
	14	224
	14	225
	11	226
	16	225
	16	226
	20	223
	17	225
	17	226
	19	224
	18	225
	18	226
	19	225
	19	226
	16	224
	20	224
	20	225
	17	224
	21	224
	21	225
	21	223
	22	223
	22	224
	18	224
	23	223
	23	224
	23	222
	7	231
	8	231
	9	231
	11	229
	12	229
	13	228
	14	228
	15	228
	16	227
	17	227
	24	223
	24	224
	24	222
	22	225
	23	225
	25	223
	25	224
	25	222
	26	222
	26	223
	26	221
	27	222
	27	223
	27	221
	28	222
	28	223
	28	221
	29	221
	29	222
	29	220
	26	224
	27	224
	24	225
	25	225
	21	226
	22	226
	20	226
	30	220
	31	220
	30	221
	30	219
	31	221
	31	219
	32	220
	32	221
	32	219
	30	222
	31	222
	33	220
	33	221
	33	219
	34	219
	34	220
	34	218
	35	219
	35	220
	35	218
	34	221
	35	221
	36	219
	36	220
	36	218
	37	219
	37	220
	37	218
	38	216
	38	217
	36	216
	38	218
	38	219
	37	217
	39	216
	39	218
	39	219
	39	217
	35	217
	36	217
	37	216
	40	217
	40	218
	40	216
	41	217
	41	218
	41	216
	42	217
	42	218
	42	216
	43	217
	43	218
	43	216
	42	215
	43	215
	41	215
	41	219
	42	219
	40	219
	43	219
	44	217
	44	218
	44	216
	44	215
	40	215
	45	216
	45	217
	45	215
	46	216
	46	217
	46	215
	45	214
	46	214
	44	214
	47	215
	47	216
	47	214
	48	215
	48	216
	48	214
	47	217
	48	217
	49	215
	49	216
	49	214
	48	213
	49	213
	47	213
	50	214
	50	215
	50	213
	51	214
	51	215
	51	213
	52	213
	51	212
	52	214
	52	212
	50	212
	53	213
	54	213
	53	214
	53	212
	54	214
	54	212
	55	213
	55	214
	55	212
	56	212
	55	211
	56	213
	56	211
	54	211
	53	211
	52	211
	57	212
	57	213
	57	211
	58	212
	58	213
	58	211
	57	210
	58	210
	56	210
	55	210
	59	211
	59	212
	59	210
	60	210
	59	209
	60	211
	60	209
	58	209
	61	210
	61	211
	61	209
	60	212
	61	212
	62	210
	62	211
	62	209
	63	210
	63	211
	63	209
	62	208
	63	208
	61	208
	64	209
	64	210
	64	208
	65	209
	65	210
	65	208
	66	209
	66	210
	66	208
	65	207
	66	207
	64	207
	67	208
	67	209
	67	207
	68	208
	68	209
	68	207
	67	206
	68	206
	66	206
	69	207
	69	208
	69	206
	70	207
	70	208
	70	206
	71	206
	70	205
	71	207
	71	205
	69	205
	72	206
	72	207
	72	205
	73	205
	72	204
	73	206
	73	204
	71	204
	74	205
	74	206
	74	204
	74	207
	75	207
	73	207
	74	208
	75	208
	75	206
	73	208
	76	208
	76	209
	75	209
	76	210
	76	211
	76	212
	78	218
	78	219
	78	220
	79	221
	79	222
	80	223
	81	225
	81	227
	81	224
	83	226
	82	224
	83	227
	80	232
	84	229
	78	231
	84	226
	75	338
	73	343
	75	339
	72	238
	71	238
	92	235
	74	236
	92	234
	75	235
	76	235
	73	235
	72	235
	78	234
	77	233
	77	234
	72	236
	72	237
	78	233
	73	236
	71	236
	73	237
	75	236
	70	239
	76	233
	76	236
	71	237
	79	233
	80	229
	80	228
	80	227
	80	226
	76	234
	75	234
	80	225
	74	235
	77	235
	93	237
	91	234
	91	233
	81	233
	81	232
	92	237
	92	236
	81	231
	79	234
	80	231
	82	231
	82	232
	80	230
	81	229
	78	232
	78	230
	85	227
	82	228
	79	231
	82	229
	82	227
	81	230
	83	229
	79	230
	80	233
	82	230
	81	228
	83	230
	59	249
	60	249
	58	251
	59	250
	68	243
	67	243
	67	244
	68	244
	73	342
	68	245
	61	250
	60	250
	58	250
	59	252
	77	333
	77	331
	77	329
	57	253
	60	253
	59	253
	62	251
	48	255
	60	251
	55	255
	61	251
	56	254
	77	330
	54	255
	46	255
	57	254
	55	254
	47	255
	44	256
	45	255
	58	254
	53	255
	77	335
	68	301
	83	231
	58	255
	68	302
	57	255
	56	255
	53	256
	54	256
	54	257
	71	240
	52	256
	53	257
	50	257
	50	256
	49	257
	49	256
	48	257
	48	256
	47	257
	47	256
	46	257
	46	256
	45	257
	45	256
	44	264
	44	265
	44	263
	43	264
	43	265
	43	263
	44	266
	43	266
	44	267
	43	267
	77	334
	59	254
	52	255
	44	258
	50	255
	51	255
	44	257
	44	259
	49	255
	60	252
	77	332
	44	260
	58	252
	44	255
	58	253
	58	249
	61	249
	59	251
	55	256
	56	256
	51	256
	52	257
	51	257
	44	268
	44	269
	45	270
	46	270
	44	270
	43	269
	43	270
	43	268
	42	269
	42	270
	42	268
	43	271
	44	271
	42	271
	41	270
	41	271
	41	269
	42	272
	43	272
	41	272
	42	273
	43	273
	41	273
	40	271
	40	272
	40	270
	39	271
	39	272
	39	270
	38	271
	38	272
	38	270
	39	273
	40	273
	38	273
	37	272
	37	273
	37	271
	37	270
	36	271
	36	272
	36	270
	35	271
	35	272
	35	270
	34	271
	34	272
	34	270
	33	271
	33	272
	33	270
	32	271
	32	272
	32	270
	33	269
	34	269
	32	269
	31	270
	31	271
	31	269
	32	268
	33	268
	31	268
	30	269
	30	270
	30	268
	29	269
	29	270
	29	268
	28	269
	28	270
	28	268
	30	271
	31	272
	34	273
	35	273
	33	273
	36	273
	37	269
	38	269
	36	269
	35	269
	35	268
	36	268
	34	268
	32	267
	33	267
	31	267
	30	267
	29	267
	44	272
	44	273
	45	272
	45	273
	45	271
	46	271
	47	270
	56	270
	57	270
	55	270
	56	271
	57	271
	55	271
	58	271
	57	272
	58	272
	56	272
	54	271
	55	272
	54	272
	54	270
	53	271
	53	272
	53	270
	52	271
	52	272
	52	270
	56	273
	62	283
	59	275
	58	274
	58	273
	57	273
	61	279
	61	278
	59	276
	60	277
	60	276
	51	270
	50	270
	49	270
	50	271
	51	271
	49	271
	51	272
	50	272
	49	272
	48	271
	47	271
	48	272
	48	270
	47	272
	46	272
	9	261
	61	288
	6	236
	66	293
	61	289
	65	293
	66	292
	61	290
	66	294
	62	290
	61	291
	62	291
	62	289
	63	291
	62	292
	63	292
	63	290
	62	293
	63	293
	65	292
	65	294
	65	291
	69	300
	71	303
	68	300
	70	300
	71	300
	64	288
	63	294
	70	301
	71	299
	69	297
	68	296
	64	296
	69	299
	68	297
	69	301
	68	299
	66	296
	71	301
	68	298
	67	296
	70	299
	65	295
	66	295
	65	296
	67	295
	67	297
	68	295
	69	298
	70	298
	78	336
	78	338
	78	337
	79	336
	80	336
	20	296
	79	337
	20	295
	101	178
	75	316
	76	319
	74	314
	75	317
	80	330
	74	315
	77	322
	79	325
	28	308
	29	307
	27	307
	78	323
	78	322
	78	324
	79	326
	30	313
	28	307
	29	308
	29	311
	29	310
	28	311
	28	310
	28	309
	74	344
	75	344
	74	346
	75	345
	74	345
	74	343
	76	343
	75	343
	72	345
	27	308
	29	309
	80	328
	39	269
	40	269
	39	268
	40	268
	38	268
	41	268
	37	268
	42	267
	42	266
	54	347
	55	347
	54	348
	54	346
	55	348
	55	346
	44	331
	55	349
	55	350
	56	349
	56	350
	56	348
	55	351
	56	351
	57	350
	57	351
	57	349
	56	352
	57	352
	57	353
	58	353
	56	353
	57	354
	58	354
	58	352
	56	354
	57	355
	58	355
	56	355
	57	356
	58	356
	57	357
	58	357
	59	357
	58	358
	59	358
	59	356
	60	358
	59	359
	60	359
	60	357
	59	360
	60	360
	61	360
	60	361
	61	361
	61	359
	59	361
	60	362
	61	362
	62	362
	63	362
	62	363
	62	361
	63	363
	63	361
	61	363
	64	362
	64	363
	64	361
	65	362
	65	363
	65	361
	66	363
	65	364
	66	364
	66	362
	64	364
	67	363
	67	362
	68	363
	68	362
	69	363
	69	362
	70	362
	72	357
	74	354
	74	353
	73	353
	74	352
	73	354
	73	352
	74	351
	73	351
	74	350
	73	350
	74	349
	73	349
	72	350
	72	351
	72	349
	73	348
	74	348
	72	348
	73	347
	74	347
	72	347
	71	347
	72	346
	73	346
	71	348
	71	346
	73	345
	73	344
	70	238
	69	238
	70	237
	69	239
	69	237
	70	236
	69	236
	69	240
	69	241
	69	242
	70	297
	62	288
	61	287
	62	287
	60	287
	63	287
	62	286
	63	288
	63	286
	61	286
	62	285
	63	285
	61	285
	62	284
	60	286
	60	285
	7	240
	9	260
	61	284
	60	284
	61	283
	61	282
	61	281
	61	280
	64	295
	64	294
	64	293
	64	292
	64	291
	64	290
	63	289
	64	289
	71	304
	71	302
	70	302
	70	303
	67	298
	67	299
	66	297
	66	298
	80	329
	77	337
	77	338
	77	336
	76	337
	76	338
	76	336
	77	339
	78	339
	76	339
	77	340
	76	340
	77	341
	76	341
	75	341
	74	341
	75	342
	75	340
	76	342
	74	342
	74	340
	30	314
	30	312
	30	315
	22	299
	23	299
	21	299
	22	300
	22	298
	23	300
	23	298
	21	298
	22	297
	23	297
	21	297
	22	296
	23	296
	21	296
	22	295
	23	295
	21	295
	22	294
	24	299
	24	300
	24	298
	23	301
	24	301
	25	300
	25	301
	25	299
	24	302
	25	302
	23	302
	24	303
	25	304
	26	306
	26	305
	26	304
	25	303
	26	303
	27	306
	28	306
	29	306
	27	305
	28	305
	27	304
	28	304
	26	302
	30	316
	30	311
	24	297
	24	296
	22	293
	22	292
	18	286
	18	285
	6	242
	7	242
	6	241
	7	243
	7	241
	65	160
	6	240
	91	154
	6	239
	5	238
	6	238
	5	237
	5	236
	6	237
	109	193
	109	192
	67	361
	68	361
	66	361
	69	361
	79	228
	79	229
	79	227
	79	226
	79	225
	76	213
	79	223
	75	210
	77	217
	77	216
	75	211
	77	215
	79	224
	78	229
	62	250
	72	239
	70	240
	71	239
	64	249
	63	249
	62	249
	73	238
	71	355
	74	237
	71	356
	68	246
	75	237
	57	252
	55	253
	56	253
	56	252
	54	254
	53	254
	55	252
	44	261
	44	262
	43	262
	43	261
	43	260
	43	259
	43	258
	43	257
	43	256
	43	255
	27	303
	27	302
	26	301
	68	241
	68	240
	68	239
	68	242
	68	238
	68	237
	67	246
	64	248
	65	247
	66	247
	66	246
	67	245
	63	248
	62	248
	67	242
	67	240
	67	241
	66	245
	66	244
	70	235
	71	235
	74	234
	66	243
	63	247
	64	247
	6	235
	6	234
	6	233
	60	283
	60	281
	59	280
	59	279
	60	282
	60	279
	60	280
	60	278
	58	278
	59	278
	59	277
	58	276
	58	277
	58	275
	57	275
	57	276
	57	274
	56	274
	56	275
	59	281
	59	282
	59	283
	59	284
	58	279
	58	280
	58	281
	57	277
	57	278
	56	276
	55	274
	55	275
	55	273
	71	306
	71	307
	71	305
	71	308
	71	309
	72	310
	73	311
	72	311
	73	312
	73	313
	78	325
	77	324
	77	325
	77	323
	76	321
	76	322
	76	320
	75	318
	75	319
	75	320
	75	321
	74	318
	74	319
	74	317
	74	316
	73	315
	73	316
	73	314
	72	314
	72	315
	72	313
	72	312
	71	312
	71	313
	71	311
	71	310
	78	326
	79	327
	78	327
	77	326
	77	327
	79	328
	78	328
	79	329
	78	329
	76	323
	76	324
	76	325
	75	323
	75	324
	75	322
	74	321
	74	322
	74	320
	73	318
	73	319
	73	317
	72	316
	72	317
	70	312
	70	313
	70	311
	70	310
	70	309
	70	308
	70	307
	70	306
	70	305
	70	304
	71	314
	71	315
	69	306
	69	307
	69	305
	69	308
	69	304
	69	303
	69	302
	69	309
	69	310
	79	330
	80	331
	80	332
	80	333
	80	334
	80	335
	79	331
	79	332
	79	333
	79	334
	79	335
	78	332
	78	333
	78	331
	78	330
	78	335
	78	334
	69	360
	69	359
	68	359
	69	358
	70	358
	68	360
	68	358
	71	357
	70	357
	72	356
	72	355
	72	354
	72	353
	72	352
	71	351
	71	352
	71	350
	71	349
	71	353
	71	354
	59	355
	60	356
	60	355
	59	354
	59	353
	59	352
	58	351
	59	351
	58	350
	57	348
	56	347
	56	346
	56	345
	55	344
	55	343
	55	342
	54	341
	54	340
	54	339
	51	335
	52	335
	50	334
	51	334
	49	333
	50	333
	48	332
	49	332
	47	331
	45	330
	46	330
	47	330
	48	331
	45	329
	46	329
	42	327
	43	327
	44	328
	41	326
	42	326
	40	325
	41	325
	39	324
	40	324
	38	324
	37	323
	38	323
	36	322
	37	322
	35	321
	36	321
	34	320
	35	320
	33	319
	34	319
	32	318
	33	318
	31	317
	32	317
	31	316
	32	316
	31	315
	32	315
	31	314
	32	314
	31	313
	32	313
	31	312
	32	312
	31	311
	32	311
	30	310
	31	310
	30	309
	31	309
	30	308
	31	308
	30	307
	16	280
	32	309
	32	310
	16	281
	15	279
	10	263
	10	262
	10	261
	9	237
	9	236
	10	236
	10	237
	8	237
	8	236
	8	235
	9	235
	10	235
	29	223
	30	223
	31	223
	31	224
	30	224
	29	224
	56	214
	57	214
	58	214
	56	215
	57	215
	55	215
	42	262
	42	261
	42	260
	42	265
	42	263
	42	264
	42	259
	42	257
	42	258
	42	256
	42	255
	11	267
	11	266
	10	264
	8	243
	9	243
	10	244
	10	245
	9	244
	11	247
	11	246
	13	250
	13	249
	12	248
	12	247
	11	245
	8	242
	8	241
	7	239
	7	238
	7	237
	7	233
	7	232
	8	232
	7	236
	7	235
	7	234
	8	233
	28	224
	62	360
	63	360
	64	360
	61	357
	61	358
	60	354
	57	347
	67	360
	29	305
	29	304
	29	303
	28	303
	28	302
	28	301
	27	301
	26	300
	26	299
	25	298
	23	294
	23	293
	65	246
	64	246
	61	248
	60	248
	62	247
	63	246
	104	183
	104	184
	104	182
	104	181
	104	180
	106	191
	106	192
	103	183
	103	184
	103	182
	103	181
	102	179
	101	177
	99	171
	99	172
	105	189
	105	190
	114	213
	114	214
	114	212
	115	215
	114	215
	115	216
	115	217
	98	169
	98	170
	97	166
	97	167
	78	27
	77	27
	78	28
	78	26
	77	28
	77	26
	78	25
	77	25
	78	24
	79	24
	77	24
	79	23
	78	23
	79	22
	78	22
	77	23
	77	22
	78	21
	79	21
	77	21
	78	20
	79	20
	77	20
	79	19
	78	19
	78	18
	78	17
	78	16
	77	19
	77	18
	77	17
	79	8
	79	9
	79	7
	79	6
	79	10
	79	11
	78	11
	79	12
	78	12
	78	10
	78	13
	78	14
	78	15
	77	15
	77	16
	77	14
	77	13
	77	12
	77	11
	77	10
	78	9
	77	9
	78	8
	77	8
	78	7
	77	7
	78	6
	77	6
	78	5
	79	5
	77	5
	78	4
	77	4
	83	50
	83	51
	83	49
	83	48
	83	47
	83	46
	83	45
	83	44
	83	43
	83	42
	83	41
	83	40
	83	39
	83	38
	83	37
	83	36
	83	35
	83	34
	83	33
	83	32
	83	31
	83	30
	82	29
	82	30
	81	29
	81	30
	80	29
	82	33
	82	34
	82	32
	82	31
	94	64
	95	64
	93	64
	94	65
	90	88
	95	65
	93	65
	91	88
	92	63
	92	88
	92	64
	92	62
	91	62
	93	88
	91	63
	91	61
	90	92
	94	88
	95	88
	91	64
	92	65
	91	65
	90	60
	90	61
	90	59
	90	62
	89	59
	89	60
	89	58
	88	58
	88	59
	87	57
	86	54
	86	55
	85	53
	85	54
	84	53
	108	88
	109	88
	107	88
	108	87
	109	87
	107	87
	107	84
	108	84
	107	85
	107	83
	108	85
	108	83
	118	230
	107	82
	108	82
	107	81
	108	81
	107	80
	108	80
	107	79
	108	79
	102	180
	109	81
	109	82
	109	80
	109	83
	109	84
	109	85
	108	86
	109	86
	107	86
	117	230
	112	233
	118	229
	109	79
	108	78
	109	78
	107	78
	108	77
	109	77
	105	192
	108	76
	109	76
	103	185
	108	75
	109	75
	107	73
	108	74
	109	74
	107	75
	108	73
	109	73
	107	76
	102	182
	102	181
	103	186
	105	193
	107	74
	107	77
	111	233
	110	233
	106	234
	107	234
	105	234
	102	235
	101	235
	97	236
	98	236
	96	236
	113	232
	112	232
	108	233
	109	233
	107	233
	103	234
	104	234
	102	234
	114	231
	115	231
	113	231
	116	230
	115	230
	118	228
	118	227
	100	176
	100	177
	100	175
	99	174
	99	175
	99	173
	98	172
	98	173
	98	171
	97	169
	97	170
	97	168
	97	171
	96	166
	96	167
	96	165
	95	163
	95	164
	95	162
	94	161
	94	162
	94	160
	93	158
	93	159
	93	157
	93	156
	93	155
	92	155
	92	156
	92	154
	92	157
	92	153
	92	152
	91	150
	91	151
	91	152
	91	153
	90	147
	90	148
	90	146
	90	144
	90	145
	90	143
	90	142
	90	141
	90	140
	90	139
	90	138
	90	137
	90	136
	90	135
	90	134
	90	133
	90	132
	90	131
	90	130
	90	129
	90	128
	90	127
	90	124
	90	125
	90	123
	90	126
	90	121
	90	122
	90	120
	90	119
	90	118
	90	117
	90	116
	90	115
	90	114
	90	113
	90	112
	90	111
	90	110
	90	109
	90	108
	90	107
	90	106
	90	105
	90	104
	90	103
	90	102
	90	101
	90	100
	90	99
	90	98
	90	97
	90	96
	90	95
	90	94
	90	93
	63	152
	63	151
	63	150
	63	149
	63	147
	63	148
	63	146
	63	142
	63	143
	63	141
	63	140
	63	139
	63	138
	63	137
	63	136
	63	135
	63	134
	63	133
	63	132
	63	131
	63	130
	63	129
	63	128
	63	127
	63	126
	63	125
	63	124
	63	123
	63	122
	63	121
	63	120
	63	119
	63	118
	63	117
	63	116
	63	115
	63	114
	63	113
	63	112
	63	111
	63	110
	63	108
	63	109
	63	107
	63	106
	63	105
	63	104
	63	103
	63	102
	63	101
	63	100
	63	99
	63	98
	63	97
	63	96
	63	95
	63	94
	63	93
	57	86
	64	154
	64	153
	64	152
	45	76
	45	75
	45	74
	45	73
	45	72
	45	70
	45	71
	45	69
	45	68
	45	67
	45	66
	45	65
	45	64
	45	63
	45	62
	106	88
	106	73
	83	52
	76	28
	76	27
	76	26
	76	25
	76	24
	76	23
	76	22
	76	21
	76	20
	76	19
	76	18
	76	17
	76	16
	76	15
	76	13
	76	14
	76	12
	76	11
	76	10
	76	9
	76	8
	76	7
	76	5
	76	6
	76	4
	77	29
	78	30
	79	31
	80	32
	81	33
	82	35
	82	36
	82	38
	82	37
	95	66
	94	66
	93	66
	92	66
	90	63
	89	62
	89	61
	88	61
	88	60
	87	60
	87	59
	87	58
	86	58
	86	57
	86	56
	85	56
	85	55
	84	55
	84	54
	83	54
	83	53
	104	88
	105	88
	103	88
	16	276
	17	276
	18	276
	18	275
	29	271
	28	271
	29	272
	30	272
	28	272
	19	275
	19	274
	19	276
	16	277
	16	279
	16	278
	97	63
	98	63
	96	63
	97	64
	97	62
	98	64
	98	62
	96	64
	96	62
	95	63
	95	62
	94	62
	95	61
	96	61
	94	63
	94	61
	94	60
	95	60
	93	60
	94	59
	95	59
	93	61
	93	59
	92	59
	93	58
	94	58
	92	60
	92	58
	93	57
	94	57
	92	57
	92	61
	93	62
	91	57
	90	57
	91	58
	91	56
	92	56
	90	56
	90	55
	91	55
	89	55
	90	54
	91	54
	89	54
	91	59
	91	60
	88	54
	89	53
	90	53
	88	53
	89	52
	90	52
	88	52
	87	52
	88	51
	89	51
	87	53
	87	51
	86	51
	87	50
	88	50
	86	50
	87	49
	88	49
	86	49
	87	48
	88	48
	86	48
	87	47
	88	47
	86	47
	87	46
	88	46
	86	46
	87	45
	88	45
	86	45
	87	44
	88	44
	86	44
	87	43
	88	43
	86	43
	87	42
	88	42
	86	42
	87	41
	88	41
	86	41
	87	40
	88	40
	86	40
	87	39
	88	39
	86	39
	87	38
	88	38
	86	38
	87	37
	88	37
	86	37
	95	58
	96	59
	96	60
	96	58
	97	60
	98	60
	97	61
	97	59
	98	61
	98	59
	99	63
	99	64
	99	62
	99	65
	100	65
	100	66
	100	64
	101	65
	101	66
	101	64
	101	67
	102	66
	102	67
	102	65
	103	67
	102	68
	103	68
	103	66
	101	68
	104	68
	103	69
	104	69
	104	67
	102	69
	105	68
	105	69
	105	67
	106	68
	106	69
	106	67
	107	69
	108	69
	109	70
	109	71
	109	69
	110	70
	111	70
	110	71
	110	69
	111	71
	111	69
	110	72
	111	72
	110	73
	111	73
	110	74
	111	74
	110	75
	111	75
	110	76
	111	76
	110	77
	111	77
	110	78
	111	78
	110	79
	111	79
	110	80
	111	80
	110	81
	111	81
	110	82
	111	82
	110	83
	111	83
	110	84
	111	84
	110	85
	111	85
	110	86
	111	86
	110	87
	111	87
	110	88
	111	88
	110	89
	111	89
	110	90
	111	90
	110	91
	111	91
	109	91
	108	91
	107	91
	106	91
	105	91
	104	91
	105	92
	106	92
	104	92
	103	91
	103	92
	102	91
	102	92
	101	91
	101	92
	100	91
	100	92
	99	91
	99	92
	98	91
	98	92
	97	91
	97	92
	96	91
	96	92
	103	93
	104	93
	102	93
	105	93
	107	92
	106	93
	107	93
	108	92
	108	93
	109	92
	109	93
	110	92
	110	93
	111	92
	112	91
	112	92
	112	90
	95	92
	106	66
	107	66
	105	66
	106	65
	107	67
	107	65
	105	65
	104	66
	104	65
	102	64
	103	64
	102	63
	103	65
	103	63
	101	63
	100	63
	100	62
	101	62
	99	61
	100	61
	99	60
	99	59
	97	58
	98	58
	96	57
	97	57
	95	57
	95	56
	96	56
	94	56
	93	56
	94	55
	95	55
	93	55
	92	55
	93	54
	94	54
	92	54
	93	53
	94	53
	92	53
	91	53
	92	52
	93	52
	91	52
	91	51
	92	51
	90	51
	91	50
	92	50
	90	50
	89	50
	90	49
	91	49
	89	49
	87	35
	88	35
	86	35
	87	36
	87	34
	88	36
	88	34
	86	36
	86	34
	87	33
	88	33
	86	33
	87	32
	88	32
	86	32
	87	31
	88	31
	86	31
	88	230
	89	230
	87	230
	88	231
	88	229
	89	231
	89	229
	87	231
	87	229
	90	231
	89	232
	90	232
	88	232
	89	233
	90	233
	88	233
	90	234
	91	235
	90	235
	89	234
	88	234
	90	236
	91	236
	89	236
	90	237
	91	237
	89	237
	89	235
	91	238
	92	238
	90	238
	93	238
	92	239
	93	239
	91	239
	93	240
	94	240
	92	240
	95	240
	94	241
	95	241
	93	241
	96	240
	96	241
	97	240
	97	241
	98	240
	98	241
	99	240
	99	241
	100	240
	100	241
	101	240
	101	241
	102	239
	102	240
	103	239
	103	240
	103	238
	104	239
	104	240
	104	238
	105	238
	106	238
	105	239
	106	239
	106	237
	107	238
	107	239
	107	237
	108	237
	108	238
	109	236
	109	237
	110	236
	110	237
	111	236
	111	237
	112	236
	112	237
	112	235
	109	238
	110	238
	105	240
	109	239
	110	239
	108	239
	113	236
	113	237
	113	235
	114	236
	115	236
	114	237
	114	235
	115	237
	115	235
	116	236
	116	237
	116	235
	117	235
	116	234
	117	236
	117	234
	115	234
	118	235
	118	236
	118	234
	119	234
	118	233
	119	235
	119	233
	117	233
	120	234
	120	235
	120	233
	116	233
	114	234
	119	232
	120	232
	121	232
	121	233
	122	231
	122	232
	123	231
	123	232
	123	230
	123	229
	124	229
	123	228
	124	230
	124	228
	123	226
	124	226
	122	226
	123	227
	123	225
	124	227
	124	225
	122	227
	122	225
	123	224
	124	224
	122	224
	121	224
	122	223
	123	223
	121	223
	122	222
	123	222
	121	222
	122	221
	123	221
	121	221
	120	221
	121	220
	122	220
	120	220
	121	219
	122	219
	120	219
	119	219
	120	218
	121	218
	119	218
	120	217
	121	217
	119	217
	118	217
	119	216
	120	216
	118	216
	119	215
	120	215
	118	215
	117	215
	117	216
	117	214
	118	214
	116	214
	116	213
	117	213
	116	212
	117	212
	116	211
	117	211
	115	210
	116	210
	115	209
	115	208
	115	207
	114	206
	117	210
	116	209
	117	209
	118	212
	118	213
	118	211
	119	213
	119	214
	119	212
	120	214
	120	213
	116	208
	117	208
	116	207
	117	207
	115	206
	116	206
	115	205
	116	205
	114	205
	113	205
	114	204
	115	204
	113	204
	114	203
	115	203
	113	203
	113	202
	114	202
	112	202
	112	201
	113	201
	112	200
	113	200
	111	199
	112	199
	111	198
	112	198
	111	197
	112	197
	111	196
	112	196
	111	195
	112	195
	110	194
	111	194
	110	193
	111	193
	110	192
	111	192
	113	198
	113	199
	113	197
	114	200
	114	201
	114	199
	115	202
	116	204
	117	206
	117	205
	118	209
	118	210
	118	208
	119	210
	119	211
	119	209
	120	211
	120	212
	120	210
	121	214
	121	215
	121	213
	109	191
	110	191
	109	190
	110	190
	109	189
	110	189
	109	188
	110	188
	108	188
	108	187
	109	187
	108	186
	107	185
	108	185
	107	183
	106	182
	107	184
	107	182
	106	181
	106	180
	105	178
	105	177
	108	184
	108	183
	110	187
	111	190
	111	191
	111	189
	106	179
	104	176
	105	176
	104	175
	105	175
	104	174
	105	174
	103	174
	104	173
	105	173
	103	173
	102	173
	103	172
	104	172
	102	172
	103	171
	104	171
	102	171
	102	170
	103	170
	101	170
	102	169
	103	169
	101	169
	102	168
	103	168
	101	168
	100	167
	101	167
	100	168
	100	166
	101	166
	99	166
	99	165
	100	165
	99	164
	100	164
	98	163
	99	163
	98	162
	99	162
	98	161
	99	161
	98	160
	99	160
	97	160
	97	159
	98	159
	97	158
	98	158
	97	157
	98	157
	96	157
	96	156
	97	156
	95	155
	96	155
	95	154
	96	154
	99	159
	101	165
	102	167
	102	166
	102	165
	101	164
	100	163
	101	163
	100	162
	100	161
	98	156
	97	155
	95	153
	96	153
	94	153
	94	152
	95	152
	94	151
	95	151
	94	150
	95	150
	93	150
	93	149
	94	149
	93	148
	94	148
	97	153
	96	152
	97	154
	97	152
	98	155
	99	158
	100	158
	99	157
	100	159
	100	157
	100	160
	101	160
	101	161
	101	159
	73	203
	74	202
	75	202
	73	202
	76	202
	75	201
	76	201
	74	201
	75	200
	76	200
	74	200
	76	199
	75	199
	76	198
	75	198
	75	197
	74	197
	74	198
	74	196
	74	195
	74	199
	73	201
	73	200
	73	199
	73	198
	73	197
	73	196
	73	195
	73	194
	73	193
	72	193
	73	192
	72	194
	72	192
	71	192
	72	191
	71	193
	71	191
	70	191
	71	190
	72	190
	70	192
	70	190
	71	189
	70	189
	70	188
	69	189
	69	190
	69	188
	70	187
	69	187
	70	186
	69	186
	69	185
	68	185
	69	184
	68	186
	68	184
	67	184
	68	183
	69	183
	67	185
	67	183
	68	182
	67	182
	68	181
	67	181
	67	180
	66	180
	67	179
	66	181
	66	179
	65	179
	66	178
	67	178
	65	180
	65	178
	66	177
	65	177
	66	176
	65	176
	66	175
	65	175
	64	175
	65	174
	64	176
	64	174
	63	174
	64	173
	63	175
	63	173
	64	172
	63	172
	64	171
	63	171
	63	170
	62	170
	63	169
	62	171
	62	169
	63	168
	62	168
	62	167
	62	166
	61	167
	61	168
	61	166
	62	165
	61	165
	62	164
	61	164
	60	165
	60	166
	60	164
	61	163
	62	163
	60	163
	61	162
	62	162
	60	162
	61	161
	62	161
	60	161
	61	160
	60	160
	61	159
	60	159
	61	158
	60	158
	61	157
	60	157
	61	156
	60	156
	70	193
	71	194
	72	195
	71	195
	72	196
	71	196
	72	197
	72	198
	72	199
	72	200
	72	203
	72	202
	72	201
	59	157
	59	158
	59	156
	59	159
	59	161
	59	162
	59	160
	59	163
	59	164
	60	155
	61	155
	59	155
	60	153
	59	153
	60	154
	60	152
	61	154
	59	154
	59	152
	60	151
	59	151
	60	150
	59	150
	60	149
	59	149
	60	148
	59	148
	60	147
	59	147
	60	146
	59	146
	60	145
	59	145
	60	144
	59	144
	60	143
	59	143
	60	142
	59	142
	60	141
	59	141
	60	140
	59	140
	60	139
	59	139
	60	138
	59	138
	60	137
	59	137
	60	136
	59	136
	60	135
	59	135
	60	134
	59	134
	60	133
	59	133
	60	132
	59	132
	60	131
	59	131
	60	130
	59	130
	60	129
	59	129
	60	128
	59	128
	60	127
	59	127
	58	127
	59	126
	60	126
	58	128
	58	126
	59	125
	60	125
	58	125
	59	124
	60	124
	58	124
	59	123
	60	123
	58	123
	60	122
	59	122
	60	121
	59	121
	60	120
	59	120
	60	119
	59	119
	60	118
	59	118
	60	117
	59	117
	60	116
	59	116
	60	115
	59	115
	60	114
	60	113
	60	112
	59	113
	59	114
	59	112
	60	111
	59	111
	60	110
	59	110
	60	109
	59	109
	60	108
	59	108
	60	107
	59	107
	60	106
	59	106
	60	105
	59	105
	60	104
	59	104
	60	103
	59	103
	60	102
	59	102
	60	101
	59	101
	60	100
	59	100
	60	99
	59	99
	60	98
	59	98
	60	97
	59	97
	60	96
	59	96
	60	95
	59	95
	60	94
	59	94
	93	147
	94	147
	93	146
	94	146
	93	145
	94	145
	93	144
	94	144
	93	143
	94	143
	93	142
	94	142
	93	141
	94	141
	93	140
	94	140
	93	139
	94	139
	93	138
	94	138
	93	137
	94	137
	93	136
	94	136
	93	135
	94	135
	93	134
	94	134
	93	133
	94	133
	93	132
	94	132
	93	131
	94	131
	93	130
	94	130
	93	129
	94	129
	93	128
	94	128
	93	127
	94	127
	93	126
	94	126
	93	125
	94	125
	93	124
	94	124
	93	123
	94	123
	93	122
	94	122
	93	121
	94	121
	95	122
	95	123
	95	121
	94	120
	95	120
	93	120
	94	119
	95	119
	93	119
	94	118
	95	118
	93	118
	94	117
	95	117
	93	117
	93	116
	94	116
	93	115
	94	115
	93	114
	94	114
	93	113
	94	113
	93	112
	94	112
	93	111
	94	111
	93	110
	94	110
	93	109
	94	109
	93	108
	94	108
	93	107
	94	107
	93	106
	94	106
	93	105
	94	105
	93	104
	94	104
	93	103
	94	103
	93	102
	94	102
	93	101
	94	101
	93	100
	94	100
	93	99
	94	99
	93	98
	94	98
	93	97
	94	97
	93	96
	94	96
	93	95
	94	95
	93	94
	94	94
	94	93
	95	93
	95	94
	97	93
	98	93
	96	93
	100	93
	101	93
	99	93
	111	93
	112	93
	113	92
	113	93
	113	91
	113	90
	112	89
	113	89
	58	94
	58	95
	58	93
	57	92
	57	93
	56	91
	55	90
	55	91
	54	89
	54	90
	53	88
	53	89
	52	87
	52	88
	51	87
	51	88
	51	86
	50	86
	50	87
	50	85
	49	85
	49	86
	49	84
	48	85
	48	86
	48	84
	48	83
	47	84
	47	85
	47	83
	46	83
	46	84
	46	82
	45	82
	45	83
	45	81
	44	80
	44	81
	43	79
	43	80
	43	81
	45	84
	47	86
	49	87
	48	87
	50	88
	49	88
	52	89
	51	89
	53	90
	54	91
	53	91
	55	92
	56	92
	54	92
	56	93
	55	93
	57	94
	57	95
	58	96
	42	79
	42	80
	42	78
	41	79
	41	80
	41	78
	41	75
	42	75
	40	75
	41	76
	41	74
	42	76
	42	74
	40	76
	40	74
	41	73
	42	73
	40	73
	42	72
	41	72
	42	71
	41	71
	42	70
	41	70
	42	77
	41	77
	42	69
	42	68
	42	67
	42	66
	42	65
	41	68
	41	69
	41	67
	41	66
	41	65
	42	64
	41	64
	42	63
	41	63
	42	62
	41	62
	42	61
	41	61
	42	60
	41	60
	43	59
	42	59
	43	58
	42	58
	43	57
	42	57
	43	56
	42	56
	43	55
	42	55
	43	54
	42	54
	43	53
	42	53
	43	52
	42	52
	42	51
	42	50
	41	48
	41	49
	41	47
	40	47
	41	46
	40	48
	40	46
	40	49
	41	50
	40	50
	41	51
	40	51
	41	52
	40	52
	41	45
	40	45
	41	44
	40	44
	41	43
	40	43
	41	42
	40	42
	41	41
	40	41
	41	40
	40	40
	41	39
	40	39
	41	38
	40	38
	41	37
	40	37
	41	36
	41	35
	41	34
	41	33
	41	32
	41	31
	41	30
	41	29
	40	34
	40	35
	40	33
	40	36
	40	30
	40	31
	40	29
	41	28
	40	28
	41	27
	40	27
	41	26
	40	26
	41	25
	40	25
	41	24
	40	24
	40	32
	41	23
	41	22
	40	23
	40	22
	42	21
	43	21
	41	21
	42	20
	43	20
	41	20
	40	21
	40	20
	44	21
	44	20
	45	21
	45	20
	45	19
	44	19
	45	18
	44	18
	45	17
	44	17
	45	16
	44	16
	45	15
	44	15
	45	14
	44	14
	44	13
	43	13
	43	14
	43	12
	43	11
	42	12
	42	13
	42	11
	43	10
	42	10
	43	9
	44	9
	42	9
	44	8
	45	8
	43	8
	45	7
	46	7
	44	7
	46	6
	47	6
	45	6
	46	5
	47	5
	45	5
	47	4
	46	4
	47	3
	43	7
	44	6
	43	6
	46	3
	48	2
	47	2
	48	1
	47	1
	49	0
	48	0
	46	2
	45	4
	44	5
	44	4
	45	3
	44	3
	45	2
	44	2
	46	1
	45	1
	47	0
	46	0
	43	19
	43	17
	43	18
	43	16
	43	15
	44	82
	43	82
	44	83
	43	83
	41	58
	41	59
	41	57
	41	56
	41	55
	41	54
	41	53
	46	269
	47	269
	45	269
	46	268
	47	268
	45	268
	46	267
	47	267
	45	267
	46	266
	47	266
	45	266
	46	265
	47	265
	45	265
	46	264
	47	264
	45	264
	46	263
	47	263
	45	263
	46	262
	47	262
	45	262
	46	261
	47	261
	45	261
	46	260
	47	260
	45	260
	46	259
	47	259
	45	259
	46	258
	47	258
	45	258
	48	258
	48	259
	49	258
	49	259
	50	258
	50	259
	51	258
	51	259
	52	258
	52	259
	53	258
	54	258
	55	257
	55	258
	56	257
	57	256
	57	257
	58	256
	59	255
	59	256
	60	254
	60	255
	61	253
	61	254
	61	252
	62	252
	62	253
	63	252
	63	253
	63	251
	63	250
	64	251
	64	252
	64	250
	65	250
	65	251
	65	249
	66	249
	65	248
	66	250
	66	248
	67	248
	67	249
	67	247
	68	247
	68	248
	69	247
	69	248
	69	246
	69	245
	70	245
	69	244
	70	246
	70	244
	71	245
	71	246
	71	244
	70	243
	71	243
	69	243
	72	243
	71	242
	72	244
	72	242
	70	242
	71	241
	72	241
	70	241
	73	241
	72	240
	73	242
	73	240
	73	239
	74	239
	74	240
	74	238
	75	238
	75	239
	76	237
	76	238
	77	236
	77	237
	78	236
	78	237
	78	235
	79	235
	79	236
	80	235
	80	236
	80	234
	81	234
	82	233
	82	234
	83	233
	83	234
	83	232
	84	232
	84	233
	84	231
	85	231
	85	232
	85	230
	86	231
	86	232
	86	230
	87	232
	87	233
	86	233
	85	233
	77	232
	77	231
	76	232
	76	231
	77	238
	78	238
	76	239
	75	240
	76	240
	74	241
	75	241
	74	242
	73	243
	74	243
	79	237
	80	237
	81	235
	82	235
	81	236
	82	236
	83	235
	83	236
	84	235
	84	236
	84	234
	85	234
	85	235
	86	234
	86	235
	87	234
	87	235
	88	235
	48	269
	49	269
	48	268
	49	268
	50	269
	50	268
	51	269
	51	268
	52	269
	52	268
	53	269
	53	268
	54	269
	54	268
	55	269
	55	268
	56	269
	56	268
	57	269
	57	268
	58	269
	58	270
	58	268
	59	269
	59	270
	59	268
	59	271
	59	272
	59	273
	60	272
	60	273
	60	271
	59	274
	60	274
	61	274
	60	275
	61	275
	61	273
	61	276
	62	276
	61	277
	62	277
	62	275
	62	278
	63	278
	62	279
	63	279
	63	277
	62	280
	63	280
	64	280
	63	281
	64	281
	64	279
	62	281
	63	282
	64	282
	62	282
	63	283
	64	283
	63	284
	64	284
	64	285
	65	285
	64	286
	65	286
	65	284
	64	287
	65	287
	66	287
	65	288
	66	288
	66	286
	65	289
	66	289
	67	289
	66	290
	67	290
	67	288
	65	290
	66	291
	67	291
	67	292
	68	292
	67	293
	68	293
	68	291
	69	293
	68	294
	69	294
	69	292
	67	294
	69	295
	70	295
	69	296
	70	296
	70	294
	71	296
	71	297
	71	295
	71	298
	73	296
	74	296
	72	296
	73	297
	73	295
	74	297
	74	295
	72	297
	72	295
	73	298
	74	298
	72	298
	73	299
	74	299
	72	299
	73	300
	74	300
	72	300
	73	301
	74	301
	72	301
	73	302
	74	302
	72	302
	73	303
	74	303
	72	303
	73	304
	74	304
	72	304
	73	305
	74	305
	72	305
	73	306
	74	306
	72	306
	73	307
	74	307
	72	307
	73	308
	74	308
	72	308
	73	309
	74	309
	72	309
	73	310
	74	310
	74	311
	75	311
	74	312
	75	312
	75	310
	75	313
	76	313
	74	313
	75	314
	76	314
	76	312
	75	315
	76	315
	77	315
	76	316
	77	316
	77	314
	76	317
	77	317
	78	317
	77	318
	78	318
	78	316
	76	318
	77	319
	78	319
	77	320
	78	320
	79	320
	78	321
	79	321
	79	319
	77	321
	80	321
	79	322
	80	322
	80	320
	79	323
	80	323
	79	324
	80	324
	80	325
	81	324
	81	325
	81	323
	80	326
	81	326
	80	327
	81	327
	82	326
	82	327
	82	325
	81	328
	82	328
	81	329
	82	329
	83	329
	82	330
	83	330
	83	328
	81	330
	82	331
	83	331
	81	331
	82	332
	83	332
	81	332
	82	333
	83	333
	81	333
	82	334
	83	334
	81	334
	82	335
	83	335
	81	335
	81	336
	82	336
	68	364
	69	364
	67	364
	68	365
	69	365
	67	365
	70	363
	70	364
	71	363
	71	364
	71	362
	72	363
	72	364
	72	362
	72	361
	73	362
	73	363
	73	361
	73	360
	73	359
	74	359
	73	358
	74	360
	74	358
	74	357
	74	356
	74	355
	75	355
	75	356
	75	354
	75	353
	75	352
	75	351
	75	350
	76	350
	75	349
	76	351
	76	349
	75	348
	76	348
	75	347
	76	347
	75	346
	76	346
	77	346
	76	345
	77	347
	77	345
	76	344
	77	344
	77	343
	78	344
	78	345
	78	343
	77	342
	78	342
	78	341
	79	341
	78	340
	79	342
	79	340
	80	340
	79	339
	80	341
	80	339
	79	338
	80	338
	81	339
	81	340
	81	338
	80	337
	81	337
	82	337
	82	338
	83	336
	83	337
	84	336
	84	337
	84	335
	84	334
	68	366
	69	366
	67	366
	66	365
	65	365
	66	366
	65	366
	64	365
	63	365
	64	366
	63	366
	63	364
	62	365
	62	366
	62	364
	61	364
	61	365
	60	364
	60	365
	60	363
	59	363
	59	364
	59	362
	58	361
	58	362
	58	360
	58	359
	57	359
	57	360
	57	358
	56	357
	56	358
	56	356
	55	355
	55	356
	55	354
	55	358
	56	359
	55	359
	55	357
	56	360
	55	360
	57	361
	56	361
	57	362
	58	363
	57	363
	54	355
	54	356
	54	354
	55	353
	54	353
	55	352
	54	352
	54	351
	53	351
	54	350
	53	352
	53	350
	54	349
	53	349
	53	348
	52	349
	52	350
	52	348
	53	347
	52	347
	53	353
	53	354
	52	346
	52	345
	51	345
	52	344
	51	346
	51	344
	52	343
	51	343
	52	342
	51	342
	51	341
	50	342
	50	343
	50	341
	51	340
	50	340
	50	339
	49	339
	49	340
	49	338
	48	338
	49	337
	48	339
	48	337
	48	336
	51	347
	51	348
	49	341
	47	337
	47	338
	47	336
	47	335
	46	335
	46	336
	46	334
	45	334
	45	335
	45	333
	44	333
	43	332
	43	333
	42	330
	42	331
	44	334
	44	335
	42	333
	43	334
	42	334
	42	332
	41	332
	41	333
	41	331
	41	330
	40	331
	40	332
	40	330
	41	329
	40	329
	39	329
	40	328
	39	330
	39	328
	38	328
	39	327
	38	329
	38	327
	37	327
	37	328
	37	326
	36	325
	36	326
	35	324
	35	325
	34	323
	34	324
	33	323
	31	321
	32	322
	31	322
	33	324
	35	326
	36	327
	36	328
	37	329
	38	330
	39	331
	38	331
	39	332
	40	333
	41	334
	43	335
	42	335
	44	336
	45	336
	43	336
	45	337
	46	337
	44	337
	46	338
	45	338
	47	339
	46	339
	48	340
	47	340
	48	341
	49	342
	49	343
	50	344
	50	345
	50	346
	51	349
	52	351
	53	355
	54	357
	54	358
	35	327
	34	325
	34	326
	33	325
	32	323
	31	323
	30	321
	30	322
	30	320
	29	320
	29	321
	29	319
	28	320
	28	321
	28	319
	30	323
	32	324
	31	324
	32	325
	33	326
	29	318
	29	317
	28	318
	28	317
	29	316
	28	316
	29	315
	28	315
	29	314
	28	314
	29	313
	28	313
	28	312
	29	312
	27	312
	27	313
	27	311
	27	310
	27	309
	27	314
	27	320
	27	321
	27	319
	27	318
	27	317
	27	316
	27	315
	26	313
	26	314
	26	312
	26	311
	26	310
	26	309
	26	308
	25	309
	25	310
	25	308
	26	307
	25	307
	24	307
	25	306
	24	308
	24	306
	25	305
	24	305
	23	305
	24	304
	23	306
	23	304
	23	303
	22	303
	22	304
	22	302
	21	301
	21	302
	20	300
	20	301
	20	299
	20	298
	19	299
	19	300
	19	298
	18	296
	18	297
	18	295
	17	295
	17	296
	17	294
	17	293
	17	292
	16	292
	16	293
	16	291
	16	290
	15	290
	16	289
	15	291
	15	289
	15	288
	15	287
	14	286
	14	287
	14	285
	13	284
	13	285
	13	283
	13	282
	13	281
	12	281
	13	280
	12	282
	12	280
	11	278
	11	279
	11	277
	14	288
	13	286
	13	287
	13	288
	14	289
	11	276
	10	276
	10	277
	10	275
	10	274
	10	273
	10	272
	9	271
	9	272
	9	270
	8	273
	9	273
	7	273
	8	274
	8	272
	9	274
	7	274
	7	272
	8	271
	7	271
	8	270
	7	270
	8	269
	9	269
	7	269
	8	268
	9	268
	7	268
	8	267
	7	267
	8	266
	7	266
	7	265
	9	275
	9	276
	9	277
	10	278
	10	279
	11	280
	11	281
	11	282
	12	283
	11	283
	12	284
	12	285
	12	286
	35	267
	36	267
	34	267
	37	267
	38	267
	39	267
	40	267
	41	267
	6	267
	6	268
	6	266
	6	265
	7	264
	6	264
	6	263
	5	263
	6	262
	5	264
	5	262
	6	261
	5	261
	6	260
	5	260
	6	259
	5	259
	6	258
	7	258
	5	258
	6	257
	7	257
	5	257
	6	256
	7	256
	5	256
	8	256
	7	255
	8	255
	6	255
	9	255
	8	254
	9	256
	9	254
	7	254
	10	255
	10	254
	9	253
	10	253
	8	253
	10	252
	9	252
	10	251
	9	251
	10	250
	9	250
	8	250
	9	249
	8	251
	8	249
	7	249
	8	248
	7	250
	7	248
	6	248
	7	247
	6	249
	6	247
	7	246
	6	246
	5	247
	5	248
	5	246
	6	250
	5	250
	6	251
	7	251
	5	251
	5	249
	6	253
	7	253
	5	253
	6	254
	6	252
	7	252
	5	254
	5	252
	5	255
	8	252
	7	245
	6	245
	5	245
	6	244
	5	244
	4	244
	4	245
	4	243
	4	242
	3	243
	3	244
	3	242
	4	241
	3	241
	4	240
	3	240
	4	239
	3	239
	4	238
	3	238
	2	238
	3	237
	4	237
	2	239
	2	237
	3	236
	4	236
	2	236
	3	235
	4	235
	2	235
	3	234
	4	234
	2	234
	3	233
	4	233
	2	233
	4	232
	3	232
	2	242
	2	243
	2	241
	4	246
	2	244
	2	240
	2	232
	3	231
	4	231
	2	231
	3	230
	4	230
	2	230
	3	229
	4	229
	2	229
	5	230
	5	229
	5	228
	6	228
	4	228
	5	227
	6	227
	4	227
	7	227
	7	226
	8	226
	6	226
	8	225
	9	225
	7	225
	10	225
	10	224
	11	224
	9	224
	12	224
	13	224
	12	223
	13	223
	11	223
	14	223
	15	223
	16	223
	17	223
	16	222
	17	222
	15	222
	18	223
	18	222
	19	223
	19	222
	20	222
	19	221
	20	221
	18	221
	21	222
	21	221
	22	222
	22	221
	23	221
	22	220
	23	220
	21	220
	24	221
	24	220
	25	221
	25	220
	26	220
	27	220
	26	219
	27	219
	25	219
	28	219
	29	219
	28	220
	28	218
	29	218
	27	218
	30	218
	31	218
	32	218
	31	217
	32	217
	30	217
	33	218
	33	217
	34	217
	34	216
	35	216
	33	216
	37	215
	38	215
	36	215
	39	215
	40	214
	41	214
	39	214
	38	214
	37	214
	35	215
	34	215
	32	216
	31	216
	30	216
	29	217
	29	216
	28	217
	27	217
	26	218
	24	219
	25	218
	24	218
	23	219
	23	218
	43	213
	44	213
	42	213
	43	214
	43	212
	44	212
	42	214
	42	212
	46	213
	45	213
	46	212
	47	212
	45	212
	48	212
	47	211
	48	211
	46	211
	49	212
	49	211
	50	211
	51	211
	52	210
	53	210
	51	210
	54	210
	56	209
	57	209
	55	209
	58	208
	59	208
	57	208
	60	208
	60	207
	61	207
	59	207
	62	207
	63	207
	63	206
	64	206
	62	206
	65	206
	65	205
	66	205
	64	205
	67	205
	68	205
	68	204
	69	204
	67	204
	70	204
	69	203
	70	203
	68	203
	71	203
	71	202
	70	202
	71	201
	70	201
	71	200
	70	200
	71	199
	70	199
	71	198
	70	198
	71	197
	69	202
	68	202
	66	204
	67	203
	66	203
	65	204
	65	203
	63	205
	64	204
	63	204
	62	205
	62	204
	61	206
	61	205
	60	206
	59	206
	58	207
	57	207
	56	208
	55	208
	56	207
	55	207
	54	209
	53	209
	54	208
	53	208
	50	210
	51	209
	52	209
	50	209
	49	210
	48	210
	49	209
	48	209
	47	210
	46	210
	45	211
	45	210
	44	211
	69	200
	68	200
	69	201
	69	199
	68	201
	68	199
	70	195
	70	196
	70	194
	70	197
	68	290
	66	285
	65	283
	65	282
	66	284
	66	283
	67	287
	67	286
	68	289
	69	291
	69	290
	70	292
	70	293
	70	291
	71	293
	71	294
	71	292
	72	294
	74	363
	73	364
	74	364
	74	362
	71	365
	72	365
	70	365
	75	357
	75	358
	76	356
	76	357
	76	355
	76	354
	76	353
	76	352
	77	350
	77	351
	77	349
	77	348
	78	348
	78	349
	78	347
	78	346
	79	344
	79	345
	79	343
	112	87
	113	87
	112	88
	112	86
	113	88
	113	86
	112	85
	113	85
	112	84
	113	84
	112	83
	113	83
	112	82
	113	82
	112	81
	113	81
	112	80
	113	80
	112	79
	113	79
	114	79
	113	78
	114	80
	114	78
	112	78
	113	77
	114	77
	112	77
	113	76
	114	76
	112	76
	113	75
	114	75
	112	75
	113	74
	114	74
	112	74
	113	73
	114	73
	112	73
	113	72
	114	72
	112	72
	113	71
	114	71
	112	71
	113	70
	114	70
	112	70
	112	69
	113	69
	112	68
	113	68
	111	68
	110	68
	111	67
	112	67
	110	67
	109	68
	109	67
	110	66
	111	66
	109	66
	108	67
	108	68
	108	66
	107	68
	90	47
	91	47
	89	47
	90	48
	90	46
	91	48
	91	46
	89	48
	89	46
	40	54
	40	55
	40	53
	40	56
	40	57
	40	58
	39	47
	39	48
	39	46
	39	45
	39	44
	39	49
	39	50
	39	43
	39	42
	39	41
	39	40
	39	39
	39	38
	39	37
	39	36
	39	35
	39	34
	39	33
	39	32
	39	31
	39	30
	39	29
	39	28
	39	27
	39	26
	39	25
	39	24
	39	23
	39	22
	39	21
	39	20
	41	19
	42	19
	40	19
	41	18
	42	18
	40	18
	39	51
	39	52
	39	53
	39	57
	39	58
	39	56
	76	335
	76	334
	76	333
	76	332
	76	331
	76	330
	76	329
	75	330
	75	331
	75	329
	76	328
	75	328
	75	327
	74	328
	74	329
	74	327
	75	326
	74	326
	75	325
	74	325
	74	324
	73	325
	73	326
	73	324
	74	323
	73	323
	73	322
	72	322
	73	321
	72	323
	72	321
	73	320
	72	320
	72	319
	72	318
	71	319
	71	320
	71	318
	71	317
	71	316
	70	317
	70	318
	70	316
	70	315
	70	314
	69	315
	69	316
	69	314
	69	313
	68	313
	69	312
	68	314
	68	312
	69	311
	68	311
	75	334
	75	335
	75	333
	75	332
	75	336
	75	337
InvisibleObstacle		
AW1		
	20	275
	21	275
	19	275
	20	276
	20	274
	21	276
	21	274
	19	276
	19	274
	22	275
	22	276
	22	274
	21	273
	22	273
	20	273
	23	274
	23	275
	23	273
	24	274
	24	275
	24	273
	25	273
	24	272
	25	274
	25	272
	23	272
	26	273
	26	274
	26	272
	27	272
	26	271
	27	273
	27	271
	25	271
CG1		
	36	274
	37	274
	35	274
	36	275
	36	273
	34	274
	35	275
	35	273
	34	275
	33	275
	34	276
	35	276
	33	276
	34	277
	32	276
	33	277
	32	277
	33	278
	31	277
	32	278
	31	278
	32	279
	30	278
	31	279
	30	279
	31	280
	29	279
	30	280
	28	279
	29	280
	29	278
	28	280
	29	281
	27	280
	28	281
	27	281
	28	282
	26	281
	27	282
	26	282
	25	282
	26	283
	24	282
	25	283
	25	281
	24	283
	25	284
	23	283
	24	284
	23	284
	22	284
	23	285
	21	284
	22	285
	22	283
	21	285
	22	286
	20	285
	21	286
	19	285
	20	286
	20	284
	19	286
	20	287
	18	286
	19	287
CG2		
	18	272
	17	273
	18	273
	16	273
	19	273
	19	272
	20	272
	21	272
	22	272
	22	271
	23	271
	24	271
	24	270
	25	270
	26	270
	27	270
	27	269
	27	268
	24	269
	26	268
	26	269
	25	269
	23	270
	21	271
	20	271
	19	271
	28	268
	28	267
CB1		
	65	239
	64	242
	65	242
	63	241
	63	242
	65	241
	64	241
	50	225
	42	220
	66	242
	52	225
	54	227
	42	221
	42	219
	49	223
	43	219
	44	219
	42	222
	44	220
	53	228
	55	227
	51	224
	50	224
	51	225
	49	224
	48	223
	55	228
	54	228
	52	226
	43	220
	53	226
	43	223
	51	227
	51	226
	43	222
	58	230
	53	227
	52	227
	55	229
	66	241
	44	221
	61	234
	57	230
	54	229
	58	231
	60	233
	46	221
	57	231
	61	235
	57	235
	60	235
	64	245
	45	221
	59	234
	60	234
	59	233
	66	245
	47	222
	44	223
	45	223
	45	222
	66	240
	45	224
	65	243
	44	222
	46	222
	41	221
	56	230
	41	220
	56	231
	58	232
	57	232
	40	219
	41	218
	58	233
	40	218
	64	240
	41	219
	40	220
	42	218
	65	240
	61	236
	62	237
	63	237
	61	237
	63	238
	64	238
	62	238
	63	239
	64	239
	62	239
	63	240
	62	240
	55	231
	56	232
	55	232
	55	230
	54	231
	54	232
	54	230
	53	230
	53	231
	53	229
	52	229
	52	230
	52	228
	45	220
	51	228
	51	229
	43	221
	50	227
	50	228
	50	226
	49	226
	49	227
	49	225
	48	226
	48	227
	48	225
	48	224
	47	225
	47	226
	47	224
	44	224
	46	224
	46	225
	46	223
	57	233
	56	233
	58	234
	57	234
	59	235
	58	235
	59	236
	60	236
	58	236
	60	237
	59	237
	61	238
	60	238
	61	239
	61	240
	62	241
	64	243
	65	244
	47	223
	65	245
	64	244
	66	244
	66	243
AW2		
	78	192
	79	192
	77	192
	78	193
	78	191
	79	193
	79	191
	77	193
	77	191
	79	189
	78	190
	79	190
	77	190
	76	190
	80	189
	80	190
	80	188
	81	189
	81	190
	81	188
	80	191
	81	191
	82	190
	82	191
	82	189
	83	190
	83	191
	83	189
	82	188
	83	188
	83	187
	84	188
	84	189
	84	187
	85	188
	85	189
	85	187
	86	188
	86	189
	86	187
	85	186
	86	186
	84	186
	87	185
	87	186
	88	186
	87	187
	88	187
	88	185
	89	186
	89	187
	89	185
	88	188
	89	188
	87	188
	90	186
	90	187
	90	185
	91	185
	90	184
	91	186
	91	184
	89	184
	92	185
	92	186
	92	184
	93	184
	96	184
	93	185
	92	182
	96	183
	92	183
	94	183
	95	184
	97	184
	94	184
	97	181
	98	183
	96	181
	97	182
	99	181
	101	182
	98	182
	95	181
	96	182
	101	180
	91	183
	88	184
	95	183
	101	179
	98	181
	97	183
	99	179
	95	182
	93	182
	93	183
	100	182
	100	180
	98	180
	99	182
	94	182
	100	179
	80	192
	81	192
	100	181
	99	180
	101	181
	97	180
AW3		
	80	143
	77	143
	84	143
	87	143
	86	143
	89	146
	63	145
	88	146
	89	143
	90	146
	87	146
	63	146
	82	143
	90	143
	88	143
	76	143
	78	143
	85	143
	79	143
	81	143
	83	143
	64	145
	64	146
	64	144
	65	145
	66	145
	65	146
	65	144
	66	146
	66	144
	67	145
	67	146
	67	144
	69	145
	70	145
	68	145
	69	146
	69	144
	70	146
	70	144
	68	146
	68	144
	71	145
	72	145
	71	146
	71	144
	72	146
	72	144
	74	145
	75	145
	73	145
	74	146
	74	144
	75	146
	75	144
	73	146
	73	144
	76	145
	76	146
	76	144
	77	145
	78	145
	77	146
	77	144
	78	146
	78	144
	80	145
	81	145
	79	145
	80	146
	80	144
	81	146
	81	144
	79	146
	79	144
	83	145
	84	145
	82	145
	83	146
	83	144
	84	146
	84	144
	82	146
	82	144
	85	145
	86	145
	85	146
	85	144
	86	146
	86	144
	88	144
	89	144
	87	144
	88	145
	89	145
	87	145
	90	144
	90	145
	63	144
	63	143
	69	143
	68	143
	73	143
	74	143
	72	143
	71	143
	70	143
	75	143
	67	143
	65	143
	66	143
	64	143
AW4		
	64	90
	65	90
	63	90
	64	91
	64	89
	65	91
	65	89
	63	91
	63	89
	75	90
	76	90
	74	90
	75	91
	75	89
	76	91
	76	89
	74	91
	74	89
	80	90
	81	90
	79	90
	80	91
	80	89
	81	91
	81	89
	79	91
	79	89
	82	90
	82	91
	82	89
	83	91
	84	91
	83	92
	83	90
	84	92
	84	90
	82	92
	85	91
	86	91
	85	92
	85	90
	86	92
	86	90
	87	91
	87	92
	87	90
	88	91
	89	91
	88	92
	88	90
	89	92
	89	90
	90	91
	90	92
	90	90
	90	89
	89	89
	87	89
	88	89
	86	89
	85	89
	84	89
	83	89
	81	92
	80	92
	78	91
	79	92
	78	92
	78	90
	77	91
	77	92
	77	90
	76	92
	73	91
	74	92
	75	92
	73	92
	73	90
	71	91
	72	91
	70	91
	71	92
	71	90
	72	92
	72	90
	70	92
	70	90
	69	91
	69	92
	69	90
	68	91
	67	91
	68	92
	68	90
	67	92
	67	90
	66	91
	66	92
	66	90
	65	92
	64	92
	63	92
	77	89
	73	89
	72	89
	71	89
	70	89
	69	89
	68	89
	67	89
	66	89
	78	89
CB2		
	23	291
	24	291
	22	291
	23	292
	23	290
	24	292
	24	290
	22	292
	22	290
	25	291
	25	292
	25	290
	26	291
	26	292
	26	290
	25	289
	26	289
	24	289
	27	289
	26	288
	27	290
	27	288
	25	288
	28	289
	28	290
	28	288
	27	287
	28	287
	26	287
	29	288
	29	289
	29	287
	30	288
	30	289
	30	287
	29	286
	30	286
	28	286
	31	287
	31	288
	31	286
	30	285
	31	285
	29	285
	32	286
	32	287
	32	285
	31	284
	32	284
	30	284
	33	285
	33	286
	33	284
	34	284
	33	283
	34	285
	34	283
	32	283
	35	284
	35	285
	35	283
	36	283
	35	282
	36	284
	36	282
	34	282
	37	283
	37	284
	37	282
	36	281
	37	281
	35	281
	38	282
	38	283
	38	281
	37	280
	38	280
	36	280
	39	281
	39	282
	39	280
	38	279
	39	279
	37	279
	40	280
	40	281
	40	279
	39	278
	40	278
	38	278
	39	277
	40	277
	38	277
	41	278
	41	279
	41	277
	40	276
	41	276
	39	276
	42	276
	41	275
	42	277
	42	275
	40	275
	41	274
	42	274
	40	274
	41	273
	42	273
	40	273
	43	274
	43	275
	43	273
