Key	CellX	CellY
VisibleObstacle		
	62	13
	58	8
	62	14
	63	30
	59	11
	62	12
	63	29
	62	16
	62	11
	61	11
	63	27
	57	9
	63	31
	56	9
	55	10
	58	9
	59	9
	62	19
	56	11
	55	9
	54	11
	62	17
	109	33
	108	33
	107	33
	113	33
	111	33
	46	11
	45	11
	49	11
	110	33
	48	11
	112	33
	54	8
	53	8
	47	11
	56	8
	115	33
	55	8
	116	33
	50	11
	114	33
	54	9
	53	11
	119	33
	52	10
	43	8
	53	10
	51	10
	117	33
	43	11
	121	33
	53	9
	118	33
	42	10
	52	11
	42	8
	44	11
	122	33
	52	9
	123	33
	42	11
	120	33
	43	9
	43	10
	45	10
	45	9
	44	8
	44	10
	51	11
	47	8
	42	9
	51	9
	127	33
	48	10
	48	9
	44	9
	45	8
	46	8
	46	10
	47	10
	46	9
	47	9
	48	8
	52	8
	49	9
	131	33
	50	10
	128	33
	50	8
	49	10
	133	33
	124	33
	134	33
	49	8
	132	33
	126	33
	51	8
	135	33
	56	10
	136	33
	130	33
	137	33
	50	9
	125	33
	138	33
	129	33
	140	33
	59	8
	141	33
	127	32
	139	33
	59	10
	142	33
	143	33
	144	33
	147	34
	148	34
	147	33
	148	33
	162	32
	146	33
	167	35
	166	34
	165	35
	165	34
	152	34
	153	34
	145	33
	154	34
	155	34
	166	35
	168	35
	156	34
	159	34
	157	34
	158	34
	163	34
	164	35
	158	33
	163	35
	164	34
	168	34
	157	33
	167	34
	153	33
	152	33
	151	33
	161	34
	162	34
	160	34
	161	35
	161	33
	162	35
	162	33
	160	35
	160	33
	159	33
	156	33
	155	33
	164	33
	165	33
	163	33
	177	39
	178	39
	154	33
	177	40
	177	38
	178	40
	178	38
	170	34
	169	34
	168	33
	171	35
	151	34
	170	33
	172	34
	171	34
	173	35
	172	33
	172	35
	174	35
	173	33
	176	34
	174	33
	171	33
	174	34
	173	34
	177	34
	169	35
	176	35
	175	34
	179	34
	177	35
	170	35
	176	33
	169	33
	175	35
	178	37
	178	35
	178	34
	175	33
	177	37
	177	33
	179	35
	177	36
	179	36
	178	36
	179	37
	179	33
	178	33
	150	33
	149	33
	150	34
	166	33
	149	34
	167	33
	178	51
	179	51
	177	51
	178	52
	178	50
	179	52
	179	50
	177	52
	177	50
	178	49
	179	49
	177	49
	178	48
	179	48
	177	48
	178	47
	179	47
	177	47
	178	46
	179	46
	177	46
	178	44
	179	44
	177	44
	178	45
	178	43
	179	45
	179	43
	177	45
	177	43
	178	42
	179	42
	177	42
	178	41
	179	41
	177	41
	179	39
	179	40
	179	38
	178	53
	179	53
	177	53
	178	54
	179	54
	177	54
	145	64
	175	54
	146	64
	103	138
	102	138
	176	54
	102	137
	174	54
	103	137
	104	137
	106	137
	173	54
	105	137
	111	139
	110	139
	112	139
	104	136
	103	136
	102	136
	172	54
	105	136
	171	54
	168	55
	106	136
	169	55
	167	55
	107	136
	170	54
	166	55
	108	136
	165	55
	109	136
	169	54
	163	55
	113	134
	164	55
	114	134
	162	55
	121	130
	168	54
	161	55
	121	129
	160	55
	121	131
	167	54
	159	55
	123	119
	158	55
	122	118
	166	54
	157	55
	122	117
	156	55
	123	117
	164	54
	165	54
	163	54
	154	55
	123	121
	155	55
	123	118
	153	55
	123	120
	162	54
	161	54
	152	55
	123	122
	151	55
	122	100
	160	54
	150	55
	123	100
	149	55
	148	55
	149	56
	159	54
	150	56
	148	56
	158	54
	147	55
	147	56
	157	54
	146	55
	146	56
	156	54
	145	55
	144	55
	145	56
	155	54
	144	56
	154	54
	145	57
	146	57
	144	57
	145	59
	146	59
	144	59
	145	60
	145	58
	146	60
	146	58
	144	60
	144	58
	145	61
	146	61
	144	61
	145	62
	146	62
	144	62
	145	63
	146	63
	144	63
	143	62
	142	62
	143	63
	138	64
	142	63
	139	64
	141	62
	140	62
	141	63
	137	64
	140	63
	140	64
	139	62
	138	62
	139	63
	141	64
	138	63
	142	64
	137	62
	136	62
	137	63
	143	64
	136	63
	144	64
	135	63
	134	63
	135	64
	135	62
	136	64
	134	64
	134	62
	133	63
	133	64
	133	62
	132	63
	132	64
	132	62
	131	63
	130	63
	131	64
	131	62
	130	64
	130	62
	129	63
	129	64
	129	62
	128	63
	127	63
	128	64
	128	62
	127	64
	127	62
	126	63
	125	63
	126	64
	126	62
	125	64
	125	62
	124	63
	124	64
	124	62
	123	63
	122	63
	123	64
	123	62
	122	64
	122	62
	121	63
	121	64
	121	62
	122	65
	123	65
	121	65
	122	66
	123	66
	121	66
	122	67
	123	67
	121	67
	122	68
	123	68
	121	68
	122	69
	123	69
	121	69
	122	71
	123	71
	121	71
	122	72
	122	70
	123	72
	123	70
	121	72
	121	70
	122	73
	123	73
	121	73
	122	75
	123	75
	121	75
	122	76
	122	74
	123	76
	123	74
	121	76
	121	74
	123	78
	122	78
	123	79
	123	77
	122	79
	122	77
	123	80
	122	80
	123	81
	122	81
	123	82
	122	82
	123	83
	122	83
	123	84
	122	84
	123	86
	122	86
	123	87
	123	85
	122	87
	122	85
	122	89
	123	89
	121	89
	122	90
	122	88
	123	90
	123	88
	121	90
	121	88
	122	91
	123	91
	121	91
	122	92
	123	92
	121	92
	122	93
	123	93
	121	93
	122	94
	123	94
	121	94
	121	95
	122	95
	123	105
	121	96
	122	96
	122	104
	122	105
	121	98
	122	98
	123	106
	121	99
	121	97
	122	99
	122	97
	123	104
	122	106
	122	103
	121	100
	121	105
	123	103
	121	101
	121	106
	123	101
	122	101
	121	103
	118	105
	123	102
	122	102
	121	104
	121	102
	118	107
	118	106
	121	108
	121	109
	121	107
	119	105
	120	105
	118	108
	119	106
	120	106
	118	109
	119	107
	120	107
	121	110
	119	108
	120	108
	118	110
	119	109
	120	109
	121	112
	119	110
	120	110
	121	111
	119	111
	120	111
	118	112
	119	112
	120	112
	118	111
	119	113
	120	113
	118	113
	119	114
	120	114
	118	114
	121	114
	120	115
	121	115
	121	113
	118	115
	120	116
	121	116
	118	116
	119	117
	121	117
	119	116
	120	117
	121	118
	119	115
	118	117
	121	119
	118	119
	119	118
	121	120
	123	123
	122	120
	121	121
	122	121
	122	119
	120	118
	121	122
	122	122
	118	118
	121	123
	122	123
	120	119
	121	124
	122	124
	119	119
	122	125
	123	125
	121	125
	122	126
	123	126
	123	124
	121	126
	122	127
	123	127
	121	127
	122	128
	123	128
	121	128
	123	129
	124	129
	122	129
	123	130
	124	130
	124	128
	122	130
	123	131
	124	131
	122	131
	123	132
	124	132
	122	132
	123	133
	124	133
	122	133
	123	134
	124	134
	122	134
	121	133
	121	134
	121	132
	120	133
	119	133
	120	134
	120	132
	119	134
	119	132
	118	135
	119	135
	117	135
	118	136
	118	134
	119	136
	117	136
	117	134
	116	135
	116	136
	116	134
	115	135
	115	136
	115	134
	114	136
	113	136
	114	137
	114	135
	115	137
	113	137
	113	135
	111	137
	112	137
	110	137
	111	138
	111	136
	112	138
	112	136
	110	138
	110	136
	108	138
	109	138
	107	138
	108	139
	108	137
	109	139
	109	137
	107	139
	107	137
	105	139
	106	139
	104	139
	105	140
	105	138
	106	140
	106	138
	104	140
	104	138
	102	140
	103	140
	101	140
	102	141
	102	139
	103	141
	103	139
	101	141
	101	139
	100	140
	99	140
	100	141
	100	139
	99	141
	99	139
	100	138
	101	138
	99	138
	100	137
	101	137
	99	137
	100	136
	101	136
	99	136
	100	135
	101	135
	99	135
	100	134
	101	134
	99	134
	100	132
	101	132
	99	132
	100	133
	100	131
	101	133
	101	131
	99	133
	99	131
	100	130
	101	130
	99	130
	100	129
	101	129
	99	129
	100	127
	101	127
	99	127
	100	128
	100	126
	101	128
	101	126
	99	128
	99	126
	100	125
	101	125
	99	125
	100	124
	101	124
	99	124
	100	123
	101	123
	99	123
	100	122
	101	122
	99	122
	100	120
	101	120
	99	120
	100	121
	100	119
	101	121
	101	119
	99	121
	99	119
	100	118
	101	118
	99	118
	100	117
	101	117
	99	117
	100	116
	101	116
	99	116
	100	115
	101	115
	99	115
	100	112
	101	112
	99	112
	100	113
	100	111
	101	113
	101	111
	99	113
	99	111
	100	114
	101	114
	99	114
	100	107
	101	107
	99	107
	100	108
	100	106
	101	108
	101	106
	99	108
	99	106
	100	109
	101	109
	99	109
	100	110
	101	110
	99	110
	100	105
	101	105
	99	105
	100	103
	101	103
	99	103
	100	104
	100	102
	101	104
	101	102
	99	104
	99	102
	100	101
	101	101
	99	101
	100	99
	101	99
	99	99
	100	100
	100	98
	101	100
	101	98
	99	100
	99	98
	100	97
	101	97
	99	97
	100	96
	101	96
	99	96
	100	95
	101	95
	99	95
	100	94
	101	94
	99	94
	100	93
	101	93
	99	93
	100	92
	101	92
	99	92
	100	91
	101	91
	99	91
	100	90
	101	90
	99	90
	100	89
	101	89
	99	89
	100	88
	101	88
	99	88
	100	87
	101	87
	99	87
	100	86
	101	86
	99	86
	100	85
	101	85
	99	85
	100	83
	101	83
	99	83
	100	84
	100	82
	101	84
	101	82
	99	84
	99	82
	100	81
	101	81
	99	81
	100	80
	101	80
	99	80
	100	79
	101	79
	99	79
	100	78
	101	78
	99	78
	100	76
	101	76
	99	76
	100	77
	100	75
	101	77
	101	75
	99	77
	99	75
	100	74
	101	74
	99	74
	100	73
	101	73
	99	73
	100	72
	101	72
	99	72
	100	71
	101	71
	99	71
	100	70
	101	70
	99	70
	100	69
	101	69
	99	69
	101	65
	99	68
	100	68
	50	5
	46	5
	101	68
	100	67
	101	67
	99	67
	46	6
	46	7
	44	7
	45	7
	101	66
	101	64
	102	65
	102	64
	101	63
	100	63
	99	63
	100	64
	100	62
	101	62
	99	64
	99	62
	98	62
	99	61
	100	61
	98	63
	98	61
	97	61
	98	60
	99	60
	97	62
	97	60
	96	60
	97	59
	98	59
	96	61
	96	59
	95	59
	96	58
	97	58
	95	60
	95	58
	94	58
	95	57
	96	57
	94	59
	94	57
	93	57
	94	56
	95	56
	93	58
	93	56
	92	56
	93	55
	94	55
	92	57
	92	55
	91	55
	92	54
	93	54
	91	56
	91	54
	90	55
	89	55
	90	56
	90	54
	89	56
	89	54
	87	55
	88	55
	86	55
	87	56
	87	54
	88	56
	88	54
	86	56
	86	54
	85	55
	85	56
	85	54
	84	55
	84	56
	84	54
	83	55
	83	56
	83	54
	82	55
	82	56
	82	54
	81	55
	81	56
	81	54
	80	55
	80	56
	80	54
	79	55
	79	56
	79	54
	78	55
	78	56
	78	54
	77	55
	77	56
	77	54
	76	55
	76	56
	76	54
	75	55
	75	56
	75	54
	74	55
	74	56
	74	54
	73	55
	73	56
	73	54
	72	55
	71	55
	72	56
	72	54
	71	56
	71	54
	70	55
	70	56
	70	54
	69	55
	69	56
	69	54
	68	55
	68	56
	68	54
	67	55
	67	56
	67	54
	66	55
	66	56
	66	54
	65	55
	65	56
	65	54
	64	55
	64	56
	64	54
	63	55
	63	56
	63	54
	62	55
	62	56
	62	54
	61	55
	61	56
	61	54
	60	55
	60	56
	60	54
	59	55
	59	56
	59	54
	58	55
	58	56
	58	54
	57	55
	56	55
	57	56
	57	54
	56	56
	56	54
	55	55
	55	56
	55	54
	54	55
	53	55
	54	56
	54	54
	53	56
	53	54
	51	55
	52	55
	50	55
	51	56
	51	54
	52	56
	52	54
	50	56
	50	54
	48	55
	49	55
	47	55
	48	56
	48	54
	49	56
	49	54
	47	56
	47	54
	46	55
	46	56
	46	54
	45	55
	45	56
	45	54
	44	55
	44	56
	44	54
	43	55
	43	56
	43	54
	42	55
	42	56
	42	54
	41	55
	41	56
	41	54
	40	49
	40	51
	40	50
	39	52
	39	20
	39	21
	39	19
	39	17
	40	17
	39	12
	39	18
	39	16
	40	18
	40	16
	39	11
	40	14
	41	14
	39	14
	40	15
	40	13
	41	15
	41	13
	39	15
	39	13
	41	11
	45	6
	40	11
	41	12
	45	5
	40	12
	44	6
	44	5
	47	6
	47	7
	48	7
	49	7
	47	5
	144	54
	145	54
	53	5
	53	6
	52	7
	48	6
	146	54
	147	54
	41	5
	43	6
	150	54
	152	54
	149	54
	39	6
	148	54
	40	6
	151	54
	39	5
	62	20
	63	32
	62	21
	63	25
	62	23
	63	26
	64	30
	62	22
	62	24
	64	32
	62	25
	62	27
	62	28
	62	26
	64	31
	41	6
	62	18
	40	7
	40	5
	62	15
	41	7
	153	54
	60	11
	100	66
	99	66
	100	65
	99	65
	149	164
	150	164
	148	164
	149	165
	149	163
	150	165
	150	163
	148	165
	148	163
	151	164
	152	164
	151	165
	151	163
	152	165
	152	163
	153	164
	154	164
	153	165
	153	163
	154	165
	154	163
	157	164
	158	164
	156	164
	157	165
	157	163
	158	165
	158	163
	156	165
	156	163
	155	164
	155	165
	155	163
	159	164
	160	164
	159	165
	159	163
	160	165
	160	163
	161	164
	162	164
	161	165
	161	163
	162	165
	162	163
	163	164
	164	164
	163	165
	163	163
	164	165
	164	163
	165	163
	164	162
	165	164
	165	162
	163	162
	164	161
	165	161
	163	161
	166	161
	165	160
	166	162
	166	160
	164	160
	165	159
	166	159
	164	159
	167	159
	166	158
	167	160
	167	158
	165	158
	166	157
	167	157
	165	157
	167	156
	168	156
	166	156
	167	155
	168	157
	168	155
	166	155
	168	154
	169	154
	167	154
	168	153
	169	155
	169	153
	167	153
	169	152
	170	152
	168	152
	169	151
	170	153
	170	151
	168	151
	170	150
	171	150
	169	150
	170	149
	171	151
	171	149
	169	149
	171	148
	172	148
	170	148
	171	147
	172	149
	172	147
	170	147
	172	146
	173	146
	171	146
	172	145
	173	147
	173	145
	171	145
	173	144
	174	144
	172	144
	173	143
	174	145
	174	143
	172	143
	173	142
	174	142
	172	142
	173	141
	174	141
	172	141
	173	140
	174	140
	172	140
	173	139
	174	139
	172	139
	173	138
	174	138
	172	138
	173	137
	174	137
	172	137
	173	136
	174	136
	172	136
	173	135
	174	135
	172	135
	173	134
	174	134
	172	134
	173	133
	174	133
	172	133
	173	132
	174	132
	172	132
	173	131
	174	131
	172	131
	173	129
	172	128
	172	129
	173	126
	174	127
	174	126
	172	127
	174	129
	172	130
	173	127
	173	130
	174	128
	174	130
	173	128
	172	126
	173	125
	174	125
	172	125
	173	124
	174	124
	172	124
	172	122
	173	122
	171	122
	172	123
	172	121
	173	123
	173	121
	171	123
	171	121
	170	121
	171	120
	172	120
	170	122
	170	120
	169	120
	170	119
	171	119
	169	121
	169	119
	168	119
	169	118
	170	118
	168	120
	168	118
	168	117
	169	117
	167	117
	168	116
	169	116
	167	118
	167	116
	166	116
	167	115
	168	115
	166	117
	166	115
	166	114
	167	114
	165	114
	166	113
	167	113
	165	115
	165	113
	164	113
	165	112
	166	112
	164	114
	164	112
	163	113
	162	113
	163	114
	163	112
	162	114
	162	112
	161	113
	161	114
	161	112
	160	113
	160	114
	160	112
	159	113
	159	114
	159	112
	157	112
	158	112
	156	112
	157	113
	157	111
	158	113
	158	111
	156	113
	156	111
	155	112
	155	113
	155	111
	154	112
	154	113
	154	111
	153	112
	153	113
	153	111
	152	112
	152	113
	152	111
	151	112
	151	113
	151	111
	150	112
	149	112
	150	113
	150	111
	149	113
	149	111
	148	112
	148	113
	148	111
	147	112
	146	112
	147	113
	147	111
	146	113
	146	111
	145	112
	145	113
	145	111
	146	164
	147	164
	145	164
	146	165
	146	163
	147	165
	147	163
	145	165
	145	163
	146	161
	147	161
	145	161
	146	162
	146	160
	147	162
	147	160
	145	162
	145	160
	145	159
	146	159
	144	159
	145	158
	146	158
	144	160
	144	158
	145	156
	146	156
	144	156
	145	157
	145	155
	146	157
	146	155
	144	157
	144	155
	143	153
	144	153
	142	153
	143	154
	143	152
	144	154
	144	152
	142	154
	142	152
	143	151
	144	151
	142	151
	142	149
	143	149
	141	149
	142	150
	142	148
	143	150
	143	148
	141	150
	141	148
	142	147
	143	147
	141	147
	142	146
	143	146
	141	146
	142	143
	143	143
	141	143
	142	144
	142	142
	143	144
	143	142
	141	144
	141	142
	142	145
	143	145
	141	145
	142	140
	143	140
	141	140
	142	141
	142	139
	143	141
	143	139
	141	141
	141	139
	142	138
	143	138
	141	138
	142	137
	143	137
	141	137
	142	136
	143	136
	141	136
	142	135
	143	135
	141	135
	142	134
	143	134
	141	134
	142	133
	143	133
	141	133
	142	132
	143	132
	141	132
	142	131
	143	131
	141	131
	142	130
	143	130
	141	130
	142	129
	143	129
	141	129
	142	128
	143	128
	141	128
	142	127
	143	127
	141	127
	142	126
	143	126
	141	126
	142	125
	143	125
	141	125
	142	124
	143	124
	141	124
	142	123
	143	123
	141	123
	142	121
	143	121
	141	121
	142	122
	142	120
	143	122
	143	120
	141	122
	141	120
	143	119
	144	119
	142	119
	143	118
	144	120
	144	118
	142	118
	144	116
	145	116
	143	116
	144	117
	144	115
	145	117
	145	115
	143	117
	143	115
	144	114
	145	114
	143	114
	144	113
	143	113
	143	112
	144	112
	57	77
	143	111
	144	111
	56	78
	53	79
	53	78
	55	78
	55	77
	55	79
	56	77
	56	79
	54	78
	72	129
	53	77
	72	131
	72	130
	71	129
	71	131
	54	77
	54	79
	70	129
	70	130
	47	130
	71	130
	48	131
	70	131
	49	130
	68	130
	68	129
	48	129
	69	130
	49	131
	69	129
	68	131
	47	131
	69	131
	49	129
	67	130
	47	129
	48	130
	65	131
	65	130
	67	131
	64	129
	67	129
	66	130
	65	129
	63	129
	63	131
	66	129
	66	131
	62	129
	61	129
	64	131
	62	131
	62	130
	61	131
	61	130
	64	130
	63	130
	59	129
	59	131
	60	130
	57	131
	60	131
	58	129
	58	131
	50	130
	60	129
	51	130
	56	131
	59	130
	50	129
	50	131
	54	129
	54	131
	58	130
	57	129
	57	130
	56	130
	55	129
	54	130
	53	130
	56	129
	53	129
	53	131
	52	129
	52	131
	55	131
	55	130
	52	130
	51	129
	51	131
	74	134
	75	134
	73	134
	74	135
	74	133
	75	135
	75	133
	73	135
	73	133
	74	132
	75	132
	73	132
	74	131
	75	131
	73	131
	74	130
	75	130
	73	130
	74	129
	75	129
	73	129
	74	128
	75	128
	73	128
	74	127
	75	127
	73	127
	74	126
	75	126
	73	126
	74	125
	75	125
	73	125
	74	124
	75	124
	73	124
	74	123
	75	123
	73	123
	74	122
	75	122
	73	118
	73	117
	73	122
	74	116
	73	120
	74	118
	75	117
	74	117
	75	120
	75	118
	75	121
	73	119
	74	120
	74	121
	74	119
	75	119
	73	121
	75	116
	73	116
	74	114
	75	114
	73	114
	74	115
	74	113
	75	115
	75	113
	73	115
	73	113
	74	112
	75	112
	73	112
	74	109
	75	109
	73	109
	74	110
	74	108
	75	110
	75	108
	73	110
	73	108
	74	111
	75	111
	73	111
	74	106
	75	106
	73	106
	74	107
	74	105
	75	107
	75	105
	73	107
	73	105
	75	100
	74	103
	74	98
	74	99
	73	98
	75	98
	73	100
	74	100
	73	101
	75	101
	75	102
	74	102
	73	103
	74	101
	73	102
	73	104
	75	104
	74	104
	75	103
	74	97
	75	99
	75	97
	73	99
	73	97
	74	95
	75	95
	73	95
	74	96
	74	94
	75	96
	75	94
	73	96
	73	94
	74	93
	75	93
	73	93
	74	92
	75	92
	73	92
	74	91
	75	91
	73	91
	74	90
	75	90
	73	90
	74	89
	75	89
	73	89
	74	88
	75	88
	73	88
	74	87
	75	87
	73	87
	74	86
	75	86
	42	102
	41	102
	43	102
	41	99
	41	100
	43	100
	42	100
	41	98
	42	97
	43	97
	43	98
	42	98
	43	99
	42	99
	41	97
	43	96
	41	101
	41	96
	41	95
	41	94
	42	95
	42	94
	42	96
	43	95
	42	93
	42	92
	43	91
	41	93
	43	93
	43	94
	41	92
	43	92
	43	90
	42	91
	42	89
	43	89
	42	88
	41	90
	41	89
	42	90
	41	91
	43	88
	42	87
	43	101
	41	87
	41	86
	42	86
	43	85
	41	88
	42	85
	43	87
	43	86
	42	101
	44	77
	42	84
	43	77
	41	78
	44	78
	43	84
	44	79
	41	85
	42	83
	43	81
	41	83
	41	82
	42	81
	42	78
	43	80
	42	80
	41	84
	42	79
	41	80
	43	82
	41	79
	41	81
	42	77
	45	78
	43	83
	45	77
	43	79
	46	78
	42	82
	46	79
	47	78
	45	79
	47	79
	47	77
	43	78
	48	79
	46	77
	49	77
	48	77
	50	78
	48	78
	51	77
	50	77
	49	78
	52	77
	42	104
	43	104
	41	104
	42	105
	42	103
	43	105
	43	103
	41	105
	41	103
	43	107
	44	107
	42	107
	43	108
	43	106
	44	108
	44	106
	42	108
	42	106
	43	109
	44	109
	42	109
	43	110
	44	110
	42	110
	43	111
	44	111
	42	111
	43	112
	44	112
	42	112
	43	113
	44	113
	42	113
	43	114
	44	114
	42	114
	43	115
	44	115
	42	115
	44	117
	45	117
	43	117
	44	118
	44	116
	45	118
	45	116
	43	118
	43	116
	44	119
	45	119
	43	119
	44	120
	45	120
	43	120
	44	121
	45	121
	43	121
	44	123
	45	123
	43	123
	44	124
	44	122
	45	124
	45	122
	43	124
	43	122
	44	125
	45	125
	43	125
	44	126
	45	126
	43	126
	45	128
	46	128
	44	128
	45	129
	45	127
	46	129
	46	127
	44	129
	44	127
	45	131
	46	131
	44	131
	45	132
	45	130
	46	132
	46	130
	44	132
	44	130
	46	133
	152	56
	45	133
	153	56
	57	78
	57	79
	151	56
	154	56
	155	56
	157	56
	158	56
	156	56
	159	56
	160	56
	161	56
	162	56
	163	56
	164	56
	165	56
	166	56
	167	56
	168	56
	169	56
	171	55
	172	55
	170	55
	171	56
	172	56
	170	56
	173	55
	173	56
	175	55
	174	56
	174	55
	175	56
	176	55
	176	56
	177	55
	177	56
	178	55
	178	56
	179	55
	179	56
	123	99
	123	98
	123	97
	123	96
	123	95
	121	86
	121	87
	121	85
	121	84
	52	6
	121	83
	51	6
	49	5
	121	82
	121	81
	121	80
	121	79
	121	78
	121	77
	51	5
	48	5
	50	7
	51	7
	54	7
	55	6
	54	5
	42	5
	43	5
	50	6
	49	6
	39	7
	42	7
	53	7
	43	7
	42	6
	52	5
	54	6
	39	22
	41	16
	40	19
	41	17
	41	18
	41	19
	40	20
	41	20
	40	21
	41	21
	40	22
	41	22
	39	23
	40	23
	39	24
	40	24
	41	23
	41	24
	40	25
	41	25
	39	25
	40	26
	41	26
	39	26
	39	27
	40	27
	39	28
	40	28
	39	29
	39	30
	40	32
	41	32
	39	32
	40	33
	40	31
	41	33
	41	31
	39	33
	39	31
	40	30
	41	30
	40	29
	41	29
	41	28
	41	27
	41	52
	40	53
	39	53
	39	56
	41	53
	41	51
	40	52
	40	56
	41	49
	39	54
	40	54
	39	55
	41	50
	41	48
	40	55
	40	47
	41	47
	39	47
	40	46
	41	46
	39	46
	40	45
	41	45
	39	45
	40	44
	41	44
	39	44
	40	43
	41	43
	39	43
	40	42
	41	42
	39	42
	40	41
	41	41
	39	41
	40	40
	41	40
	39	40
	40	39
	41	39
	39	39
	40	38
	41	38
	39	38
	40	37
	41	37
	39	37
	40	36
	41	36
	39	36
	40	35
	41	35
	39	35
	40	34
	41	34
	39	34
	40	48
	39	51
	39	50
	39	49
	39	48
	55	7
	55	5
	56	6
	56	7
	56	5
	57	6
	58	6
	57	7
	57	5
	58	7
	58	5
	59	6
	59	7
	59	5
	60	6
	60	7
	60	5
	61	6
	61	7
	61	5
	62	6
	62	7
	62	5
	61	9
	62	9
	60	9
	61	10
	61	8
	62	10
	62	8
	60	10
	60	8
	40	9
	41	9
	39	9
	40	10
	40	8
	41	10
	41	8
	39	10
	39	8
	60	79
	64	79
	59	79
	65	79
	62	79
	73	76
	63	79
	72	77
	73	77
	71	77
	74	76
	74	77
	61	79
	75	76
	75	77
	58	79
	74	78
	75	78
	73	78
	76	77
	76	78
	76	76
	75	79
	76	79
	74	79
	75	80
	76	80
	74	80
	74	85
	75	85
	73	85
	74	84
	75	84
	73	86
	73	84
	74	83
	75	83
	73	83
	74	82
	75	82
	73	82
	74	81
	75	81
	73	81
	73	80
	73	79
	58	77
	59	77
	58	78
	59	78
	60	77
	60	78
	61	77
	61	78
	62	77
	62	78
	63	77
	63	78
	64	77
	64	78
	65	77
	65	78
	66	77
	66	78
	67	77
	67	78
	68	78
	67	79
	68	79
	68	77
	66	79
	69	78
	69	79
	69	77
	70	78
	70	79
	70	77
	71	78
	72	78
	71	79
	72	79
	52	78
	51	78
	52	79
	51	79
	50	79
	49	79
	77	80
	76	81
	77	81
	77	79
	78	81
	77	82
	78	82
	78	80
	76	82
	77	83
	78	83
	76	83
	77	84
	78	84
	76	84
	77	85
	78	85
	76	85
	77	86
	78	86
	76	86
	77	87
	78	87
	76	87
	77	88
	78	88
	76	88
	77	89
	78	89
	76	89
	77	90
	78	90
	76	90
	77	91
	78	91
	76	91
	77	92
	78	92
	76	92
	79	92
	78	93
	79	93
	79	91
	77	93
	78	94
	79	94
	77	94
	78	95
	79	95
	77	95
	78	96
	79	96
	77	96
	78	97
	79	97
	77	97
	76	95
	76	96
	76	94
	76	93
	76	97
	76	98
	77	98
	78	98
	77	99
	78	99
	76	99
	77	100
	78	100
	76	100
	77	101
	78	101
	76	101
	77	102
	78	102
	76	102
	77	103
	78	103
	76	103
	77	104
	78	104
	76	104
	79	103
	79	104
	79	102
	78	105
	79	105
	77	105
	78	106
	79	106
	77	106
	78	107
	79	107
	77	107
	78	108
	79	108
	77	108
	76	107
	76	108
	76	106
	77	109
	78	109
	76	109
	77	110
	78	110
	76	110
	77	111
	78	111
	76	111
	76	105
	76	112
	76	113
	77	112
	77	113
	76	114
	77	114
	76	115
	77	115
	76	116
	77	116
	76	117
	77	117
	76	118
	77	118
	76	119
	77	119
	76	120
	77	120
	76	121
	77	121
	76	122
	77	122
	76	123
	77	123
	76	124
	77	124
	76	125
	77	125
	76	126
	77	126
	76	127
	76	128
	76	129
	76	130
	76	131
	76	132
	76	133
	76	134
	72	133
	72	134
	72	132
	71	133
	70	133
	71	134
	71	132
	70	134
	70	132
	68	133
	69	133
	67	133
	68	134
	68	132
	69	134
	69	132
	67	134
	67	132
	66	133
	65	133
	66	134
	66	132
	65	134
	65	132
	64	132
	63	132
	64	133
	63	133
	62	132
	62	133
	61	132
	61	133
	60	132
	60	133
	59	132
	59	133
	58	132
	58	133
	57	132
	57	133
	56	132
	56	133
	55	132
	55	133
	54	132
	53	132
	54	133
	53	133
	52	132
	52	133
	51	132
	50	132
	51	133
	50	133
	49	132
	49	133
	48	132
	48	133
	47	132
	47	133
	44	133
	43	133
	44	134
	45	134
	43	134
	43	132
	46	134
	47	134
	48	134
	47	135
	48	135
	46	135
	49	134
	50	134
	49	135
	50	135
	52	134
	53	134
	51	134
	52	135
	53	135
	51	135
	54	134
	54	135
	55	134
	56	134
	55	135
	56	135
	57	134
	57	135
	59	134
	60	134
	58	134
	59	135
	60	135
	58	135
	61	134
	61	135
	62	134
	62	135
	63	134
	64	134
	63	135
	64	135
	65	135
	66	135
	67	135
	68	135
	69	135
	70	135
	77	130
	77	131
	77	129
	77	128
	78	128
	77	127
	78	129
	78	127
	78	126
	79	127
	79	128
	79	126
	78	125
	79	125
	78	124
	79	124
	79	129
	78	130
	78	131
	77	132
	78	132
	77	133
	78	133
	77	134
	72	135
	71	135
	45	135
	44	135
	43	135
	42	134
	42	135
	42	133
	42	132
	41	132
	42	131
	43	131
	41	133
	41	131
	42	130
	43	130
	41	130
	42	129
	43	129
	41	129
	42	128
	43	128
	41	128
	42	127
	43	127
	41	127
	42	126
	41	126
	42	125
	41	125
	42	124
	41	124
	40	125
	40	126
	40	124
	41	123
	42	123
	40	123
	41	122
	42	122
	40	122
	41	121
	42	121
	40	121
	41	120
	42	120
	40	120
	41	119
	42	119
	40	119
	41	118
	42	118
	40	118
	41	117
	42	117
	40	117
	41	116
	42	116
	40	116
	41	115
	40	115
	41	114
	40	114
	41	113
	40	113
	41	112
	40	112
	39	112
	40	111
	41	111
	39	113
	39	111
	40	110
	41	110
	39	110
	40	109
	41	109
	39	109
	40	108
	41	108
	39	108
	39	107
	40	107
	38	107
	39	106
	40	106
	38	108
	38	106
	39	105
	40	105
	38	105
	39	104
	40	104
	38	104
	39	103
	40	103
	38	103
	39	102
	40	102
	38	102
	39	101
	40	101
	38	101
	41	106
	41	107
	39	114
	39	115
	39	116
	39	117
	39	118
	39	119
	39	120
	40	127
	40	128
	40	129
	40	130
	40	131
	40	132
	40	133
	41	134
	39	122
	39	123
	39	121
	38	120
	38	121
	38	119
	38	118
	38	117
	38	116
	38	115
	38	114
	37	115
	37	116
	37	114
	38	113
	37	113
	38	112
	37	112
	38	111
	37	111
	38	110
	37	110
	38	109
	37	109
	37	108
	37	107
	37	106
	37	105
	37	104
	37	103
	37	102
	37	101
	38	100
	39	100
	37	100
	38	99
	39	99
	37	99
	38	98
	39	98
	37	98
	38	97
	39	97
	37	97
	38	96
	39	96
	37	96
	38	95
	39	95
	37	95
	38	94
	39	94
	37	94
	38	93
	39	93
	37	93
	78	123
	78	122
	78	121
	78	120
	78	119
	79	120
	79	121
	79	119
	78	118
	79	118
	78	117
	79	117
	78	116
	79	116
	78	115
	79	115
	78	114
	79	114
	78	113
	79	113
	78	112
	79	112
	79	111
	79	122
	79	123
	80	124
	80	125
	80	123
	80	122
	80	121
	80	120
	80	119
	80	118
	80	117
	80	116
	80	115
	80	114
	80	113
	80	112
	80	111
	79	110
	80	110
	79	109
	80	109
	80	108
	80	107
	80	106
	80	105
	80	104
	80	103
	80	102
	79	101
	80	101
	79	100
	80	100
	79	99
	80	99
	79	98
	80	98
	80	97
	80	96
	80	95
	80	94
	80	93
	80	92
	80	91
	79	90
	80	90
	79	89
	80	89
	79	88
	79	87
	79	86
	79	85
	79	84
	79	83
	79	82
	79	81
	79	80
	78	79
	79	79
	78	78
	79	78
	77	78
	78	77
	79	77
	77	77
	77	76
	78	76
	72	76
	71	76
	72	75
	73	75
	71	75
	70	76
	70	75
	69	76
	69	75
	68	76
	68	75
	67	76
	67	75
	66	76
	66	75
	65	76
	65	75
	64	76
	64	75
	63	76
	63	75
	62	76
	62	75
	61	76
	60	76
	61	75
	60	75
	59	76
	59	75
	58	76
	58	75
	57	76
	57	75
	56	76
	56	75
	55	76
	55	75
	67	74
	68	74
	66	74
	69	74
	70	74
	71	74
	72	74
	73	74
	74	75
	74	74
	75	75
	75	74
	76	75
	76	74
	77	75
	77	74
	78	75
	78	74
	79	75
	79	76
	79	74
	65	74
	64	74
	63	74
	62	74
	61	74
	60	74
	59	74
	58	74
	54	76
	54	75
	53	76
	53	75
	52	76
	52	75
	51	76
	51	75
	50	76
	49	76
	50	75
	49	75
	48	76
	48	75
	47	76
	47	75
	46	76
	46	75
	45	76
	45	75
	44	76
	44	75
	43	76
	43	75
	42	76
	42	75
	41	76
	41	77
	41	75
	47	74
	48	74
	46	74
	49	74
	50	74
	51	74
	52	74
	53	74
	54	74
	55	74
	56	74
	57	74
	40	76
	40	77
	40	75
	39	76
	39	77
	39	75
	38	76
	38	77
	38	75
	40	74
	41	74
	39	74
	42	74
	43	74
	44	74
	43	73
	44	73
	42	73
	45	74
	45	73
	46	73
	41	73
	40	73
	39	73
	38	74
	38	73
	37	75
	37	76
	37	74
	36	75
	36	76
	36	74
	35	75
	35	76
	35	74
	37	77
	39	78
	40	78
	38	78
	39	79
	40	79
	38	79
	39	80
	40	80
	38	80
	39	81
	40	81
	38	81
	39	82
	40	82
	38	82
	40	83
	39	83
	40	84
	39	84
	40	85
	39	85
	40	86
	39	86
	39	87
	40	87
	38	87
	39	88
	40	88
	38	88
	38	86
	39	89
	40	89
	38	89
	39	90
	40	90
	38	90
	39	91
	40	91
	38	91
	40	92
	39	92
	40	93
	40	94
	40	95
	40	96
	40	97
	40	98
	40	99
	40	100
	36	99
	36	100
	36	98
	36	97
	35	97
	36	96
	35	98
	35	96
	36	95
	35	95
	36	94
	35	94
	36	93
	35	93
	36	92
	37	92
	35	92
	36	91
	37	91
	35	91
	36	90
	37	90
	35	90
	36	89
	37	89
	35	89
	36	88
	37	88
	35	88
	36	87
	37	87
	35	87
	37	86
	36	86
	37	85
	38	85
	36	85
	37	84
	38	84
	36	84
	37	83
	38	83
	36	83
	37	81
	36	81
	37	82
	37	80
	36	82
	36	80
	37	79
	36	79
	36	78
	37	78
	35	78
	36	77
	35	79
	35	77
	38	92
	35	86
	35	85
	35	84
	35	83
	35	82
	34	83
	34	84
	34	82
	35	81
	34	81
	35	80
	34	80
	34	79
	34	78
	34	77
	80	126
	80	127
	80	128
	81	127
	81	128
	81	126
	80	129
	81	129
	80	130
	81	130
	79	130
	79	131
	80	131
	79	132
	80	132
	79	133
	78	134
	79	134
	76	135
	77	135
	81	125
	82	125
	81	124
	82	126
	82	124
	81	123
	82	123
	81	122
	82	122
	81	121
	82	121
	81	120
	82	120
	81	119
	82	119
	81	118
	82	118
	81	117
	82	117
	81	116
	82	116
	81	115
	82	115
	81	114
	82	114
	81	113
	82	113
	81	112
	81	111
	81	110
	82	110
	81	109
	82	111
	82	109
	81	108
	82	108
	81	107
	82	107
	81	106
	82	106
	81	105
	82	105
	81	104
	82	104
	81	103
	82	103
	81	102
	82	102
	81	101
	82	101
	81	100
	82	100
	81	99
	82	99
	81	98
	82	98
	81	97
	82	97
	81	96
	82	96
	81	95
	82	95
	81	94
	82	94
	81	93
	82	93
	81	92
	82	92
	81	91
	82	91
	81	90
	82	90
	81	89
	82	89
	81	88
	82	88
	80	88
	80	87
	81	87
	80	86
	81	86
	80	85
	81	85
	80	84
	81	84
	80	83
	81	83
	80	82
	81	82
	80	81
	81	81
	80	80
	81	80
	80	79
	81	79
	80	78
	81	78
	80	77
	81	77
	80	76
	81	76
	80	75
	81	75
	80	74
	81	74
	82	78
	82	79
	82	77
	82	80
	82	81
	82	82
	82	83
	82	84
	83	84
	82	85
	83	85
	83	83
	82	86
	83	86
	82	87
	83	87
	83	88
	83	89
	83	90
	83	91
	83	92
	83	93
	83	94
	83	95
	83	96
	83	97
	83	98
	83	100
	83	101
	83	99
	83	103
	83	104
	83	102
	83	105
	83	106
	83	107
	83	108
	83	109
	83	110
	83	111
	82	112
	83	112
	83	113
	83	114
	83	115
	83	116
	36	104
	35	104
	36	105
	36	103
	35	105
	35	103
	36	102
	35	102
	36	101
	35	101
	35	100
	35	99
	36	106
	36	107
	36	108
	36	109
	36	110
	36	111
	36	112
	36	113
	36	114
	36	115
	36	116
	35	106
	35	107
	35	108
	35	109
	35	110
	35	111
	35	112
	35	113
	35	114
	37	117
	36	117
	37	118
	36	118
	37	119
	36	119
	37	120
	36	120
	37	121
	36	121
	37	122
	38	122
	36	122
	37	123
	38	123
	36	123
	38	124
	39	124
	37	124
	38	125
	39	125
	37	125
	38	126
	39	126
	37	126
	38	127
	39	127
	37	127
	38	128
	39	128
	37	128
	39	129
	38	129
	39	130
	38	130
	39	131
	38	131
	39	132
	38	132
	39	133
	38	133
	39	134
	40	134
	38	134
	40	135
	41	135
	39	135
	37	134
	36	134
	37	135
	37	133
	38	135
	36	135
	36	133
	35	133
	36	132
	37	132
	35	134
	35	132
	36	131
	37	131
	35	131
	36	130
	37	130
	35	130
	35	129
	36	129
	34	129
	35	128
	36	128
	34	130
	34	128
	35	127
	36	127
	34	127
	35	126
	36	126
	34	126
	35	125
	36	125
	34	125
	35	124
	36	124
	34	124
	35	123
	34	123
	35	122
	34	122
	35	121
	34	121
	35	120
	34	120
	35	119
	34	119
	35	118
	34	118
	35	117
	34	117
	35	116
	34	116
	35	115
	34	115
	34	114
	34	113
	34	112
	34	111
	37	129
	74	136
	75	136
	73	136
	76	136
	78	135
	77	136
	78	136
	79	135
	79	136
	80	135
	80	136
	80	134
	81	135
	81	136
	81	134
	82	135
	82	136
	82	134
	81	133
	82	133
	80	133
	81	132
	82	132
	81	131
	82	131
	82	130
	82	129
	82	128
	82	127
	83	119
	83	120
	83	118
	83	117
	84	119
	84	120
	84	118
	83	121
	84	121
	83	122
	84	122
	83	123
	84	123
	83	124
	84	124
	83	125
	84	125
	83	126
	84	126
	83	127
	84	127
	83	128
	84	128
	83	130
	84	130
	83	131
	83	129
	84	131
	84	129
	83	132
	84	132
	83	133
	84	133
	83	134
	84	134
	83	135
	84	135
	83	136
	84	136
	83	82
	83	81
	83	80
	83	79
	83	78
	83	77
	82	76
	83	76
	82	75
	83	75
	82	74
	83	74
	97	140
	98	140
	96	140
	97	141
	97	139
	98	141
	98	139
	96	141
	96	139
	97	138
	98	138
	96	138
	97	137
	98	137
	96	137
	97	136
	98	136
	96	136
	97	135
	98	135
	96	135
	97	134
	98	134
	96	134
	97	133
	98	133
	96	133
	97	132
	98	132
	96	132
	97	131
	98	131
	96	131
	97	130
	98	130
	96	130
	97	129
	98	129
	96	129
	97	128
	98	128
	96	128
	97	127
	98	127
	96	127
	97	126
	98	126
	96	126
	97	125
	98	125
	96	125
	97	124
	98	124
	96	124
	97	123
	98	123
	96	123
	97	122
	98	122
	96	122
	97	121
	98	121
	96	121
	97	120
	98	120
	96	120
	97	119
	98	119
	96	119
	95	119
	96	118
	97	118
	95	120
	95	118
	96	117
	97	117
	95	117
	96	116
	97	116
	95	116
	96	115
	97	115
	95	115
	96	114
	97	114
	95	114
	96	113
	97	113
	95	113
	96	112
	97	112
	95	112
	96	111
	97	111
	95	111
	96	110
	97	110
	95	110
	96	109
	97	109
	95	109
	96	108
	97	108
	95	108
	96	107
	97	107
	95	107
	98	107
	97	106
	98	108
	98	106
	96	106
	97	105
	98	105
	96	105
	94	112
	94	113
	94	111
	94	114
	94	115
	94	116
	93	116
	94	117
	93	117
	93	115
	94	118
	93	118
	94	119
	93	119
	94	120
	93	120
	94	121
	95	121
	93	121
	95	122
	94	122
	95	123
	94	123
	95	124
	94	124
	95	125
	94	125
	95	126
	94	126
	95	127
	94	127
	95	128
	94	128
	95	129
	94	129
	95	130
	94	130
	95	131
	94	131
	95	132
	94	132
	95	133
	94	133
	95	134
	94	134
	95	135
	94	135
	95	136
	94	136
	95	137
	94	137
	95	138
	94	138
	95	139
	94	139
	95	140
	94	140
	95	141
	94	141
	95	142
	96	142
	94	142
	93	133
	93	134
	93	132
	93	126
	93	127
	93	125
	93	124
	93	123
	93	122
	92	122
	92	123
	92	121
	92	120
	92	124
	92	125
	92	126
	92	127
	93	128
	93	130
	93	131
	93	129
	93	136
	93	137
	93	135
	93	138
	93	139
	93	140
	98	115
	98	116
	98	114
	98	109
	98	110
	98	111
	98	112
	98	113
	98	117
	98	118
	96	103
	97	103
	95	103
	96	104
	96	102
	97	104
	97	102
	95	104
	95	102
	94	102
	95	101
	96	101
	94	103
	94	101
	95	105
	94	105
	95	106
	94	106
	94	104
	94	107
	94	108
	94	110
	94	109
	92	128
	92	129
	92	130
	92	132
	92	133
	92	131
	93	141
	92	136
	92	137
	92	135
	92	134
	92	119
	92	118
	92	117
	92	116
	93	114
	92	114
	93	113
	92	115
	92	113
	93	112
	92	112
	93	111
	92	111
	93	109
	92	109
	93	110
	93	108
	92	110
	92	108
	93	107
	92	107
	93	106
	92	106
	93	105
	92	105
	93	104
	92	104
	93	103
	92	103
	93	102
	92	102
	93	101
	92	101
	94	100
	95	100
	93	100
	94	99
	95	99
	93	99
	94	98
	95	98
	93	98
	94	97
	95	97
	93	97
	96	99
	96	100
	96	98
	98	104
	98	103
	98	102
	98	101
	97	101
	98	100
	97	100
	98	99
	97	99
	98	98
	97	98
	98	97
	97	97
	98	96
	97	96
	98	95
	97	95
	97	94
	98	94
	96	94
	97	93
	98	93
	96	95
	96	93
	96	92
	97	92
	95	92
	96	91
	97	91
	95	93
	95	91
	96	90
	97	90
	95	90
	94	92
	94	93
	94	91
	94	96
	95	96
	93	96
	94	95
	95	95
	93	95
	92	100
	92	99
	92	97
	92	98
	92	96
	93	94
	94	94
	92	94
	93	93
	92	95
	92	93
	93	92
	92	92
	93	91
	92	91
	93	90
	94	90
	92	90
	93	89
	94	89
	92	89
	93	88
	94	88
	92	88
	93	87
	94	87
	92	87
	93	86
	94	86
	92	86
	95	94
	96	97
	96	96
	98	92
	98	91
	98	90
	98	89
	97	89
	98	88
	97	88
	98	87
	97	87
	98	86
	97	86
	97	85
	98	85
	96	85
	97	84
	98	84
	96	86
	96	84
	95	82
	96	82
	94	82
	95	83
	95	81
	96	83
	96	81
	94	83
	94	81
	95	80
	96	80
	94	80
	94	84
	95	84
	93	84
	94	85
	95	85
	93	85
	93	83
	95	86
	95	87
	95	88
	95	89
	96	89
	96	88
	96	87
	97	81
	97	82
	97	80
	93	81
	93	82
	93	80
	92	83
	92	84
	92	82
	92	85
	91	85
	91	86
	91	84
	91	87
	91	88
	91	89
	91	90
	91	92
	91	93
	91	91
	91	95
	91	96
	91	94
	91	97
	91	98
	91	99
	91	100
	91	101
	91	102
	91	103
	91	104
	91	105
	91	106
	91	109
	91	110
	91	108
	91	111
	91	112
	91	114
	91	115
	91	113
	91	116
	91	117
	91	118
	91	119
	91	120
	91	121
	91	122
	91	123
	91	124
	91	125
	91	126
	91	127
	91	129
	91	130
	91	128
	91	131
	91	132
	91	133
	91	134
	91	136
	91	137
	91	135
	92	138
	91	138
	92	139
	91	139
	92	140
	91	140
	92	141
	91	141
	92	80
	91	80
	92	81
	92	79
	93	79
	91	81
	91	79
	92	77
	93	77
	91	77
	92	78
	92	76
	93	78
	93	76
	91	78
	91	76
	92	75
	93	75
	91	75
	92	74
	93	74
	91	74
	94	79
	95	79
	94	78
	95	78
	97	83
	98	83
	98	82
	98	81
	98	80
	98	78
	97	78
	98	79
	98	77
	97	79
	97	77
	98	76
	97	76
	98	74
	97	74
	98	75
	98	73
	97	75
	97	73
	98	72
	97	72
	98	71
	97	71
	98	70
	97	70
	98	69
	97	69
	97	68
	98	68
	96	68
	97	67
	98	67
	96	69
	96	67
	97	66
	98	66
	96	66
	97	65
	98	65
	96	65
	95	65
	96	64
	97	64
	95	66
	95	64
	96	63
	97	63
	95	63
	96	62
	95	62
	94	65
	94	66
	94	64
	94	71
	95	71
	93	71
	94	72
	94	70
	95	72
	95	70
	93	72
	93	70
	94	73
	95	73
	93	73
	94	74
	95	74
	94	75
	95	75
	91	73
	92	73
	90	73
	90	71
	91	71
	90	72
	90	70
	91	72
	91	70
	90	69
	90	68
	89	67
	90	67
	89	66
	90	66
	89	65
	90	65
	88	65
	89	64
	90	64
	88	64
	91	65
	91	66
	91	64
	92	67
	93	67
	91	67
	92	68
	92	66
	93	68
	93	66
	91	68
	92	70
	92	71
	92	69
	93	69
	91	69
	92	72
	94	76
	94	77
	91	82
	91	83
	87	64
	87	65
	87	63
	88	63
	96	78
	95	77
	96	79
	96	77
	95	76
	96	76
	96	75
	96	74
	96	73
	96	72
	96	71
	96	70
	94	69
	95	69
	94	68
	95	68
	94	67
	92	65
	93	65
	92	64
	93	64
	91	63
	92	63
	90	63
	89	63
	88	62
	89	62
	87	62
	86	62
	85	62
	85	61
	95	67
	98	64
	94	63
	94	62
	95	61
	94	61
	93	61
	94	60
	93	62
	93	60
	92	60
	91	60
	92	61
	92	59
	93	59
	91	61
	91	59
	90	59
	91	58
	92	58
	90	60
	90	58
	91	57
	90	57
	89	58
	89	59
	89	57
	89	60
	90	61
	91	62
	92	62
	90	62
	93	63
	89	61
	88	60
	88	61
	88	59
	87	60
	87	61
	87	59
	86	60
	86	61
	86	59
	87	58
	88	58
	86	58
	85	59
	85	60
	85	58
	84	59
	83	59
	84	60
	84	58
	83	60
	83	58
	82	59
	81	59
	82	58
	81	58
	79	59
	80	59
	78	59
	79	58
	80	58
	78	60
	78	58
	76	59
	77	59
	75	59
	76	58
	77	58
	75	58
	73	59
	74	59
	72	59
	71	59
	70	59
	68	59
	69	59
	67	59
	88	57
	87	57
	86	57
	85	57
	84	57
	83	57
	82	57
	81	57
	80	57
	79	57
	74	58
	73	58
	72	58
	71	58
	70	58
	69	58
	68	58
	66	59
	65	59
	66	58
	67	58
	65	58
	64	59
	63	59
	61	59
	62	59
	60	59
	59	59
	58	59
	56	59
	57	59
	55	59
	54	59
	53	59
	63	58
	64	58
	62	58
	70	57
	71	57
	69	57
	75	57
	76	57
	74	57
	77	57
	78	57
	73	57
	72	57
	68	57
	67	57
	66	57
	65	57
	64	57
	63	57
	62	57
	61	58
	61	57
	60	58
	59	58
	60	57
	59	57
	58	58
	57	58
	58	57
	57	57
	54	58
	55	58
	53	58
	54	57
	55	57
	53	57
	52	58
	52	59
	52	57
	51	58
	50	58
	51	57
	50	57
	49	58
	48	58
	49	57
	48	57
	47	58
	46	58
	47	59
	47	57
	46	59
	46	57
	44	57
	45	57
	43	57
	44	58
	45	58
	43	58
	42	57
	41	57
	42	58
	41	58
	40	57
	40	58
	45	59
	44	59
	43	59
	56	58
	56	57
	34	60
	35	60
	33	60
	32	59
	33	59
	31	59
	34	59
	30	59
	39	59
	40	59
	39	58
	38	58
	37	58
	38	57
	39	57
	37	57
	36	57
	37	56
	38	56
	36	58
	36	56
	37	55
	38	55
	36	55
	35	55
	36	54
	37	54
	35	56
	35	54
	41	59
	42	59
	35	59
	35	58
	34	58
	33	58
	32	58
	33	56
	34	56
	32	56
	33	57
	33	55
	34	57
	34	55
	32	57
	32	55
	32	51
	33	51
	31	51
	32	52
	32	50
	33	52
	33	50
	31	52
	31	50
	31	49
	32	49
	30	49
	31	48
	32	48
	30	50
	30	48
	31	45
	32	45
	31	46
	31	44
	32	46
	32	44
	30	44
	31	42
	30	43
	31	43
	31	41
	29	43
	31	40
	32	40
	31	39
	32	41
	32	39
	30	39
	32	35
	33	35
	31	35
	32	36
	32	34
	33	36
	33	34
	31	36
	31	34
	34	34
	33	33
	34	35
	34	33
	32	33
	33	40
	34	40
	33	41
	33	39
	34	41
	34	39
	33	42
	34	42
	32	42
	34	43
	35	43
	33	43
	34	44
	35	44
	35	42
	33	44
	34	45
	35	45
	33	45
	29	59
	29	60
	29	58
	30	58
	30	53
	29	54
	30	54
	30	52
	29	48
	28	48
	29	44
	29	39
	31	38
	31	58
	31	57
	31	56
	30	57
	31	55
	32	54
	30	56
	30	55
	31	54
	29	56
	29	55
	31	53
	32	53
	30	51
	35	53
	36	53
	34	53
	35	52
	36	52
	34	54
	34	52
	37	53
	35	51
	33	53
	38	54
	35	57
	33	54
	34	51
	33	49
	34	50
	33	48
	34	49
	32	47
	34	48
	33	47
	34	47
	35	48
	33	46
	35	50
	35	49
	36	50
	37	52
	36	51
	37	51
	38	52
	38	53
	37	50
	36	49
	37	49
	38	50
	36	48
	37	48
	36	47
	37	47
	35	47
	38	48
	36	46
	37	46
	35	46
	38	47
	36	45
	37	45
	38	46
	36	44
	34	46
	37	44
	36	43
	37	43
	38	44
	36	42
	37	42
	36	41
	37	41
	35	41
	38	42
	36	40
	38	45
	38	49
	38	51
	38	43
	37	39
	38	39
	36	39
	37	40
	37	38
	38	40
	38	38
	36	38
	37	37
	35	39
	38	37
	36	37
	37	36
	35	38
	38	36
	36	36
	37	35
	35	37
	38	35
	36	35
	37	34
	35	36
	38	34
	36	34
	37	33
	35	35
	38	33
	36	33
	37	32
	35	34
	34	36
	34	38
	34	37
	35	40
	33	38
	31	47
	28	44
	32	43
	28	43
	32	38
	31	37
	32	37
	33	37
	31	33
	32	32
	33	32
	38	41
	35	33
	36	32
	35	32
	36	31
	37	31
	35	31
	36	30
	37	30
	35	30
	38	31
	36	29
	34	31
	36	27
	37	27
	35	27
	36	28
	36	26
	37	28
	37	26
	35	28
	35	26
	38	27
	36	25
	34	27
	37	25
	35	25
	36	24
	37	24
	35	24
	38	25
	36	23
	34	25
	37	23
	35	23
	38	24
	36	22
	34	24
	37	22
	35	22
	36	21
	37	21
	35	21
	38	22
	36	20
	34	22
	37	20
	35	20
	38	21
	36	19
	34	21
	37	19
	35	19
	36	18
	37	18
	35	18
	38	19
	36	17
	34	19
	37	17
	35	17
	38	18
	36	16
	34	18
	36	15
	37	15
	35	15
	36	14
	37	16
	37	14
	35	16
	35	14
	38	15
	36	13
	34	15
	37	13
	35	13
	38	14
	36	12
	34	14
	37	12
	35	12
	38	13
	36	11
	34	13
	37	11
	35	11
	38	12
	36	10
	34	12
	38	16
	34	16
	38	20
	34	20
	38	23
	38	26
	38	28
	37	29
	38	29
	38	30
	38	32
	34	32
	33	31
	32	31
	33	30
	31	32
	34	30
	32	30
	33	29
	34	29
	32	29
	33	28
	33	27
	32	27
	33	26
	34	28
	34	26
	32	28
	32	26
	33	25
	32	25
	33	24
	32	24
	33	23
	34	23
	33	22
	32	23
	33	20
	38	17
	34	17
	38	11
	37	10
	38	10
	37	9
	38	9
	38	8
	37	8
	38	7
	36	9
	37	7
	38	6
	36	8
	37	6
	38	5
	36	7
	35	8
	35	10
	34	11
	35	29
	30	32
	29	32
	31	28
	30	28
	29	28
	32	22
	33	18
	33	19
	33	17
	33	16
	34	10
	34	9
	35	9
	34	8
	34	7
	35	7
	34	6
	35	6
	34	5
	35	5
	36	6
	36	5
	35	4
	36	4
	37	5
	37	4
	36	3
	38	4
	40	3
	39	4
	42	3
	43	3
	41	3
	42	4
	44	3
	43	4
	44	4
	45	3
	46	3
	45	4
	46	4
	47	3
	47	4
	48	3
	48	4
	49	3
	50	3
	51	3
	50	4
	51	4
	49	4
	52	3
	53	3
	52	4
	54	2
	55	2
	54	3
	55	3
	54	4
	56	2
	56	3
	55	4
	57	2
	57	3
	56	4
	58	2
	58	3
	57	4
	59	2
	59	3
	58	4
	60	2
	41	4
	40	4
	53	4
	59	4
	60	3
	60	4
	61	3
	63	5
	62	4
	63	6
	63	4
	61	4
	64	5
	62	3
	63	7
	64	6
	64	7
	63	8
	65	6
	63	3
	64	4
	62	2
	61	2
	63	2
	64	3
	63	9
	64	9
	63	10
	64	10
	64	8
	63	11
	65	9
	64	11
	63	12
	64	12
	63	13
	65	11
	64	13
	63	14
	65	12
	63	15
	64	15
	63	16
	64	16
	64	14
	63	17
	65	15
	64	17
	63	18
	65	16
	64	18
	63	19
	64	19
	63	20
	65	18
	64	20
	63	21
	65	19
	64	21
	63	22
	65	20
	64	22
	63	23
	64	23
	63	24
	65	22
	64	24
	62	31
	64	25
	62	30
	65	24
	64	26
	62	32
	65	25
	64	27
	63	28
	65	26
	65	27
	64	28
	65	28
	64	29
	66	27
	65	29
	66	31
	66	32
	62	29
	66	30
	66	29
	65	30
	65	32
	57	11
	65	31
	67	31
	69	31
	70	31
	68	31
	69	30
	70	30
	68	30
	71	31
	69	29
	73	31
	54	10
	72	31
	73	30
	74	30
	72	30
	57	8
	73	29
	58	11
	77	31
	76	30
	77	30
	57	10
	75	30
	78	31
	76	29
	79	31
	78	30
	81	32
	80	31
	81	31
	80	30
	82	30
	58	10
	83	30
	85	31
	84	30
	55	11
	67	32
	67	30
	66	28
	67	28
	66	26
	67	27
	66	25
	67	26
	66	24
	65	23
	66	23
	67	24
	65	21
	66	21
	65	14
	65	10
	65	8
	66	9
	66	10
	66	8
	67	9
	65	7
	66	13
	67	13
	65	13
	66	14
	66	12
	67	14
	67	12
	66	15
	68	13
	66	11
	67	18
	68	18
	66	18
	67	19
	67	17
	68	19
	68	17
	66	19
	66	17
	67	20
	69	18
	67	16
	67	21
	68	21
	67	22
	68	22
	68	20
	66	22
	66	20
	67	23
	69	21
	68	23
	68	24
	67	25
	69	23
	68	25
	69	24
	68	26
	68	27
	69	26
	69	27
	68	28
	69	28
	68	29
	70	27
	67	29
	70	28
	69	25
	70	26
	65	17
	66	16
	69	19
	70	25
	71	26
	71	27
	71	28
	70	29
	72	27
	71	29
	72	29
	71	30
	72	28
	81	30
	79	30
	80	29
	81	29
	79	29
	80	28
	83	29
	84	29
	82	29
	85	30
	83	28
	87	31
	88	31
	86	31
	87	30
	88	30
	86	30
	89	31
	87	29
	90	31
	89	30
	90	32
	90	30
	91	31
	89	29
	92	31
	91	32
	91	30
	92	32
	92	30
	93	31
	91	29
	93	32
	93	30
	94	31
	92	29
	95	31
	94	32
	94	30
	95	32
	95	30
	96	31
	94	29
	97	31
	96	32
	96	30
	97	32
	97	30
	98	31
	96	29
	98	32
	98	30
	99	31
	97	29
	100	31
	101	31
	100	32
	100	30
	101	32
	101	30
	99	32
	99	30
	102	31
	100	29
	105	31
	106	31
	104	31
	105	32
	105	30
	106	32
	106	30
	104	32
	104	30
	107	31
	105	29
	103	31
	107	32
	107	30
	108	31
	106	29
	103	32
	103	30
	102	32
	102	30
	103	29
	102	29
	99	29
	74	29
	75	29
	74	28
	69	20
	70	20
	68	16
	69	17
	67	15
	68	14
	68	15
	69	14
	67	11
	68	11
	67	10
	68	12
	68	10
	69	11
	67	8
	68	9
	66	7
	67	7
	66	6
	67	6
	68	7
	66	5
	65	5
	65	4
	66	4
	67	5
	65	3
	66	3
	67	4
	65	2
	66	2
	64	2
	67	3
	67	2
	68	6
	77	28
	78	28
	76	28
	77	29
	77	27
	78	29
	78	27
	76	27
	79	28
	77	26
	75	28
	89	28
	90	28
	88	28
	89	27
	90	29
	90	27
	88	29
	88	27
	91	28
	89	26
	87	28
	92	28
	91	27
	92	27
	93	28
	91	26
	95	29
	96	28
	97	28
	95	28
	98	29
	96	27
	99	28
	100	28
	98	28
	101	29
	99	27
	104	29
	104	28
	108	30
	109	30
	108	29
	109	31
	109	29
	107	29
	108	32
	110	30
	108	28
	111	30
	110	31
	110	29
	111	31
	111	29
	110	32
	112	30
	110	28
	112	31
	113	31
	112	32
	113	32
	113	30
	111	32
	114	31
	112	29
	114	32
	114	30
	115	31
	113	29
	116	31
	115	32
	115	30
	116	32
	116	30
	117	31
	115	29
	118	31
	117	32
	117	30
	118	32
	118	30
	119	31
	117	29
	120	31
	119	32
	119	30
	120	32
	120	30
	121	31
	119	29
	114	29
	109	32
	116	29
	122	31
	123	31
	122	32
	122	30
	123	32
	123	30
	121	32
	121	30
	124	31
	122	29
	125	31
	124	32
	124	30
	125	32
	125	30
	126	31
	124	29
	129	31
	130	31
	128	31
	129	32
	129	30
	130	32
	130	30
	128	32
	128	30
	131	31
	129	29
	127	31
	132	31
	133	31
	132	32
	132	30
	133	32
	133	30
	131	32
	131	30
	134	31
	132	29
	135	31
	134	32
	134	30
	135	32
	135	30
	136	31
	134	29
	136	32
	136	30
	137	31
	135	29
	138	31
	139	31
	138	32
	138	30
	139	32
	139	30
	137	32
	137	30
	140	31
	138	29
	141	31
	140	32
	140	30
	141	32
	141	30
	142	31
	140	29
	143	31
	142	32
	142	30
	143	32
	143	30
	144	31
	142	29
	123	29
	136	29
	139	29
	144	32
	144	30
	145	31
	143	29
	146	31
	147	31
	146	32
	146	30
	147	32
	147	30
	145	32
	145	30
	148	31
	146	29
	149	31
	150	31
	149	32
	149	30
	150	32
	150	30
	148	32
	148	30
	151	31
	149	29
	151	32
	151	30
	152	31
	150	29
	154	31
	155	31
	153	31
	154	32
	154	30
	155	32
	155	30
	153	32
	153	30
	156	31
	154	29
	156	32
	156	30
	157	31
	155	29
	152	32
	152	30
	151	29
	147	29
	148	29
	147	28
	144	29
	145	29
	144	28
	141	29
	141	28
	137	29
	137	28
	133	29
	133	28
	130	29
	128	29
	129	28
	127	30
	126	30
	126	29
	127	29
	125	29
	126	32
	126	28
	124	28
	123	28
	127	28
	128	28
	127	27
	131	29
	132	28
	131	28
	132	27
	138	28
	139	28
	138	27
	142	28
	140	28
	141	27
	146	28
	145	28
	146	27
	149	28
	150	28
	148	28
	149	27
	152	29
	153	29
	152	28
	153	28
	151	28
	152	27
	156	29
	157	29
	156	28
	157	30
	157	28
	155	28
	158	29
	156	27
	159	29
	158	30
	158	28
	159	30
	159	28
	158	31
	160	29
	158	27
	160	30
	161	30
	160	31
	161	31
	161	29
	159	31
	160	32
	162	30
	160	28
	162	31
	162	29
	161	32
	163	30
	161	28
	164	30
	163	31
	163	29
	164	31
	164	29
	163	32
	165	30
	163	28
	166	30
	165	31
	165	29
	166	31
	166	29
	165	32
	167	30
	165	28
	167	31
	168	31
	167	32
	168	32
	168	30
	166	32
	169	31
	167	29
	170	31
	169	32
	169	30
	170	32
	170	30
	171	31
	169	29
	172	31
	171	32
	171	30
	172	32
	172	30
	173	31
	171	29
	173	32
	173	30
	174	31
	172	29
	168	29
	168	28
	164	32
	164	28
	159	32
	157	32
	158	32
	176	31
	177	31
	175	31
	176	32
	176	30
	177	32
	177	30
	175	32
	175	30
	178	31
	176	29
	178	32
	178	30
	179	31
	177	29
	180	31
	181	31
	180	32
	180	30
	181	32
	181	30
	179	32
	179	30
	180	33
	182	31
	180	29
	182	32
	182	30
	181	33
	183	31
	181	29
	174	32
	174	30
	174	29
	170	29
	170	28
	173	29
	172	28
	175	29
	175	28
	178	29
	177	28
	179	29
	178	28
	179	28
	180	28
	182	29
	183	30
	181	28
	183	32
	182	33
	184	31
	183	33
	182	34
	183	34
	181	34
	182	35
	184	33
	183	35
	181	35
	182	36
	184	34
	180	34
	183	36
	181	36
	182	37
	183	37
	181	37
	182	38
	184	36
	180	36
	183	38
	181	38
	182	39
	184	37
	180	37
	183	39
	181	39
	182	40
	183	40
	181	40
	182	41
	184	39
	180	39
	182	42
	183	42
	181	42
	182	43
	183	43
	183	41
	181	43
	181	41
	182	44
	184	42
	180	42
	183	44
	181	44
	182	45
	184	43
	180	43
	180	44
	181	45
	180	45
	181	46
	182	46
	180	46
	181	47
	182	47
	180	47
	181	48
	183	46
	180	40
	180	38
	180	35
	184	40
	183	47
	183	45
	182	48
	184	46
	183	48
	184	48
	183	49
	184	49
	184	47
	182	49
	183	50
	185	48
	183	51
	184	51
	182	51
	183	52
	184	52
	184	50
	182	52
	182	50
	183	53
	185	51
	181	51
	184	53
	182	53
	183	54
	185	52
	181	52
	182	54
	181	54
	182	55
	183	55
	181	55
	181	53
	182	56
	184	54
	180	54
	183	56
	181	56
	182	57
	184	55
	180	55
	180	48
	181	49
	180	49
	181	50
	180	41
	180	50
	180	51
	180	52
	180	53
	180	56
	180	57
	181	57
	179	57
	180	58
	181	58
	179	58
	180	59
	178	57
	178	58
	179	59
	178	59
	179	60
	177	58
	177	59
	177	57
	178	60
	176	58
	176	59
	176	57
	177	60
	175	58
	174	58
	173	58
	174	59
	174	57
	175	59
	175	57
	173	59
	173	57
	174	60
	172	58
	171	58
	172	59
	172	57
	171	59
	171	57
	172	60
	170	58
	173	60
	171	60
	172	61
	170	59
	167	59
	168	59
	166	59
	167	60
	167	58
	168	60
	168	58
	166	60
	166	58
	167	61
	169	59
	167	57
	165	59
	164	59
	163	59
	164	60
	164	58
	165	60
	165	58
	163	60
	163	58
	164	61
	164	57
	162	59
	160	59
	161	59
	159	59
	160	60
	160	58
	161	60
	161	58
	159	60
	159	58
	160	61
	160	57
	158	59
	158	60
	158	58
	159	61
	159	57
	157	59
	157	60
	157	58
	158	61
	158	57
	156	59
	155	59
	156	60
	156	58
	155	60
	155	58
	156	61
	156	57
	154	59
	154	60
	154	58
	155	61
	155	57
	153	59
	153	60
	153	58
	154	61
	154	57
	152	59
	152	60
	152	58
	153	61
	153	57
	151	59
	150	59
	151	60
	151	58
	150	60
	150	58
	151	61
	151	57
	149	59
	148	58
	149	58
	147	58
	148	59
	148	57
	149	57
	147	59
	147	57
	148	60
	156	62
	155	62
	157	57
	161	57
	162	57
	162	58
	163	57
	165	57
	166	57
	168	57
	169	58
	169	57
	170	57
	169	60
	152	57
	150	57
	149	60
	154	62
	155	63
	156	63
	154	63
	155	64
	157	62
	153	62
	153	63
	152	63
	153	64
	154	64
	152	64
	152	62
	153	65
	151	63
	151	64
	150	64
	151	65
	152	65
	150	65
	150	63
	151	66
	151	62
	149	64
	148	64
	149	65
	149	63
	148	65
	148	63
	149	66
	149	62
	147	64
	147	65
	147	63
	146	65
	147	66
	147	62
	148	62
	148	61
	149	61
	147	61
	150	62
	150	61
	152	61
	157	63
	157	61
	156	64
	158	62
	159	62
	158	63
	159	63
	158	64
	160	62
	162	62
	163	62
	161	62
	162	63
	162	61
	163	63
	163	61
	161	63
	161	61
	162	64
	164	62
	162	60
	168	62
	169	62
	167	62
	168	63
	168	61
	169	63
	169	61
	167	63
	168	64
	170	62
	166	62
	172	62
	173	62
	171	62
	172	63
	173	63
	173	61
	171	63
	171	61
	172	64
	174	62
	175	62
	176	62
	175	63
	175	61
	176	63
	176	61
	174	63
	174	61
	175	64
	177	62
	175	60
	177	63
	177	61
	176	64
	178	62
	176	60
	170	61
	170	60
	166	61
	165	61
	165	62
	166	63
	164	63
	163	64
	160	63
	161	64
	159	64
	157	64
	147	60
	178	61
	179	61
	180	60
	181	59
	181	60
	180	61
	182	59
	182	60
	182	58
	181	61
	183	59
	183	60
	183	58
	182	61
	184	59
	183	57
	184	58
	184	56
	184	57
	185	56
	145	65
	146	66
	144	65
	143	65
	144	66
	142	65
	143	66
	142	66
	143	67
	141	65
	141	66
	142	67
	140	65
	140	66
	141	67
	139	65
	139	66
	140	67
	138	65
	138	66
	139	67
	137	65
	136	65
	137	66
	136	66
	137	67
	135	65
	135	66
	134	66
	135	67
	136	67
	134	67
	134	65
	135	68
	133	66
	132	66
	133	67
	133	65
	132	67
	132	65
	133	68
	131	66
	130	66
	131	67
	131	65
	130	67
	130	65
	131	68
	129	66
	129	67
	129	65
	130	68
	128	66
	127	66
	128	67
	128	65
	127	67
	127	65
	128	68
	126	66
	126	67
	126	65
	127	68
	125	66
	125	67
	125	65
	126	68
	124	66
	124	67
	124	65
	125	68
	124	68
	124	69
	125	69
	127	69
	132	68
	131	69
	134	68
	134	69
	138	67
	137	68
	138	68
	136	68
	137	69
	140	68
	141	68
	139	68
	140	69
	144	67
	143	68
	144	68
	142	68
	143	69
	145	67
	145	66
	146	67
	147	67
	146	68
	148	66
	148	67
	147	68
	128	69
	126	69
	127	70
	129	68
	126	70
	125	70
	126	71
	127	71
	125	71
	126	72
	128	70
	124	70
	127	72
	125	72
	126	73
	128	71
	124	71
	127	73
	125	73
	126	74
	128	72
	124	72
	127	74
	125	74
	126	75
	128	73
	124	73
	124	74
	125	75
	124	75
	125	76
	126	76
	124	76
	125	77
	127	75
	126	77
	124	77
	125	78
	127	76
	126	78
	124	78
	125	79
	127	77
	126	79
	124	79
	125	80
	127	78
	126	80
	124	80
	125	81
	127	79
	127	80
	126	81
	127	81
	126	82
	128	80
	127	82
	125	82
	126	83
	128	81
	124	81
	128	79
	128	78
	128	77
	129	78
	128	76
	128	75
	129	76
	128	74
	129	75
	129	74
	129	73
	129	72
	129	71
	129	69
	129	70
	130	70
	130	71
	130	72
	130	73
	129	77
	124	82
	125	83
	124	83
	125	84
	126	84
	124	84
	125	85
	127	83
	126	85
	124	85
	125	86
	126	86
	124	86
	125	87
	127	85
	124	87
	124	88
	125	88
	124	89
	126	87
	125	89
	124	90
	126	88
	125	90
	124	91
	126	89
	125	91
	124	92
	126	90
	126	91
	125	92
	127	90
	126	92
	125	93
	127	91
	126	93
	124	93
	125	94
	127	92
	126	94
	124	94
	125	95
	127	93
	126	95
	124	95
	125	96
	127	94
	127	88
	127	87
	127	84
	128	84
	128	83
	128	82
	129	81
	129	80
	129	79
	127	86
	128	85
	128	87
	127	89
	128	88
	124	96
	124	97
	125	97
	124	98
	125	98
	124	99
	126	97
	125	99
	124	100
	126	98
	125	100
	124	101
	126	99
	125	101
	124	102
	126	100
	125	102
	124	103
	126	101
	125	103
	124	104
	126	102
	125	104
	124	105
	126	103
	126	104
	125	105
	127	103
	126	105
	125	106
	127	104
	127	102
	127	101
	128	102
	127	100
	128	101
	127	99
	127	98
	128	99
	127	97
	128	98
	126	96
	127	96
	128	97
	127	95
	128	96
	128	95
	128	94
	128	93
	128	92
	128	90
	128	91
	128	89
	129	90
	129	89
	128	86
	129	87
	129	85
	129	84
	129	83
	129	82
	130	81
	122	107
	122	108
	122	109
	122	110
	122	111
	122	112
	122	113
	122	114
	122	115
	122	116
	122	135
	122	136
	123	107
	123	108
	123	109
	123	110
	123	111
	123	112
	123	113
	123	114
	123	115
	123	116
	123	135
	123	136
	124	106
	124	107
	124	108
	124	109
	124	110
	124	111
	124	112
	124	113
	124	114
	124	115
	124	116
	124	117
	124	118
	124	119
	124	120
	124	121
	124	122
	124	123
	124	124
	124	125
	124	126
	124	127
	124	135
	124	136
	125	107
	125	108
	125	109
	125	110
	125	111
	125	112
	125	113
	125	114
	125	115
	125	116
	125	117
	125	118
	125	119
	125	120
	125	121
	125	122
	125	123
	125	124
	125	125
	125	126
	125	127
	125	128
	125	129
	125	130
	125	131
	125	132
	125	133
	125	134
	125	135
	125	136
	126	106
	126	107
	126	108
	126	109
	126	110
	126	111
	126	112
	126	113
	126	114
	126	115
	126	116
	126	117
	126	118
	126	119
	126	120
	126	121
	126	122
	126	123
	126	124
	126	125
	126	126
	126	127
	126	128
	126	129
	126	130
	126	131
	126	132
	126	133
	126	134
	126	135
	126	136
	127	105
	127	106
	127	107
	127	108
	127	109
	127	110
	127	111
	127	112
	127	113
	127	114
	127	115
	127	116
	127	117
	127	118
	127	119
	127	120
	127	121
	127	122
	127	123
	127	124
	127	125
	127	126
	127	127
	127	128
	127	129
	127	130
	127	131
	127	132
	127	133
	127	134
	127	135
	127	136
	128	100
	128	103
	128	104
	128	105
	128	106
	128	107
	128	108
	128	109
	128	110
	128	111
	128	112
	128	113
	128	114
	128	115
	128	116
	128	117
	128	118
	128	119
	128	120
	128	121
	128	122
	128	123
	128	124
	128	125
	128	126
	128	127
	128	128
	128	129
	128	130
	128	131
	128	132
	128	133
	128	134
	128	135
	128	136
	129	86
	129	88
	129	91
	129	92
	129	93
	129	94
	129	95
	129	96
	129	97
	129	98
	129	99
	129	100
	129	101
	129	102
	129	103
	129	104
	129	105
	129	106
	129	107
	129	108
	129	109
	129	110
	129	111
	129	112
	129	113
	129	114
	129	115
	129	116
	129	117
	129	118
	129	119
	129	120
	129	121
	129	122
	129	123
	129	124
	129	125
	129	126
	129	127
	129	128
	129	129
	129	130
	129	131
	129	132
	129	133
	129	134
	129	135
	129	136
	130	69
	130	74
	130	75
	130	76
	130	77
	130	78
	130	79
	130	80
	130	82
	130	83
	130	84
	130	85
	130	86
	130	87
	130	88
	130	89
	130	90
	130	91
	130	92
	130	93
	130	94
	130	95
	130	96
	130	97
	130	98
	130	99
	130	100
	130	101
	130	102
	130	103
	130	104
	130	105
	130	106
	130	107
	130	108
	130	109
	130	110
	130	111
	130	112
	130	113
	130	114
	130	115
	130	116
	130	117
	130	118
	130	119
	130	120
	130	121
	130	122
	130	123
	130	124
	130	125
	130	126
	130	127
	130	128
	130	129
	130	130
	130	131
	130	132
	130	133
	130	134
	130	135
	130	136
	131	70
	131	71
	131	72
	131	73
	131	74
	131	75
	131	76
	131	77
	131	78
	131	79
	131	80
	131	81
	131	82
	131	83
	131	84
	131	85
	131	86
	131	87
	131	88
	131	89
	131	90
	131	91
	131	92
	131	93
	131	94
	131	95
	131	96
	131	97
	131	98
	131	99
	131	100
	131	101
	131	102
	131	103
	131	104
	131	105
	131	106
	131	107
	131	108
	131	109
	131	110
	131	111
	131	112
	131	113
	131	114
	131	115
	131	116
	131	117
	131	118
	131	119
	131	120
	131	121
	131	122
	131	123
	131	124
	131	125
	131	126
	131	127
	131	128
	131	129
	131	130
	131	131
	131	132
	131	133
	131	134
	131	135
	131	136
	132	69
	132	70
	132	71
	132	72
	132	73
	132	74
	132	75
	132	76
	132	77
	132	78
	132	79
	132	80
	132	81
	132	82
	132	83
	132	84
	132	85
	132	86
	132	87
	132	88
	132	89
	132	90
	132	91
	132	92
	132	93
	132	94
	132	95
	132	96
	132	97
	132	98
	132	99
	132	100
	132	101
	132	102
	132	103
	132	104
	132	105
	132	106
	132	107
	132	108
	132	109
	132	110
	132	111
	132	112
	132	113
	132	114
	132	115
	132	116
	132	117
	132	118
	132	119
	132	120
	132	121
	132	122
	132	123
	132	124
	132	125
	132	126
	132	127
	132	128
	132	129
	132	130
	132	131
	132	132
	132	133
	132	134
	132	135
	132	136
	133	69
	133	70
	133	71
	133	72
	133	73
	133	74
	133	75
	133	76
	133	77
	133	78
	133	79
	133	80
	133	81
	133	82
	133	83
	133	84
	133	85
	133	86
	133	87
	133	88
	133	89
	133	90
	133	91
	133	92
	133	93
	133	94
	133	95
	133	96
	133	97
	133	98
	133	99
	133	100
	133	101
	133	102
	133	103
	133	104
	133	105
	133	106
	133	107
	133	108
	133	109
	133	110
	133	111
	133	112
	133	113
	133	114
	133	115
	133	116
	133	117
	133	118
	133	119
	133	120
	133	121
	133	122
	133	123
	133	124
	133	125
	133	126
	133	127
	133	128
	133	129
	133	130
	133	131
	133	132
	133	133
	133	134
	133	135
	133	136
	134	70
	134	71
	134	72
	134	73
	134	74
	134	75
	134	76
	134	77
	134	78
	134	79
	134	80
	134	81
	134	82
	134	83
	134	84
	134	85
	134	86
	134	87
	134	88
	134	89
	134	90
	134	91
	134	92
	134	93
	134	94
	134	95
	134	96
	134	97
	134	98
	134	99
	134	100
	134	101
	134	102
	134	103
	134	104
	134	105
	134	106
	134	107
	134	108
	134	109
	134	110
	134	111
	134	112
	134	113
	134	114
	134	115
	134	116
	134	117
	134	118
	134	119
	134	120
	134	121
	134	122
	134	123
	134	124
	134	125
	134	126
	134	127
	134	128
	134	129
	134	130
	134	131
	134	132
	134	133
	134	134
	134	135
	134	136
	135	69
	135	70
	135	71
	135	72
	135	73
	135	74
	135	75
	135	76
	135	77
	135	78
	135	79
	135	80
	135	81
	135	82
	135	83
	135	84
	135	85
	135	86
	135	87
	135	88
	135	89
	135	90
	135	91
	135	92
	135	93
	135	94
	135	95
	135	96
	135	97
	135	98
	135	99
	135	100
	135	101
	135	102
	135	103
	135	104
	135	105
	135	106
	135	107
	135	108
	135	109
	135	110
	135	111
	135	112
	135	113
	135	114
	135	115
	135	116
	135	117
	135	118
	135	119
	135	120
	135	121
	135	122
	135	123
	135	124
	135	125
	135	126
	135	127
	135	128
	135	129
	135	130
	135	131
	135	132
	135	133
	135	134
	135	135
	135	136
	118	137
	118	138
	118	139
	118	140
	118	141
	118	142
	118	143
	118	144
	119	137
	119	138
	119	139
	119	140
	119	141
	119	142
	119	143
	119	144
	120	135
	120	136
	120	137
	120	138
	120	139
	120	140
	120	141
	120	142
	120	143
	120	144
	121	135
	121	136
	121	137
	121	138
	121	139
	121	140
	121	141
	121	142
	121	143
	121	144
	122	137
	122	138
	122	139
	122	140
	122	141
	122	142
	122	143
	122	144
	123	137
	123	138
	123	139
	123	140
	123	141
	123	142
	123	143
	123	144
	124	137
	124	138
	124	139
	124	140
	124	141
	124	142
	124	143
	124	144
	125	137
	125	138
	125	139
	125	140
	125	141
	125	142
	125	143
	125	144
	126	137
	126	138
	126	139
	126	140
	126	141
	126	142
	126	143
	126	144
	127	137
	127	138
	127	139
	127	140
	127	141
	127	142
	127	143
	127	144
	128	137
	128	138
	128	139
	128	140
	128	141
	128	142
	128	143
	128	144
	129	137
	129	138
	129	139
	129	140
	129	141
	129	142
	129	143
	129	144
	130	137
	130	138
	130	139
	130	140
	130	141
	130	142
	130	143
	130	144
	130	145
	130	146
	130	147
	130	148
	130	149
	130	150
	130	151
	130	152
	130	153
	130	154
	130	155
	130	156
	130	157
	130	158
	130	159
	130	160
	130	161
	130	162
	130	163
	130	164
	131	137
	131	138
	131	139
	131	140
	131	141
	131	142
	131	143
	131	144
	131	145
	131	146
	131	147
	131	148
	131	149
	131	150
	131	151
	131	152
	131	153
	131	154
	131	155
	131	156
	131	157
	131	158
	131	159
	131	160
	131	161
	131	162
	131	163
	131	164
	132	137
	132	138
	132	139
	132	140
	132	141
	132	142
	132	143
	132	144
	132	145
	132	146
	132	147
	132	148
	132	149
	132	150
	132	151
	132	152
	132	153
	132	154
	132	155
	132	156
	132	157
	132	158
	132	159
	132	160
	132	161
	132	162
	132	163
	132	164
	133	137
	133	138
	133	139
	133	140
	133	141
	133	142
	133	143
	133	144
	133	145
	133	146
	133	147
	133	148
	133	149
	133	150
	133	151
	133	152
	133	153
	133	154
	133	155
	133	156
	133	157
	133	158
	133	159
	133	160
	133	161
	133	162
	133	163
	133	164
	134	137
	134	138
	134	139
	134	140
	134	141
	134	142
	134	143
	134	144
	134	145
	134	146
	134	147
	134	148
	134	149
	134	150
	134	151
	134	152
	134	153
	134	154
	134	155
	134	156
	134	157
	134	158
	134	159
	134	160
	134	161
	134	162
	134	163
	134	164
	135	137
	135	138
	135	139
	135	140
	135	141
	135	142
	135	143
	135	144
	135	145
	135	146
	135	147
	135	148
	135	149
	135	150
	135	151
	135	152
	135	153
	135	154
	135	155
	135	156
	135	157
	135	158
	135	159
	135	160
	135	161
	135	162
	135	163
	135	164
	136	107
	136	108
	136	109
	136	110
	136	111
	136	112
	136	113
	136	114
	136	115
	136	116
	136	117
	136	118
	136	119
	136	120
	136	121
	136	122
	136	123
	136	124
	136	125
	136	126
	136	127
	136	128
	136	129
	136	130
	136	131
	136	132
	136	133
	136	134
	136	135
	136	136
	136	137
	136	138
	136	139
	136	140
	136	141
	136	142
	136	143
	136	144
	136	145
	136	146
	136	147
	136	148
	136	149
	136	150
	136	151
	136	152
	136	153
	136	154
	136	155
	136	156
	136	157
	136	158
	136	159
	136	160
	136	161
	136	162
	136	163
	136	164
	137	107
	137	108
	137	109
	137	110
	137	111
	137	112
	137	113
	137	114
	137	115
	137	116
	137	117
	137	118
	137	119
	137	120
	137	121
	137	122
	137	123
	137	124
	137	125
	137	126
	137	127
	137	128
	137	129
	137	130
	137	131
	137	132
	137	133
	137	134
	137	135
	137	136
	137	137
	137	138
	137	139
	137	140
	137	141
	137	142
	137	143
	137	144
	137	145
	137	146
	137	147
	137	148
	137	149
	137	150
	137	151
	137	152
	137	153
	137	154
	137	155
	137	156
	137	157
	137	158
	137	159
	137	160
	137	161
	137	162
	137	163
	137	164
	138	107
	138	108
	138	109
	138	110
	138	111
	138	112
	138	113
	138	114
	138	115
	138	116
	138	117
	138	118
	138	119
	138	120
	138	121
	138	122
	138	123
	138	124
	138	125
	138	126
	138	127
	138	128
	138	129
	138	130
	138	131
	138	132
	138	133
	138	134
	138	135
	138	136
	138	137
	138	138
	138	139
	138	140
	138	141
	138	142
	138	143
	138	144
	138	145
	138	146
	138	147
	138	148
	138	149
	138	150
	138	151
	138	152
	138	153
	138	154
	138	155
	138	156
	138	157
	138	158
	138	159
	138	160
	138	161
	138	162
	138	163
	138	164
	139	107
	139	108
	139	109
	139	110
	139	111
	139	112
	139	113
	139	114
	139	115
	139	116
	139	117
	139	118
	139	119
	139	120
	139	121
	139	122
	139	123
	139	124
	139	125
	139	126
	139	127
	139	128
	139	129
	139	130
	139	131
	139	132
	139	133
	139	134
	139	135
	139	136
	139	137
	139	138
	139	139
	139	140
	139	141
	139	142
	139	143
	139	144
	139	145
	139	146
	139	147
	139	148
	139	149
	139	150
	139	151
	139	152
	139	153
	139	154
	139	155
	139	156
	139	157
	139	158
	139	159
	139	160
	139	161
	139	162
	139	163
	139	164
	140	107
	140	108
	140	109
	140	110
	140	111
	140	112
	140	113
	140	114
	140	115
	140	116
	140	117
	140	118
	140	119
	140	120
	140	121
	140	122
	140	123
	140	124
	140	125
	140	126
	140	127
	140	128
	140	129
	140	130
	140	131
	140	132
	140	133
	140	134
	140	135
	140	136
	140	137
	140	138
	140	139
	140	140
	140	141
	140	142
	140	143
	140	144
	140	145
	140	146
	140	147
	140	148
	140	149
	140	150
	140	151
	140	152
	140	153
	140	154
	140	155
	140	156
	140	157
	140	158
	140	159
	140	160
	140	161
	140	162
	140	163
	140	164
	141	107
	141	108
	141	109
	141	110
	141	111
	141	112
	141	113
	141	114
	141	115
	141	116
	141	117
	141	118
	141	119
	141	151
	141	152
	141	153
	141	154
	141	155
	141	156
	141	157
	141	158
	141	159
	141	160
	141	161
	141	162
	141	163
	141	164
	141	165
	141	166
	141	167
	141	168
	141	169
	141	170
	141	171
	141	172
	141	173
	141	174
	141	175
	141	176
	141	177
	141	178
	142	107
	142	108
	142	109
	142	110
	142	111
	142	112
	142	113
	142	114
	142	115
	142	116
	142	117
	142	155
	142	156
	142	157
	142	158
	142	159
	142	160
	142	161
	142	162
	142	163
	142	164
	142	165
	142	166
	142	167
	142	168
	142	169
	142	170
	142	171
	142	172
	142	173
	142	174
	142	175
	142	176
	142	177
	142	178
	143	95
	143	96
	143	97
	143	98
	143	99
	143	100
	143	101
	143	102
	143	103
	143	104
	143	105
	143	106
	143	107
	143	108
	143	109
	143	110
	143	163
	143	164
	143	165
	143	166
	143	167
	143	168
	143	169
	143	170
	143	171
	143	172
	143	173
	143	174
	143	175
	143	176
	143	177
	143	178
	144	95
	144	96
	144	97
	144	98
	144	99
	144	100
	144	101
	144	102
	144	103
	144	104
	144	105
	144	106
	144	107
	144	108
	144	109
	144	110
	144	163
	144	164
	144	165
	144	166
	144	167
	144	168
	144	169
	144	170
	144	171
	144	172
	144	173
	144	174
	144	175
	144	176
	144	177
	144	178
	145	95
	145	96
	145	97
	145	98
	145	99
	145	100
	145	101
	145	102
	145	103
	145	104
	145	105
	145	106
	145	107
	145	108
	145	109
	145	110
	145	166
	145	167
	145	168
	145	169
	145	170
	145	171
	145	172
	145	173
	145	174
	145	175
	145	176
	145	177
	145	178
	146	95
	146	96
	146	97
	146	98
	146	99
	146	100
	146	101
	146	102
	146	103
	146	104
	146	105
	146	106
	146	107
	146	108
	146	109
	146	110
	146	166
	146	167
	146	168
	146	169
	146	170
	146	171
	146	172
	146	173
	146	174
	146	175
	146	176
	146	177
	146	178
	147	95
	147	96
	147	97
	147	98
	147	99
	147	100
	147	101
	147	102
	147	103
	147	104
	147	105
	147	106
	147	107
	147	108
	147	109
	147	110
	147	166
	147	167
	147	168
	147	169
	147	170
	147	171
	147	172
	147	173
	147	174
	147	175
	147	176
	147	177
	147	178
	148	95
	148	96
	148	97
	148	98
	148	99
	148	100
	148	101
	148	102
	148	103
	148	104
	148	105
	148	106
	148	107
	148	108
	148	109
	148	110
	148	166
	148	167
	148	168
	148	169
	148	170
	148	171
	148	172
	148	173
	148	174
	148	175
	148	176
	148	177
	148	178
	149	95
	149	96
	149	97
	149	98
	149	99
	149	100
	149	101
	149	102
	149	103
	149	104
	149	105
	149	106
	149	107
	149	108
	149	109
	149	110
	149	166
	149	167
	149	168
	149	169
	149	170
	149	171
	149	172
	149	173
	149	174
	149	175
	149	176
	149	177
	149	178
	150	95
	150	96
	150	97
	150	98
	150	99
	150	100
	150	101
	150	102
	150	103
	150	104
	150	105
	150	106
	150	107
	150	108
	150	109
	150	110
	150	166
	150	167
	150	168
	150	169
	150	170
	150	171
	150	172
	150	173
	150	174
	150	175
	150	176
	150	177
	150	178
	151	95
	151	96
	151	97
	151	98
	151	99
	151	100
	151	101
	151	102
	151	103
	151	104
	151	105
	151	106
	151	107
	151	108
	151	109
	151	110
	151	166
	151	167
	151	168
	151	169
	151	170
	151	171
	151	172
	151	173
	151	174
	151	175
	151	176
	151	177
	151	178
	152	95
	152	96
	152	97
	152	98
	152	99
	152	100
	152	101
	152	102
	152	103
	152	104
	152	105
	152	106
	152	107
	152	108
	152	109
	152	110
	152	166
	152	167
	152	168
	152	169
	152	170
	152	171
	152	172
	152	173
	152	174
	152	175
	152	176
	152	177
	152	178
	153	95
	153	96
	153	97
	153	98
	153	99
	153	100
	153	101
	153	102
	153	103
	153	104
	153	105
	153	106
	153	107
	153	108
	153	109
	153	110
	153	166
	153	167
	153	168
	153	169
	153	170
	153	171
	153	172
	153	173
	153	174
	153	175
	153	176
	153	177
	153	178
	154	95
	154	96
	154	97
	154	98
	154	99
	154	100
	154	101
	154	102
	154	103
	154	104
	154	105
	154	106
	154	107
	154	108
	154	109
	154	110
	154	166
	154	167
	154	168
	154	169
	154	170
	154	171
	154	172
	154	173
	154	174
	154	175
	154	176
	154	177
	154	178
	155	95
	155	96
	155	97
	155	98
	155	99
	155	100
	155	101
	155	102
	155	103
	155	104
	155	105
	155	106
	155	107
	155	108
	155	109
	155	110
	155	166
	155	167
	155	168
	155	169
	155	170
	155	171
	155	172
	155	173
	155	174
	155	175
	155	176
	155	177
	155	178
	156	95
	156	96
	156	97
	156	98
	156	99
	156	100
	156	101
	156	102
	156	103
	156	104
	156	105
	156	106
	156	107
	156	108
	156	109
	156	110
	156	166
	156	167
	156	168
	156	169
	156	170
	156	171
	156	172
	156	173
	156	174
	156	175
	156	176
	156	177
	156	178
	157	95
	157	96
	157	97
	157	98
	157	99
	157	100
	157	101
	157	102
	157	103
	157	104
	157	105
	157	106
	157	107
	157	108
	157	109
	157	110
	157	166
	157	167
	157	168
	157	169
	157	170
	157	171
	157	172
	157	173
	157	174
	157	175
	157	176
	157	177
	157	178
	158	95
	158	96
	158	97
	158	98
	158	99
	158	100
	158	101
	158	102
	158	103
	158	104
	158	105
	158	106
	158	107
	158	108
	158	109
	158	110
	158	166
	158	167
	158	168
	158	169
	158	170
	158	171
	158	172
	158	173
	158	174
	158	175
	158	176
	158	177
	158	178
	159	95
	159	96
	159	97
	159	98
	159	99
	159	100
	159	101
	159	102
	159	103
	159	104
	159	105
	159	106
	159	107
	159	108
	159	109
	159	110
	159	166
	159	167
	159	168
	159	169
	159	170
	159	171
	159	172
	159	173
	159	174
	159	175
	159	176
	159	177
	159	178
	160	95
	160	96
	160	97
	160	98
	160	99
	160	100
	160	101
	160	102
	160	103
	160	104
	160	105
	160	106
	160	107
	160	108
	160	109
	160	110
	160	166
	160	167
	160	168
	160	169
	160	170
	160	171
	160	172
	160	173
	160	174
	160	175
	160	176
	160	177
	160	178
	161	95
	161	96
	161	97
	161	98
	161	99
	161	100
	161	101
	161	102
	161	103
	161	104
	161	105
	161	106
	161	107
	161	108
	161	109
	161	110
	161	166
	161	167
	161	168
	161	169
	161	170
	161	171
	161	172
	161	173
	161	174
	161	175
	161	176
	161	177
	161	178
	162	95
	162	96
	162	97
	162	98
	162	99
	162	100
	162	101
	162	102
	162	103
	162	104
	162	105
	162	106
	162	107
	162	108
	162	109
	162	110
	162	166
	162	167
	162	168
	162	169
	162	170
	162	171
	162	172
	162	173
	162	174
	162	175
	162	176
	162	177
	162	178
	163	95
	163	96
	163	97
	163	98
	163	99
	163	100
	163	101
	163	102
	163	103
	163	104
	163	105
	163	106
	163	107
	163	108
	163	109
	163	110
	163	166
	163	167
	163	168
	163	169
	163	170
	163	171
	163	172
	163	173
	163	174
	163	175
	163	176
	163	177
	163	178
	164	95
	164	96
	164	97
	164	98
	164	99
	164	100
	164	101
	164	102
	164	103
	164	104
	164	105
	164	106
	164	107
	164	108
	164	109
	164	110
	164	166
	164	167
	164	168
	164	169
	164	170
	164	171
	164	172
	164	173
	164	174
	164	175
	164	176
	164	177
	164	178
	165	95
	165	96
	165	97
	165	98
	165	99
	165	100
	165	101
	165	102
	165	103
	165	104
	165	105
	165	106
	165	107
	165	108
	165	109
	165	110
	165	165
	165	166
	165	167
	165	168
	165	169
	165	170
	165	171
	165	172
	165	173
	165	174
	165	175
	165	176
	165	177
	165	178
	166	95
	166	96
	166	97
	166	98
	166	99
	166	100
	166	101
	166	102
	166	103
	166	104
	166	105
	166	106
	166	107
	166	108
	166	109
	166	110
	166	163
	166	164
	166	165
	166	166
	166	167
	166	168
	166	169
	166	170
	166	171
	166	172
	166	173
	166	174
	166	175
	166	176
	166	177
	166	178
	167	95
	167	96
	167	97
	167	98
	167	99
	167	100
	167	101
	167	102
	167	103
	167	104
	167	105
	167	106
	167	107
	167	108
	167	109
	167	110
	167	163
	167	164
	167	165
	167	166
	167	167
	167	168
	167	169
	167	170
	167	171
	167	172
	167	173
	167	174
	167	175
	167	176
	167	177
	167	178
	168	95
	168	96
	168	97
	168	98
	168	99
	168	100
	168	101
	168	102
	168	103
	168	104
	168	105
	168	106
	168	107
	168	108
	168	109
	168	110
	168	163
	168	164
	168	165
	168	166
	168	167
	168	168
	168	169
	168	170
	168	171
	168	172
	168	173
	168	174
	168	175
	168	176
	168	177
	168	178
	169	95
	169	96
	169	97
	169	98
	169	99
	169	100
	169	101
	169	102
	169	103
	169	104
	169	105
	169	106
	169	107
	169	108
	169	109
	169	110
	169	163
	169	164
	169	165
	169	166
	169	167
	169	168
	169	169
	169	170
	169	171
	169	172
	169	173
	169	174
	169	175
	169	176
	169	177
	169	178
	170	95
	170	96
	170	97
	170	98
	170	99
	170	100
	170	101
	170	102
	170	103
	170	104
	170	105
	170	106
	170	107
	170	108
	170	109
	170	110
	174	108
	174	109
	174	110
	174	111
	174	112
	174	113
	174	114
	174	115
	174	116
	174	117
	174	118
	174	119
	174	120
	174	121
	174	122
	174	123
	174	146
	174	147
	174	148
	174	149
	174	150
	174	151
	174	152
	174	153
	174	154
	174	155
	174	156
	174	157
	174	158
	174	159
	174	160
	174	161
	174	162
	174	163
	174	164
	174	165
	175	108
	175	109
	175	110
	175	111
	175	112
	175	113
	175	114
	175	115
	175	116
	175	117
	175	118
	175	119
	175	120
	175	121
	175	122
	175	123
	175	124
	175	125
	175	126
	175	127
	175	128
	175	129
	175	130
	175	131
	175	132
	175	133
	175	134
	175	135
	175	136
	175	137
	175	138
	175	139
	175	140
	175	141
	175	142
	175	143
	175	144
	175	145
	175	146
	175	147
	175	148
	175	149
	175	150
	175	151
	175	152
	175	153
	175	154
	175	155
	175	156
	175	157
	175	158
	175	159
	175	160
	175	161
	175	162
	175	163
	175	164
	175	165
	176	108
	176	109
	176	110
	176	111
	176	112
	176	113
	176	114
	176	115
	176	116
	176	117
	176	118
	176	119
	176	120
	176	121
	176	122
	176	123
	176	124
	176	125
	176	126
	176	127
	176	128
	176	129
	176	130
	176	131
	176	132
	176	133
	176	134
	176	135
	176	136
	176	137
	176	138
	176	139
	176	140
	176	141
	176	142
	176	143
	176	144
	176	145
	176	146
	176	147
	176	148
	176	149
	176	150
	176	151
	176	152
	176	153
	176	154
	176	155
	176	156
	176	157
	176	158
	176	159
	176	160
	176	161
	176	162
	176	163
	176	164
	176	165
	177	108
	177	109
	177	110
	177	111
	177	112
	177	113
	177	114
	177	115
	177	116
	177	117
	177	118
	177	119
	177	120
	177	121
	177	122
	177	123
	177	124
	177	125
	177	126
	177	127
	177	128
	177	129
	177	130
	177	131
	177	132
	177	133
	177	134
	177	135
	177	136
	177	137
	177	138
	177	139
	177	140
	177	141
	177	142
	177	143
	177	144
	177	145
	177	146
	177	147
	177	148
	177	149
	177	150
	177	151
	177	152
	177	153
	177	154
	177	155
	177	156
	177	157
	177	158
	177	159
	177	160
	177	161
	177	162
	177	163
	177	164
	177	165
	178	108
	178	109
	178	110
	178	111
	178	112
	178	113
	178	114
	178	115
	178	116
	178	117
	178	118
	178	119
	178	120
	178	121
	178	122
	178	123
	178	124
	178	125
	178	126
	178	127
	178	128
	178	129
	178	130
	178	131
	178	132
	178	133
	178	134
	178	135
	178	136
	178	137
	178	138
	178	139
	178	140
	178	141
	178	142
	178	143
	178	144
	178	145
	178	146
	178	147
	178	148
	178	149
	178	150
	178	151
	178	152
	178	153
	178	154
	178	155
	178	156
	178	157
	178	158
	178	159
	178	160
	178	161
	178	162
	178	163
	178	164
	178	165
	179	108
	179	109
	179	110
	179	111
	179	112
	179	113
	179	114
	179	115
	179	116
	179	117
	179	118
	179	119
	179	120
	179	121
	179	122
	179	123
	179	124
	179	125
	179	126
	179	127
	179	128
	179	129
	179	130
	179	131
	179	132
	179	133
	179	134
	179	135
	179	136
	179	137
	179	138
	179	139
	179	140
	179	141
	179	142
	179	143
	179	144
	179	145
	179	146
	179	147
	179	148
	179	149
	179	150
	179	151
	179	152
	179	153
	179	154
	179	155
	179	156
	179	157
	179	158
	179	159
	179	160
	179	161
	179	162
	179	163
	179	164
	179	165
	180	108
	180	109
	180	110
	180	111
	180	112
	180	113
	180	114
	180	115
	180	116
	180	117
	180	118
	180	119
	180	120
	180	121
	180	122
	180	123
	180	124
	180	125
	180	126
	180	127
	180	128
	180	129
	180	130
	180	131
	180	132
	180	133
	180	134
	180	135
	180	136
	180	137
	180	138
	180	139
	180	140
	180	141
	180	142
	180	143
	180	144
	180	145
	180	146
	180	147
	180	148
	180	149
	180	150
	180	151
	180	152
	180	153
	180	154
	180	155
	180	156
	180	157
	180	158
	180	159
	180	160
	180	161
	180	162
	180	163
	180	164
	180	165
	181	108
	181	109
	181	110
	181	111
	181	112
	181	113
	181	114
	181	115
	181	116
	181	117
	181	118
	181	119
	181	120
	181	121
	181	122
	181	123
	181	124
	181	125
	181	126
	181	127
	181	128
	181	129
	181	130
	181	131
	181	132
	181	133
	181	134
	181	135
	181	136
	181	137
	181	138
	181	139
	181	140
	181	141
	181	142
	181	143
	181	144
	181	145
	181	146
	181	147
	181	148
	181	149
	181	150
	181	151
	181	152
	181	153
	181	154
	181	155
	181	156
	181	157
	181	158
	181	159
	181	160
	181	161
	181	162
	181	163
	181	164
	181	165
	182	108
	182	109
	182	110
	182	111
	182	112
	182	113
	182	114
	182	115
	182	116
	182	117
	182	118
	182	119
	182	120
	182	121
	182	122
	182	123
	182	124
	182	125
	182	126
	182	127
	182	128
	182	129
	182	130
	182	131
	182	132
	182	133
	182	134
	182	135
	182	136
	182	137
	182	138
	182	139
	182	140
	182	141
	182	142
	182	143
	182	144
	182	145
	182	146
	182	147
	182	148
	182	149
	182	150
	182	151
	182	152
	182	153
	182	154
	182	155
	182	156
	182	157
	182	158
	182	159
	182	160
	182	161
	182	162
	182	163
	182	164
	182	165
	183	108
	183	109
	183	110
	183	111
	183	112
	183	113
	183	114
	183	115
	183	116
	183	117
	183	118
	183	119
	183	120
	183	121
	183	122
	183	123
	183	124
	183	125
	183	126
	183	127
	183	128
	183	129
	183	130
	183	131
	183	132
	183	133
	183	134
	183	135
	183	136
	183	137
	183	138
	183	139
	183	140
	183	141
	183	142
	183	143
	183	144
	183	145
	183	146
	183	147
	183	148
	183	149
	183	150
	183	151
	183	152
	183	153
	183	154
	183	155
	183	156
	183	157
	183	158
	183	159
	183	160
	183	161
	183	162
	183	163
	183	164
	183	165
	184	108
	184	109
	184	110
	184	111
	184	112
	184	113
	184	114
	184	115
	184	116
	184	117
	184	118
	184	119
	184	120
	184	121
	184	122
	184	123
	184	124
	184	125
	184	126
	184	127
	184	128
	184	129
	184	130
	184	131
	184	132
	184	133
	184	134
	184	135
	184	136
	184	137
	184	138
	184	139
	184	140
	184	141
	184	142
	184	143
	184	144
	184	145
	184	146
	184	147
	184	148
	184	149
	184	150
	184	151
	184	152
	184	153
	184	154
	184	155
	184	156
	184	157
	184	158
	184	159
	184	160
	184	161
	184	162
	184	163
	184	164
	184	165
	185	108
	185	109
	185	110
	185	111
	185	112
	185	113
	185	114
	185	115
	185	116
	185	117
	185	118
	185	119
	185	120
	185	121
	185	122
	185	123
	185	124
	185	125
	185	126
	185	127
	185	128
	185	129
	185	130
	185	131
	185	132
	185	133
	185	134
	185	135
	185	136
	185	137
	185	138
	185	139
	185	140
	185	141
	185	142
	185	143
	185	144
	185	145
	185	146
	185	147
	185	148
	185	149
	185	150
	185	151
	185	152
	185	153
	185	154
	185	155
	185	156
	185	157
	185	158
	185	159
	185	160
	185	161
	185	162
	185	163
	185	164
	185	165
	173	115
	172	115
	173	116
	173	114
	172	116
	172	114
	173	117
	173	113
	171	115
	171	116
	172	117
	171	117
	172	118
	170	116
	170	117
	171	118
	170	115
	171	114
	173	118
	173	119
	172	119
	173	120
	172	113
	171	113
	172	112
	170	114
	170	113
	171	112
	170	112
	171	111
	169	113
	169	112
	170	111
	169	111
	168	112
	167	112
	168	113
	168	111
	167	111
	168	114
	166	111
	169	114
	169	115
	172	111
	173	111
	172	110
	173	112
	173	110
	171	110
	172	109
	173	109
	171	109
	172	108
	173	108
	174	107
	170	161
	171	161
	169	161
	170	162
	170	160
	171	162
	171	160
	169	162
	169	160
	170	163
	172	161
	170	159
	168	161
	173	155
	172	155
	173	156
	173	154
	172	156
	172	154
	173	157
	173	153
	171	155
	173	152
	172	153
	173	151
	173	150
	172	151
	172	150
	173	149
	173	148
	171	152
	171	153
	170	154
	171	154
	170	155
	170	156
	171	156
	169	156
	170	157
	169	158
	170	158
	168	158
	169	159
	169	157
	168	159
	171	158
	168	160
	167	161
	168	162
	167	162
	170	165
	170	166
	170	164
	171	165
	172	163
	173	163
	171	163
	172	164
	172	162
	173	164
	173	162
	171	164
	172	165
	173	161
	173	160
	173	159
	173	158
	172	159
	172	157
	172	158
	171	157
	172	152
	172	160
	171	159
	170	167
	171	167
	170	168
	171	168
	171	166
	170	169
	172	167
	172	168
	172	166
	171	169
	173	167
	174	167
	175	167
	174	168
	174	166
	175	168
	175	166
	173	168
	173	166
	174	169
	176	167
	176	168
	176	166
	175	169
	177	167
	173	165
	177	166
	172	169
	171	170
	140	172
	140	171
	140	166
	143	162
	143	161
	143	160
	144	161
	143	158
	143	159
	143	157
	143	155
	143	156
	144	162
	164	111
	165	111
	163	111
	162	111
	161	111
	160	111
	159	111
	88	32
	89	32
	87	32
	84	31
	85	32
	86	32
	84	32
	82	31
	83	31
	82	32
	83	32
	79	32
	80	32
	78	32
	76	31
	75	31
	76	32
	77	32
	75	32
	74	31
	74	32
	73	32
	71	32
	72	32
	70	32
	68	32
	69	32
	103	135
	102	135
	102	134
	103	134
	102	133
	103	133
	102	132
	103	132
	102	131
	103	131
	102	130
	103	130
	102	129
	103	129
	102	128
	103	128
	102	127
	103	127
	102	126
	103	126
	102	125
	103	125
	102	124
	103	124
	102	122
	103	122
	102	123
	102	121
	103	123
	103	121
	102	120
	103	120
	102	119
	103	119
	102	118
	103	118
	102	117
	103	117
	102	116
	103	116
	102	115
	103	115
	102	114
	103	114
	102	113
	103	113
	102	112
	103	112
	102	111
	103	111
	102	110
	103	110
	102	109
	103	109
	102	108
	103	108
	102	107
	103	107
	102	106
	102	105
	102	104
	102	102
	102	103
	102	101
	103	105
	103	101
	103	106
	103	104
	103	100
	102	99
	103	103
	102	100
	103	99
	103	102
	102	98
	103	98
	102	97
	103	97
	102	96
	103	96
	102	95
	103	95
	102	94
	103	94
	102	93
	103	93
	102	91
	103	91
	102	92
	102	90
	103	92
	103	90
	102	88
	103	88
	102	89
	102	87
	103	89
	103	87
	102	86
	103	86
	102	85
	103	85
	102	84
	103	84
	102	83
	103	83
	102	82
	102	81
	102	80
	103	81
	103	82
	103	80
	102	79
	102	78
	102	77
	102	76
	103	78
	103	79
	103	77
	103	76
	102	75
	103	75
	102	74
	103	74
	102	73
	103	73
	102	72
	103	72
	102	71
	103	71
	102	70
	103	70
	102	69
	103	69
	102	68
	103	68
	102	67
	103	67
	102	66
	103	66
	103	65
InvisibleObstacle		
CS1		
	25	35
	26	35
	24	35
	25	36
	25	34
	26	36
	26	34
	24	36
	24	34
	27	35
	27	36
	27	34
	25	33
	26	33
	24	33
	27	33
CS2		
	47	79
	48	79
	46	79
	47	80
	47	78
	48	80
	48	78
	46	80
	46	78
	49	79
	49	80
	49	78
	50	79
	50	80
	50	78
	49	77
	50	77
	48	77
	47	77
	46	77
CS3		
	179	26
	180	26
	178	26
	179	27
	179	25
	180	27
	180	25
	178	27
	178	25
	181	26
	181	27
	181	25
	180	24
	181	24
	179	24
	178	24
CS4		
	153	116
	153	115
	153	114
	154	114
	155	114
	156	114
	156	115
	156	116
	156	117
	155	117
	154	117
	153	117
	154	115
	155	115
	155	116
	154	116
AW1		
	125	61
	125	60
	125	59
	125	58
	125	57
	125	56
	125	55
	125	54
	125	53
	125	52
	125	51
	124	50
	124	49
	124	48
	124	47
	124	46
	124	45
	124	44
	124	43
	124	42
	124	41
	124	40
	124	39
	124	38
	124	37
	124	36
	125	36
	126	36
	126	37
	126	38
	125	38
	125	39
	125	40
	125	41
	126	41
	126	42
	126	43
	125	44
	126	44
	126	45
	126	46
	126	47
	126	48
	126	49
	126	50
	126	51
	126	52
	126	61
	126	60
	126	59
	126	58
	126	57
	126	56
	126	55
	126	54
	126	53
	124	61
	124	60
	124	59
	124	58
	124	57
	124	56
	124	55
	124	54
	124	53
	124	52
	124	51
	125	50
	125	49
	125	48
	125	47
	125	46
	125	45
	125	43
	125	42
	125	37
	126	39
	126	40
	125	35
	126	35
	124	35
	125	34
	126	34
	124	34
AW2		
	63	34
	64	34
	62	34
	63	35
	63	33
	64	35
	64	33
	62	35
	62	33
	63	36
	64	36
	62	36
	63	37
	64	37
	62	37
	63	38
	64	38
	62	38
	63	39
	64	39
	62	39
	63	40
	64	40
	62	40
	63	41
	64	41
	62	41
	63	42
	64	42
	62	42
	63	43
	64	43
	62	43
	64	44
	63	44
	62	44
	63	45
	64	45
	62	45
	63	46
	64	46
	62	46
	62	47
	63	47
	62	48
	63	48
	62	49
	63	49
	64	49
	63	50
	64	50
	64	48
	62	50
	63	51
	64	51
	62	51
	63	52
	64	52
	62	52
	63	53
	64	53
	62	53
	64	47
CG1		
	68	34
	69	34
	67	34
	68	35
	68	33
	69	35
	69	33
	67	35
	67	33
	68	36
	69	36
	67	36
	68	37
	69	37
	67	37
	68	38
	69	38
	67	38
	68	39
	69	39
	67	39
	68	40
	69	40
	67	40
	68	41
	69	41
	67	41
	68	42
	69	42
	67	42
	68	43
	69	43
	67	43
	68	44
	69	44
	67	44
	68	45
	69	45
	67	45
	68	46
	69	46
	67	46
	68	47
	69	47
	67	47
	68	48
	69	48
	67	48
	68	49
	69	49
	67	49
	68	50
	69	50
	67	50
	68	51
	69	51
	67	51
	68	52
	69	52
	67	52
	68	53
	69	53
	67	53
