Key	CellX	CellY
VisibleObstacle		
	3	37
	4	37
	5	37
	6	37
	7	37
	8	37
	9	37
	10	37
	11	37
	12	37
	13	37
	14	37
	15	37
	16	37
	17	37
	18	37
	19	37
	20	37
	21	37
	22	37
	23	37
	24	37
	25	37
	26	37
	27	37
	28	37
	29	37
	30	37
	31	37
	32	37
	33	37
	34	37
	35	37
	36	37
	37	37
	38	37
	39	37
	40	37
	41	37
	42	37
	43	37
	44	37
	45	37
	46	37
	47	37
	48	37
	49	37
	50	37
	51	37
	52	37
	53	37
	54	37
	55	37
	56	37
	57	37
	58	37
	59	37
	60	37
	61	37
	62	37
	63	37
	64	37
	65	37
	66	37
	67	37
	68	37
	70	37
	69	37
	71	37
	72	37
	73	37
	74	37
	75	37
	76	37
	77	37
	78	37
	79	37
	80	37
	81	37
	82	37
	83	37
	84	37
	85	37
	86	37
	87	37
	88	37
	89	37
	90	37
	91	37
	92	37
	93	37
	94	37
	95	37
	96	37
	97	37
	98	37
	99	37
	100	37
	101	37
	102	37
	103	37
	104	37
	105	37
	106	37
	107	37
	108	37
	109	37
	110	37
	111	37
	112	37
	113	37
	114	37
	115	37
	116	37
	117	37
	118	37
	119	37
	120	37
	121	37
	123	37
	122	37
	124	37
	125	37
	127	37
	126	37
	128	37
	129	37
	131	37
	130	37
	132	37
	133	37
	134	37
	135	37
	137	37
	139	37
	141	37
	142	37
	143	37
	146	37
	147	37
	148	37
	149	37
	150	37
	152	37
	153	37
	154	37
	155	37
	156	37
	157	37
	158	37
	159	37
	160	37
	161	37
	151	38
	151	37
	162	37
	164	37
	165	37
	166	37
	167	37
	167	38
	168	38
	163	37
	168	37
	169	37
	170	37
	171	37
	172	37
	173	37
	174	37
	175	37
	176	37
	177	37
	178	37
	179	37
	180	37
	181	37
	182	37
	183	37
	184	37
	185	37
	186	37
	187	37
	188	37
	190	37
	191	37
	192	37
	193	37
	194	37
	195	37
	196	37
	197	37
	189	37
	198	37
	199	37
	200	37
	202	37
	203	37
	204	37
	205	37
	206	37
	207	37
	201	37
	208	37
	209	37
	210	37
	211	37
	212	37
	213	37
	223	37
	222	37
	221	37
	220	37
	219	37
	214	37
	215	37
	216	37
	217	37
	218	37
	224	37
	225	37
	226	37
	227	37
	228	37
	229	37
	230	37
	231	37
	232	37
	233	37
	234	37
	235	37
	236	37
	237	37
	238	37
	239	37
	240	37
	241	37
	242	37
	243	37
	244	37
	245	37
	246	37
	247	37
	248	37
	249	37
	250	37
	251	37
	252	37
	253	37
	254	37
	255	37
	256	37
	257	37
	258	37
	259	37
	260	37
	261	37
	262	37
	263	37
	264	37
	265	38
	266	38
	267	38
	268	38
	269	38
	270	38
	265	37
	266	37
	267	37
	268	37
	269	37
	270	37
	271	37
	272	37
	273	37
	274	37
	275	37
	276	37
	277	37
	278	37
	279	37
	280	37
	281	37
	282	37
	283	37
	284	37
	285	37
	286	37
	287	37
	288	37
	289	37
	290	37
	291	37
	292	37
	293	37
	294	37
	295	37
	296	37
	297	37
	298	37
	299	37
	300	37
	301	37
	302	37
	303	37
	304	37
	305	37
	306	37
	307	37
	308	37
	309	37
	310	37
	311	37
	312	37
	313	37
	314	37
	315	37
	316	37
	317	37
	318	37
	319	37
	320	37
	321	37
	322	37
	323	37
	324	37
	325	37
	326	37
	327	37
	329	37
	330	37
	331	37
	332	37
	333	37
	334	37
	334	38
	335	38
	336	38
	337	38
	328	37
	335	37
	336	37
	337	37
	338	37
	339	37
	340	37
	341	37
	342	37
	343	37
	344	37
	345	37
	346	37
	347	37
	348	37
	349	37
	350	37
	351	37
	352	37
	353	37
	354	37
	355	37
	356	37
	357	37
	358	37
	359	37
	360	37
	361	37
	362	37
	363	37
	364	37
	365	37
	366	37
	367	37
	368	37
	369	37
	370	37
	371	37
	372	37
	373	37
	374	37
	375	37
	376	37
	377	37
	378	37
	379	37
	380	37
	381	37
	382	37
	383	37
	384	37
	385	37
	386	37
	387	37
	388	37
	390	37
	389	37
	391	37
	392	37
	393	37
	394	37
	395	37
	396	37
	397	37
	398	37
	399	37
	400	37
	401	37
	402	37
	403	37
	404	37
	405	37
	406	37
	407	37
	408	37
	409	37
	410	37
	411	37
	412	37
	413	37
	414	37
	415	37
	416	37
	439	37
	438	37
	437	37
	436	37
	435	37
	434	37
	433	37
	428	37
	429	37
	430	37
	431	37
	432	37
	418	37
	420	37
	421	37
	423	37
	424	37
	425	37
	426	37
	427	37
	422	37
	419	37
	417	37
	440	37
	441	37
	442	37
	443	37
	444	37
	445	37
	446	37
	447	37
	448	37
	449	37
	450	37
	451	37
	452	37
	453	37
	454	37
	455	37
	456	37
	457	37
	458	37
	459	37
	460	37
	461	37
	462	37
	463	37
	464	37
	465	37
	466	37
	467	37
	468	37
	469	37
	470	37
	471	37
	472	37
	473	37
	474	37
	475	37
	476	37
	477	37
	478	37
	479	37
	479	38
	480	38
	481	38
	482	38
	483	38
	484	38
	485	38
	480	37
	481	37
	482	37
	483	37
	484	37
	485	37
	486	37
	487	37
	488	37
	489	37
	490	37
	491	37
	492	37
	493	37
	494	37
	495	37
	503	38
	503	37
	503	39
	502	39
	500	37
	500	39
	498	37
	497	37
	496	37
	505	37
	506	37
	507	37
	508	37
	509	37
	510	37
	511	37
	512	37
	513	37
	514	37
	515	37
	516	37
	517	37
	518	37
	519	37
	520	37
	521	37
	522	37
	523	37
	524	37
	525	37
	526	37
	527	37
	528	37
	529	37
	530	37
	531	37
	532	37
	533	37
	534	37
	535	37
	536	37
	537	37
	538	37
	539	37
	540	37
	541	37
	542	37
	543	37
	544	37
	545	37
	546	37
	547	37
	548	37
	549	37
	550	37
	551	37
	552	37
	553	37
	554	37
	555	37
	556	37
	557	37
	558	37
	559	37
	560	37
	561	37
	562	37
	563	37
	564	37
	565	37
	566	37
	567	37
	568	37
	569	37
	570	37
	571	37
	572	37
	571	36
	571	35
	571	34
	571	33
	571	32
	571	31
	571	30
	571	29
	571	28
	571	27
	571	26
	571	25
	571	24
	571	23
	571	22
	571	21
	571	20
	571	19
	571	18
	571	17
	571	16
	571	15
	571	14
	571	13
	571	12
	571	11
	571	10
	571	9
	571	8
	571	7
	570	9
	569	9
	560	8
	560	7
	561	7
	568	9
	565	9
	564	9
	566	9
	561	9
	560	9
	559	9
	558	9
	557	9
	556	9
	555	9
	554	9
	553	9
	552	9
	551	9
	550	9
	549	9
	548	9
	547	9
	546	9
	545	9
	544	9
	543	9
	542	9
	541	9
	540	9
	540	8
	539	8
	538	8
	537	8
	536	8
	535	8
	534	8
	533	8
	532	8
	531	8
	539	9
	538	9
	537	9
	536	9
	535	9
	534	9
	533	9
	532	9
	531	9
	530	9
	529	9
	528	9
	527	9
	526	9
	525	9
	524	9
	523	8
	522	8
	521	8
	520	8
	519	8
	523	9
	522	9
	521	9
	520	9
	519	9
	518	9
	517	9
	516	9
	515	9
	514	9
	513	9
	512	9
	511	9
	510	9
	509	9
	508	9
	507	9
	506	9
	505	9
	504	9
	503	9
	502	9
	501	9
	500	9
	499	9
	498	9
	497	9
	496	9
	495	9
	494	9
	493	9
	492	9
	488	9
	486	9
	485	9
	484	9
	483	9
	482	9
	481	9
	480	9
	479	9
	478	9
	491	9
	490	9
	473	9
	474	9
	475	9
	476	9
	477	9
	487	9
	489	9
	472	9
	471	9
	470	9
	469	9
	468	9
	467	9
	466	9
	465	9
	464	9
	463	9
	462	9
	461	9
	460	9
	459	9
	458	9
	457	9
	457	8
	456	8
	455	8
	454	8
	453	8
	452	8
	451	8
	450	8
	449	8
	448	8
	447	8
	446	8
	445	8
	456	9
	455	9
	454	9
	453	9
	452	9
	451	9
	450	9
	449	9
	448	9
	447	9
	446	9
	445	9
	444	9
	443	9
	442	9
	441	9
	440	9
	439	9
	438	9
	437	9
	436	9
	435	9
	434	9
	433	9
	432	9
	431	9
	430	9
	429	9
	428	9
	427	9
	426	9
	425	9
	424	9
	423	9
	422	9
	421	9
	420	9
	419	9
	418	9
	417	9
	416	9
	346	7
	347	7
	345	7
	410	9
	409	9
	408	9
	407	9
	406	8
	405	8
	404	8
	403	8
	402	8
	401	8
	400	8
	399	8
	398	8
	397	8
	396	8
	395	8
	406	9
	405	9
	404	9
	403	9
	402	9
	401	9
	400	9
	399	9
	398	9
	397	9
	396	9
	395	9
	394	9
	393	9
	392	9
	391	9
	390	9
	389	9
	388	9
	387	9
	386	9
	385	9
	384	9
	383	9
	382	9
	381	9
	380	9
	379	9
	378	9
	377	9
	376	9
	375	9
	374	9
	373	9
	372	9
	371	9
	370	9
	368	9
	342	9
	343	9
	344	9
	345	9
	346	9
	347	9
	348	9
	349	9
	363	9
	365	9
	367	9
	356	9
	369	9
	366	9
	364	9
	362	9
	361	9
	360	9
	359	9
	358	9
	357	9
	355	9
	354	9
	353	9
	352	9
	350	9
	349	8
	348	8
	347	8
	346	8
	345	8
	343	8
	341	8
	340	8
	339	8
	338	8
	337	8
	336	8
	335	8
	334	8
	333	8
	341	9
	340	9
	339	9
	351	9
	338	9
	337	9
	336	9
	335	9
	334	9
	333	9
	332	9
	331	9
	330	9
	329	9
	328	9
	328	8
	327	8
	326	8
	325	8
	324	8
	323	8
	322	8
	321	8
	320	8
	327	9
	326	9
	325	9
	324	9
	323	9
	322	9
	321	9
	320	9
	319	9
	318	9
	317	9
	316	9
	315	9
	314	8
	313	8
	312	8
	311	8
	314	9
	313	9
	312	9
	311	9
	310	9
	309	9
	308	9
	307	9
	306	9
	305	9
	304	9
	303	9
	302	9
	301	9
	300	9
	299	9
	298	9
	297	9
	296	9
	295	9
	294	9
	293	9
	292	9
	291	9
	290	9
	289	9
	288	9
	287	9
	286	9
	285	9
	284	9
	283	9
	282	9
	281	9
	280	9
	279	9
	278	9
	277	9
	276	9
	275	9
	274	9
	273	9
	272	9
	271	9
	270	9
	269	9
	268	9
	267	9
	266	9
	265	9
	264	9
	263	9
	262	9
	261	9
	260	9
	259	9
	258	9
	257	9
	256	9
	255	9
	254	9
	253	9
	252	9
	251	9
	250	9
	249	9
	248	9
	247	9
	246	9
	245	9
	244	9
	243	9
	242	9
	241	9
	240	9
	239	9
	238	9
	237	9
	236	9
	235	9
	229	9
	230	9
	231	9
	232	9
	233	9
	234	9
	233	8
	232	8
	231	8
	230	8
	229	8
	228	8
	227	8
	226	8
	225	8
	224	8
	223	8
	228	9
	227	9
	226	9
	225	9
	224	9
	223	9
	222	9
	221	9
	220	9
	219	9
	218	9
	217	9
	216	9
	215	9
	214	9
	213	9
	212	9
	211	9
	210	9
	209	9
	208	9
	207	9
	206	9
	205	9
	204	9
	203	9
	202	9
	201	9
	200	9
	199	9
	198	9
	197	9
	196	9
	195	9
	194	9
	193	9
	192	9
	191	9
	190	9
	189	9
	188	9
	187	9
	186	9
	185	9
	184	9
	183	9
	182	9
	181	9
	180	9
	179	9
	178	9
	177	9
	176	9
	175	9
	174	9
	173	9
	172	9
	171	9
	170	9
	169	9
	168	9
	167	9
	166	9
	165	9
	164	9
	163	9
	162	9
	161	9
	160	9
	159	9
	158	9
	157	9
	156	9
	155	9
	153	9
	152	9
	151	9
	150	8
	149	8
	148	8
	146	8
	144	8
	143	8
	142	8
	141	8
	140	8
	139	8
	154	9
	150	9
	149	9
	148	9
	147	9
	146	9
	145	9
	144	9
	143	9
	142	9
	141	9
	140	9
	139	9
	138	9
	137	9
	136	9
	135	9
	134	9
	133	9
	132	9
	131	9
	130	9
	129	9
	128	9
	127	9
	126	9
	125	9
	124	9
	123	9
	122	9
	121	9
	120	9
	119	9
	118	9
	117	9
	116	9
	115	9
	114	9
	113	9
	112	9
	111	9
	110	9
	109	9
	108	9
	107	9
	106	9
	105	9
	104	9
	103	9
	102	9
	101	9
	100	9
	99	9
	98	9
	97	9
	96	9
	95	9
	94	9
	93	9
	92	9
	91	9
	90	9
	89	9
	88	9
	87	9
	86	9
	85	9
	84	9
	83	9
	82	9
	81	9
	80	9
	79	9
	78	9
	77	9
	76	9
	75	9
	74	9
	72	9
	71	9
	69	9
	68	9
	67	9
	66	9
	65	9
	63	9
	62	9
	61	9
	60	9
	59	9
	58	9
	57	9
	56	9
	55	9
	54	9
	53	9
	52	9
	51	9
	50	9
	49	9
	48	9
	47	9
	46	9
	45	9
	44	9
	43	9
	42	9
	41	9
	40	9
	39	9
	38	9
	37	9
	36	9
	35	9
	34	9
	33	9
	32	9
	31	9
	29	9
	27	9
	25	9
	22	9
	20	9
	19	9
	73	9
	70	9
	64	9
	30	9
	28	9
	26	9
	24	9
	23	9
	21	9
	18	9
	3	26
	3	27
	3	28
	3	36
	3	29
	3	30
	3	31
	3	32
	3	33
	3	34
	3	35
	17	9
	16	9
	15	9
	14	9
	13	9
	12	9
	11	9
	10	9
	9	9
	8	9
	7	9
	6	9
	5	9
	4	9
	3	9
	3	25
	3	24
	3	23
	3	22
	3	21
	3	20
	3	19
	3	18
	3	17
	3	16
	3	15
	3	14
	3	13
	3	12
	3	11
	3	10
	2	9
	1	9
	2	10
	14	8
	1	10
	2	11
	1	11
	2	12
	1	12
	2	13
	1	13
	2	14
	1	14
	2	15
	1	15
	2	16
	1	16
	0	16
	1	17
	2	17
	0	17
	1	18
	2	18
	0	18
	1	19
	2	19
	2	20
	1	20
	2	21
	1	21
	2	22
	1	22
	2	23
	1	23
	2	24
	1	24
	2	25
	1	25
	2	26
	1	26
	2	27
	1	27
	2	28
	3	39
	1	39
	28	39
	2	29
	30	39
	2	30
	29	39
	2	31
	1	28
	1	29
	1	30
	1	31
	2	32
	1	32
	2	33
	1	33
	2	34
	1	34
	2	35
	1	35
	2	36
	1	36
	2	37
	1	37
	2	38
	3	38
	1	38
	2	39
	4	39
	31	39
	4	38
	5	39
	32	39
	5	38
	6	39
	33	39
	6	38
	7	39
	35	39
	7	38
	8	39
	34	39
	8	38
	9	39
	9	38
	10	39
	10	38
	11	39
	11	38
	12	39
	12	38
	13	39
	13	38
	14	39
	14	38
	15	39
	15	38
	16	39
	16	38
	17	39
	17	38
	18	39
	18	38
	19	39
	19	38
	20	39
	20	38
	21	39
	21	38
	22	39
	22	38
	23	39
	23	38
	24	39
	24	38
	25	39
	25	38
	26	39
	26	38
	27	39
	27	38
	28	38
	29	38
	30	38
	31	38
	32	38
	79	38
	33	38
	79	39
	34	38
	77	38
	35	38
	36	39
	80	39
	36	38
	37	39
	82	39
	37	38
	38	39
	80	38
	38	38
	81	38
	77	39
	76	38
	39	39
	81	39
	83	39
	76	39
	40	39
	84	39
	74	38
	41	39
	75	38
	42	39
	73	38
	43	39
	74	39
	44	39
	73	39
	45	39
	75	39
	46	39
	39	38
	40	38
	41	38
	42	38
	43	38
	44	38
	45	38
	46	38
	47	38
	47	39
	48	38
	48	39
	49	38
	49	39
	50	38
	50	39
	51	38
	51	39
	52	38
	52	39
	53	38
	53	39
	54	38
	54	39
	55	38
	55	39
	56	38
	56	39
	57	38
	72	38
	58	38
	71	38
	72	39
	71	39
	69	38
	70	38
	68	38
	68	39
	70	39
	67	38
	69	39
	66	38
	64	38
	64	39
	65	38
	65	39
	66	39
	63	39
	63	38
	61	38
	67	39
	62	38
	62	39
	60	39
	60	38
	61	39
	59	39
	59	38
	58	39
	137	39
	57	39
	139	39
	138	39
	140	39
	141	39
	142	39
	78	38
	78	39
	82	38
	83	38
	84	38
	85	39
	85	38
	86	38
	86	39
	87	38
	87	39
	88	38
	89	38
	88	39
	89	39
	90	38
	90	39
	91	38
	92	38
	91	39
	92	39
	93	38
	93	39
	94	38
	94	39
	95	38
	95	39
	96	38
	96	39
	97	38
	97	39
	98	38
	98	39
	99	38
	99	39
	100	38
	100	39
	101	38
	101	39
	102	38
	102	39
	103	38
	103	39
	104	38
	104	39
	105	38
	105	39
	106	38
	106	39
	107	38
	107	39
	108	38
	108	39
	109	38
	109	39
	110	38
	110	39
	111	38
	111	39
	112	38
	112	39
	113	38
	113	39
	114	38
	114	39
	115	38
	115	39
	116	38
	116	39
	117	38
	117	39
	118	38
	118	39
	119	38
	119	39
	120	38
	120	39
	121	38
	121	39
	122	38
	122	39
	123	38
	123	39
	124	38
	124	39
	125	38
	125	39
	126	38
	126	39
	127	38
	127	39
	128	38
	128	39
	129	38
	130	38
	129	39
	130	39
	131	38
	131	39
	132	38
	132	39
	133	38
	133	39
	134	38
	134	39
	135	38
	135	39
	136	38
	136	39
	136	37
	137	38
	138	38
	138	37
	139	38
	140	38
	140	37
	141	38
	142	38
	143	38
	144	38
	144	37
	145	38
	144	39
	145	39
	143	39
	146	38
	146	39
	147	39
	148	39
	147	38
	148	38
	149	38
	149	39
	150	38
	150	39
	151	39
	152	38
	152	39
	153	38
	153	39
	154	38
	154	39
	155	38
	155	39
	156	38
	156	39
	157	38
	157	39
	158	38
	158	39
	159	38
	159	39
	160	38
	160	39
	161	38
	161	39
	162	38
	162	39
	163	38
	163	39
	164	38
	164	39
	165	38
	165	39
	166	38
	166	39
	167	39
	168	39
	169	38
	169	39
	170	38
	171	38
	170	39
	171	39
	172	38
	172	39
	173	38
	173	39
	174	38
	174	39
	175	38
	175	39
	176	38
	176	39
	177	38
	177	39
	178	38
	178	39
	179	38
	179	39
	180	38
	180	39
	181	38
	181	39
	182	38
	182	39
	183	38
	183	39
	184	38
	184	39
	185	38
	185	39
	186	38
	186	39
	187	38
	187	39
	188	38
	188	39
	189	38
	189	39
	190	38
	191	38
	190	39
	191	39
	192	38
	192	39
	193	38
	193	39
	194	38
	194	39
	195	38
	195	39
	197	38
	198	38
	196	38
	197	39
	198	39
	196	39
	199	38
	200	38
	199	39
	200	39
	201	38
	201	39
	202	38
	203	38
	202	39
	203	39
	204	39
	204	38
	205	39
	205	38
	206	39
	206	38
	207	39
	207	38
	208	39
	208	38
	209	39
	209	38
	210	39
	210	38
	211	38
	211	39
	213	38
	214	38
	212	38
	213	39
	214	39
	212	39
	215	38
	216	38
	215	39
	216	39
	217	38
	217	39
	218	38
	218	39
	219	38
	219	39
	220	38
	220	39
	221	38
	221	39
	222	38
	222	39
	223	38
	224	38
	223	39
	224	39
	225	38
	225	39
	226	38
	226	39
	227	38
	227	39
	228	38
	228	39
	229	38
	229	39
	230	38
	230	39
	231	38
	231	39
	232	38
	232	39
	233	38
	233	39
	234	38
	234	39
	235	38
	235	39
	236	38
	236	39
	237	38
	237	39
	238	38
	238	39
	239	38
	239	39
	240	38
	240	39
	241	38
	241	39
	242	38
	242	39
	243	38
	243	39
	244	38
	244	39
	245	38
	245	39
	246	38
	246	39
	247	38
	247	39
	248	38
	248	39
	249	38
	249	39
	250	38
	250	39
	251	38
	251	39
	252	38
	252	39
	253	38
	253	39
	254	38
	254	39
	255	38
	255	39
	256	38
	256	39
	257	38
	257	39
	258	38
	258	39
	259	38
	260	38
	259	39
	260	39
	261	38
	261	39
	262	38
	262	39
	263	38
	263	39
	264	38
	264	39
	265	39
	266	39
	267	39
	268	39
	269	39
	270	39
	271	38
	271	39
	272	38
	272	39
	273	38
	273	39
	274	38
	274	39
	275	38
	275	39
	276	38
	276	39
	277	38
	277	39
	278	38
	278	39
	279	38
	279	39
	280	38
	280	39
	281	38
	281	39
	282	38
	282	39
	283	38
	283	39
	284	38
	284	39
	285	38
	285	39
	286	38
	287	38
	286	39
	287	39
	288	38
	288	39
	289	38
	289	39
	290	38
	290	39
	291	38
	292	38
	291	39
	292	39
	293	38
	293	39
	294	38
	294	39
	295	38
	295	39
	296	38
	296	39
	297	38
	297	39
	298	38
	298	39
	299	38
	299	39
	300	38
	300	39
	301	38
	301	39
	302	38
	302	39
	303	38
	303	39
	304	38
	304	39
	305	38
	305	39
	306	38
	306	39
	307	38
	307	39
	308	38
	308	39
	309	38
	309	39
	310	38
	311	38
	310	39
	311	39
	312	38
	312	39
	313	38
	313	39
	314	38
	314	39
	315	38
	315	39
	316	38
	316	39
	317	38
	317	39
	318	38
	318	39
	319	38
	319	39
	320	38
	320	39
	321	38
	321	39
	322	38
	322	39
	323	38
	324	38
	323	39
	324	39
	325	38
	325	39
	326	38
	326	39
	327	38
	327	39
	328	38
	328	39
	329	38
	329	39
	330	38
	331	38
	330	39
	331	39
	332	38
	332	39
	333	38
	333	39
	334	39
	336	39
	337	39
	335	39
	339	38
	340	38
	338	38
	339	39
	340	39
	338	39
	341	38
	341	39
	342	38
	342	39
	343	38
	343	39
	344	38
	344	39
	345	38
	345	39
	346	38
	346	39
	347	38
	347	39
	348	38
	348	39
	349	38
	349	39
	350	38
	350	39
	351	38
	351	39
	352	38
	352	39
	353	38
	353	39
	354	38
	354	39
	355	39
	557	7
	557	8
	355	38
	556	8
	356	39
	569	8
	356	38
	357	39
	559	7
	357	38
	358	39
	558	7
	358	38
	359	39
	558	8
	359	38
	360	39
	567	7
	360	38
	361	39
	566	7
	361	38
	362	39
	567	8
	362	38
	363	39
	566	8
	363	38
	364	39
	365	39
	559	8
	364	38
	567	9
	365	38
	366	39
	563	9
	366	38
	367	38
	368	38
	367	39
	368	39
	372	38
	373	38
	371	38
	372	39
	373	39
	371	39
	375	38
	376	38
	374	38
	375	39
	376	39
	374	39
	377	38
	377	39
	378	38
	378	39
	379	38
	379	39
	380	38
	380	39
	381	38
	381	39
	382	38
	382	39
	383	38
	383	39
	384	38
	384	39
	385	38
	385	39
	386	38
	386	39
	387	38
	387	39
	388	38
	389	38
	388	39
	389	39
	390	38
	390	39
	391	38
	391	39
	392	38
	392	39
	393	38
	569	7
	394	38
	395	38
	568	7
	570	7
	396	38
	406	39
	565	7
	563	7
	397	38
	402	39
	570	8
	405	39
	568	8
	564	8
	370	38
	565	8
	369	38
	563	8
	564	7
	562	8
	369	39
	370	39
	561	8
	562	7
	562	9
	404	39
	398	38
	401	39
	403	39
	399	38
	399	39
	400	39
	400	38
	401	38
	398	39
	402	38
	397	39
	403	38
	396	39
	404	38
	395	39
	405	38
	394	39
	406	38
	393	39
	407	38
	407	39
	408	38
	408	39
	409	38
	409	39
	410	38
	410	39
	411	38
	411	39
	412	38
	412	39
	413	38
	413	39
	414	38
	414	39
	415	38
	415	39
	416	38
	416	39
	417	38
	417	39
	418	38
	418	39
	419	38
	419	39
	420	38
	420	39
	421	38
	421	39
	422	38
	422	39
	423	38
	424	38
	423	39
	424	39
	425	38
	425	39
	426	38
	426	39
	427	38
	427	39
	428	38
	429	38
	428	39
	429	39
	430	38
	430	39
	431	38
	432	38
	431	39
	432	39
	433	38
	434	38
	433	39
	434	39
	435	38
	435	39
	436	38
	436	39
	437	38
	438	38
	437	39
	438	39
	439	38
	439	39
	440	38
	440	39
	441	38
	442	38
	441	39
	442	39
	443	38
	443	39
	444	38
	444	39
	445	38
	445	39
	446	38
	447	38
	446	39
	447	39
	448	38
	448	39
	449	38
	450	38
	449	39
	450	39
	451	38
	451	39
	452	38
	452	39
	453	38
	454	38
	453	39
	454	39
	455	38
	455	39
	456	38
	456	39
	457	38
	458	38
	457	39
	458	39
	459	38
	460	38
	459	39
	460	39
	461	38
	462	38
	461	39
	462	39
	463	38
	464	38
	463	39
	464	39
	465	38
	466	38
	465	39
	466	39
	467	38
	468	38
	467	39
	468	39
	469	38
	470	38
	469	39
	470	39
	471	38
	472	38
	471	39
	472	39
	473	38
	473	39
	474	38
	474	39
	475	38
	475	39
	476	38
	476	39
	477	38
	477	39
	478	38
	478	39
	479	39
	480	39
	481	39
	482	39
	483	39
	484	39
	486	38
	485	39
	486	39
	487	38
	487	39
	488	38
	489	38
	488	39
	489	39
	490	38
	490	39
	491	38
	491	39
	492	38
	492	39
	493	38
	494	38
	493	39
	494	39
	495	38
	496	38
	495	39
	496	39
	497	38
	497	39
	498	38
	498	39
	499	38
	499	39
	504	38
	502	37
	505	38
	500	38
	501	37
	501	38
	501	39
	502	38
	499	37
	504	39
	504	37
	505	39
	506	38
	506	39
	507	38
	507	39
	508	38
	508	39
	509	38
	509	39
	510	38
	510	39
	511	38
	511	39
	512	38
	512	39
	513	38
	513	39
	514	38
	515	38
	514	39
	515	39
	516	38
	516	39
	517	38
	517	39
	518	38
	518	39
	519	38
	519	39
	520	38
	521	38
	520	39
	521	39
	522	38
	522	39
	523	38
	524	38
	523	39
	524	39
	525	38
	525	39
	526	38
	526	39
	527	38
	527	39
	528	38
	529	38
	528	39
	529	39
	530	38
	531	38
	530	39
	531	39
	532	38
	532	39
	533	38
	534	38
	533	39
	534	39
	535	38
	536	38
	535	39
	536	39
	537	38
	537	39
	538	38
	538	39
	539	38
	539	39
	540	39
	541	39
	556	7
	540	38
	555	7
	541	38
	555	8
	542	39
	554	8
	542	38
	543	39
	554	7
	543	38
	544	39
	553	8
	544	38
	545	39
	553	7
	545	38
	546	39
	552	8
	546	38
	547	38
	547	39
	548	38
	548	39
	549	38
	549	39
	550	38
	550	39
	551	38
	551	39
	552	38
	552	39
	553	38
	553	39
	554	38
	554	39
	555	38
	555	39
	556	38
	556	39
	557	38
	558	38
	557	39
	558	39
	559	38
	559	39
	560	38
	560	39
	561	38
	561	39
	562	38
	562	39
	563	38
	563	39
	564	38
	564	39
	565	38
	565	39
	566	38
	566	39
	567	38
	567	39
	568	38
	568	39
	569	38
	569	39
	570	38
	571	38
	570	39
	571	39
	572	38
	572	39
	573	38
	573	39
	573	37
	572	36
	573	36
	572	35
	573	35
	572	34
	573	34
	572	33
	573	33
	546	7
	573	32
	552	7
	545	8
	572	32
	573	31
	546	8
	572	31
	573	30
	547	7
	572	30
	572	29
	573	29
	572	28
	573	28
	572	27
	573	27
	572	26
	573	26
	548	7
	573	25
	547	8
	548	8
	572	25
	573	24
	549	7
	572	24
	573	23
	549	8
	572	23
	573	22
	550	7
	572	22
	573	21
	550	8
	572	21
	573	20
	551	7
	572	20
	573	19
	551	8
	572	19
	572	18
	573	18
	572	17
	573	17
	572	16
	573	16
	573	14
	572	15
	573	15
	545	7
	572	14
	544	8
	572	13
	544	7
	572	12
	543	8
	572	11
	542	8
	573	12
	573	13
	573	11
	572	10
	573	10
	572	9
	573	9
	543	7
	542	7
	541	8
	541	7
	514	7
	515	7
	516	7
	517	7
	518	7
	519	7
	520	7
	521	7
	522	7
	530	8
	526	7
	527	7
	530	7
	529	8
	528	7
	528	8
	532	7
	531	7
	527	8
	534	7
	523	7
	511	7
	513	7
	533	7
	512	7
	509	7
	510	7
	518	8
	538	7
	508	7
	517	8
	539	7
	516	8
	540	7
	515	8
	510	8
	511	8
	509	8
	508	8
	507	8
	512	8
	507	7
	513	8
	514	8
	524	7
	525	7
	524	8
	537	7
	525	8
	536	7
	529	7
	526	8
	535	7
	506	8
	505	8
	506	7
	505	7
	504	8
	501	7
	503	8
	504	7
	502	8
	503	7
	501	8
	502	7
	500	8
	500	7
	499	8
	499	7
	498	8
	498	7
	497	8
	497	7
	496	8
	496	7
	495	8
	495	7
	494	8
	494	7
	493	8
	493	7
	492	8
	492	7
	491	8
	491	7
	490	8
	490	7
	489	8
	489	7
	488	8
	487	8
	488	7
	487	7
	486	8
	486	7
	485	8
	485	7
	484	8
	484	7
	483	8
	483	7
	482	8
	482	7
	481	8
	481	7
	480	8
	480	7
	479	8
	479	7
	478	8
	478	7
	477	8
	477	7
	476	8
	475	8
	476	7
	475	7
	474	8
	474	7
	473	8
	473	7
	472	8
	472	7
	471	8
	471	7
	470	8
	470	7
	469	8
	469	7
	468	8
	468	7
	467	8
	467	7
	466	8
	466	7
	465	8
	465	7
	464	8
	464	7
	463	8
	463	7
	462	8
	462	7
	461	8
	461	7
	460	8
	460	7
	459	8
	459	7
	458	8
	458	7
	457	7
	456	7
	455	7
	454	7
	453	7
	452	7
	450	7
	451	7
	449	7
	448	7
	447	7
	446	7
	445	7
	444	8
	444	7
	443	8
	443	7
	442	8
	442	7
	441	8
	441	7
	440	8
	440	7
	439	8
	438	8
	439	7
	438	7
	437	8
	437	7
	436	8
	436	7
	435	8
	434	8
	435	7
	434	7
	433	8
	433	7
	432	8
	431	8
	432	7
	431	7
	430	8
	430	7
	429	8
	429	7
	428	8
	428	7
	427	8
	427	7
	426	8
	426	7
	425	8
	425	7
	424	8
	424	7
	423	8
	423	7
	422	8
	422	7
	421	8
	421	7
	420	8
	420	7
	412	9
	411	9
	413	9
	419	8
	414	9
	418	8
	415	9
	417	8
	419	7
	416	8
	417	7
	418	7
	416	7
	415	8
	415	7
	414	8
	414	7
	413	8
	413	7
	412	8
	412	7
	411	8
	411	7
	410	8
	410	7
	409	8
	408	8
	409	7
	408	7
	407	8
	407	7
	406	7
	405	7
	404	7
	403	7
	402	7
	401	7
	400	7
	399	7
	398	7
	397	7
	396	7
	395	7
	394	8
	394	7
	393	7
	393	8
	392	7
	392	8
	391	7
	391	8
	390	7
	389	7
	390	8
	389	8
	388	7
	387	7
	388	8
	387	8
	386	7
	386	8
	385	7
	385	8
	384	7
	384	8
	383	7
	383	8
	382	7
	382	8
	381	7
	381	8
	380	7
	380	8
	379	7
	379	8
	378	7
	377	7
	378	8
	377	8
	376	7
	376	8
	375	7
	374	7
	375	8
	374	8
	373	7
	373	8
	372	7
	372	8
	371	7
	371	8
	370	7
	369	7
	370	8
	369	8
	368	7
	368	8
	367	7
	367	8
	366	7
	366	8
	365	7
	365	8
	364	7
	363	7
	364	8
	363	8
	362	7
	362	8
	361	7
	360	7
	361	8
	360	8
	359	7
	359	8
	358	7
	358	8
	356	7
	357	7
	355	7
	356	8
	357	8
	355	8
	354	7
	354	8
	353	7
	353	8
	352	7
	352	8
	351	7
	351	8
	350	7
	350	8
	348	7
	349	7
	344	8
	344	7
	343	7
	342	8
	342	7
	341	7
	340	7
	339	7
	338	7
	337	7
	336	7
	335	7
	334	7
	332	8
	333	7
	332	7
	331	8
	331	7
	330	8
	330	7
	329	8
	329	7
	328	7
	327	7
	326	7
	325	7
	324	7
	323	7
	322	7
	321	7
	320	7
	319	8
	319	7
	318	8
	318	7
	317	8
	316	8
	317	7
	316	7
	315	8
	315	7
	314	7
	313	7
	312	7
	311	7
	310	8
	309	8
	310	7
	309	7
	308	8
	308	7
	307	8
	307	7
	306	8
	306	7
	305	8
	305	7
	304	8
	304	7
	303	8
	302	8
	303	7
	302	7
	301	8
	301	7
	300	8
	300	7
	299	8
	299	7
	298	8
	297	8
	298	7
	297	7
	296	8
	295	8
	296	7
	295	7
	294	8
	293	8
	294	7
	293	7
	292	8
	292	7
	290	8
	291	8
	289	8
	290	7
	291	7
	289	7
	286	8
	287	8
	285	8
	286	7
	287	7
	285	7
	284	8
	283	8
	284	7
	283	7
	282	8
	281	8
	282	7
	281	7
	280	8
	280	7
	279	7
	279	8
	278	7
	278	8
	277	7
	277	8
	276	7
	276	8
	275	7
	274	7
	275	8
	274	8
	273	7
	273	8
	272	7
	271	7
	272	8
	271	8
	270	7
	270	8
	269	7
	269	8
	268	7
	268	8
	267	7
	267	8
	266	7
	266	8
	265	7
	265	8
	264	7
	264	8
	263	7
	263	8
	288	8
	288	7
	130	7
	131	7
	129	7
	130	8
	29	7
	131	8
	30	7
	129	8
	31	7
	133	8
	134	8
	132	8
	133	7
	134	7
	132	7
	135	8
	136	8
	135	7
	136	7
	138	8
	137	8
	138	7
	139	7
	137	7
	140	7
	141	7
	142	7
	143	7
	144	7
	147	8
	147	7
	148	7
	146	7
	149	7
	150	7
	151	8
	151	7
	152	8
	152	7
	155	8
	156	8
	154	8
	155	7
	156	7
	154	7
	157	8
	157	7
	158	8
	158	7
	167	8
	168	8
	166	8
	167	7
	168	7
	166	7
	169	8
	170	8
	169	7
	170	7
	171	8
	172	8
	171	7
	172	7
	173	8
	174	8
	173	7
	174	7
	175	8
	175	7
	176	8
	177	8
	176	7
	177	7
	179	7
	180	7
	178	7
	179	8
	180	8
	178	8
	165	7
	165	8
	164	7
	163	7
	164	8
	163	8
	162	8
	162	7
	161	8
	161	7
	160	8
	160	7
	159	8
	159	7
	153	8
	153	7
	145	8
	145	7
	145	37
	181	7
	182	7
	181	8
	182	8
	183	7
	183	8
	184	7
	184	8
	185	7
	185	8
	186	7
	186	8
	187	7
	187	8
	188	7
	188	8
	190	7
	191	7
	189	7
	190	8
	191	8
	189	8
	192	7
	193	7
	192	8
	193	8
	194	7
	195	7
	194	8
	195	8
	196	7
	196	8
	199	7
	200	7
	198	7
	199	8
	200	8
	198	8
	201	7
	201	8
	202	7
	202	8
	204	7
	205	7
	203	7
	204	8
	205	8
	203	8
	206	7
	206	8
	207	7
	207	8
	208	7
	208	8
	209	7
	209	8
	215	7
	216	7
	214	7
	215	8
	216	8
	214	8
	219	7
	220	7
	218	7
	219	8
	220	8
	218	8
	222	7
	223	7
	221	7
	222	8
	221	8
	226	7
	227	7
	225	7
	230	7
	231	7
	229	7
	232	7
	235	7
	236	7
	234	7
	235	8
	236	8
	234	8
	237	7
	238	7
	237	8
	238	8
	239	7
	239	8
	241	7
	242	7
	240	7
	241	8
	242	8
	240	8
	245	7
	246	7
	244	7
	245	8
	246	8
	244	8
	248	7
	249	7
	247	7
	248	8
	249	8
	247	8
	251	7
	252	7
	250	7
	251	8
	252	8
	250	8
	255	7
	256	7
	254	7
	262	7
	261	7
	262	8
	261	8
	260	7
	260	8
	259	7
	258	7
	259	8
	258	8
	257	7
	257	8
	256	8
	255	8
	253	7
	254	8
	253	8
	233	7
	228	7
	224	7
	217	7
	217	8
	213	7
	213	8
	212	7
	211	7
	212	8
	211	8
	210	7
	210	8
	243	7
	243	8
	197	7
	197	8
	128	7
	127	7
	128	8
	33	7
	127	8
	126	7
	124	7
	23	8
	122	7
	123	8
	24	8
	124	8
	23	7
	122	8
	28	7
	121	7
	121	8
	26	7
	120	7
	120	8
	27	7
	119	8
	119	7
	118	8
	117	8
	118	7
	117	7
	116	8
	116	7
	115	8
	115	7
	114	8
	114	7
	113	8
	113	7
	112	8
	112	7
	109	8
	110	8
	108	8
	109	7
	110	7
	108	7
	106	8
	107	8
	105	8
	106	7
	107	7
	105	7
	104	8
	104	7
	103	8
	102	8
	103	7
	102	7
	101	8
	101	7
	99	8
	100	8
	98	8
	99	7
	100	7
	98	7
	97	8
	97	7
	96	8
	96	7
	95	8
	95	7
	94	8
	93	8
	94	7
	93	7
	92	8
	92	7
	91	8
	90	8
	91	7
	90	7
	89	8
	88	8
	89	7
	88	7
	87	8
	86	8
	87	7
	86	7
	85	8
	84	8
	85	7
	84	7
	83	8
	82	8
	83	7
	82	7
	81	8
	81	7
	80	8
	80	7
	78	8
	79	8
	77	8
	78	7
	79	7
	77	7
	76	8
	75	8
	76	7
	75	7
	73	8
	74	8
	72	8
	73	7
	74	7
	72	7
	71	8
	71	7
	70	8
	70	7
	69	8
	68	8
	69	7
	68	7
	67	8
	67	7
	66	8
	66	7
	65	8
	64	8
	65	7
	64	7
	62	8
	63	8
	61	8
	62	7
	63	7
	61	7
	59	8
	60	8
	58	8
	59	7
	60	7
	58	7
	57	8
	57	7
	56	8
	55	8
	56	7
	55	7
	54	8
	53	8
	54	7
	53	7
	52	8
	51	8
	52	7
	51	7
	50	8
	50	7
	49	8
	49	7
	48	8
	48	7
	47	8
	47	7
	46	8
	45	8
	46	7
	45	7
	44	8
	43	8
	44	7
	43	7
	41	8
	42	8
	40	8
	41	7
	42	7
	40	7
	38	8
	39	8
	37	8
	38	7
	39	7
	37	7
	35	8
	36	8
	34	8
	35	7
	36	7
	34	7
	33	8
	32	8
	31	8
	30	8
	29	8
	27	8
	28	8
	26	8
	25	8
	1	8
	25	7
	2	8
	6	8
	4	7
	5	7
	3	8
	7	7
	6	7
	8	8
	8	7
	10	7
	9	8
	13	8
	11	8
	12	8
	11	7
	12	7
	16	7
	15	8
	17	7
	0	9
	16	8
	13	7
	14	7
	15	7
	10	8
	9	7
	7	8
	4	8
	5	8
	3	7
	1	7
	2	7
	22	7
	21	8
	24	7
	20	8
	20	7
	21	7
	19	7
	18	8
	19	8
	18	7
	17	8
	32	7
	126	8
	125	7
	123	7
	125	8
	22	8
	111	8
	111	7
	0	38
	0	39
	0	37
	0	36
	0	35
	0	34
	0	32
	0	33
	0	31
	0	30
	0	29
	0	28
	0	27
	0	26
	0	25
	0	24
	0	23
	0	22
	0	20
	0	21
	0	19
	0	15
	0	14
	0	13
	0	12
	0	11
	0	10
	0	8
	0	7
	0	6
	1	6
	0	5
	1	5
	2	5
	1	4
	2	6
	2	4
	0	4
	1	3
	2	3
	0	3
	1	2
	2	2
	0	2
	3	4
	3	5
	3	3
	3	6
	4	5
	4	6
	4	4
	5	6
	5	5
	6	6
	6	5
	7	6
	7	5
	8	6
	9	6
	8	5
	9	5
	10	6
	11	6
	10	5
	11	5
	12	6
	13	6
	12	5
	13	5
	14	6
	14	5
	15	5
	16	5
	15	6
	15	4
	16	6
	16	4
	14	4
	17	5
	17	6
	17	4
	18	5
	18	6
	18	4
	19	5
	19	6
	19	4
	20	5
	21	5
	20	6
	20	4
	21	6
	21	4
	22	5
	23	5
	22	6
	22	4
	23	6
	23	4
	24	5
	24	6
	24	4
	25	5
	26	5
	25	6
	25	4
	26	6
	26	4
	27	5
	28	5
	27	6
	27	4
	28	6
	28	4
	29	5
	30	5
	29	6
	29	4
	30	6
	30	4
	31	5
	32	5
	31	6
	31	4
	32	6
	32	4
	33	6
	34	6
	33	5
	34	5
	35	6
	35	5
	36	6
	36	5
	37	6
	37	5
	38	6
	39	6
	38	5
	39	5
	40	6
	41	6
	40	5
	41	5
	43	5
	44	5
	42	5
	43	6
	43	4
	44	6
	44	4
	42	6
	42	4
	46	5
	47	5
	45	5
	46	6
	46	4
	47	6
	47	4
	45	6
	45	4
	48	5
	49	5
	48	6
	48	4
	49	6
	49	4
	50	5
	51	5
	50	6
	50	4
	51	6
	51	4
	52	5
	53	5
	52	6
	52	4
	53	6
	53	4
	54	5
	55	5
	54	6
	54	4
	55	6
	55	4
	57	5
	58	5
	56	5
	57	6
	57	4
	58	6
	58	4
	56	6
	56	4
	59	5
	60	5
	59	6
	59	4
	60	6
	60	4
	63	5
	64	5
	62	5
	63	6
	63	4
	64	6
	64	4
	62	6
	62	4
	65	5
	66	5
	65	6
	65	4
	66	6
	66	4
	67	5
	68	5
	67	6
	67	4
	68	6
	68	4
	69	5
	70	5
	69	6
	69	4
	70	6
	70	4
	71	5
	72	5
	71	6
	71	4
	72	6
	72	4
	74	5
	75	5
	73	5
	74	6
	74	4
	75	6
	75	4
	73	6
	73	4
	76	5
	77	5
	76	6
	76	4
	77	6
	77	4
	79	5
	80	5
	78	5
	79	6
	79	4
	80	6
	80	4
	78	6
	78	4
	82	5
	83	5
	81	5
	82	6
	82	4
	83	6
	83	4
	81	6
	81	4
	84	5
	85	5
	84	6
	84	4
	85	6
	85	4
	61	6
	61	5
	77	3
	78	3
	76	3
	81	3
	82	3
	80	3
	84	3
	85	3
	83	3
	87	4
	88	4
	86	4
	87	5
	87	3
	88	5
	88	3
	86	5
	86	3
	89	4
	90	4
	89	5
	89	3
	90	5
	90	3
	91	4
	92	4
	91	5
	91	3
	92	5
	92	3
	93	4
	94	4
	93	5
	93	3
	94	5
	94	3
	95	4
	96	4
	95	5
	95	3
	96	5
	96	3
	86	6
	87	6
	88	6
	89	6
	90	6
	91	6
	92	6
	93	6
	96	6
	97	6
	95	6
	97	5
	98	6
	99	6
	98	5
	99	5
	101	6
	102	6
	100	6
	101	5
	102	5
	100	5
	103	6
	104	6
	103	5
	104	5
	105	6
	105	5
	94	6
	97	4
	98	4
	99	4
	100	4
	101	4
	102	4
	103	4
	104	4
	105	4
	106	5
	107	5
	106	6
	106	4
	107	6
	107	4
	108	5
	109	5
	108	6
	108	4
	109	6
	109	4
	110	5
	110	6
	110	4
	111	5
	111	6
	111	4
	112	5
	112	6
	112	4
	113	5
	113	6
	113	4
	114	5
	114	6
	114	4
	115	5
	115	6
	115	4
	116	5
	116	6
	116	4
	117	5
	118	5
	117	6
	117	4
	118	6
	118	4
	119	5
	120	5
	119	6
	119	4
	120	6
	120	4
	121	5
	122	5
	121	6
	121	4
	122	6
	122	4
	123	5
	123	6
	123	4
	124	5
	124	6
	124	4
	125	5
	125	6
	125	4
	126	5
	126	6
	126	4
	127	5
	127	6
	127	4
	128	4
	127	3
	128	5
	128	3
	126	3
	130	4
	131	4
	129	4
	130	5
	130	3
	131	5
	131	3
	129	5
	129	3
	132	4
	133	4
	132	5
	132	3
	133	5
	133	3
	134	4
	135	4
	134	5
	134	3
	135	5
	135	3
	136	4
	136	5
	136	3
	137	4
	137	5
	137	3
	138	4
	138	5
	138	3
	139	4
	139	5
	139	3
	136	6
	137	6
	135	6
	134	6
	133	6
	132	6
	131	6
	130	6
	129	6
	128	6
	138	6
	139	6
	140	5
	140	6
	140	4
	141	5
	142	5
	141	6
	141	4
	142	6
	142	4
	143	5
	144	5
	143	6
	143	4
	144	6
	144	4
	145	5
	146	5
	145	6
	145	4
	146	6
	146	4
	147	5
	148	5
	147	6
	147	4
	148	6
	148	4
	151	5
	152	5
	150	5
	151	6
	151	4
	152	6
	152	4
	150	6
	150	4
	153	5
	154	5
	153	6
	153	4
	154	6
	154	4
	156	5
	157	5
	155	5
	156	6
	156	4
	157	6
	157	4
	155	6
	155	4
	159	5
	160	5
	158	5
	159	6
	159	4
	160	6
	160	4
	158	6
	158	4
	161	5
	161	6
	161	4
	162	5
	162	6
	162	4
	163	5
	163	6
	163	4
	164	5
	164	6
	164	4
	165	5
	165	6
	165	4
	149	5
	149	6
	149	4
	162	3
	163	3
	161	3
	164	3
	165	3
	167	4
	168	4
	166	4
	167	5
	167	3
	168	5
	168	3
	166	5
	166	3
	169	4
	169	5
	169	3
	170	4
	170	5
	170	3
	172	4
	173	4
	171	4
	172	5
	172	3
	173	5
	173	3
	171	5
	171	3
	174	4
	174	5
	174	3
	171	6
	172	6
	170	6
	169	6
	167	6
	168	6
	166	6
	175	6
	176	6
	174	6
	178	6
	179	6
	177	6
	180	6
	181	6
	182	6
	183	6
	185	6
	186	6
	184	6
	187	6
	188	6
	189	6
	190	6
	191	6
	192	6
	193	6
	194	6
	197	6
	198	6
	196	6
	199	6
	198	5
	199	5
	197	5
	200	6
	200	5
	195	6
	196	5
	195	5
	192	5
	193	5
	191	5
	186	5
	187	5
	185	5
	182	5
	183	5
	181	5
	180	5
	179	5
	178	5
	177	5
	176	5
	177	4
	178	4
	176	4
	175	5
	175	4
	173	6
	182	4
	183	4
	181	4
	186	4
	187	4
	185	4
	186	3
	187	3
	185	3
	190	4
	191	4
	189	4
	190	5
	190	3
	191	3
	189	5
	189	3
	193	4
	194	4
	192	4
	193	3
	194	5
	194	3
	192	3
	197	4
	198	4
	196	4
	197	3
	198	3
	196	3
	199	4
	199	3
	201	4
	202	4
	200	4
	201	5
	201	3
	202	5
	202	3
	200	3
	203	4
	204	4
	203	5
	203	3
	204	5
	204	3
	205	4
	206	4
	205	5
	205	3
	206	5
	206	3
	209	4
	210	4
	208	4
	209	5
	209	3
	210	5
	210	3
	208	5
	208	3
	211	4
	212	4
	211	5
	211	3
	212	5
	212	3
	213	4
	213	5
	213	3
	201	6
	202	6
	203	6
	204	6
	205	6
	207	5
	208	6
	209	6
	207	6
	207	4
	214	4
	214	5
	214	3
	217	4
	218	4
	216	4
	217	5
	217	3
	218	5
	218	3
	216	5
	216	3
	220	4
	221	4
	219	4
	220	5
	220	3
	221	5
	221	3
	219	5
	219	3
	222	4
	222	5
	222	3
	224	4
	225	4
	223	4
	224	5
	224	3
	225	5
	225	3
	223	5
	223	3
	226	4
	226	5
	226	3
	227	4
	228	4
	227	5
	227	3
	228	5
	228	3
	229	4
	229	5
	229	3
	215	5
	215	6
	215	4
	216	6
	214	6
	212	6
	213	6
	211	6
	210	6
	206	6
	217	6
	220	6
	221	6
	219	6
	222	6
	223	6
	224	6
	226	6
	227	6
	225	6
	228	6
	229	6
	232	5
	233	5
	231	5
	232	6
	232	4
	233	6
	233	4
	231	6
	231	4
	235	5
	236	5
	234	5
	235	6
	235	4
	236	6
	236	4
	234	6
	234	4
	237	5
	238	5
	237	6
	237	4
	238	6
	238	4
	239	5
	240	5
	239	6
	239	4
	240	6
	240	4
	242	5
	243	5
	241	5
	242	6
	242	4
	243	6
	243	4
	241	6
	241	4
	244	5
	245	5
	244	6
	244	4
	245	6
	245	4
	246	5
	246	6
	246	4
	247	5
	247	6
	247	4
	248	5
	249	5
	248	6
	248	4
	249	6
	249	4
	250	5
	251	5
	250	6
	250	4
	251	6
	251	4
	253	5
	254	5
	252	5
	253	6
	253	4
	254	6
	254	4
	252	6
	252	4
	256	5
	257	5
	255	5
	256	6
	256	4
	257	6
	257	4
	255	6
	255	4
	258	5
	259	5
	258	6
	258	4
	259	6
	259	4
	260	5
	260	6
	260	4
	261	5
	262	5
	261	6
	261	4
	262	6
	262	4
	263	5
	263	6
	263	4
	264	5
	265	5
	264	6
	264	4
	265	6
	265	4
	266	5
	267	5
	266	6
	266	4
	267	6
	267	4
	268	5
	269	5
	268	6
	268	4
	269	6
	269	4
	270	5
	271	5
	270	6
	270	4
	271	6
	271	4
	272	5
	273	5
	272	6
	272	4
	273	6
	273	4
	274	5
	275	5
	274	6
	274	4
	275	6
	275	4
	276	5
	277	5
	276	6
	276	4
	277	6
	277	4
	278	6
	279	6
	278	5
	279	5
	280	6
	280	5
	281	6
	282	6
	281	5
	282	5
	283	6
	283	5
	284	6
	284	5
	285	6
	286	6
	285	5
	286	5
	287	6
	287	5
	288	6
	288	5
	218	6
	230	6
	230	5
	289	6
	290	6
	289	5
	290	5
	291	6
	292	6
	291	5
	292	5
	293	6
	293	5
	294	6
	294	5
	295	6
	296	6
	295	5
	296	5
	297	6
	297	5
	298	6
	299	6
	298	5
	299	5
	300	6
	301	6
	300	5
	301	5
	302	6
	303	6
	302	5
	303	5
	304	6
	304	5
	305	6
	305	5
	306	6
	307	6
	306	5
	307	5
	308	6
	309	6
	308	5
	309	5
	310	6
	310	5
	311	6
	312	6
	311	5
	312	5
	313	6
	313	5
	314	6
	314	5
	315	6
	316	6
	315	5
	316	5
	317	6
	317	5
	318	6
	319	6
	318	5
	319	5
	320	6
	321	6
	320	5
	321	5
	323	6
	324	6
	322	6
	323	5
	324	5
	322	5
	325	6
	326	6
	325	5
	326	5
	327	6
	328	6
	327	5
	328	5
	329	6
	330	6
	329	5
	330	5
	331	6
	332	6
	331	5
	332	5
	333	6
	334	6
	333	5
	334	5
	335	6
	335	5
	336	6
	336	5
	337	6
	337	5
	338	6
	339	6
	338	5
	339	5
	340	6
	340	5
	341	6
	342	6
	341	5
	342	5
	343	6
	343	5
	345	6
	346	6
	344	6
	345	5
	346	5
	344	5
	347	6
	347	5
	348	6
	348	5
	349	6
	349	5
	351	6
	352	6
	350	6
	351	5
	352	5
	350	5
	353	6
	354	6
	353	5
	354	5
	357	6
	358	6
	356	6
	357	5
	358	5
	356	5
	359	6
	360	6
	359	5
	360	5
	364	6
	365	6
	363	6
	364	5
	365	5
	363	5
	366	6
	366	5
	368	6
	369	6
	367	6
	368	5
	369	5
	367	5
	370	6
	370	5
	371	6
	372	6
	371	5
	372	5
	373	6
	374	6
	373	5
	374	5
	375	6
	376	6
	375	5
	376	5
	377	6
	377	5
	355	5
	356	4
	357	4
	355	6
	355	4
	362	5
	361	5
	362	6
	362	4
	363	4
	361	6
	361	4
	370	4
	371	4
	369	4
	370	3
	371	3
	369	3
	372	4
	373	4
	372	3
	373	3
	374	3
	375	3
	374	4
	374	2
	375	4
	375	2
	373	2
	376	3
	377	3
	376	4
	376	2
	377	4
	377	2
	378	3
	379	3
	378	4
	378	2
	379	4
	379	2
	381	3
	382	3
	380	3
	381	4
	381	2
	382	4
	382	2
	380	4
	380	2
	383	3
	384	3
	383	4
	383	2
	384	4
	384	2
	386	3
	387	3
	385	3
	386	4
	386	2
	387	4
	387	2
	385	4
	385	2
	388	4
	389	4
	388	5
	388	3
	389	5
	389	3
	387	5
	379	5
	380	5
	378	5
	379	6
	380	6
	378	6
	381	5
	382	5
	381	6
	382	6
	385	5
	386	5
	384	5
	385	6
	386	6
	384	6
	388	6
	389	6
	387	6
	390	5
	391	5
	390	6
	390	4
	391	6
	391	4
	392	5
	393	5
	392	6
	392	4
	393	6
	393	4
	394	5
	394	6
	394	4
	395	5
	395	6
	395	4
	396	5
	397	5
	396	6
	396	4
	397	6
	397	4
	399	5
	400	5
	398	5
	399	6
	399	4
	400	6
	400	4
	398	6
	398	4
	401	5
	402	5
	401	6
	401	4
	402	6
	402	4
	404	5
	405	5
	403	5
	404	6
	404	4
	405	6
	405	4
	403	6
	403	4
	407	5
	408	5
	406	5
	407	6
	407	4
	408	6
	408	4
	406	6
	406	4
	411	5
	412	5
	410	5
	411	6
	411	4
	412	6
	412	4
	410	6
	410	4
	414	5
	415	5
	413	5
	414	6
	414	4
	415	6
	415	4
	413	6
	413	4
	420	5
	421	5
	419	5
	420	6
	420	4
	421	6
	421	4
	419	6
	419	4
	423	5
	424	5
	422	5
	423	6
	423	4
	424	6
	424	4
	422	6
	422	4
	428	5
	429	5
	427	5
	428	6
	428	4
	429	6
	429	4
	427	6
	427	4
	432	5
	433	5
	431	5
	432	6
	432	4
	433	6
	433	4
	431	6
	431	4
	434	5
	434	6
	434	4
	436	5
	437	5
	435	5
	436	6
	436	4
	437	6
	437	4
	435	6
	435	4
	439	5
	440	5
	438	5
	439	6
	439	4
	440	6
	440	4
	438	6
	438	4
	443	5
	444	5
	442	5
	443	6
	443	4
	444	6
	444	4
	442	6
	442	4
	446	5
	447	5
	445	5
	446	6
	446	4
	447	6
	447	4
	445	6
	445	4
	450	5
	451	5
	449	5
	450	6
	450	4
	451	6
	451	4
	449	6
	449	4
	454	5
	455	5
	453	5
	454	6
	454	4
	455	6
	455	4
	453	6
	453	4
	459	5
	460	5
	458	5
	459	6
	459	4
	460	6
	460	4
	458	6
	458	4
	463	6
	464	6
	462	6
	463	5
	464	5
	462	5
	468	6
	469	6
	467	6
	468	5
	469	5
	467	5
	470	6
	470	5
	475	6
	476	6
	474	6
	475	5
	476	5
	474	5
	480	6
	481	6
	479	6
	480	5
	481	5
	479	5
	485	6
	486	6
	484	6
	485	5
	486	5
	484	5
	494	6
	495	6
	493	6
	500	6
	501	6
	499	6
	503	6
	504	6
	502	6
	505	6
	506	6
	507	6
	508	6
	509	6
	512	6
	513	6
	511	6
	512	5
	513	5
	511	5
	515	6
	516	6
	514	6
	515	5
	516	5
	514	5
	517	6
	517	5
	520	5
	521	5
	519	5
	520	6
	520	4
	521	6
	521	4
	519	6
	519	4
	524	5
	525	5
	523	5
	524	6
	524	4
	525	6
	525	4
	523	6
	523	4
	526	5
	527	5
	526	6
	526	4
	527	6
	527	4
	528	5
	529	5
	528	6
	528	4
	529	6
	529	4
	531	5
	532	5
	530	5
	531	6
	531	4
	532	6
	532	4
	530	6
	530	4
	533	5
	534	5
	533	6
	533	4
	534	6
	534	4
	383	5
	383	6
	409	5
	409	6
	409	4
	416	5
	417	5
	416	6
	416	4
	417	6
	417	4
	426	5
	425	5
	426	6
	426	4
	425	6
	425	4
	430	5
	430	6
	430	4
	441	5
	441	6
	441	4
	448	5
	448	6
	448	4
	452	5
	452	6
	452	4
	465	5
	466	5
	465	6
	465	4
	466	6
	466	4
	464	4
	473	5
	472	5
	473	6
	473	4
	474	4
	472	6
	472	4
	478	5
	479	4
	480	4
	478	6
	478	4
	483	5
	482	5
	483	6
	483	4
	484	4
	482	6
	482	4
	488	5
	489	5
	487	5
	488	6
	488	4
	489	6
	489	4
	487	6
	487	4
	492	5
	493	5
	491	5
	492	6
	492	4
	493	4
	491	6
	491	4
	496	5
	497	5
	495	5
	496	6
	496	4
	497	6
	497	4
	495	4
	500	5
	501	5
	499	5
	500	4
	501	4
	499	4
	502	5
	502	4
	505	5
	506	5
	504	5
	505	4
	506	4
	504	4
	509	5
	510	5
	508	5
	509	4
	510	6
	510	4
	508	4
	513	4
	514	4
	512	4
	516	4
	517	4
	515	4
	518	4
	519	3
	520	3
	518	5
	518	3
	522	4
	521	3
	522	5
	522	3
	525	3
	526	3
	524	3
	529	3
	530	3
	528	3
	529	2
	530	2
	528	2
	532	3
	533	3
	531	3
	532	2
	533	2
	531	2
	534	3
	535	3
	534	2
	535	4
	535	2
	536	3
	536	4
	536	2
	538	3
	539	3
	537	3
	538	4
	538	2
	539	4
	539	2
	537	4
	537	2
	541	3
	542	3
	540	3
	541	4
	541	2
	542	4
	542	2
	540	4
	540	2
	543	3
	543	4
	543	2
	544	3
	544	4
	544	2
	545	3
	546	3
	545	4
	545	2
	546	4
	546	2
	547	4
	546	5
	547	5
	547	3
	545	5
	550	4
	551	4
	549	4
	550	5
	550	3
	551	5
	551	3
	549	5
	549	3
	554	4
	555	4
	553	4
	554	5
	554	3
	555	5
	555	3
	553	5
	553	3
	559	5
	560	5
	558	5
	559	6
	559	4
	560	6
	560	4
	558	6
	558	4
	563	5
	564	5
	562	5
	563	6
	563	4
	564	6
	564	4
	562	6
	562	4
	566	5
	567	5
	565	5
	566	6
	566	4
	567	6
	567	4
	565	6
	565	4
	568	5
	569	5
	568	6
	568	4
	569	6
	569	4
	570	5
	571	5
	570	6
	570	4
	571	6
	571	4
	572	5
	572	6
	572	4
	573	5
	573	6
	573	4
	573	7
	572	7
	573	8
	572	8
	573	3
	572	3
	573	2
	572	2
	573	1
	572	1
	573	0
	572	0
	571	1
	571	2
	571	0
	570	1
	570	2
	570	0
	569	0
	568	0
	569	1
	568	1
	567	0
	567	1
	566	0
	565	0
	566	1
	565	1
	562	0
	563	0
	561	0
	562	1
	563	1
	561	1
	559	0
	560	0
	558	0
	559	1
	560	1
	558	1
	555	0
	556	0
	554	0
	555	1
	556	1
	554	1
	551	0
	552	0
	550	0
	551	1
	552	1
	550	1
	546	0
	547	0
	545	0
	546	1
	547	1
	545	1
	541	0
	542	0
	540	0
	541	1
	542	1
	540	1
	537	0
	538	0
	536	0
	537	1
	538	1
	536	1
	535	0
	535	1
	532	0
	533	0
	531	0
	532	1
	533	1
	531	1
	527	0
	528	0
	526	0
	527	1
	528	1
	526	1
	522	0
	523	0
	521	0
	522	1
	523	1
	521	1
	520	0
	520	1
	521	2
	522	2
	520	2
	529	1
	530	1
	547	2
	548	2
	548	3
	548	1
	552	2
	553	2
	551	2
	552	3
	553	1
	557	2
	558	2
	556	2
	557	3
	557	1
	558	3
	556	3
	562	2
	563	2
	561	2
	562	3
	563	3
	561	3
	566	2
	567	2
	565	2
	566	3
	567	3
	565	3
	571	3
	570	3
	569	3
	568	3
	569	2
	568	2
	560	3
	559	3
	560	2
	561	4
	559	2
	552	4
	548	4
	544	5
	541	5
	542	5
	540	5
	536	5
	537	5
	535	5
	538	5
	539	5
	538	6
	539	6
	537	6
	542	6
	543	6
	541	6
	543	5
	545	6
	546	6
	544	6
	549	6
	550	6
	548	6
	548	5
	552	5
	552	6
	553	6
	551	6
	556	5
	555	6
	556	6
	556	4
	554	6
	557	5
	557	6
	557	4
	561	5
	564	3
	564	2
	557	0
	554	2
	555	2
	553	0
	525	1
	524	1
	525	2
	525	0
	526	2
	524	2
	524	0
	519	1
	518	1
	519	2
	519	0
	518	2
	518	0
	513	2
	514	2
	512	2
	513	3
	513	1
	514	3
	514	1
	512	3
	512	1
	506	3
	507	3
	505	3
	506	2
	507	4
	507	2
	505	2
	498	4
	499	3
	500	3
	498	5
	498	3
	497	3
	496	3
	481	4
	482	3
	483	3
	481	3
	471	5
	471	6
	471	4
	470	4
	461	6
	461	5
	433	3
	434	3
	432	3
	431	3
	430	3
	427	3
	428	3
	426	3
	427	2
	428	2
	426	2
	424	3
	425	3
	423	3
	424	2
	425	2
	423	2
	422	3
	422	2
	419	3
	420	3
	418	3
	419	2
	420	2
	418	4
	418	2
	417	3
	417	2
	415	3
	416	3
	414	3
	415	2
	416	2
	414	2
	413	3
	412	3
	413	2
	412	2
	411	3
	411	2
	418	5
	418	6
	456	5
	456	6
	456	4
	457	5
	457	6
	457	4
	461	4
	462	4
	463	4
	467	4
	468	4
	469	4
	475	4
	476	4
	477	5
	477	6
	477	4
	485	4
	486	4
	490	5
	490	6
	490	4
	494	5
	494	4
	495	3
	501	3
	502	3
	503	4
	503	5
	503	3
	504	3
	498	6
	507	5
	511	4
	517	3
	516	3
	523	3
	527	3
	540	6
	536	6
	518	6
	522	6
	535	6
	547	6
	561	6
	564	1
	564	0
	549	1
	550	2
	549	2
	549	0
	548	0
	544	1
	544	0
	543	1
	543	0
	539	1
	539	0
	534	1
	534	0
	530	0
	529	0
	527	2
	523	2
	517	1
	517	2
	517	0
	516	1
	516	2
	516	0
	515	1
	515	2
	515	0
	514	0
	513	0
	512	0
	511	1
	511	2
	511	0
	510	1
	510	2
	510	0
	509	1
	509	2
	509	0
	508	1
	508	2
	508	0
	507	1
	507	0
	506	1
	505	1
	506	0
	505	0
	504	1
	504	2
	504	0
	503	1
	502	1
	503	2
	503	0
	502	2
	502	0
	501	1
	501	2
	501	0
	500	1
	499	1
	500	2
	500	0
	499	2
	499	0
	498	1
	498	2
	498	0
	515	3
	511	3
	497	2
	496	2
	495	2
	496	1
	497	1
	495	1
	494	2
	494	3
	494	1
	493	2
	493	3
	493	1
	492	2
	492	3
	492	1
	491	2
	491	3
	491	1
	492	0
	493	0
	491	0
	490	1
	490	2
	490	0
	489	1
	489	2
	489	0
	494	0
	495	0
	496	0
	497	0
	508	3
	509	3
	510	3
	489	3
	490	3
	488	3
	488	2
	487	3
	486	3
	487	2
	486	2
	485	3
	484	3
	485	2
	484	2
	482	2
	483	2
	481	2
	480	3
	479	3
	480	2
	479	2
	477	2
	478	2
	476	2
	477	3
	477	1
	478	3
	478	1
	476	3
	476	1
	474	2
	475	2
	473	2
	474	3
	474	1
	475	3
	475	1
	473	3
	473	1
	472	2
	471	2
	472	3
	472	1
	471	3
	471	1
	470	2
	469	2
	470	3
	470	1
	469	3
	469	1
	468	2
	467	2
	468	3
	468	1
	467	3
	467	1
	466	1
	465	1
	466	2
	466	0
	467	0
	465	2
	465	0
	464	1
	464	2
	464	0
	468	0
	469	0
	470	0
	472	0
	473	0
	471	0
	475	0
	476	0
	474	0
	480	0
	481	0
	479	0
	480	1
	481	1
	479	1
	483	0
	484	0
	482	0
	483	1
	484	1
	482	1
	485	0
	486	0
	485	1
	486	1
	488	0
	487	0
	488	1
	487	1
	478	0
	463	0
	462	0
	463	1
	462	1
	477	0
	466	3
	463	2
	464	3
	465	3
	463	3
	462	2
	462	3
	461	3
	461	2
	460	3
	460	2
	459	3
	459	2
	458	3
	457	3
	458	2
	457	2
	456	3
	456	2
	455	3
	455	2
	454	3
	453	3
	454	2
	453	2
	451	3
	452	3
	450	3
	451	2
	452	2
	450	2
	448	3
	449	3
	447	3
	448	2
	449	2
	447	2
	446	3
	445	3
	446	2
	445	2
	443	3
	444	3
	442	3
	443	2
	444	2
	442	2
	441	3
	440	3
	441	2
	440	2
	439	3
	438	3
	439	2
	438	2
	436	3
	437	3
	435	3
	436	2
	437	2
	435	2
	433	2
	434	2
	432	2
	431	2
	430	2
	429	3
	429	2
	421	3
	421	2
	417	1
	418	1
	416	1
	413	1
	414	1
	412	1
	411	1
	410	2
	410	3
	410	1
	411	0
	412	0
	410	0
	413	0
	414	0
	415	0
	416	0
	415	1
	417	0
	418	0
	419	0
	419	1
	420	0
	421	0
	420	1
	421	1
	422	0
	423	0
	422	1
	423	1
	424	0
	424	1
	425	0
	425	1
	426	0
	426	1
	427	0
	428	0
	427	1
	428	1
	429	1
	430	1
	429	0
	430	0
	433	1
	434	1
	432	1
	433	0
	434	0
	432	0
	442	1
	443	1
	441	1
	442	0
	443	0
	441	0
	444	1
	444	0
	445	1
	445	0
	446	1
	446	0
	447	1
	447	0
	449	1
	450	1
	448	1
	449	0
	450	0
	448	0
	451	1
	452	1
	451	0
	452	0
	453	1
	454	1
	453	0
	454	0
	456	1
	457	1
	455	1
	456	0
	457	0
	455	0
	459	1
	460	1
	458	1
	459	0
	460	0
	458	0
	461	1
	461	0
	440	1
	438	1
	439	1
	437	1
	435	1
	436	1
	431	1
	431	0
	435	0
	437	0
	438	0
	436	0
	439	0
	440	0
	409	2
	408	2
	409	3
	409	1
	408	3
	408	1
	407	2
	406	2
	407	3
	407	1
	406	3
	406	1
	405	2
	405	3
	405	1
	404	2
	403	2
	404	3
	404	1
	403	3
	403	1
	402	2
	402	3
	402	1
	401	1
	402	0
	403	0
	401	2
	401	0
	400	1
	399	1
	400	2
	400	0
	399	2
	399	0
	398	0
	397	0
	398	1
	397	1
	396	0
	396	1
	404	0
	405	0
	406	0
	407	0
	408	0
	409	0
	401	3
	400	3
	399	3
	398	2
	398	3
	397	2
	396	2
	397	3
	396	3
	395	2
	395	3
	395	1
	394	2
	394	3
	394	1
	393	1
	392	1
	393	2
	393	0
	394	0
	392	2
	392	0
	391	1
	391	2
	391	0
	390	1
	390	2
	390	0
	395	0
	393	3
	392	3
	391	3
	389	2
	390	3
	389	1
	388	2
	388	1
	387	1
	386	1
	385	1
	384	1
	383	1
	382	1
	381	1
	380	1
	381	0
	382	0
	380	0
	379	1
	379	0
	378	1
	378	0
	377	1
	376	1
	377	0
	376	0
	375	1
	374	1
	375	0
	374	0
	373	1
	373	0
	372	1
	371	1
	372	2
	372	0
	371	2
	371	0
	370	1
	369	1
	370	2
	370	0
	369	2
	369	0
	368	1
	368	2
	368	0
	385	0
	386	0
	384	0
	387	0
	388	0
	389	0
	383	0
	368	3
	367	2
	367	3
	367	1
	368	4
	367	4
	366	3
	366	4
	366	2
	365	3
	365	4
	365	2
	364	3
	364	4
	364	2
	363	3
	362	3
	363	2
	362	2
	361	3
	361	2
	360	3
	360	4
	360	2
	359	3
	359	4
	359	2
	358	3
	357	3
	358	4
	358	2
	357	2
	356	3
	356	2
	355	3
	355	2
	354	3
	354	4
	354	2
	353	3
	353	4
	353	2
	352	3
	352	4
	352	2
	351	3
	350	3
	351	4
	351	2
	350	4
	350	2
	349	3
	348	3
	349	4
	349	2
	348	4
	348	2
	347	3
	346	3
	347	4
	347	2
	346	4
	346	2
	345	3
	344	3
	345	4
	345	2
	344	4
	344	2
	343	3
	343	4
	343	2
	342	3
	341	3
	342	4
	342	2
	341	4
	341	2
	340	3
	340	4
	340	2
	339	3
	339	4
	339	2
	338	3
	338	4
	338	2
	337	3
	337	4
	337	2
	336	3
	335	3
	336	4
	336	2
	335	4
	335	2
	334	3
	333	3
	334	4
	334	2
	333	4
	333	2
	332	3
	331	3
	332	4
	332	2
	331	4
	331	2
	329	3
	330	3
	328	3
	329	4
	329	2
	330	4
	330	2
	328	4
	328	2
	327	3
	326	3
	327	4
	327	2
	326	4
	326	2
	325	3
	325	4
	325	2
	324	3
	324	4
	324	2
	323	3
	323	4
	323	2
	322	3
	322	4
	322	2
	321	3
	320	3
	321	4
	321	2
	320	4
	320	2
	319	3
	319	4
	319	2
	318	3
	318	4
	318	2
	317	3
	317	4
	317	2
	316	3
	316	4
	316	2
	315	3
	315	4
	315	2
	314	3
	314	4
	314	2
	313	3
	312	3
	313	4
	313	2
	312	4
	312	2
	311	3
	310	3
	311	4
	311	2
	310	4
	310	2
	309	3
	309	4
	309	2
	308	3
	308	4
	308	2
	306	3
	307	3
	305	3
	306	4
	306	2
	307	4
	307	2
	305	4
	305	2
	304	3
	303	3
	304	4
	304	2
	303	4
	303	2
	302	3
	302	4
	302	2
	301	3
	301	4
	301	2
	300	3
	299	3
	300	4
	300	2
	299	4
	299	2
	298	3
	298	4
	298	2
	297	3
	296	3
	297	4
	297	2
	296	4
	296	2
	294	3
	295	3
	293	3
	294	4
	294	2
	295	4
	295	2
	293	4
	293	2
	292	3
	292	4
	292	2
	291	3
	290	3
	291	4
	291	2
	290	4
	290	2
	289	3
	289	4
	289	2
	288	3
	288	4
	288	2
	287	3
	286	3
	287	4
	287	2
	286	4
	286	2
	284	3
	285	3
	283	3
	284	4
	284	2
	285	4
	285	2
	283	4
	283	2
	282	3
	282	4
	282	2
	281	3
	281	4
	281	2
	280	3
	280	4
	280	2
	279	3
	278	3
	279	4
	279	2
	278	4
	278	2
	277	3
	277	2
	276	3
	276	2
	275	3
	275	2
	274	3
	274	2
	275	1
	276	1
	274	1
	275	0
	276	0
	274	0
	277	0
	277	1
	278	0
	278	1
	279	0
	279	1
	280	0
	280	1
	281	0
	282	0
	281	1
	282	1
	283	0
	283	1
	284	0
	285	0
	284	1
	285	1
	286	0
	286	1
	287	0
	288	0
	287	1
	288	1
	289	0
	289	1
	290	1
	291	1
	290	0
	291	0
	292	1
	293	1
	292	0
	293	0
	295	1
	296	1
	294	1
	295	0
	296	0
	294	0
	300	1
	301	1
	299	1
	300	0
	301	0
	299	0
	303	1
	304	1
	302	1
	303	0
	304	0
	302	0
	306	1
	307	1
	305	1
	306	0
	307	0
	305	0
	308	1
	308	0
	311	1
	312	1
	310	1
	311	0
	312	0
	310	0
	315	1
	316	1
	314	1
	315	0
	316	0
	314	0
	318	1
	319	1
	317	1
	318	0
	319	0
	317	0
	320	1
	320	0
	313	0
	313	1
	309	0
	309	1
	298	1
	297	1
	297	0
	298	0
	321	0
	322	0
	321	1
	322	1
	324	0
	325	0
	323	0
	324	1
	325	1
	323	1
	327	0
	328	0
	326	0
	327	1
	328	1
	326	1
	329	0
	329	1
	335	0
	336	0
	334	0
	335	1
	336	1
	334	1
	346	0
	347	0
	345	0
	346	1
	347	1
	345	1
	349	0
	350	0
	348	0
	349	1
	350	1
	348	1
	353	0
	354	0
	352	0
	353	1
	354	1
	352	1
	356	0
	357	0
	355	0
	356	1
	357	1
	355	1
	360	0
	361	0
	359	0
	360	1
	361	1
	359	1
	362	0
	363	0
	362	1
	363	1
	364	0
	365	0
	364	1
	365	1
	366	0
	367	0
	366	1
	358	0
	358	1
	343	1
	344	1
	342	1
	343	0
	344	0
	342	0
	339	1
	340	1
	338	1
	339	0
	340	0
	338	0
	337	1
	337	0
	330	1
	331	1
	330	0
	331	0
	332	1
	333	1
	332	0
	333	0
	341	1
	341	0
	351	1
	351	0
	273	2
	273	3
	273	1
	272	2
	272	3
	272	1
	273	0
	272	0
	271	1
	271	2
	271	0
	270	0
	270	1
	269	0
	268	0
	269	1
	268	1
	267	0
	266	0
	267	1
	266	1
	265	0
	264	0
	265	1
	264	1
	263	0
	263	1
	261	0
	262	0
	260	0
	261	1
	262	1
	260	1
	258	0
	259	0
	257	0
	258	1
	259	1
	257	1
	253	0
	254	0
	252	0
	253	1
	254	1
	252	1
	247	0
	248	0
	246	0
	247	1
	248	1
	246	1
	242	0
	243	0
	241	0
	242	1
	243	1
	241	1
	238	0
	239	0
	237	0
	238	1
	239	1
	237	1
	232	0
	233	0
	231	0
	232	1
	233	1
	231	1
	226	0
	227	0
	225	0
	226	1
	227	1
	225	1
	220	0
	221	0
	219	0
	220	1
	221	1
	219	1
	213	0
	214	0
	212	0
	213	1
	214	1
	212	1
	209	0
	210	0
	208	0
	209	1
	210	1
	208	1
	204	0
	205	0
	203	0
	204	1
	205	1
	203	1
	201	0
	202	0
	200	0
	201	1
	202	1
	200	1
	197	1
	198	1
	196	1
	197	2
	197	0
	198	2
	198	0
	196	2
	196	0
	195	1
	195	2
	195	0
	193	2
	194	2
	192	2
	193	1
	194	1
	192	1
	189	2
	190	2
	188	2
	189	1
	190	1
	188	3
	188	1
	186	2
	187	2
	185	2
	186	1
	187	1
	185	1
	182	1
	183	1
	181	1
	182	2
	182	0
	183	2
	183	0
	181	2
	181	0
	179	1
	180	1
	178	1
	179	2
	179	0
	180	2
	180	0
	178	2
	178	0
	176	2
	177	2
	175	2
	176	3
	176	1
	177	3
	177	1
	175	3
	175	1
	174	2
	174	1
	178	3
	179	3
	179	4
	180	3
	180	4
	181	3
	182	3
	183	3
	184	3
	184	4
	184	2
	188	4
	188	5
	184	1
	185	0
	186	0
	184	0
	187	0
	188	0
	189	0
	190	0
	192	0
	193	0
	191	0
	191	1
	194	0
	199	0
	199	1
	207	0
	207	1
	211	0
	211	1
	215	0
	216	0
	215	1
	216	1
	217	0
	217	1
	191	2
	195	3
	195	4
	184	5
	199	2
	200	2
	201	2
	202	2
	203	2
	204	2
	205	2
	206	2
	206	1
	207	2
	208	2
	207	3
	209	2
	210	2
	212	2
	213	2
	211	2
	215	2
	216	2
	214	2
	215	3
	218	2
	219	2
	217	2
	218	1
	220	2
	221	2
	222	2
	222	1
	223	2
	224	2
	225	2
	226	2
	227	2
	228	2
	230	4
	230	3
	231	3
	232	3
	233	3
	234	3
	235	3
	237	3
	238	3
	236	3
	239	3
	240	3
	241	3
	237	2
	238	2
	236	2
	235	2
	233	2
	234	2
	232	2
	231	2
	230	2
	230	1
	224	1
	224	0
	223	1
	222	0
	223	0
	218	0
	206	0
	229	1
	230	0
	229	2
	229	0
	234	1
	235	1
	234	0
	235	0
	236	1
	236	0
	240	1
	241	2
	242	2
	240	2
	240	0
	244	1
	245	1
	244	2
	244	0
	245	2
	245	0
	243	2
	247	2
	248	2
	246	2
	249	1
	250	1
	249	2
	249	0
	250	2
	250	0
	251	1
	251	2
	251	0
	244	3
	245	3
	243	3
	242	3
	239	2
	228	1
	228	0
	255	0
	255	1
	256	0
	256	1
	271	3
	270	3
	269	3
	270	2
	269	2
	268	3
	267	3
	268	2
	267	2
	266	3
	265	3
	266	2
	265	2
	263	3
	264	3
	262	3
	263	2
	264	2
	262	2
	261	3
	260	3
	261	2
	260	2
	257	3
	258	3
	256	3
	257	2
	258	2
	256	2
	254	3
	255	3
	253	3
	254	2
	255	2
	253	2
	251	3
	252	3
	250	3
	252	2
	248	3
	249	3
	247	3
	246	3
	259	2
	259	3
	21	3
	22	3
	20	3
	21	2
	22	2
	20	2
	23	2
	22	1
	23	3
	23	1
	21	1
	24	2
	25	2
	24	3
	24	1
	25	3
	25	1
	26	1
	27	1
	26	2
	26	0
	27	2
	27	0
	25	0
	28	1
	29	1
	28	2
	28	0
	29	2
	29	0
	30	1
	31	1
	30	2
	30	0
	31	2
	31	0
	32	1
	33	1
	32	2
	32	0
	33	2
	33	0
	34	1
	35	1
	34	2
	34	0
	35	2
	35	0
	36	1
	36	2
	36	0
	37	1
	37	2
	37	0
	34	3
	35	3
	33	3
	32	3
	31	3
	30	3
	29	3
	28	3
	27	3
	26	3
	33	4
	36	3
	37	3
	36	4
	37	4
	35	4
	38	3
	39	3
	38	4
	38	2
	39	4
	39	2
	40	3
	41	3
	40	4
	40	2
	41	4
	41	2
	42	3
	42	2
	44	2
	45	2
	43	2
	44	3
	44	1
	45	3
	45	1
	43	3
	43	1
	46	2
	47	2
	46	3
	46	1
	47	3
	47	1
	48	2
	48	3
	48	1
	42	1
	41	1
	39	1
	40	1
	38	1
	34	4
	38	0
	39	0
	40	0
	43	0
	44	0
	42	0
	46	0
	47	0
	45	0
	48	0
	49	0
	49	1
	50	0
	51	0
	50	1
	51	1
	52	0
	53	0
	52	1
	53	1
	55	0
	56	0
	54	0
	55	1
	56	1
	54	1
	57	0
	57	1
	41	0
	49	3
	49	2
	50	3
	51	3
	50	2
	51	2
	53	2
	54	2
	52	2
	53	3
	54	3
	52	3
	55	2
	56	2
	55	3
	56	3
	57	2
	57	3
	58	2
	59	2
	58	3
	58	1
	59	3
	59	1
	60	2
	61	2
	60	3
	60	1
	61	3
	61	1
	62	2
	63	2
	62	3
	62	1
	63	3
	63	1
	64	2
	65	2
	64	3
	64	1
	65	3
	65	1
	66	2
	67	2
	66	3
	66	1
	67	3
	67	1
	69	2
	70	2
	68	2
	69	3
	69	1
	70	3
	70	1
	68	3
	68	1
	71	2
	72	2
	71	3
	71	1
	72	3
	72	1
	74	2
	75	2
	73	2
	74	3
	74	1
	75	3
	75	1
	73	3
	73	1
	78	2
	79	2
	77	2
	78	1
	79	3
	79	1
	77	1
	80	2
	81	2
	80	1
	81	1
	82	2
	83	2
	82	1
	83	1
	85	2
	86	2
	84	2
	85	1
	86	1
	84	1
	87	2
	88	2
	87	1
	88	1
	89	2
	90	2
	89	1
	90	1
	91	2
	92	2
	91	1
	92	1
	93	2
	93	1
	94	2
	94	1
	95	2
	95	1
	99	2
	100	2
	98	2
	99	3
	99	1
	100	3
	100	1
	98	3
	98	1
	101	2
	101	3
	101	1
	61	4
	72	0
	73	0
	71	0
	76	1
	76	2
	76	0
	77	0
	75	0
	80	0
	81	0
	79	0
	82	0
	83	0
	84	0
	85	0
	87	0
	88	0
	86	0
	89	0
	90	0
	78	0
	58	0
	60	0
	61	0
	59	0
	62	0
	63	0
	64	0
	65	0
	66	0
	67	0
	68	0
	69	0
	70	0
	74	0
	92	0
	93	0
	91	0
	94	0
	95	0
	96	0
	97	0
	96	1
	97	1
	98	0
	100	0
	101	0
	99	0
	102	0
	102	1
	103	0
	104	0
	103	1
	104	1
	106	0
	107	0
	105	0
	106	1
	107	1
	105	1
	109	0
	110	0
	108	0
	109	1
	110	1
	108	1
	111	0
	112	0
	111	1
	112	1
	114	0
	115	0
	113	0
	114	1
	115	1
	113	1
	117	0
	118	0
	116	0
	117	1
	118	1
	116	1
	120	0
	121	0
	119	0
	120	1
	121	1
	119	1
	122	0
	123	0
	122	1
	123	1
	126	0
	127	0
	125	0
	126	1
	127	1
	125	1
	128	0
	129	0
	128	1
	129	1
	130	0
	130	1
	131	0
	132	0
	131	1
	132	1
	133	0
	134	0
	133	1
	134	1
	137	0
	138	0
	136	0
	137	1
	138	1
	136	1
	140	0
	141	0
	139	0
	140	1
	141	1
	139	1
	144	0
	145	0
	143	0
	144	1
	145	1
	143	1
	149	0
	150	0
	148	0
	149	1
	150	1
	148	1
	153	0
	154	0
	152	0
	153	1
	154	1
	152	1
	157	0
	158	0
	156	0
	157	1
	158	1
	156	1
	161	0
	162	0
	160	0
	161	1
	162	1
	160	1
	164	0
	165	0
	163	0
	164	1
	165	1
	163	1
	167	0
	168	0
	166	0
	167	1
	168	1
	166	1
	171	0
	172	0
	170	0
	171	1
	172	1
	170	1
	174	0
	175	0
	173	0
	173	1
	176	0
	177	0
	173	2
	172	2
	171	2
	170	2
	169	1
	169	2
	169	0
	168	2
	167	2
	159	0
	159	1
	155	0
	155	1
	155	2
	156	2
	154	2
	151	1
	152	2
	153	2
	151	2
	151	0
	150	2
	146	1
	145	2
	146	2
	146	0
	144	2
	142	1
	142	2
	142	0
	143	2
	141	2
	139	2
	140	2
	138	2
	135	1
	136	2
	137	2
	135	2
	135	0
	134	2
	133	2
	131	2
	132	2
	130	2
	127	2
	128	2
	126	2
	124	1
	125	2
	124	2
	124	0
	122	2
	123	2
	121	2
	119	2
	120	2
	118	2
	117	2
	116	2
	114	2
	115	2
	113	2
	112	2
	111	2
	110	2
	108	2
	109	2
	107	2
	103	2
	104	2
	102	2
	103	3
	104	3
	102	3
	97	2
	96	2
	97	3
	105	3
	106	3
	107	3
	108	3
	109	3
	110	3
	111	3
	112	3
	113	3
	106	2
	105	2
	114	3
	115	3
	116	3
	117	3
	118	3
	119	3
	120	3
	121	3
	122	3
	123	3
	125	3
	124	3
	129	2
	140	3
	142	3
	143	3
	141	3
	146	3
	147	3
	145	3
	147	2
	148	3
	149	3
	148	2
	149	2
	152	3
	153	3
	151	3
	157	2
	156	3
	157	3
	155	3
	159	2
	160	2
	158	2
	159	3
	160	3
	158	3
	163	2
	164	2
	162	2
	165	2
	166	2
	161	2
	154	3
	147	1
	147	0
	144	3
	150	3
	0	1
	1	1
	0	0
	1	0
	2	1
	2	0
	4	1
	5	1
	3	1
	4	2
	4	0
	5	2
	5	0
	3	2
	3	0
	6	1
	7	1
	6	2
	6	0
	7	2
	7	0
	8	0
	8	1
	11	0
	12	0
	10	0
	11	1
	12	1
	10	1
	15	0
	16	0
	14	0
	15	1
	16	1
	14	1
	18	0
	19	0
	17	0
	18	1
	19	1
	17	1
	20	0
	21	0
	20	1
	22	0
	23	0
	24	0
	18	2
	19	2
	17	2
	16	2
	15	2
	14	2
	13	1
	13	2
	13	0
	12	2
	11	2
	10	2
	9	1
	9	2
	9	0
	8	2
	5	3
	6	3
	4	3
	5	4
	6	4
	9	4
	10	4
	8	4
	9	3
	10	3
	8	3
	13	4
	12	4
	13	3
	14	3
	12	3
	16	3
	17	3
	15	3
	19	3
	18	3
	11	3
	11	4
	7	4
	7	3
	27	36
	28	36
	26	36
	27	35
	28	35
	26	35
	27	34
	28	34
	26	34
	27	33
	28	33
	26	33
	27	32
	28	32
	26	32
	27	31
	28	31
	26	31
	27	30
	28	30
	26	30
	27	29
	28	29
	26	29
	27	28
	28	28
	26	28
	25	28
	26	27
	27	27
	25	29
	25	27
	26	26
	27	26
	25	26
	26	25
	27	25
	25	25
	26	24
	27	24
	25	24
	26	23
	27	23
	25	23
	26	22
	27	22
	25	22
	26	21
	27	21
	25	21
	26	20
	27	20
	25	20
	26	19
	27	19
	25	19
	26	18
	27	18
	25	18
	26	17
	27	17
	25	17
	26	16
	27	16
	25	16
	27	15
	28	15
	26	15
	27	14
	28	16
	28	14
	26	14
	27	13
	28	13
	26	13
	27	12
	28	12
	26	12
	27	11
	28	11
	26	11
	27	10
	28	10
	26	10
	29	14
	29	15
	29	13
	29	16
	28	17
	29	17
	28	18
	28	19
	28	20
	28	21
	28	22
	28	23
	28	24
	28	25
	28	26
	28	27
	29	34
	29	35
	29	33
	29	36
	29	32
	29	31
	29	30
	29	29
	29	28
	29	27
	29	26
	29	25
	29	24
	29	23
	29	22
	29	21
	29	20
	29	19
	29	18
	29	12
	29	11
	29	10
	25	15
	24	15
	25	14
	24	16
	24	14
	23	14
	24	13
	25	13
	23	15
	23	13
	24	12
	25	12
	23	12
	24	11
	25	11
	23	11
	24	10
	25	10
	23	10
	22	11
	22	12
	22	10
	20	10
	21	10
	19	10
	20	11
	21	11
	19	11
	18	10
	17	10
	18	11
	17	11
	15	10
	16	10
	14	10
	15	11
	16	11
	14	11
	9	10
	10	10
	8	10
	9	11
	10	11
	8	11
	5	10
	6	10
	4	10
	5	11
	6	11
	4	11
	4	12
	5	12
	4	13
	5	13
	4	17
	5	17
	4	18
	4	16
	5	18
	5	16
	4	23
	4	24
	4	22
	4	33
	4	34
	4	32
	4	35
	5	35
	4	36
	5	36
	5	34
	6	36
	6	35
	7	36
	8	36
	7	35
	8	35
	11	36
	12	36
	10	36
	11	35
	12	35
	10	35
	13	36
	14	36
	13	35
	14	35
	15	36
	16	36
	15	35
	16	35
	17	36
	17	35
	18	36
	19	36
	18	35
	19	35
	20	36
	21	36
	20	35
	21	35
	23	36
	24	36
	22	36
	23	35
	24	35
	22	35
	25	36
	25	35
	25	34
	24	34
	25	33
	24	33
	25	32
	24	32
	25	31
	24	31
	25	30
	24	30
	24	29
	24	27
	24	28
	24	26
	24	24
	23	24
	24	25
	24	23
	23	25
	23	23
	23	22
	24	22
	22	22
	23	21
	24	21
	22	23
	22	21
	22	20
	23	20
	21	20
	22	19
	23	19
	21	21
	21	19
	21	17
	22	17
	20	17
	21	18
	21	16
	22	18
	22	16
	20	18
	20	16
	20	14
	21	14
	19	14
	20	15
	20	13
	21	15
	21	13
	19	15
	19	13
	18	12
	19	12
	17	12
	18	13
	17	13
	13	11
	14	12
	15	12
	13	12
	13	10
	12	10
	11	10
	12	11
	11	11
	6	12
	7	12
	6	13
	7	13
	7	11
	8	13
	7	14
	8	14
	8	12
	6	14
	7	15
	8	15
	6	15
	7	16
	8	16
	6	16
	6	17
	7	17
	5	15
	4	15
	5	14
	9	12
	7	10
	4	14
	5	19
	6	19
	4	19
	5	20
	6	20
	6	18
	4	20
	5	23
	6	23
	5	24
	5	22
	6	24
	6	22
	5	26
	6	26
	4	26
	5	27
	5	25
	6	27
	6	25
	4	27
	4	25
	5	28
	6	28
	4	28
	5	30
	6	30
	4	30
	5	31
	5	29
	6	31
	6	29
	4	31
	4	29
	5	32
	6	32
	5	33
	6	33
	6	34
	5	21
	6	21
	4	21
	7	23
	7	24
	7	22
	7	26
	7	27
	7	25
	7	29
	7	30
	7	28
	8	32
	9	32
	7	32
	8	33
	8	31
	9	33
	9	31
	7	33
	7	31
	9	35
	9	36
	9	34
	10	34
	8	34
	7	34
	8	30
	8	26
	9	26
	8	27
	8	25
	9	27
	9	25
	8	23
	9	23
	8	24
	8	22
	9	24
	9	22
	8	20
	9	20
	7	20
	8	21
	8	19
	9	21
	9	19
	7	21
	7	19
	9	16
	10	16
	9	17
	9	15
	10	17
	10	15
	8	17
	10	14
	11	14
	9	14
	10	13
	11	15
	11	13
	9	13
	10	12
	11	12
	9	18
	10	18
	8	18
	10	19
	10	21
	10	22
	10	20
	10	23
	10	24
	10	25
	10	27
	9	28
	10	28
	10	26
	8	28
	7	18
	11	20
	11	21
	11	19
	9	30
	10	30
	9	29
	10	31
	10	29
	8	29
	10	32
	10	33
	11	33
	11	34
	11	32
	12	33
	12	34
	12	32
	14	33
	15	33
	13	33
	14	34
	14	32
	15	34
	15	32
	13	34
	13	32
	16	33
	17	33
	16	34
	16	32
	17	34
	17	32
	18	33
	19	33
	18	34
	18	32
	19	34
	19	32
	20	33
	21	33
	20	34
	20	32
	21	34
	21	32
	22	32
	21	31
	22	33
	22	31
	20	31
	23	32
	23	33
	23	31
	23	30
	22	30
	22	34
	23	34
	18	31
	19	31
	17	31
	16	31
	15	31
	14	31
	13	31
	14	30
	15	30
	13	30
	12	31
	12	30
	11	31
	11	30
	11	29
	12	29
	11	28
	11	27
	11	25
	11	26
	11	24
	11	23
	11	22
	11	18
	11	17
	11	16
	12	16
	12	17
	12	15
	12	14
	13	14
	12	13
	13	15
	13	13
	14	13
	14	14
	12	12
	15	13
	15	14
	16	13
	16	14
	16	12
	17	14
	18	14
	20	12
	21	12
	22	14
	22	15
	22	13
	23	16
	24	17
	23	17
	24	18
	23	18
	24	19
	24	20
	20	19
	20	20
	19	17
	18	17
	19	18
	19	16
	18	18
	18	16
	15	16
	16	16
	14	16
	15	17
	15	15
	16	17
	16	15
	14	17
	14	15
	13	16
	13	17
	17	16
	17	17
	17	15
	18	15
	16	18
	17	18
	15	18
	14	18
	13	18
	14	19
	15	19
	13	19
	12	18
	12	19
	13	20
	14	20
	12	20
	13	21
	14	21
	12	21
	12	22
	13	22
	12	23
	13	23
	13	25
	14	25
	12	25
	13	26
	13	24
	14	26
	14	24
	12	26
	12	24
	13	27
	14	27
	12	27
	13	28
	14	28
	12	28
	13	29
	14	29
	15	29
	16	29
	15	28
	16	30
	16	28
	17	28
	16	27
	17	29
	17	27
	15	27
	16	26
	17	26
	15	26
	16	25
	17	25
	15	25
	16	24
	17	24
	15	24
	16	23
	17	23
	15	23
	16	22
	17	22
	15	22
	14	23
	14	22
	15	21
	15	20
	16	20
	16	21
	16	19
	17	20
	17	21
	17	19
	18	19
	18	20
	19	19
	19	20
	19	21
	20	21
	18	21
	20	22
	21	22
	19	22
	20	23
	21	23
	19	23
	21	24
	22	24
	20	24
	22	25
	21	25
	22	26
	23	26
	21	26
	23	27
	22	27
	23	28
	22	28
	23	29
	22	29
	21	30
	21	29
	20	30
	19	30
	20	29
	19	29
	18	30
	18	29
	17	30
	18	28
	19	28
	18	27
	19	27
	21	27
	20	27
	21	28
	20	28
	20	26
	19	26
	18	26
	19	25
	20	25
	18	25
	18	24
	19	24
	18	23
	18	22
InvisibleObstacle		
AW1		
	65	35
	66	35
	64	35
	65	36
	65	34
	66	36
	66	34
	64	36
	64	34
	65	33
	66	33
	64	33
	65	32
	66	32
	64	32
	65	31
	66	31
	64	31
	65	30
	66	30
	64	30
	65	29
	66	29
	64	29
	65	28
	66	28
	64	28
	65	27
	66	27
	64	27
	65	26
	66	26
	64	26
	65	25
	66	25
	64	25
	65	24
	66	24
	64	24
	65	23
	66	23
	64	23
	65	22
	66	22
	64	22
	65	21
	66	21
	64	21
	65	20
	66	20
	64	20
	65	19
	66	19
	64	19
	65	18
	66	18
	64	18
	65	17
	66	17
	64	17
	65	16
	66	16
	64	16
	65	15
	66	15
	64	15
	65	14
	66	14
	64	14
	66	13
	65	13
	66	12
	65	12
	64	13
	64	12
	65	11
	66	11
	64	11
	65	10
	66	10
	64	10
AW2		
	166	35
	167	35
	165	35
	166	36
	166	34
	167	36
	167	34
	165	36
	165	34
	166	33
	167	33
	165	33
	166	32
	167	32
	165	32
	166	31
	167	31
	165	31
	166	30
	167	30
	165	30
	166	29
	167	29
	165	29
	166	28
	167	28
	165	28
	166	27
	167	27
	165	27
	166	26
	167	26
	165	26
	166	25
	167	25
	165	25
	166	24
	167	24
	165	24
	166	23
	167	23
	165	23
	166	22
	167	22
	165	22
	168	23
	168	24
	168	22
	167	21
	168	21
	166	21
	167	20
	168	20
	166	20
	165	20
	166	19
	167	19
	165	21
	165	19
	166	18
	167	18
	165	18
	166	17
	167	17
	165	17
	166	16
	167	16
	165	16
	166	15
	167	15
	165	15
	166	14
	167	14
	165	14
	166	13
	167	13
	165	13
	166	12
	167	12
	165	12
	166	11
	167	11
	165	11
	166	10
	167	10
	165	10
	168	36
	167	37
	168	37
	168	35
	166	37
	165	37
	168	34
	168	33
	168	32
	168	31
	168	30
	168	29
	168	28
	168	27
	168	26
	168	25
	168	19
	168	18
	168	17
	168	16
	168	15
	168	14
	168	13
	168	12
	168	11
	168	10
AW3		
	275	35
	276	35
	274	35
	275	36
	275	34
	276	36
	276	34
	274	36
	274	34
	275	33
	276	33
	274	33
	275	32
	276	32
	274	32
	275	31
	276	31
	274	31
	275	30
	276	30
	274	30
	275	29
	276	29
	274	29
	275	28
	276	28
	274	28
	275	27
	276	27
	274	27
	275	26
	276	26
	274	26
	275	25
	276	25
	274	25
	275	24
	276	24
	274	24
	275	23
	276	23
	274	23
	275	22
	276	22
	274	22
	275	21
	276	21
	274	21
	275	20
	276	20
	274	20
	275	19
	276	19
	274	19
	275	18
	276	18
	274	18
	275	17
	276	17
	274	17
	275	16
	276	16
	274	16
	275	15
	276	15
	274	15
	275	14
	276	14
	274	14
	275	13
	276	13
	274	13
	275	12
	276	12
	274	12
	275	11
	276	11
	274	11
	275	10
	276	10
	274	10
AW4		
	388	35
	388	34
	391	16
	391	18
	389	34
	391	10
	391	11
	389	35
	389	33
	391	12
	389	32
	391	15
	390	35
	389	36
	390	36
	390	34
	388	36
	390	33
	390	32
	389	31
	390	31
	391	14
	389	30
	390	30
	391	13
	391	31
	391	32
	391	30
	390	29
	391	29
	389	29
	390	28
	391	28
	389	28
	390	27
	391	27
	389	27
	388	28
	388	29
	388	27
	390	26
	391	26
	389	26
	388	26
	389	25
	390	25
	388	25
	389	24
	390	24
	388	24
	391	24
	390	23
	391	25
	391	23
	389	23
	390	22
	391	22
	389	22
	390	21
	391	21
	389	21
	390	20
	391	20
	389	20
	390	19
	391	19
	389	19
	388	22
	388	31
	388	23
	388	21
	388	33
	388	30
	388	20
	388	32
	388	19
	389	18
	390	18
	388	18
	389	17
	390	17
	388	17
	389	16
	390	16
	388	16
	389	15
	390	15
	388	15
	391	33
	388	14
	389	14
	391	17
	391	34
	388	13
	389	13
	391	36
	388	12
	389	12
	391	35
	390	14
	390	13
	390	12
	389	11
	390	11
	388	11
	389	10
	390	10
	388	10
AW5		
	458	35
	459	35
	457	35
	458	36
	458	34
	459	36
	459	34
	457	36
	457	34
	458	33
	459	33
	457	33
	458	32
	459	32
	457	32
	458	31
	459	31
	457	31
	458	30
	459	30
	457	30
	458	29
	459	29
	457	29
	458	28
	459	28
	457	28
	458	27
	459	27
	457	27
	458	26
	459	26
	457	26
	458	25
	459	25
	457	25
	458	24
	459	24
	457	24
	458	23
	459	23
	457	23
	458	22
	459	22
	457	22
	458	21
	459	21
	457	21
	458	20
	459	20
	457	20
	458	19
	459	19
	457	19
	458	18
	459	18
	457	18
	458	17
	459	17
	457	17
	458	16
	459	16
	457	16
	458	15
	459	15
	457	15
	458	14
	459	14
	457	14
	458	13
	459	13
	457	13
	458	12
	459	12
	457	12
	458	11
	459	11
	457	11
	458	10
	459	10
	457	10
	460	11
	461	11
	460	12
	460	10
	461	12
	461	10
	460	13
	461	13
	460	14
	461	14
	460	15
	460	16
	461	15
	461	16
	460	17
	461	17
	460	18
	461	18
	460	19
	461	19
	460	20
	461	20
	460	21
	461	21
	460	22
	461	22
	460	23
	461	23
	460	24
	461	24
	460	25
	461	25
	460	26
	461	26
	460	27
	461	27
	460	28
	461	28
	460	29
	461	29
	461	30
	460	30
	461	31
	460	31
	461	32
	460	32
	460	34
	461	34
	460	35
	460	33
	461	35
	461	33
	460	36
	461	36
F1		
	93	35
	94	35
	92	35
	93	36
	93	34
	94	36
	94	34
	92	36
	92	34
	93	33
	94	33
	92	33
	93	32
	94	32
	92	32
	92	31
	93	31
	92	30
	93	30
	92	29
	93	29
	92	28
	93	28
	92	26
	94	30
	94	31
	94	29
	94	28
	93	27
	94	27
	94	26
	93	26
	94	25
	93	25
	94	24
	93	24
	94	23
	93	23
	92	27
	92	25
	92	24
	93	22
	94	22
	93	21
	94	21
	92	23
	93	20
	94	20
	93	19
	94	19
	94	18
	93	18
	94	17
	93	17
	94	16
	93	16
	92	22
	92	16
	93	15
	94	15
	92	15
	93	14
	94	14
	92	14
	93	13
	94	13
	92	13
	92	20
	92	12
	93	12
	92	21
	92	19
	92	11
	93	11
	92	17
	92	10
	93	10
	92	18
	94	11
	94	12
	94	10
F2		
	181	35
	182	35
	180	35
	181	36
	181	34
	182	36
	182	34
	180	36
	180	34
	181	33
	182	33
	180	33
	181	32
	182	32
	180	32
	181	31
	182	31
	180	31
	181	30
	182	30
	180	30
	181	29
	182	29
	180	29
	181	28
	182	28
	180	28
	181	27
	182	27
	180	27
	181	26
	182	26
	180	26
	181	25
	182	25
	180	25
	181	24
	182	24
	180	24
	181	23
	182	23
	180	23
	181	22
	182	22
	180	22
	183	23
	183	24
	183	22
	182	21
	183	21
	181	21
	182	20
	183	20
	181	20
	180	20
	181	19
	182	19
	180	21
	180	19
	181	18
	182	18
	180	18
	181	17
	182	17
	180	17
	181	16
	182	16
	180	16
	181	15
	182	15
	180	15
	181	14
	182	14
	180	14
	181	13
	182	13
	180	13
	181	12
	182	12
	180	12
	181	11
	182	11
	180	11
	181	10
	182	10
	180	10
	183	36
	182	37
	183	37
	183	35
	181	37
	180	37
	183	34
	183	33
	183	32
	183	31
	183	30
	183	29
	183	28
	183	27
	183	26
	183	25
	183	19
	183	18
	183	17
	183	16
	183	15
	183	14
	183	13
	183	12
	183	11
	183	10
F3		
	290	35
	291	35
	289	35
	290	36
	290	34
	291	36
	291	34
	289	36
	289	34
	290	33
	291	33
	289	33
	290	32
	291	32
	289	32
	290	31
	291	31
	289	31
	290	30
	291	30
	289	30
	290	29
	291	29
	289	29
	290	28
	291	28
	289	28
	290	27
	291	27
	289	27
	290	26
	291	26
	289	26
	290	25
	291	25
	289	25
	290	24
	291	24
	289	24
	290	23
	291	23
	289	23
	290	22
	291	22
	289	22
	290	21
	291	21
	289	21
	290	20
	291	20
	289	20
	290	19
	291	19
	289	19
	290	18
	291	18
	289	18
	290	17
	291	17
	289	17
	290	16
	291	16
	289	16
	290	15
	291	15
	289	15
	290	14
	291	14
	289	14
	290	13
	291	13
	289	13
	290	12
	291	12
	289	12
	290	11
	291	11
	289	11
	290	10
	291	10
	289	10
	292	36
	292	35
	292	33
	292	32
	292	31
	292	34
	292	30
	292	29
	292	28
	292	26
	292	25
	292	27
	292	24
	292	23
	292	22
	292	21
	292	20
	292	19
	292	18
	292	17
	292	16
	292	15
	292	14
	292	13
	292	12
	292	11
	292	10
	317	17
	317	19
	315	17
	317	18
	315	15
	315	34
	315	36
	315	35
	315	16
	315	14
	315	33
	318	35
	318	36
	315	32
	318	34
	318	32
	315	31
	318	33
	318	29
	315	29
	318	27
	318	31
	318	26
	315	30
	315	28
	318	28
	318	25
	318	21
	318	23
	318	24
	318	18
	318	20
	318	30
	318	22
	318	17
	318	19
	318	15
	316	35
	317	35
	316	36
	316	34
	317	36
	317	34
	317	33
	316	33
	317	32
	316	32
	317	31
	316	31
	317	30
	316	30
	317	29
	316	29
	317	28
	316	28
	317	27
	316	27
	316	26
	317	26
	315	26
	316	25
	317	25
	315	27
	315	25
	316	24
	317	24
	315	24
	316	23
	317	23
	315	23
	316	22
	317	22
	315	22
	316	21
	317	21
	315	21
	316	20
	317	20
	315	20
	316	19
	315	19
	316	18
	315	18
	316	17
	318	16
	318	13
	316	16
	318	10
	316	15
	318	14
	318	12
	316	14
	318	11
	317	15
	317	16
	317	14
	316	13
	317	13
	315	13
	316	12
	317	12
	315	12
	316	11
	317	11
	315	11
	316	10
	317	10
	315	10
	323	35
	324	35
	322	35
	323	36
	323	34
	324	36
	324	34
	322	36
	322	34
	323	33
	324	33
	322	33
	323	32
	324	32
	322	32
	323	31
	324	31
	322	31
	323	30
	324	30
	322	30
	323	29
	324	29
	322	29
	323	28
	324	28
	322	28
	323	27
	324	27
	322	27
	323	26
	324	26
	322	26
	323	25
	324	25
	322	25
	323	24
	324	24
	322	24
	323	23
	324	23
	322	23
	323	22
	324	22
	322	22
	323	21
	324	21
	322	21
	320	36
	324	20
	319	35
	321	35
	323	20
	324	19
	320	35
	323	19
	322	20
	322	19
	323	18
	324	18
	322	18
	323	17
	324	17
	322	17
	323	16
	324	16
	322	16
	323	15
	324	15
	322	15
	323	14
	324	14
	322	14
	323	13
	324	13
	322	13
	323	12
	324	12
	322	12
	323	11
	324	11
	322	11
	323	10
	324	10
	322	10
	320	34
	321	36
	321	34
	319	36
	319	34
	320	33
	321	33
	319	33
	320	32
	321	32
	319	32
	320	31
	321	31
	319	31
	320	30
	321	30
	319	30
	319	29
	320	29
	319	28
	320	28
	319	27
	320	27
	321	27
	320	26
	321	28
	321	26
	319	26
	320	25
	321	25
	319	25
	321	29
	320	24
	321	24
	319	24
	320	23
	321	23
	319	23
	320	22
	321	22
	319	22
	320	21
	321	21
	319	21
	320	20
	321	20
	319	20
	321	19
	320	19
	321	18
	320	18
	321	17
	320	17
	321	16
	320	16
	321	15
	320	15
	321	14
	320	14
	319	14
	320	13
	321	13
	319	15
	319	13
	320	12
	321	12
	319	12
	320	11
	321	11
	319	11
	320	10
	321	10
	319	10
	319	16
	319	18
	319	19
	319	17
F4		
	399	35
	400	35
	398	35
	399	36
	399	34
	400	36
	400	34
	398	36
	398	34
	399	33
	400	33
	398	33
	399	32
	400	32
	398	32
	399	31
	400	31
	398	31
	399	30
	400	30
	398	30
	399	29
	400	29
	398	29
	399	28
	400	28
	398	28
	399	27
	400	27
	398	27
	399	25
	400	25
	398	25
	399	26
	399	24
	400	26
	400	24
	398	26
	398	24
	399	23
	400	23
	398	23
	399	22
	400	22
	398	22
	399	21
	400	21
	398	21
	399	20
	400	20
	398	20
	399	19
	400	19
	398	19
	399	18
	400	18
	398	18
	399	17
	400	17
	398	17
	399	16
	400	16
	398	16
	399	15
	400	15
	398	15
	399	14
	400	14
	398	14
	399	13
	400	13
	398	13
	399	12
	400	12
	398	12
	399	11
	400	11
	398	11
	399	10
	400	10
	398	10
	401	35
	401	36
	401	34
	401	33
	401	32
	401	31
	401	29
	401	30
	401	28
	401	27
	401	26
	401	25
	401	24
	401	23
	401	22
	401	21
	401	20
	401	19
	401	18
	401	17
	401	16
	401	15
	401	14
	401	11
	401	12
	401	10
	401	13
	397	11
	396	11
	397	12
	397	10
	396	12
	396	10
	397	13
	396	13
	397	14
	396	14
	397	15
	397	16
	397	17
	397	18
	396	17
	396	18
	396	16
	396	15
	397	19
	397	20
	396	19
	396	20
	397	21
	396	21
	397	22
	396	22
	397	23
	396	23
	397	24
	396	24
	397	25
	396	25
	397	26
	396	26
	397	27
	396	27
	397	28
	396	28
	397	29
	396	29
	397	30
	396	30
	397	31
	396	31
	397	32
	396	32
	397	33
	396	33
	397	34
	397	35
	397	36
	396	35
	396	36
	396	34
F5		
	467	35
	468	35
	466	35
	467	36
	467	34
	468	36
	468	34
	466	36
	466	34
	467	33
	468	33
	466	33
	467	32
	468	32
	466	32
	467	31
	468	31
	466	31
	467	30
	468	30
	466	30
	467	29
	468	29
	466	29
	467	28
	468	28
	466	28
	467	27
	468	27
	466	27
	467	26
	468	26
	466	26
	467	25
	468	25
	466	25
	467	24
	468	24
	466	24
	467	23
	468	23
	466	23
	467	22
	468	22
	466	22
	467	21
	468	21
	466	21
	468	20
	469	20
	467	20
	468	19
	469	21
	469	19
	467	19
	468	18
	469	18
	467	18
	468	17
	469	17
	467	17
	468	16
	469	16
	467	16
	468	15
	469	15
	467	15
	466	19
	466	20
	466	18
	466	17
	466	16
	466	15
	466	14
	467	14
	466	13
	467	13
	467	12
	468	12
	466	12
	467	11
	468	13
	468	11
	466	11
	467	10
	468	10
	466	10
	469	11
	469	12
	469	10
	468	14
	469	22
	469	23
	469	25
	469	26
	469	24
	469	27
	469	28
	469	29
	469	30
	469	31
	469	33
	469	34
	469	32
	469	35
	469	36
	469	14
	469	13
