Key	CellX	CellY
VisibleObstacle		
	19	65
	20	65
	21	65
	22	65
	23	65
	24	65
	25	65
	26	65
	27	65
	28	65
	29	65
	30	65
	31	65
	32	65
	33	65
	34	65
	35	65
	36	65
	37	65
	38	65
	39	65
	40	65
	41	65
	42	65
	43	65
	44	65
	45	65
	46	65
	47	65
	48	65
	49	65
	50	65
	51	65
	52	65
	53	65
	54	65
	55	65
	56	65
	57	65
	58	65
	59	65
	60	65
	61	65
	62	65
	63	65
	64	65
	65	65
	66	65
	67	65
	68	65
	69	65
	70	65
	71	65
	72	65
	73	65
	74	65
	75	65
	76	65
	77	65
	78	65
	79	65
	80	65
	81	65
	82	65
	19	64
	20	64
	21	64
	22	64
	23	64
	24	64
	25	64
	26	64
	27	64
	28	64
	29	64
	30	64
	31	64
	32	64
	33	64
	34	64
	35	64
	36	64
	37	64
	38	64
	39	64
	40	64
	41	64
	42	64
	43	64
	44	64
	45	64
	46	64
	47	64
	48	64
	49	64
	50	64
	51	64
	52	64
	53	64
	54	64
	55	64
	56	64
	57	64
	58	64
	59	64
	60	64
	61	64
	62	64
	63	64
	64	64
	65	64
	66	64
	67	64
	68	64
	69	64
	70	64
	71	64
	72	64
	73	64
	74	64
	75	64
	76	64
	77	64
	78	64
	79	64
	80	64
	81	64
	82	64
	1	395
	2	395
	0	395
	1	396
	1	394
	2	396
	2	394
	0	396
	0	394
	3	395
	5	395
	4	395
	3	396
	4	396
	3	394
	6	396
	4	394
	6	394
	7	396
	5	396
	8	396
	8	395
	5	394
	8	394
	7	395
	7	394
	6	395
	9	394
	9	396
	9	395
	12	395
	10	396
	10	395
	12	394
	11	394
	11	396
	12	396
	11	395
	10	394
	13	394
	13	396
	13	395
	16	395
	14	396
	14	395
	16	394
	15	394
	15	396
	16	396
	15	395
	14	394
	17	395
	17	396
	17	394
	18	395
	18	396
	18	394
	19	395
	19	396
	19	394
	20	395
	20	396
	20	394
	21	395
	21	396
	21	394
	22	395
	22	396
	22	394
	23	395
	23	396
	23	394
	24	395
	24	396
	24	394
	25	395
	25	396
	25	394
	26	395
	26	396
	26	394
	27	395
	27	396
	27	394
	28	395
	28	396
	28	394
	29	395
	29	396
	29	394
	30	395
	30	396
	30	394
	31	395
	31	396
	31	394
	32	395
	32	396
	32	394
	33	395
	33	396
	33	394
	34	395
	34	396
	34	394
	35	395
	35	396
	35	394
	36	395
	36	396
	36	394
	37	395
	37	396
	37	394
	38	395
	38	396
	38	394
	39	395
	39	396
	39	394
	40	395
	40	396
	40	394
	41	395
	41	396
	41	394
	42	395
	42	396
	42	394
	43	395
	43	396
	43	394
	44	395
	44	396
	44	394
	45	395
	45	396
	45	394
	46	395
	46	396
	46	394
	47	395
	47	396
	47	394
	48	395
	48	396
	48	394
	49	395
	49	396
	49	394
	50	395
	50	396
	50	394
	51	395
	51	396
	51	394
	52	395
	52	396
	52	394
	53	395
	53	396
	53	394
	54	395
	54	396
	54	394
	55	395
	55	396
	55	394
	56	395
	56	396
	56	394
	57	395
	57	396
	57	394
	58	395
	58	396
	58	394
	59	395
	59	396
	59	394
	60	395
	60	396
	60	394
	61	395
	61	396
	61	394
	62	395
	62	396
	62	394
	63	395
	63	396
	63	394
	64	395
	64	396
	64	394
	65	395
	65	396
	65	394
	66	395
	66	396
	66	394
	67	395
	67	396
	67	394
	68	395
	68	396
	68	394
	69	395
	69	396
	69	394
	70	395
	70	396
	70	394
	71	395
	71	396
	71	394
	72	394
	73	394
	72	395
	2	392
	73	395
	1	392
	0	392
	72	396
	73	396
	74	395
	74	396
	74	394
	75	395
	75	396
	75	394
	76	395
	76	396
	76	394
	77	395
	77	396
	77	394
	78	395
	78	396
	78	394
	79	395
	79	396
	79	394
	80	395
	80	396
	80	394
	81	395
	81	396
	81	394
	82	395
	82	396
	82	394
	83	395
	83	396
	83	394
	84	395
	84	396
	84	394
	85	395
	85	396
	85	394
	86	395
	86	396
	86	394
	87	395
	87	396
	87	394
	88	395
	88	396
	88	394
	89	395
	89	396
	89	394
	90	395
	90	396
	90	394
	91	395
	91	396
	91	394
	92	395
	92	396
	92	394
	93	395
	93	396
	93	394
	94	395
	94	396
	94	394
	95	395
	95	396
	95	394
	96	395
	96	396
	96	394
	97	395
	97	396
	97	394
	98	395
	98	396
	98	394
	99	395
	99	396
	99	394
	100	395
	100	396
	100	394
	101	395
	101	396
	101	394
	102	395
	102	396
	102	394
	103	395
	103	396
	103	394
	104	395
	104	396
	104	394
	105	395
	105	396
	105	394
	106	395
	106	396
	106	394
	107	395
	107	396
	107	394
	108	395
	108	396
	108	394
	109	395
	109	396
	109	394
	110	395
	110	396
	110	394
	16	392
	14	393
	13	392
	17	392
	16	393
	15	392
	17	393
	15	393
	14	392
	13	393
	12	392
	12	393
	10	392
	107	384
	11	392
	10	393
	107	385
	11	393
	6	392
	107	383
	9	392
	8	392
	8	393
	9	393
	6	393
	7	393
	7	392
	1	393
	1	391
	2	393
	2	391
	0	393
	0	391
	1	390
	2	390
	0	390
	1	389
	2	389
	0	389
	1	388
	2	388
	0	388
	1	387
	2	387
	0	387
	1	386
	2	386
	0	386
	1	385
	2	385
	0	385
	2	384
	1	384
	2	383
	1	383
	2	382
	1	382
	2	381
	1	381
	2	380
	1	380
	2	379
	1	379
	2	378
	1	378
	2	377
	1	377
	2	376
	1	376
	0	384
	0	383
	0	382
	0	381
	0	380
	0	379
	0	378
	0	377
	0	376
	1	375
	2	375
	0	375
	1	374
	2	374
	0	374
	1	373
	2	373
	0	373
	1	372
	2	372
	0	372
	2	371
	1	371
	2	370
	1	370
	2	369
	1	369
	2	368
	1	368
	2	367
	1	367
	2	366
	1	366
	2	365
	1	365
	2	364
	1	364
	2	363
	1	363
	2	362
	1	362
	2	361
	1	361
	0	371
	0	370
	0	369
	0	368
	0	367
	0	366
	0	365
	0	364
	0	363
	0	362
	0	361
	1	360
	2	360
	0	360
	1	359
	2	359
	0	359
	1	358
	2	358
	0	358
	1	357
	2	357
	0	357
	1	356
	2	356
	0	356
	1	355
	2	355
	0	355
	1	354
	2	354
	0	354
	1	353
	2	353
	0	353
	1	352
	2	352
	0	352
	1	351
	2	351
	0	351
	1	350
	2	350
	0	350
	1	349
	2	349
	0	349
	1	348
	2	348
	0	348
	1	347
	2	347
	0	347
	1	346
	2	346
	0	346
	1	345
	2	345
	0	345
	1	344
	2	344
	0	344
	1	343
	2	343
	0	343
	1	342
	2	342
	0	342
	1	341
	2	341
	0	341
	1	340
	2	340
	0	340
	1	339
	2	339
	0	339
	1	338
	2	338
	0	338
	1	337
	2	337
	0	337
	1	336
	2	336
	0	336
	1	335
	2	335
	0	335
	1	334
	2	334
	0	334
	1	333
	2	333
	0	333
	1	332
	2	332
	0	332
	1	331
	2	331
	0	331
	1	330
	2	330
	0	330
	1	329
	2	329
	0	329
	1	328
	2	328
	0	328
	1	327
	2	327
	0	327
	1	326
	2	326
	0	326
	1	325
	2	325
	0	325
	1	324
	2	324
	0	324
	1	323
	2	323
	0	323
	1	322
	2	322
	0	322
	1	321
	2	321
	0	321
	1	320
	2	320
	0	320
	1	319
	2	319
	0	319
	1	318
	2	318
	0	318
	1	317
	2	317
	0	317
	1	316
	2	316
	0	316
	1	315
	2	315
	0	315
	1	314
	2	227
	0	314
	1	313
	0	227
	0	313
	1	312
	0	280
	0	312
	1	311
	1	226
	0	311
	1	225
	2	225
	0	279
	0	281
	2	224
	0	224
	0	226
	2	223
	0	222
	0	223
	2	289
	2	314
	2	288
	2	313
	2	311
	2	290
	2	312
	2	310
	2	291
	1	310
	0	310
	0	309
	0	308
	0	307
	0	306
	0	305
	0	304
	1	309
	0	303
	1	307
	0	302
	1	305
	0	301
	2	307
	0	300
	1	304
	0	299
	2	304
	0	298
	2	308
	0	297
	1	303
	0	296
	2	303
	0	295
	2	309
	0	294
	1	294
	0	293
	1	293
	0	292
	1	292
	0	291
	1	291
	0	290
	1	290
	0	289
	1	289
	0	288
	1	288
	0	287
	1	287
	0	286
	1	286
	0	285
	1	285
	0	284
	1	284
	0	283
	1	283
	1	306
	1	308
	2	306
	2	305
	1	295
	2	294
	2	293
	2	296
	2	292
	2	295
	2	297
	1	296
	2	298
	1	297
	2	299
	1	298
	1	299
	2	300
	1	224
	2	226
	1	223
	0	225
	0	282
	1	302
	2	302
	2	287
	1	301
	2	301
	1	300
	2	286
	0	278
	0	228
	0	277
	1	228
	0	276
	1	276
	0	275
	1	275
	0	274
	1	274
	0	273
	1	273
	0	272
	1	272
	0	271
	1	271
	0	270
	1	270
	0	269
	1	269
	2	274
	2	275
	2	273
	2	276
	2	228
	1	227
	2	272
	2	271
	2	270
	2	269
	1	268
	2	268
	0	268
	1	267
	2	267
	0	267
	0	266
	1	266
	0	265
	1	265
	0	264
	1	264
	0	263
	1	263
	0	262
	1	262
	0	261
	1	261
	0	260
	1	260
	0	259
	1	259
	2	266
	2	229
	0	229
	1	229
	2	265
	0	230
	2	264
	2	282
	2	263
	1	282
	2	262
	2	283
	2	261
	2	284
	2	260
	2	277
	2	231
	1	258
	1	231
	0	258
	1	257
	2	285
	0	257
	1	256
	1	277
	0	256
	1	255
	2	255
	0	255
	1	254
	2	254
	0	254
	1	253
	2	253
	0	253
	1	252
	2	252
	0	252
	1	251
	0	251
	1	250
	0	250
	0	249
	1	249
	0	248
	1	248
	0	247
	1	247
	0	246
	1	246
	0	245
	1	245
	0	244
	1	244
	0	243
	1	243
	0	242
	1	242
	0	241
	1	241
	0	240
	1	240
	0	239
	1	239
	0	238
	1	238
	0	237
	1	237
	0	236
	1	236
	0	235
	1	235
	0	234
	1	234
	0	233
	1	233
	0	232
	1	232
	2	239
	2	240
	2	238
	2	241
	2	242
	2	243
	2	244
	2	245
	2	247
	2	248
	2	246
	2	249
	2	230
	0	231
	1	230
	2	278
	1	278
	2	279
	2	281
	1	279
	1	281
	2	280
	1	280
	2	259
	2	237
	2	256
	2	236
	2	258
	2	235
	2	257
	2	234
	2	233
	2	232
	1	222
	0	221
	1	221
	0	220
	1	220
	0	219
	1	219
	0	218
	1	218
	0	217
	1	217
	0	216
	1	216
	0	215
	1	215
	0	214
	1	214
	2	222
	2	221
	2	220
	2	219
	2	218
	2	217
	2	216
	2	215
	2	214
	1	213
	2	213
	0	213
	1	212
	2	212
	0	212
	1	211
	2	211
	0	211
	1	210
	2	210
	0	210
	1	209
	2	209
	0	209
	1	208
	2	208
	0	208
	1	207
	2	207
	0	207
	1	206
	2	206
	0	206
	1	205
	2	205
	0	205
	1	204
	2	204
	0	204
	1	203
	2	203
	0	203
	1	202
	2	202
	0	202
	1	201
	2	201
	0	201
	1	200
	2	200
	0	200
	1	199
	2	199
	0	199
	1	198
	2	198
	0	198
	1	197
	2	197
	0	197
	1	196
	2	196
	0	196
	1	195
	2	195
	0	195
	1	194
	2	194
	0	194
	1	193
	2	193
	0	193
	1	192
	2	192
	0	192
	1	191
	2	191
	0	191
	1	190
	2	190
	0	190
	1	189
	2	189
	0	189
	0	188
	1	188
	0	187
	1	187
	0	186
	1	186
	0	185
	1	185
	0	184
	1	184
	0	183
	1	183
	0	182
	1	182
	0	181
	1	181
	0	180
	1	180
	0	179
	1	179
	0	178
	1	178
	2	188
	2	187
	2	186
	2	185
	2	184
	2	183
	0	177
	1	177
	0	176
	1	176
	0	175
	1	175
	0	174
	1	174
	2	179
	2	180
	2	178
	2	181
	2	182
	2	177
	2	176
	2	175
	2	174
	1	173
	2	173
	0	173
	1	172
	2	172
	0	172
	1	171
	2	171
	0	171
	1	170
	2	170
	0	170
	1	169
	2	169
	0	169
	1	168
	2	168
	0	168
	1	167
	2	167
	0	167
	1	166
	2	166
	0	166
	1	165
	2	165
	0	165
	1	164
	2	164
	0	164
	1	163
	2	163
	0	163
	1	162
	2	162
	0	162
	1	161
	2	161
	0	161
	1	160
	2	160
	0	160
	1	159
	2	159
	0	159
	1	158
	2	158
	0	158
	1	157
	2	157
	0	157
	1	156
	2	156
	0	156
	1	155
	2	155
	0	155
	1	154
	2	154
	0	154
	1	153
	2	153
	0	153
	1	152
	2	152
	0	152
	1	151
	2	151
	0	151
	1	150
	2	150
	0	150
	1	149
	2	149
	0	149
	1	148
	2	148
	0	148
	1	147
	2	147
	0	147
	1	146
	2	146
	0	146
	1	145
	2	145
	0	145
	1	144
	2	144
	0	144
	1	143
	2	143
	0	143
	1	142
	2	142
	0	142
	1	141
	2	141
	0	141
	1	140
	2	140
	0	140
	1	139
	2	139
	0	139
	1	138
	2	138
	0	138
	1	137
	2	137
	0	137
	1	136
	2	136
	0	136
	1	135
	2	135
	0	135
	1	134
	2	134
	0	134
	1	133
	2	133
	0	133
	1	132
	2	132
	0	132
	1	131
	2	131
	0	131
	1	130
	2	130
	0	130
	1	129
	2	129
	0	129
	1	128
	2	128
	0	128
	1	127
	2	127
	0	127
	1	126
	2	126
	0	126
	1	125
	2	125
	0	125
	1	124
	2	124
	0	124
	1	123
	2	123
	0	123
	1	122
	2	122
	0	122
	1	121
	2	121
	0	121
	1	120
	2	120
	0	120
	1	119
	2	119
	0	119
	0	118
	1	118
	0	117
	1	117
	2	117
	1	116
	2	118
	2	116
	0	116
	1	115
	2	115
	0	115
	1	114
	2	114
	0	114
	1	113
	2	113
	0	113
	1	112
	2	112
	0	112
	1	111
	2	111
	0	111
	1	110
	2	110
	0	110
	1	109
	2	109
	0	109
	1	108
	2	108
	0	108
	1	107
	2	107
	0	107
	1	106
	2	106
	0	106
	1	105
	2	105
	0	105
	1	104
	2	104
	0	104
	1	103
	2	103
	0	103
	1	102
	2	102
	0	102
	1	101
	2	101
	0	101
	1	100
	2	100
	0	100
	1	99
	2	99
	0	99
	1	98
	2	98
	0	98
	1	97
	2	97
	0	97
	1	96
	2	96
	0	96
	1	95
	2	95
	0	95
	1	94
	2	94
	0	94
	1	93
	2	93
	0	93
	1	92
	2	92
	0	92
	1	91
	2	91
	0	91
	1	90
	2	90
	0	90
	1	89
	2	89
	0	89
	1	88
	2	88
	0	88
	1	87
	2	87
	0	87
	1	86
	2	86
	0	86
	1	85
	2	85
	0	85
	1	84
	2	84
	0	84
	1	83
	2	83
	0	83
	1	82
	2	82
	0	82
	1	81
	2	81
	0	81
	1	80
	2	80
	0	80
	1	79
	2	79
	0	79
	1	78
	2	78
	0	78
	1	77
	2	77
	0	77
	1	76
	2	76
	0	76
	1	75
	2	75
	0	75
	1	74
	2	74
	0	74
	1	73
	2	73
	0	73
	1	72
	2	72
	0	72
	1	71
	2	71
	0	71
	1	70
	2	70
	0	70
	1	69
	2	69
	0	69
	1	68
	2	68
	0	68
	1	67
	2	67
	0	67
	1	66
	2	66
	0	66
	1	65
	2	65
	0	65
	1	64
	2	64
	0	64
	1	63
	2	63
	0	63
	1	62
	2	62
	0	62
	1	61
	2	61
	0	61
	1	60
	2	60
	0	60
	1	59
	2	59
	0	59
	1	58
	2	58
	0	58
	1	57
	2	57
	0	57
	1	56
	2	56
	0	56
	1	55
	2	55
	0	55
	1	54
	2	54
	0	54
	1	53
	2	53
	0	53
	1	52
	2	52
	0	52
	1	51
	2	51
	0	51
	1	50
	2	50
	0	50
	1	49
	2	49
	0	49
	1	48
	2	48
	0	48
	1	47
	2	47
	0	47
	1	46
	2	46
	0	46
	1	45
	2	45
	0	45
	1	44
	2	44
	0	44
	1	43
	2	43
	0	43
	1	42
	2	42
	0	42
	1	41
	2	41
	0	41
	1	40
	2	40
	0	40
	1	39
	2	39
	0	39
	1	38
	2	38
	0	38
	1	37
	2	37
	0	37
	1	36
	2	36
	0	36
	1	35
	2	35
	0	35
	1	34
	2	34
	0	34
	1	33
	2	33
	0	33
	1	32
	2	32
	0	32
	1	31
	2	31
	0	31
	1	30
	2	30
	0	30
	1	29
	2	29
	0	29
	1	28
	2	28
	0	28
	1	27
	2	27
	0	27
	1	26
	2	26
	0	26
	1	25
	2	25
	0	25
	1	24
	2	24
	0	24
	1	23
	2	23
	0	23
	1	22
	2	22
	0	22
	1	21
	2	21
	0	21
	1	20
	2	20
	0	20
	1	19
	2	19
	0	19
	1	18
	2	18
	0	18
	1	17
	2	17
	0	17
	1	16
	2	16
	0	16
	1	15
	2	15
	0	15
	1	14
	2	14
	0	14
	1	13
	2	13
	0	13
	1	12
	2	12
	0	12
	1	11
	2	11
	0	11
	4	2
	2	10
	4	0
	3	0
	1	10
	2	9
	3	2
	1	9
	2	8
	4	1
	1	8
	2	7
	3	1
	1	7
	2	6
	2	1
	1	6
	2	5
	2	3
	1	5
	2	4
	2	2
	1	4
	0	10
	0	9
	0	8
	0	7
	0	6
	0	5
	0	4
	0	3
	1	3
	0	2
	1	2
	0	1
	1	1
	0	0
	1	0
	2	0
	5	1
	5	2
	5	0
	6	1
	6	2
	6	0
	7	1
	7	2
	7	0
	8	1
	8	2
	8	0
	9	1
	9	2
	9	0
	10	1
	10	2
	10	0
	11	1
	11	2
	11	0
	12	1
	12	2
	12	0
	13	1
	13	2
	13	0
	14	1
	14	2
	14	0
	15	1
	15	2
	15	0
	16	1
	16	2
	16	0
	17	1
	17	2
	17	0
	18	1
	18	2
	18	0
	19	1
	19	2
	19	0
	20	1
	20	2
	20	0
	21	1
	21	2
	21	0
	22	1
	22	2
	22	0
	23	1
	23	2
	23	0
	24	1
	24	2
	24	0
	25	1
	25	2
	25	0
	26	1
	26	2
	26	0
	27	1
	27	2
	27	0
	28	1
	28	2
	28	0
	29	1
	30	1
	29	2
	29	0
	30	2
	30	0
	31	1
	31	2
	31	0
	32	1
	32	2
	32	0
	33	1
	33	2
	33	0
	34	1
	35	1
	34	2
	34	0
	35	2
	35	0
	36	1
	37	1
	36	2
	36	0
	37	2
	37	0
	38	1
	38	2
	38	0
	39	1
	39	2
	39	0
	40	1
	40	2
	40	0
	41	1
	41	2
	41	0
	42	1
	42	2
	42	0
	43	1
	43	2
	43	0
	44	1
	44	2
	44	0
	45	1
	45	2
	45	0
	46	1
	46	2
	46	0
	47	1
	48	1
	47	2
	47	0
	48	2
	48	0
	50	1
	51	1
	49	1
	50	2
	50	0
	51	2
	51	0
	49	2
	49	0
	52	1
	53	1
	52	2
	52	0
	53	2
	53	0
	54	1
	54	2
	54	0
	55	1
	56	1
	55	2
	55	0
	56	2
	56	0
	57	1
	57	2
	57	0
	58	1
	59	1
	58	2
	58	0
	59	2
	59	0
	60	1
	60	2
	60	0
	61	1
	61	2
	61	0
	62	1
	63	1
	62	2
	62	0
	63	2
	63	0
	64	1
	64	2
	64	0
	65	1
	65	2
	65	0
	66	1
	66	2
	66	0
	67	1
	68	1
	67	2
	67	0
	68	2
	68	0
	69	1
	69	2
	69	0
	70	1
	70	2
	70	0
	71	1
	71	2
	71	0
	72	1
	72	2
	72	0
	73	1
	73	2
	73	0
	74	1
	74	2
	74	0
	75	1
	76	1
	75	2
	75	0
	76	2
	76	0
	77	2
	77	1
	78	2
	78	1
	79	2
	79	1
	80	2
	80	1
	81	2
	82	2
	81	1
	82	1
	83	2
	83	1
	84	2
	84	1
	85	2
	85	1
	86	2
	86	1
	87	2
	87	1
	88	2
	88	1
	89	2
	89	1
	90	2
	90	1
	78	0
	79	0
	77	0
	80	0
	81	0
	82	0
	83	0
	84	0
	85	0
	86	0
	87	0
	88	0
	89	0
	90	0
	91	1
	91	2
	91	0
	92	1
	92	2
	92	0
	93	1
	93	2
	93	0
	94	1
	94	2
	94	0
	95	1
	95	2
	95	0
	96	1
	97	1
	96	2
	96	0
	97	2
	97	0
	98	1
	98	2
	98	0
	99	1
	99	2
	99	0
	100	1
	100	2
	100	0
	101	1
	101	2
	101	0
	102	1
	102	2
	102	0
	103	1
	103	2
	103	0
	104	1
	104	2
	104	0
	105	1
	105	2
	105	0
	106	1
	106	2
	106	0
	107	1
	107	2
	107	0
	108	1
	108	2
	108	0
	109	1
	109	2
	109	0
	94	381
	95	388
	92	381
	94	384
	96	388
	92	392
	92	393
	93	392
	95	383
	95	385
	95	384
	94	383
	93	381
	94	382
	93	382
	93	384
	92	382
	92	384
	93	383
	92	383
	92	385
	94	385
	93	385
	92	386
	94	386
	93	386
	92	387
	94	387
	93	387
	92	388
	94	388
	93	388
	97	389
	97	391
	97	390
	96	389
	96	391
	96	390
	95	389
	89	392
	89	393
	90	392
	90	393
	91	392
	91	393
	40	392
	35	393
	41	393
	39	393
	38	392
	36	393
	20	393
	40	393
	39	392
	37	392
	19	392
	38	393
	36	392
	18	393
	37	393
	62	392
	57	393
	62	393
	56	393
	61	392
	63	392
	61	393
	60	392
	60	393
	97	381
	59	392
	97	384
	97	382
	59	393
	97	383
	97	385
	97	386
	97	388
	97	387
	96	381
	95	381
	96	382
	95	382
	96	383
	96	384
	96	385
	96	386
	95	386
	96	387
	95	387
	54	392
	58	392
	58	393
	57	392
	56	392
	55	392
	55	393
	54	393
	53	392
	52	392
	53	393
	52	393
	51	392
	49	393
	31	392
	50	393
	50	392
	31	393
	51	393
	48	392
	32	392
	49	392
	47	392
	33	393
	48	393
	46	392
	32	393
	47	393
	45	392
	34	393
	46	393
	44	392
	34	392
	45	393
	42	393
	33	392
	43	393
	44	393
	20	392
	43	392
	41	392
	35	392
	42	392
	95	392
	95	393
	96	392
	93	393
	96	393
	94	392
	97	392
	94	393
	97	393
	101	392
	100	393
	30	393
	100	392
	102	392
	99	393
	101	393
	30	392
	29	392
	103	392
	102	393
	29	393
	104	392
	105	392
	28	392
	105	393
	103	393
	28	393
	88	392
	104	393
	27	392
	87	392
	88	393
	27	393
	87	393
	86	392
	26	392
	85	392
	86	393
	26	393
	84	392
	85	393
	25	392
	84	393
	83	392
	25	393
	82	392
	83	393
	79	392
	81	392
	82	393
	81	393
	80	392
	80	393
	78	392
	79	393
	78	393
	77	392
	77	393
	76	392
	76	393
	75	392
	75	393
	72	392
	74	392
	73	392
	72	393
	74	393
	73	393
	93	390
	71	393
	71	392
	94	390
	70	393
	70	392
	92	390
	69	393
	69	392
	93	391
	67	393
	94	391
	66	392
	68	393
	68	392
	93	389
	67	392
	66	393
	94	389
	24	393
	24	392
	23	392
	63	393
	64	393
	23	393
	92	391
	65	393
	22	392
	95	390
	64	392
	22	393
	21	393
	18	392
	21	392
	65	392
	95	391
	92	389
	19	393
	98	392
	98	393
	99	392
	108	4
	109	4
	107	4
	108	5
	108	3
	109	5
	109	3
	107	5
	107	3
	108	6
	109	6
	107	6
	108	7
	109	7
	107	7
	108	8
	109	8
	107	8
	108	9
	109	9
	107	9
	108	10
	109	10
	107	10
	108	11
	109	11
	107	11
	108	12
	109	12
	107	12
	108	13
	109	13
	107	13
	108	14
	109	14
	107	14
	109	15
	108	15
	109	16
	108	16
	109	17
	108	17
	109	18
	108	18
	109	19
	108	19
	109	20
	108	20
	107	20
	108	21
	109	21
	107	21
	107	19
	108	22
	109	22
	107	22
	108	23
	109	23
	107	23
	108	24
	109	24
	107	24
	108	25
	109	25
	107	25
	108	26
	107	26
	107	18
	107	17
	107	16
	107	15
	108	43
	109	43
	107	43
	108	44
	108	42
	109	44
	109	42
	107	44
	107	42
	108	41
	109	41
	107	41
	108	40
	109	40
	107	40
	108	39
	109	39
	107	39
	108	38
	109	38
	107	38
	108	37
	109	37
	107	37
	108	36
	109	36
	107	36
	108	35
	109	35
	107	35
	108	34
	109	34
	107	33
	108	33
	109	33
	109	32
	108	32
	107	34
	108	31
	107	31
	109	26
	107	30
	108	30
	109	27
	107	29
	108	29
	107	32
	107	28
	108	28
	109	31
	107	27
	108	27
	109	30
	109	29
	109	28
	108	81
	109	81
	107	81
	108	82
	108	80
	109	82
	109	80
	107	82
	107	80
	108	79
	109	79
	107	79
	109	78
	108	78
	109	77
	108	77
	109	76
	108	76
	109	75
	108	75
	109	74
	108	74
	107	78
	107	77
	107	76
	107	75
	107	74
	108	73
	109	73
	107	73
	108	72
	109	72
	107	72
	108	71
	109	71
	107	71
	108	70
	109	70
	107	70
	108	69
	109	69
	107	69
	108	68
	109	68
	107	68
	108	67
	109	67
	107	67
	108	66
	109	66
	107	66
	108	65
	109	65
	107	65
	108	64
	109	64
	107	64
	108	63
	109	63
	107	63
	108	62
	109	62
	107	62
	108	61
	109	61
	107	61
	108	60
	109	60
	107	60
	108	59
	109	59
	107	59
	107	58
	108	58
	107	57
	108	57
	107	56
	108	56
	108	55
	108	54
	109	57
	109	58
	109	56
	109	55
	109	54
	108	53
	107	52
	108	52
	107	55
	107	51
	108	51
	107	50
	108	50
	107	54
	107	49
	108	49
	107	53
	109	49
	108	48
	109	50
	109	48
	107	48
	108	47
	109	47
	107	47
	108	46
	109	46
	107	46
	108	45
	109	45
	107	45
	109	51
	109	52
	109	53
	108	92
	109	92
	107	92
	108	93
	108	91
	109	93
	109	91
	107	93
	107	91
	108	90
	109	90
	107	90
	108	89
	109	89
	107	89
	108	88
	109	88
	107	88
	108	87
	109	87
	107	87
	108	86
	109	86
	107	86
	108	85
	109	85
	107	85
	108	84
	109	84
	107	84
	108	83
	109	83
	107	83
	108	109
	109	109
	107	109
	108	110
	108	108
	109	110
	109	108
	107	110
	107	108
	108	107
	109	107
	107	107
	108	106
	109	106
	107	106
	108	105
	109	105
	107	105
	108	104
	109	104
	107	104
	108	103
	109	103
	107	103
	108	102
	109	102
	107	102
	108	101
	109	101
	107	101
	108	100
	109	100
	107	100
	108	99
	109	99
	107	99
	108	98
	109	98
	107	98
	108	97
	109	97
	107	97
	108	96
	109	96
	107	96
	108	95
	109	95
	107	95
	108	94
	109	94
	107	94
	108	131
	109	131
	107	131
	108	132
	108	130
	109	132
	109	130
	107	132
	107	130
	108	129
	109	129
	107	129
	108	128
	109	128
	107	128
	108	127
	109	127
	107	127
	108	126
	109	126
	107	126
	108	125
	109	125
	107	125
	108	124
	109	124
	107	124
	108	123
	109	123
	107	123
	108	122
	109	122
	107	122
	108	121
	109	121
	107	121
	108	120
	109	120
	107	120
	108	119
	109	119
	107	119
	108	118
	109	118
	107	118
	108	117
	109	117
	107	117
	108	116
	109	116
	107	116
	108	115
	109	115
	107	115
	108	114
	109	114
	107	114
	108	113
	109	113
	107	113
	108	112
	109	112
	107	112
	108	111
	109	111
	107	111
	108	144
	109	144
	107	144
	108	145
	108	143
	109	145
	109	143
	107	145
	107	143
	108	142
	109	142
	107	142
	108	141
	109	141
	107	141
	108	140
	109	140
	107	140
	108	139
	109	139
	107	139
	108	138
	109	138
	107	138
	108	137
	109	137
	107	137
	108	136
	109	136
	107	136
	108	135
	109	135
	107	135
	107	134
	108	134
	107	133
	108	133
	109	133
	109	134
	108	179
	109	179
	107	179
	108	180
	108	178
	109	180
	109	178
	107	180
	107	178
	108	177
	109	177
	107	177
	108	176
	109	176
	107	176
	108	175
	109	175
	107	175
	108	174
	109	174
	107	174
	108	173
	109	173
	107	173
	108	172
	109	172
	107	172
	107	169
	108	169
	107	170
	107	168
	108	170
	108	168
	107	167
	108	167
	107	166
	108	166
	107	165
	108	165
	107	164
	108	164
	107	163
	108	163
	107	162
	108	162
	107	161
	108	161
	107	160
	108	160
	107	159
	108	159
	107	158
	108	158
	108	171
	109	171
	107	171
	109	170
	109	169
	109	168
	109	167
	109	166
	109	165
	109	164
	109	163
	109	162
	109	161
	109	160
	109	159
	109	158
	108	157
	109	157
	107	157
	108	156
	109	156
	107	156
	108	155
	109	155
	107	155
	108	154
	109	154
	107	154
	108	153
	109	153
	107	153
	108	152
	109	152
	107	152
	108	151
	109	151
	107	151
	108	150
	109	150
	107	150
	108	149
	109	149
	107	149
	108	148
	109	148
	107	148
	108	147
	109	147
	107	147
	108	146
	109	146
	107	146
	108	202
	109	202
	107	202
	108	203
	108	201
	109	203
	109	201
	107	203
	107	201
	108	200
	109	200
	107	200
	108	199
	109	199
	107	199
	108	198
	109	198
	107	198
	108	197
	109	197
	107	197
	108	196
	109	196
	107	196
	108	195
	109	195
	107	195
	108	194
	109	194
	107	194
	108	193
	109	193
	107	193
	108	192
	109	192
	107	192
	108	191
	109	191
	107	191
	108	190
	109	190
	107	190
	108	189
	109	189
	107	189
	108	188
	109	188
	107	188
	108	187
	109	187
	107	187
	108	186
	109	186
	107	186
	108	185
	109	185
	107	185
	108	184
	109	184
	107	184
	108	183
	109	183
	107	183
	108	182
	109	182
	107	182
	108	181
	109	181
	107	181
	108	220
	109	220
	107	220
	108	221
	108	219
	109	221
	109	219
	107	221
	107	219
	108	218
	109	218
	107	218
	108	217
	109	217
	107	217
	108	216
	109	216
	107	216
	108	215
	109	215
	107	215
	108	214
	109	214
	107	214
	108	213
	109	213
	107	213
	108	212
	109	212
	107	212
	107	211
	108	211
	107	210
	108	210
	107	209
	108	209
	107	208
	108	208
	107	207
	108	207
	109	211
	109	210
	109	209
	109	208
	109	207
	108	206
	109	206
	107	206
	108	205
	109	205
	107	205
	108	204
	109	204
	107	204
	108	248
	109	248
	107	248
	108	249
	108	247
	109	249
	109	247
	107	249
	107	247
	108	246
	109	246
	107	246
	108	245
	109	245
	107	245
	109	244
	108	244
	109	243
	108	243
	109	242
	108	242
	109	241
	108	241
	109	240
	108	240
	109	239
	108	239
	109	238
	108	238
	109	237
	108	237
	107	244
	107	243
	107	242
	107	241
	107	240
	107	239
	107	238
	107	237
	107	236
	108	236
	107	235
	108	235
	107	234
	108	234
	107	233
	108	233
	107	232
	108	232
	109	236
	109	235
	109	234
	109	233
	109	232
	108	231
	109	231
	107	231
	108	230
	109	230
	107	230
	108	229
	109	229
	107	229
	108	228
	109	228
	107	228
	108	227
	109	227
	107	227
	108	226
	109	226
	107	226
	108	225
	109	225
	107	225
	108	224
	109	224
	107	224
	108	223
	109	223
	107	223
	108	222
	109	222
	107	222
	108	270
	109	270
	107	270
	108	271
	108	269
	109	271
	109	269
	107	271
	107	269
	108	267
	109	267
	107	267
	108	268
	108	266
	109	268
	109	266
	107	268
	107	266
	108	265
	109	265
	107	265
	108	264
	109	264
	107	264
	108	263
	109	263
	107	263
	108	262
	109	262
	107	262
	108	261
	109	261
	107	261
	108	260
	109	260
	107	260
	108	259
	109	259
	107	259
	108	258
	109	258
	107	258
	108	257
	109	257
	107	257
	108	256
	109	256
	107	256
	108	255
	109	255
	107	255
	108	254
	109	254
	107	254
	108	253
	109	253
	107	253
	108	252
	109	252
	107	252
	108	251
	109	251
	107	251
	108	250
	109	250
	107	250
	107	292
	108	292
	107	293
	107	291
	108	293
	108	291
	107	290
	108	290
	109	292
	109	293
	109	291
	109	290
	108	289
	109	289
	107	289
	108	288
	109	288
	107	288
	108	287
	109	287
	107	287
	108	286
	109	286
	107	286
	108	285
	109	285
	107	285
	108	284
	109	284
	107	284
	108	283
	109	283
	107	283
	108	282
	109	282
	107	282
	108	281
	109	281
	107	281
	108	280
	109	280
	107	280
	108	279
	109	279
	107	279
	108	278
	109	278
	107	278
	108	277
	109	277
	107	277
	108	276
	109	276
	107	276
	108	275
	109	275
	107	275
	108	274
	109	274
	107	274
	108	273
	109	273
	107	273
	107	272
	108	272
	109	272
	108	315
	109	315
	107	315
	108	316
	108	314
	109	316
	109	314
	107	316
	107	314
	108	313
	109	313
	107	313
	108	312
	109	312
	107	312
	108	311
	109	311
	107	311
	108	310
	109	310
	107	310
	108	309
	109	309
	107	309
	108	308
	109	308
	107	308
	108	307
	109	307
	107	307
	108	306
	109	306
	107	306
	108	305
	109	305
	107	305
	108	304
	109	304
	107	304
	108	303
	109	303
	107	303
	108	302
	109	302
	107	302
	108	301
	109	301
	107	301
	108	300
	109	300
	107	300
	108	299
	109	299
	107	299
	108	298
	109	298
	107	298
	108	297
	109	297
	107	297
	108	296
	109	296
	107	296
	108	295
	109	295
	107	295
	108	294
	109	294
	107	294
	108	339
	109	339
	107	339
	108	340
	108	338
	109	340
	109	338
	107	340
	107	338
	108	337
	109	337
	107	337
	108	336
	109	336
	107	336
	108	335
	109	335
	107	335
	108	334
	109	334
	107	334
	108	333
	109	333
	107	333
	108	332
	109	332
	107	332
	108	331
	109	331
	107	331
	108	330
	109	330
	107	330
	108	329
	109	329
	107	329
	108	328
	109	328
	107	328
	108	327
	109	327
	107	327
	108	326
	109	326
	107	326
	108	325
	109	325
	107	325
	108	324
	109	324
	107	324
	108	323
	109	323
	107	323
	108	322
	109	322
	107	322
	108	321
	109	321
	107	321
	108	320
	109	320
	107	320
	108	319
	109	319
	107	319
	108	318
	109	318
	107	318
	108	317
	109	317
	107	317
	108	368
	109	368
	107	368
	108	369
	108	367
	109	369
	109	367
	107	369
	107	367
	107	365
	108	365
	107	366
	107	364
	108	366
	108	364
	107	362
	108	362
	107	363
	107	361
	108	363
	108	361
	107	360
	108	360
	107	359
	108	359
	107	358
	108	358
	107	357
	108	357
	109	357
	108	356
	109	358
	109	356
	107	356
	108	355
	109	355
	107	355
	109	366
	109	365
	109	364
	109	363
	109	362
	109	361
	109	360
	109	359
	108	354
	109	354
	107	354
	108	353
	109	353
	107	353
	108	352
	109	352
	107	352
	108	351
	109	351
	107	351
	108	350
	109	350
	107	350
	108	349
	109	349
	107	349
	108	348
	109	348
	107	348
	108	347
	109	347
	107	347
	108	346
	109	346
	107	346
	108	345
	109	345
	107	345
	108	344
	109	344
	107	344
	108	343
	109	343
	107	343
	108	342
	109	342
	107	342
	108	341
	109	341
	107	341
	108	393
	109	393
	107	393
	108	392
	109	392
	107	392
	108	391
	109	391
	107	391
	108	390
	109	390
	107	390
	108	389
	109	389
	107	389
	108	388
	109	388
	107	388
	108	387
	109	387
	107	387
	108	386
	109	386
	107	386
	108	385
	109	385
	108	384
	109	384
	108	383
	107	382
	108	382
	107	381
	108	381
	107	380
	108	380
	107	379
	108	379
	109	383
	109	382
	109	381
	109	380
	109	379
	108	378
	109	378
	107	378
	108	377
	109	377
	107	377
	108	376
	109	376
	107	376
	108	375
	109	375
	107	375
	108	374
	109	374
	107	374
	108	373
	109	373
	107	373
	108	372
	109	372
	107	372
	108	371
	109	371
	107	371
	108	370
	109	370
	107	370
	80	380
	81	379
	82	379
	83	379
	84	379
	85	379
	86	379
	87	379
	88	379
	89	379
	90	379
	91	379
	92	379
	93	379
	94	379
	95	379
	96	379
	97	379
	80	379
	80	378
	81	378
	82	378
	83	378
	84	378
	85	378
	86	378
	87	378
	88	378
	89	378
	90	378
	91	378
	92	378
	93	378
	94	378
	95	378
	96	378
	97	378
	81	380
	82	380
	83	380
	84	380
	85	380
	86	380
	87	380
	88	380
	89	380
	90	380
	91	380
	92	380
	93	380
	94	380
	95	380
	96	380
	97	380
	81	348
	82	348
	83	348
	84	348
	85	348
	80	348
	80	347
	81	347
	82	347
	82	346
	83	346
	84	346
	84	345
	85	345
	86	345
	86	344
	87	344
	87	343
	88	343
	88	342
	88	341
	89	341
	89	340
	86	343
	87	342
	87	341
	88	340
	89	339
	90	338
	89	338
	90	337
	91	336
	92	335
	91	335
	90	336
	92	334
	93	333
	94	332
	94	331
	93	332
	92	333
	94	330
	93	331
	95	329
	96	328
	96	327
	95	328
	97	326
	98	325
	98	324
	99	323
	99	322
	100	321
	101	320
	101	319
	102	318
	102	317
	104	316
	103	316
	101	318
	100	320
	99	321
	98	323
	97	325
	96	326
	83	345
	85	344
	88	339
	86	342
	84	344
	85	343
	89	337
	90	335
	91	334
	92	332
	93	330
	94	329
	95	327
	96	325
	97	324
	98	322
	99	320
	100	319
	101	317
	102	316
	103	315
	102	315
	103	314
	103	313
	102	314
	102	313
	102	312
	101	312
	101	311
	101	310
	101	309
	101	308
	101	307
	101	306
	101	305
	101	304
	101	303
	101	302
	101	301
	101	300
	101	299
	100	312
	100	311
	100	310
	100	309
	100	308
	100	307
	100	306
	100	305
	100	304
	102	299
	103	299
	102	298
	101	298
	100	298
	100	302
	100	301
	100	300
	100	299
	100	303
	101	313
	100	313
	101	314
	104	299
	103	298
	102	297
	101	297
	101	296
	100	296
	100	295
	99	295
	98	294
	98	293
	97	293
	96	293
	96	292
	96	291
	95	291
	95	290
	94	289
	93	289
	93	288
	92	288
	92	287
	91	287
	91	286
	90	286
	89	286
	89	285
	88	285
	88	284
	88	283
	87	283
	87	282
	86	282
	86	281
	85	281
	85	280
	84	280
	84	279
	83	279
	83	278
	82	278
	82	277
	81	277
	80	277
	80	276
	79	275
	79	276
	78	275
	77	275
	77	274
	78	276
	78	274
	78	273
	79	273
	80	272
	80	271
	81	271
	81	270
	82	270
	82	269
	79	272
	79	271
	80	270
	80	269
	79	269
	79	268
	79	270
	79	267
	80	267
	79	266
	80	266
	79	238
	80	237
	80	236
	80	238
	102	205
	103	205
	99	212
	79	234
	79	235
	79	236
	79	237
	80	235
	80	234
	81	234
	80	233
	81	233
	82	233
	83	233
	84	233
	84	232
	84	231
	84	230
	84	229
	85	229
	85	228
	86	227
	86	226
	85	227
	85	230
	86	229
	87	228
	88	227
	88	226
	89	226
	89	225
	89	224
	90	223
	90	222
	91	222
	91	221
	92	221
	92	220
	92	219
	93	219
	93	218
	94	218
	94	217
	94	216
	95	216
	95	215
	96	215
	96	214
	97	214
	97	213
	98	213
	98	212
	99	211
	100	211
	100	210
	101	210
	101	209
	102	209
	102	208
	102	207
	103	207
	103	206
	104	206
	104	205
	95	217
	96	216
	86	228
	87	227
	87	226
	88	225
	88	224
	89	223
	101	205
	101	204
	101	203
	101	202
	101	201
	101	200
	101	199
	101	198
	101	197
	101	196
	101	195
	101	194
	101	193
	101	192
	102	204
	102	203
	102	202
	102	201
	102	200
	102	199
	102	198
	102	197
	102	196
	102	193
	102	194
	102	195
	102	192
	101	191
	102	191
	103	191
	104	191
	104	190
	103	190
	103	189
	102	189
	105	191
	102	190
	102	188
	101	188
	100	188
	100	187
	99	186
	101	187
	98	186
	98	185
	99	185
	100	186
	97	185
	97	184
	96	184
	96	183
	95	183
	95	182
	94	182
	94	181
	93	181
	93	180
	92	180
	92	179
	91	179
	91	178
	90	178
	90	177
	89	177
	88	176
	87	176
	87	175
	88	175
	89	176
	88	177
	87	174
	86	174
	85	173
	84	172
	85	172
	86	173
	84	171
	83	171
	83	170
	82	170
	82	169
	81	169
	81	168
	80	168
	80	167
	79	167
	78	167
	78	166
	78	165
	79	165
	79	164
	80	164
	80	163
	81	163
	81	162
	82	162
	82	161
	81	161
	81	160
	81	159
	82	159
	80	162
	80	161
	80	160
	80	159
	80	158
	79	163
	79	162
	79	161
	79	160
	79	159
	79	158
	80	268
	82	160
	80	132
	79	132
	79	131
	79	130
	79	129
	79	128
	79	127
	80	131
	80	130
	80	129
	80	128
	80	127
	80	126
	80	125
	79	125
	79	126
	81	125
	82	125
	81	126
	82	126
	83	125
	82	124
	81	124
	80	123
	81	123
	80	124
	81	122
	82	122
	82	121
	82	120
	83	120
	83	119
	83	118
	84	118
	85	117
	86	116
	86	115
	87	115
	87	114
	87	113
	88	113
	88	112
	89	112
	89	111
	84	117
	85	118
	84	119
	86	117
	86	114
	88	115
	88	114
	90	111
	90	110
	90	109
	91	109
	91	108
	92	108
	91	110
	90	112
	92	109
	92	107
	93	107
	93	106
	94	106
	94	105
	95	105
	95	104
	95	103
	96	103
	96	102
	97	102
	97	101
	97	103
	98	101
	98	100
	99	100
	99	99
	100	99
	100	98
	101	98
	101	97
	101	96
	101	95
	101	94
	101	93
	101	92
	101	91
	101	90
	101	89
	101	88
	101	87
	101	86
	101	85
	101	84
	101	83
	100	97
	100	96
	100	95
	100	94
	100	93
	100	92
	100	91
	100	90
	100	89
	100	88
	100	87
	100	86
	100	85
	100	84
	100	83
	99	82
	98	82
	98	81
	97	81
	97	80
	99	81
	99	83
	101	82
	100	82
	100	81
	99	80
	98	80
	97	79
	97	78
	96	78
	96	77
	95	77
	95	76
	94	76
	94	75
	93	75
	92	74
	91	74
	91	73
	90	73
	89	72
	88	72
	88	71
	87	71
	87	70
	86	70
	86	69
	85	69
	84	68
	83	68
	83	67
	83	66
	84	67
	84	66
	88	70
	87	69
	86	68
	85	68
	90	72
	89	71
	92	73
	93	74
	82	66
	82	68
	82	67
	81	66
	80	66
	81	67
	21	66
	21	67
	21	68
	20	68
	20	69
	19	69
	19	70
	18	70
	18	71
	17	71
	17	72
	16	72
	16	73
	15	74
	15	75
	14	75
	14	76
	13	77
	13	78
	12	78
	12	79
	11	80
	11	81
	10	81
	10	82
	9	82
	8	83
	7	84
	7	85
	6	85
	6	86
	5	86
	5	87
	8	84
	8	82
	6	84
	7	83
	9	81
	10	80
	11	79
	16	74
	17	73
	18	72
	20	67
	20	66
	14	77
	15	76
	12	80
	5	88
	5	89
	5	90
	5	91
	5	92
	5	93
	6	93
	6	94
	6	95
	6	96
	6	97
	6	98
	6	99
	5	99
	5	100
	5	101
	5	98
	5	97
	5	96
	5	95
	5	94
	6	92
	6	91
	6	90
	6	89
	6	88
	6	87
	6	100
	6	101
	6	102
	5	102
	5	103
	6	103
	6	104
	7	104
	7	105
	8	105
	8	106
	8	107
	9	107
	9	108
	9	109
	10	109
	11	110
	25	129
	12	111
	12	112
	8	108
	11	111
	10	108
	10	110
	24	175
	25	175
	13	112
	13	113
	14	113
	14	114
	14	115
	15	115
	16	116
	16	117
	17	118
	17	119
	18	120
	18	121
	19	121
	19	122
	20	123
	18	119
	15	116
	16	118
	13	114
	12	113
	25	130
	24	130
	24	129
	23	128
	23	127
	22	126
	22	125
	22	124
	21	124
	21	123
	20	122
	23	126
	24	128
	25	128
	24	127
	22	123
	21	122
	21	121
	20	121
	20	120
	19	120
	23	176
	22	176
	22	177
	21	177
	21	178
	24	176
	23	177
	22	178
	21	179
	20	180
	20	181
	19	181
	19	182
	18	182
	18	183
	17	184
	16	185
	16	186
	15	186
	15	187
	14	187
	14	188
	13	188
	12	189
	12	190
	11	190
	11	191
	10	191
	10	192
	9	192
	10	190
	11	189
	13	189
	15	185
	16	184
	17	183
	21	180
	9	193
	9	194
	8	194
	8	195
	7	196
	7	197
	6	197
	5	197
	6	196
	7	195
	5	199
	5	200
	5	201
	5	202
	5	203
	5	204
	5	205
	5	206
	5	207
	5	208
	5	209
	5	210
	5	198
	4	210
	4	208
	4	207
	4	206
	4	205
	4	204
	4	203
	4	202
	4	201
	4	200
	4	199
	4	198
	4	209
	5	211
	5	212
	6	212
	6	213
	6	214
	7	214
	7	215
	8	215
	8	216
	8	217
	9	217
	9	218
	10	218
	10	219
	11	219
	11	220
	12	220
	12	221
	13	221
	13	222
	13	223
	14	223
	14	224
	15	224
	15	225
	16	225
	16	226
	17	226
	17	227
	18	227
	18	228
	19	228
	19	229
	19	230
	20	230
	20	231
	21	232
	22	233
	22	234
	23	235
	23	236
	24	236
	24	237
	25	238
	25	239
	26	239
	24	238
	21	233
	20	232
	21	231
	25	237
	24	235
	23	234
	18	230
	18	229
	17	229
	17	228
	16	227
	15	227
	15	226
	14	225
	12	222
	11	221
	4	211
	6	211
	25	240
	26	240
	26	241
	26	242
	25	242
	25	241
	25	280
	25	281
	24	281
	24	282
	24	283
	23	283
	23	284
	22	284
	22	285
	21	286
	20	287
	20	288
	19	289
	18	289
	18	290
	18	291
	17	291
	17	292
	16	292
	16	293
	15	294
	15	295
	15	296
	14	296
	14	297
	13	298
	13	299
	12	299
	12	300
	11	300
	11	301
	10	301
	10	302
	13	297
	14	298
	19	288
	21	285
	20	285
	20	286
	22	286
	21	287
	9	301
	8	301
	8	302
	7	302
	6	303
	5	304
	6	304
	8	303
	10	300
	9	300
	9	302
	7	303
	6	305
	5	305
	5	307
	5	308
	5	309
	5	310
	5	311
	5	312
	5	313
	5	314
	5	315
	5	316
	5	317
	5	318
	4	319
	4	320
	4	321
	4	322
	5	322
	5	323
	4	318
	5	319
	5	320
	5	321
	4	317
	4	316
	4	315
	4	314
	4	313
	4	312
	4	311
	4	310
	4	309
	4	308
	4	307
	4	306
	5	306
	5	324
	6	326
	7	326
	7	327
	5	325
	6	325
	8	327
	8	328
	8	329
	9	329
	9	330
	9	331
	10	331
	10	332
	11	332
	11	333
	12	333
	12	334
	13	334
	13	335
	14	335
	14	336
	15	336
	15	337
	15	338
	16	338
	16	339
	17	340
	18	341
	18	342
	19	342
	19	343
	13	336
	14	337
	15	339
	15	340
	16	340
	17	341
	19	344
	20	344
	20	345
	20	346
	21	346
	21	347
	22	348
	22	349
	23	349
	23	350
	24	350
	24	351
	25	351
	25	352
	26	352
	23	348
	22	347
	26	353
	26	354
	26	355
	25	356
	25	357
	25	358
	25	355
	25	354
	25	353
	26	358
	26	357
	26	356
	25	387
	25	388
	25	389
	25	390
	25	391
	22	391
	22	390
	22	389
	22	388
	23	388
	24	388
	24	387
	23	387
	22	387
	23	391
	23	390
	23	389
	24	389
	24	390
	24	391
	21	367
	21	366
	22	366
	23	366
	21	368
	21	369
	22	367
	24	366
	23	367
	24	367
	24	369
	24	368
	23	368
	23	369
	22	369
	22	368
	11	369
	14	367
	13	367
	12	367
	12	368
	12	369
	12	366
	13	366
	11	366
	91	391
	11	367
	11	368
	14	368
	14	369
	13	369
	13	368
	22	382
	24	380
	23	382
	23	381
	14	382
	13	382
	24	383
	23	383
	22	383
	13	381
	14	381
	13	380
	11	382
	11	381
	14	380
	21	383
	22	380
	22	381
	24	382
	21	380
	24	381
	11	383
	11	380
	14	383
	13	383
	12	383
	12	382
	21	381
	21	382
	23	380
	12	380
	12	381
	26	359
	26	360
	26	361
	25	361
	25	360
	25	359
	24	361
	23	361
	23	360
	24	360
	22	360
	21	360
	20	360
	19	360
	18	360
	17	360
	16	360
	15	360
	14	360
	13	360
	12	360
	11	360
	10	360
	21	361
	20	361
	19	361
	18	361
	17	361
	16	361
	15	361
	14	361
	13	361
	12	361
	11	361
	10	361
	22	361
	10	387
	11	387
	12	387
	13	387
	14	387
	15	387
	16	387
	17	387
	18	387
	19	387
	20	387
	21	387
	9	387
	9	388
	11	388
	10	388
	12	388
	13	388
	14	388
	15	388
	16	388
	17	388
	18	388
	19	388
	20	388
	21	388
	8	387
	8	388
	7	388
	7	387
	9	361
	8	361
	7	361
	7	360
	8	360
	9	360
	7	386
	7	385
	7	384
	7	383
	7	382
	7	381
	7	380
	7	379
	7	378
	7	377
	7	376
	7	375
	7	374
	7	373
	7	372
	7	371
	7	370
	7	369
	7	368
	7	367
	7	366
	7	365
	7	364
	7	363
	7	362
	6	388
	6	387
	6	386
	6	385
	6	384
	6	383
	6	382
	6	381
	6	380
	6	379
	6	378
	6	377
	6	376
	6	375
	6	374
	6	373
	6	372
	6	371
	6	370
	6	369
	6	368
	6	367
	6	366
	6	365
	6	364
	83	368
	84	368
	6	363
	6	362
	6	361
	6	360
	82	368
	81	368
	81	369
	81	371
	81	370
	82	370
	83	370
	84	370
	84	371
	82	369
	84	369
	83	371
	82	371
	83	369
	81	354
	82	354
	83	354
	84	354
	84	355
	84	356
	84	357
	83	357
	82	357
	81	357
	81	356
	81	355
	82	355
	82	356
	83	356
	83	355
	94	370
	82	349
	81	349
	80	349
	91	369
	94	371
	91	368
	92	369
	93	371
	93	370
	92	368
	22	253
	21	253
	91	370
	92	370
	92	371
	93	369
	93	368
	91	371
	94	354
	93	357
	92	357
	91	357
	94	355
	94	356
	94	357
	91	354
	92	354
	93	354
	93	355
	93	356
	92	355
	92	356
	91	356
	91	355
	83	349
	84	349
	85	349
	87	348
	88	348
	89	348
	90	348
	91	348
	92	348
	92	349
	93	349
	94	349
	94	348
	95	348
	86	348
	86	349
	87	349
	88	349
	89	349
	90	349
	91	349
	93	348
	95	349
	96	349
	97	349
	97	348
	96	348
	97	350
	97	351
	97	352
	97	353
	97	354
	97	355
	97	356
	97	357
	97	358
	97	359
	97	360
	97	361
	97	362
	97	363
	97	364
	97	365
	97	366
	97	367
	97	368
	97	369
	97	370
	97	371
	97	372
	97	377
	97	376
	97	375
	97	374
	97	373
	98	378
	98	377
	98	376
	98	375
	98	374
	98	373
	98	372
	98	371
	98	370
	98	369
	98	368
	98	367
	98	366
	98	365
	98	364
	98	363
	98	362
	98	361
	98	360
	98	359
	98	358
	98	357
	98	356
	98	355
	98	354
	98	353
	98	352
	98	351
	98	350
	98	349
	98	348
	25	279
	25	278
	25	277
	25	276
	25	275
	25	274
	25	273
	24	273
	23	273
	22	273
	22	274
	22	275
	23	275
	23	276
	22	277
	22	276
	23	274
	24	274
	24	275
	24	276
	23	277
	24	277
	24	278
	24	279
	24	280
	26	244
	26	245
	21	254
	26	246
	26	243
	25	243
	25	244
	25	245
	25	246
	22	254
	23	254
	24	254
	15	255
	14	254
	13	254
	94	259
	94	258
	94	260
	94	257
	21	256
	21	255
	22	255
	23	255
	23	256
	24	256
	24	255
	22	256
	12	254
	15	254
	15	256
	13	253
	15	253
	14	253
	12	253
	12	256
	13	255
	14	255
	14	256
	13	256
	12	255
	21	270
	22	270
	23	270
	23	269
	24	269
	24	270
	24	268
	24	267
	23	267
	23	268
	22	268
	22	269
	21	269
	21	268
	22	267
	13	270
	12	270
	21	267
	14	270
	15	270
	15	269
	15	268
	15	267
	14	267
	13	267
	12	267
	12	268
	12	269
	13	269
	14	269
	14	268
	13	268
	21	273
	19	273
	17	273
	16	273
	15	273
	14	273
	13	273
	12	273
	11	273
	10	273
	18	273
	20	273
	8	273
	7	273
	6	273
	5	273
	4	273
	3	273
	9	273
	26	247
	26	248
	25	247
	25	248
	24	248
	23	248
	22	248
	21	248
	20	248
	19	248
	18	248
	17	248
	16	248
	15	248
	14	248
	13	248
	12	248
	11	248
	10	248
	9	248
	8	248
	7	248
	6	248
	5	248
	4	248
	81	243
	82	243
	3	248
	83	243
	80	246
	80	245
	80	244
	80	243
	83	246
	82	246
	81	246
	81	245
	82	245
	83	244
	83	245
	82	244
	81	244
	81	260
	82	260
	82	259
	83	259
	82	257
	83	257
	83	260
	81	259
	81	258
	80	260
	80	259
	80	258
	80	257
	81	257
	83	258
	82	258
	94	245
	91	260
	92	259
	93	259
	93	260
	92	260
	91	259
	94	246
	92	243
	94	243
	91	257
	92	257
	92	258
	93	258
	93	257
	91	258
	84	376
	83	376
	91	243
	91	244
	81	376
	82	376
	91	245
	87	376
	88	376
	91	246
	92	246
	93	246
	92	245
	93	245
	93	243
	85	376
	79	239
	79	240
	80	240
	80	239
	81	240
	82	240
	83	240
	84	240
	85	240
	86	240
	87	240
	88	240
	89	240
	90	240
	91	240
	92	240
	93	240
	94	240
	95	240
	81	239
	82	239
	83	239
	84	239
	85	239
	86	239
	87	239
	88	239
	89	239
	90	239
	91	239
	93	239
	94	239
	95	239
	96	239
	97	239
	92	239
	79	265
	80	265
	79	264
	80	264
	81	264
	82	264
	83	264
	84	264
	85	264
	86	264
	86	265
	87	265
	88	265
	89	265
	90	265
	91	264
	92	265
	93	265
	94	265
	95	265
	81	265
	82	265
	83	265
	84	265
	85	265
	87	264
	88	264
	89	264
	90	264
	92	264
	81	269
	91	265
	93	264
	94	264
	95	264
	96	264
	96	265
	97	265
	97	264
	97	263
	97	262
	97	261
	97	260
	97	259
	97	258
	97	257
	97	256
	97	255
	97	254
	97	253
	97	252
	97	251
	97	250
	97	249
	97	248
	97	247
	97	246
	97	245
	97	244
	97	243
	97	242
	97	241
	97	240
	96	240
	98	265
	98	263
	98	262
	98	261
	98	260
	98	259
	98	264
	98	258
	98	257
	98	256
	98	255
	98	254
	98	253
	98	252
	98	251
	98	250
	98	249
	98	248
	98	247
	98	246
	98	245
	98	244
	98	243
	98	242
	98	241
	98	240
	98	239
	81	135
	80	135
	79	135
	80	138
	80	148
	81	148
	82	148
	79	148
	81	151
	82	151
	83	151
	83	152
	94	149
	91	151
	92	151
	93	151
	80	150
	80	152
	80	151
	80	149
	81	152
	82	152
	83	150
	83	149
	82	149
	82	150
	81	150
	81	149
	94	150
	94	151
	94	152
	93	152
	92	152
	91	152
	93	149
	93	150
	92	150
	92	149
	91	149
	91	150
	81	136
	81	137
	81	138
	82	138
	83	138
	82	135
	80	136
	80	137
	83	136
	83	137
	82	137
	82	136
	94	136
	94	137
	94	138
	91	138
	92	138
	93	138
	93	137
	93	136
	92	136
	92	137
	91	136
	91	137
	79	157
	79	156
	80	156
	81	156
	80	157
	81	157
	98	156
	82	156
	83	156
	84	156
	85	156
	86	156
	87	156
	88	156
	89	156
	90	156
	91	156
	92	156
	97	156
	96	156
	93	156
	94	156
	95	156
	82	157
	83	157
	84	157
	85	157
	86	157
	87	157
	88	157
	89	157
	90	157
	91	157
	92	157
	93	157
	94	157
	95	157
	96	157
	97	157
	98	157
	81	132
	82	132
	88	132
	83	132
	84	132
	85	132
	86	132
	87	132
	89	132
	90	132
	91	132
	92	132
	93	132
	84	131
	83	131
	82	131
	81	131
	85	131
	86	131
	87	131
	88	131
	94	132
	95	132
	97	131
	89	131
	90	131
	92	131
	93	131
	94	131
	95	131
	96	131
	91	131
	96	132
	97	132
	98	132
	98	131
	98	155
	98	154
	98	153
	98	152
	98	151
	98	150
	98	149
	98	148
	98	147
	98	146
	98	145
	98	144
	98	143
	98	142
	98	141
	98	140
	98	139
	98	138
	98	137
	98	136
	98	135
	98	134
	98	133
	97	155
	97	154
	97	153
	97	152
	97	151
	97	150
	97	149
	97	148
	97	147
	97	146
	97	145
	97	144
	97	143
	97	142
	97	141
	97	140
	97	134
	97	133
	97	137
	97	138
	97	139
	97	136
	97	135
	25	131
	25	132
	25	133
	24	133
	24	132
	24	134
	24	131
	25	134
	25	135
	25	136
	25	137
	25	138
	25	139
	24	139
	24	138
	24	137
	24	136
	24	135
	25	140
	25	141
	22	141
	21	141
	20	141
	23	141
	24	141
	24	140
	19	141
	18	141
	17	141
	16	141
	15	141
	14	141
	13	141
	12	141
	11	141
	10	141
	9	141
	8	141
	7	141
	6	141
	5	141
	4	141
	3	141
	3	140
	4	140
	5	140
	7	140
	8	140
	10	140
	11	140
	12	140
	13	140
	14	140
	15	140
	16	140
	17	140
	18	140
	19	140
	20	140
	21	140
	22	140
	23	140
	6	140
	9	140
	11	266
	10	268
	10	266
	11	260
	10	262
	10	263
	9	261
	11	249
	9	249
	11	265
	11	267
	9	268
	9	267
	10	260
	9	259
	2	250
	2	251
	10	256
	9	258
	9	254
	9	253
	11	252
	10	251
	9	251
	11	250
	11	251
	9	252
	11	253
	10	250
	9	250
	10	261
	10	252
	9	264
	10	264
	11	263
	9	262
	11	259
	10	253
	11	254
	10	255
	11	256
	10	259
	9	260
	10	267
	11	268
	9	266
	9	265
	10	265
	11	264
	9	263
	11	262
	11	261
	10	249
	9	256
	11	255
	10	254
	9	255
	10	258
	9	257
	10	257
	11	257
	11	258
	10	269
	11	269
	9	269
	10	270
	11	270
	9	270
	10	271
	11	271
	9	271
	10	272
	11	272
	9	272
	21	146
	22	146
	23	146
	24	146
	24	147
	24	148
	23	145
	24	145
	22	145
	21	145
	21	148
	21	147
	22	147
	23	147
	23	148
	22	148
	12	146
	13	146
	14	146
	15	146
	15	147
	15	148
	15	145
	14	145
	13	145
	12	145
	12	147
	13	147
	13	148
	12	148
	14	148
	14	147
	21	162
	22	162
	23	162
	24	162
	24	161
	24	160
	23	159
	22	159
	22	160
	21	160
	21	161
	21	159
	22	161
	23	161
	23	160
	24	159
	12	162
	13	162
	14	162
	15	162
	15	161
	15	160
	15	159
	14	159
	13	159
	12	159
	12	160
	12	161
	13	161
	14	161
	14	160
	13	160
	25	174
	24	173
	23	173
	23	172
	22	172
	24	174
	23	171
	22	171
	24	172
	25	173
	24	171
	25	170
	25	169
	25	168
	25	171
	24	170
	24	169
	23	169
	22	169
	22	170
	23	170
	23	168
	22	168
	24	168
	25	167
	25	166
	24	166
	24	167
	23	167
	22	167
	22	166
	23	166
	21	167
	20	167
	19	167
	18	167
	17	167
	16	167
	15	167
	14	167
	13	167
	12	167
	10	166
	12	166
	13	166
	14	166
	15	166
	16	166
	17	166
	18	166
	19	166
	20	166
	21	166
	10	167
	11	167
	11	166
	10	165
	10	164
	10	163
	10	162
	10	161
	10	160
	10	159
	10	158
	10	157
	10	156
	10	155
	10	154
	10	153
	10	152
	10	151
	10	150
	10	142
	11	142
	10	143
	11	143
	11	144
	11	145
	11	146
	11	147
	11	148
	11	149
	11	150
	10	149
	10	148
	10	147
	10	146
	10	145
	10	144
	11	163
	11	162
	11	161
	11	160
	11	159
	11	158
	11	152
	11	151
	11	153
	11	154
	11	155
	11	156
	11	157
	11	164
	11	165
	25	172
	73	335
	74	335
	75	335
	76	335
	77	335
	77	334
	77	333
	77	332
	77	331
	77	330
	77	329
	77	328
	77	327
	77	326
	77	325
	77	324
	77	322
	77	321
	77	320
	77	319
	77	318
	77	317
	77	323
	77	316
	77	315
	77	314
	77	313
	77	312
	76	312
	75	312
	74	312
	73	312
	73	313
	74	333
	75	333
	76	333
	76	334
	75	332
	75	334
	74	334
	76	332
	74	332
	75	331
	76	331
	74	331
	75	330
	73	334
	73	333
	73	332
	73	331
	73	330
	73	329
	73	328
	73	327
	73	326
	73	325
	73	324
	73	323
	73	322
	73	321
	73	320
	73	319
	73	318
	73	317
	73	316
	73	315
	73	314
	76	330
	74	330
	75	329
	76	329
	74	329
	75	328
	76	328
	74	328
	75	327
	76	327
	74	327
	75	326
	76	326
	74	326
	75	325
	76	325
	74	325
	75	324
	76	324
	74	324
	75	323
	76	323
	74	323
	75	322
	76	322
	74	322
	75	321
	76	321
	74	321
	75	320
	76	320
	74	320
	75	319
	76	319
	74	319
	75	318
	76	318
	74	318
	75	317
	76	317
	74	317
	75	316
	76	316
	74	316
	75	315
	76	315
	74	315
	75	314
	76	314
	74	314
	75	313
	76	313
	74	313
	29	334
	30	334
	28	334
	29	335
	29	333
	30	335
	30	333
	28	335
	28	333
	31	334
	31	335
	31	333
	32	334
	32	335
	32	333
	31	332
	32	332
	30	332
	31	331
	32	331
	30	331
	31	330
	32	330
	30	330
	31	329
	32	329
	30	329
	31	328
	32	328
	30	328
	31	327
	32	327
	30	327
	29	308
	32	326
	29	306
	28	307
	31	326
	32	325
	30	307
	31	325
	32	324
	29	307
	31	324
	29	331
	28	331
	29	332
	29	330
	28	332
	28	330
	29	329
	28	329
	29	328
	28	328
	29	327
	28	327
	29	326
	30	326
	28	326
	29	325
	30	325
	28	325
	29	324
	30	324
	28	324
	30	323
	31	323
	29	323
	30	322
	31	322
	29	322
	30	321
	31	321
	29	321
	30	320
	31	320
	29	320
	30	319
	31	319
	29	319
	30	318
	31	318
	29	318
	28	323
	28	322
	28	321
	28	320
	28	319
	28	318
	29	317
	30	317
	28	317
	29	316
	30	316
	28	316
	29	315
	30	315
	28	315
	29	314
	30	314
	28	314
	29	313
	30	313
	28	313
	29	312
	30	312
	28	312
	31	313
	31	314
	31	312
	31	315
	31	316
	32	316
	31	317
	32	317
	32	315
	32	318
	32	319
	32	320
	32	321
	32	322
	32	323
	32	314
	32	313
	32	312
	30	308
	30	306
	28	308
	28	306
	31	307
	31	308
	31	306
	32	307
	32	308
	32	306
	31	305
	32	305
	30	305
	31	304
	32	304
	30	304
	31	303
	32	303
	30	303
	31	302
	32	302
	30	302
	31	301
	32	301
	30	301
	31	300
	32	300
	30	300
	31	299
	32	299
	30	299
	31	298
	32	298
	30	298
	31	297
	32	297
	30	297
	31	296
	32	296
	30	296
	31	295
	32	295
	30	295
	31	294
	32	294
	30	294
	31	293
	32	293
	30	293
	31	292
	32	292
	30	292
	31	291
	32	291
	30	291
	31	290
	32	290
	30	290
	31	289
	32	289
	30	289
	31	288
	32	288
	30	288
	31	287
	32	287
	30	287
	29	288
	29	289
	29	287
	29	304
	28	304
	29	305
	29	303
	28	305
	28	303
	29	302
	28	302
	29	301
	28	301
	29	300
	28	300
	29	299
	28	299
	29	298
	28	298
	29	297
	28	297
	29	296
	28	296
	29	295
	28	295
	29	294
	28	294
	29	293
	28	293
	29	292
	28	292
	29	291
	28	291
	29	290
	28	290
	28	289
	28	288
	28	287
	29	286
	30	286
	28	286
	31	286
	32	286
	74	306
	75	306
	73	306
	74	307
	74	305
	75	307
	75	305
	73	307
	73	305
	76	306
	76	307
	76	305
	77	306
	77	307
	77	305
	76	304
	77	304
	75	304
	76	303
	77	303
	75	303
	76	302
	77	302
	75	302
	76	301
	77	301
	75	301
	76	300
	77	300
	75	300
	76	299
	77	299
	75	299
	76	298
	77	298
	75	298
	76	297
	77	297
	75	297
	76	296
	77	296
	75	296
	76	295
	77	295
	75	295
	76	294
	77	294
	75	294
	76	293
	77	293
	75	293
	76	292
	77	292
	75	292
	76	291
	77	291
	75	291
	76	290
	77	290
	75	290
	76	289
	77	289
	75	289
	76	288
	77	288
	75	288
	76	287
	77	287
	75	287
	76	286
	77	286
	75	286
	76	285
	77	285
	75	285
	76	284
	77	284
	75	284
	74	285
	74	286
	74	284
	73	285
	73	286
	73	284
	74	287
	73	287
	74	288
	73	288
	74	289
	73	289
	74	290
	73	290
	30	227
	73	291
	74	291
	29	228
	29	226
	73	292
	74	292
	28	227
	73	293
	74	293
	29	227
	73	294
	74	294
	30	228
	73	295
	74	295
	30	226
	73	296
	74	296
	28	228
	73	297
	74	297
	28	226
	73	298
	74	298
	31	227
	73	300
	74	300
	31	226
	73	301
	73	299
	74	301
	74	299
	30	225
	31	228
	74	302
	73	302
	74	303
	73	303
	74	304
	73	304
	31	225
	29	225
	32	226
	32	227
	32	225
	32	228
	30	224
	31	224
	29	224
	30	223
	31	223
	29	223
	30	222
	31	222
	29	222
	30	221
	31	221
	29	221
	30	220
	31	220
	29	220
	30	219
	31	219
	29	219
	30	218
	31	218
	29	218
	30	215
	31	215
	29	215
	30	216
	30	214
	31	216
	31	214
	29	216
	29	214
	28	224
	28	225
	28	223
	28	222
	28	221
	28	220
	28	219
	28	218
	29	217
	30	217
	28	217
	28	216
	28	215
	77	224
	75	224
	76	224
	28	214
	77	225
	28	213
	29	213
	77	227
	28	212
	29	212
	77	226
	28	211
	29	211
	76	225
	28	210
	29	210
	76	227
	28	209
	29	209
	76	226
	28	208
	29	208
	73	225
	28	207
	29	207
	73	227
	29	206
	30	206
	28	206
	29	205
	30	207
	30	205
	28	205
	31	206
	31	207
	31	205
	30	208
	31	208
	30	209
	31	209
	30	210
	31	210
	32	210
	31	211
	32	211
	32	209
	30	211
	31	212
	32	212
	30	212
	31	213
	32	213
	30	213
	32	214
	32	215
	32	216
	31	217
	32	217
	32	218
	32	219
	32	220
	32	221
	75	226
	32	222
	73	226
	74	226
	32	223
	74	227
	32	224
	74	225
	75	227
	75	225
	32	208
	32	207
	32	206
	32	205
	76	223
	77	223
	75	223
	76	222
	77	222
	75	222
	76	221
	77	221
	75	221
	28	202
	28	200
	30	200
	77	220
	30	202
	76	220
	77	219
	29	200
	76	219
	77	218
	29	202
	76	218
	77	217
	28	201
	76	217
	77	216
	30	201
	76	216
	77	215
	29	201
	76	215
	74	223
	73	223
	74	224
	74	222
	73	224
	73	222
	74	221
	73	221
	74	220
	75	220
	73	220
	74	219
	75	219
	73	219
	74	218
	75	218
	73	218
	74	217
	75	217
	73	217
	74	216
	75	216
	73	216
	74	215
	75	215
	73	215
	74	214
	75	214
	73	214
	74	213
	75	213
	73	213
	74	212
	75	212
	73	212
	74	211
	75	211
	73	211
	74	210
	75	210
	73	210
	74	209
	75	209
	73	209
	74	208
	75	208
	73	208
	74	207
	75	207
	73	207
	74	206
	75	206
	73	206
	74	205
	75	205
	73	205
	74	204
	75	204
	73	204
	30	199
	28	199
	29	199
	76	205
	76	206
	76	204
	77	205
	77	206
	77	204
	76	207
	77	207
	76	208
	77	208
	76	209
	77	209
	76	210
	77	210
	76	211
	77	211
	76	212
	77	212
	76	213
	77	213
	76	214
	77	214
	31	200
	31	201
	31	199
	31	202
	29	198
	30	198
	28	198
	28	197
	29	197
	74	196
	28	196
	29	196
	75	198
	74	198
	28	195
	29	195
	73	197
	28	194
	29	194
	75	197
	28	193
	29	193
	74	197
	32	201
	32	202
	32	200
	31	198
	30	197
	31	197
	30	196
	31	196
	30	195
	31	195
	30	194
	31	194
	30	193
	31	193
	30	192
	31	192
	29	192
	30	191
	31	191
	29	191
	30	190
	31	190
	29	190
	30	189
	31	189
	29	189
	30	188
	31	188
	29	188
	30	187
	31	187
	29	187
	30	186
	31	186
	29	186
	30	185
	31	185
	29	185
	32	199
	32	198
	32	197
	32	196
	32	195
	32	194
	32	193
	32	192
	32	191
	32	190
	32	189
	32	188
	32	187
	32	186
	32	185
	31	184
	32	184
	30	184
	31	183
	32	183
	30	183
	28	192
	28	191
	28	190
	28	189
	28	188
	29	184
	29	183
	30	182
	31	182
	29	182
	30	181
	31	181
	29	181
	28	183
	28	184
	28	182
	28	185
	28	186
	28	187
	28	181
	29	180
	30	180
	28	180
	29	179
	30	179
	28	179
	31	180
	31	179
	32	180
	32	181
	32	179
	32	182
	75	196
	73	198
	73	196
	76	197
	76	198
	76	196
	77	197
	77	198
	77	196
	76	195
	77	195
	75	195
	76	194
	77	194
	75	194
	76	193
	77	193
	75	193
	76	192
	77	192
	75	192
	76	191
	77	191
	75	191
	76	190
	77	190
	75	190
	76	189
	77	189
	75	189
	76	188
	77	188
	75	188
	76	187
	77	187
	75	187
	76	186
	77	186
	75	186
	76	185
	77	185
	75	185
	76	184
	77	184
	75	184
	76	183
	77	183
	75	183
	76	182
	77	182
	75	182
	76	181
	77	181
	75	181
	76	180
	77	180
	75	180
	76	179
	77	175
	75	179
	29	117
	30	116
	29	115
	28	116
	76	178
	77	176
	29	116
	76	177
	77	178
	77	177
	76	176
	75	177
	75	178
	75	176
	76	175
	77	179
	75	175
	74	195
	73	195
	74	194
	73	194
	74	193
	73	193
	74	192
	73	192
	74	191
	73	191
	74	190
	73	190
	74	189
	73	189
	74	188
	73	188
	74	187
	73	187
	74	186
	73	186
	74	185
	73	185
	74	184
	73	184
	74	183
	73	183
	74	182
	73	182
	74	181
	73	181
	74	180
	73	180
	74	179
	73	179
	74	178
	73	178
	74	177
	73	177
	74	176
	73	176
	74	175
	73	175
	30	117
	30	115
	28	117
	28	115
	31	116
	31	117
	31	115
	32	116
	32	117
	32	115
	31	114
	32	114
	30	114
	31	113
	32	113
	30	113
	31	112
	32	112
	30	112
	31	111
	32	111
	30	111
	31	110
	32	110
	30	110
	31	109
	32	109
	30	109
	31	108
	32	108
	30	108
	31	107
	32	107
	30	107
	31	106
	32	106
	30	106
	31	105
	32	105
	30	105
	31	104
	32	104
	30	104
	31	103
	32	103
	30	103
	31	102
	32	102
	30	102
	31	101
	32	101
	30	101
	31	100
	32	100
	30	100
	31	99
	32	99
	30	99
	31	98
	32	98
	30	98
	31	97
	32	97
	30	97
	31	96
	32	96
	30	96
	31	95
	32	95
	30	95
	29	114
	28	114
	29	113
	28	113
	29	112
	28	112
	29	111
	28	111
	29	110
	28	110
	29	109
	28	109
	29	108
	28	108
	29	107
	28	107
	29	106
	28	106
	29	105
	28	105
	29	104
	28	104
	29	103
	28	103
	29	102
	28	102
	29	101
	28	101
	29	100
	28	100
	29	99
	28	99
	29	98
	28	98
	29	97
	28	97
	29	96
	28	96
	29	95
	28	95
	29	94
	30	94
	28	94
	31	94
	32	94
	76	114
	77	114
	75	114
	76	115
	76	113
	77	115
	77	113
	75	115
	75	113
	78	114
	78	115
	78	113
	32	88
	30	88
	31	88
	74	114
	74	115
	74	113
	75	112
	76	112
	74	112
	31	85
	74	111
	75	111
	32	85
	30	86
	74	109
	75	109
	31	86
	74	110
	74	108
	75	110
	75	108
	32	86
	30	87
	74	107
	75	107
	32	87
	74	106
	75	106
	31	87
	76	111
	76	110
	76	109
	76	108
	76	107
	76	106
	75	105
	76	105
	74	105
	75	104
	76	104
	74	104
	75	103
	76	103
	74	103
	75	101
	76	101
	74	101
	75	102
	75	100
	76	102
	76	100
	74	102
	74	100
	75	99
	76	99
	74	99
	75	98
	76	98
	74	98
	75	97
	76	97
	74	97
	75	96
	76	96
	74	96
	75	95
	76	95
	74	95
	75	94
	76	94
	74	94
	75	93
	76	93
	74	93
	75	92
	76	92
	74	92
	77	93
	77	94
	77	92
	78	93
	78	109
	78	92
	77	95
	78	108
	77	96
	78	107
	77	97
	78	106
	77	98
	78	105
	77	99
	78	103
	78	102
	78	101
	78	100
	78	104
	77	100
	78	99
	78	98
	77	101
	78	97
	78	96
	77	102
	78	95
	78	94
	77	103
	29	90
	30	90
	77	104
	28	90
	29	91
	77	105
	29	89
	30	91
	77	106
	30	89
	28	89
	77	107
	31	90
	31	91
	77	108
	28	91
	31	89
	77	109
	78	110
	32	90
	77	110
	78	111
	32	91
	77	111
	78	112
	32	89
	77	112
	30	85
	31	84
	32	84
	30	84
	31	83
	32	83
	30	83
	31	82
	32	82
	30	82
	31	81
	32	81
	30	81
	31	80
	32	80
	30	80
	31	79
	32	79
	30	79
	31	78
	32	78
	30	78
	31	77
	32	77
	30	77
	31	76
	32	76
	30	76
	31	75
	32	75
	30	75
	31	74
	32	74
	30	74
	31	73
	32	73
	30	73
	31	72
	32	72
	30	72
	29	70
	32	71
	30	71
	31	71
	32	70
	31	69
	32	69
	29	69
	29	71
	76	88
	75	88
	74	88
	29	87
	28	87
	29	88
	29	86
	28	88
	28	86
	29	85
	28	85
	29	84
	28	84
	29	83
	28	83
	29	82
	28	82
	29	81
	28	81
	29	80
	28	80
	29	79
	28	79
	29	78
	28	78
	29	77
	28	77
	29	76
	28	76
	29	75
	28	75
	29	74
	28	74
	29	73
	28	73
	29	72
	28	72
	31	70
	28	71
	30	69
	28	70
	30	70
	28	69
	75	87
	76	89
	76	87
	75	89
	74	89
	74	87
	77	88
	77	89
	77	87
	78	88
	78	89
	78	87
	77	86
	78	86
	76	86
	77	85
	78	85
	76	85
	77	84
	78	84
	76	84
	77	83
	78	83
	76	83
	76	82
	77	82
	75	82
	76	81
	77	81
	75	83
	75	81
	76	80
	77	80
	75	80
	76	78
	77	78
	75	78
	76	79
	76	77
	77	79
	77	77
	75	79
	75	77
	76	74
	77	74
	75	74
	76	75
	76	73
	77	75
	77	73
	75	75
	75	73
	75	72
	76	72
	74	72
	75	71
	76	71
	74	73
	74	71
	75	70
	76	70
	74	70
	75	69
	76	69
	74	69
	75	68
	76	68
	74	68
	75	67
	76	67
	74	67
	75	86
	74	86
	75	85
	74	85
	75	84
	74	84
	74	83
	74	82
	74	81
	74	80
	74	79
	74	78
	74	77
	75	76
	76	76
	74	76
	74	75
	74	74
	77	76
	78	77
	78	78
	78	76
	78	79
	78	80
	78	81
	78	82
	78	75
	78	74
	78	73
	77	72
	78	72
	77	71
	78	71
	77	70
	78	70
	77	69
	78	69
	77	68
	78	68
	77	67
	78	67
	14	366
	91	390
	91	389
	91	387
	91	386
	91	385
	91	384
	91	383
	91	382
	91	381
	81	381
	80	381
	82	381
	83	381
	84	381
	85	381
	86	381
	87	381
	88	381
	89	381
	90	382
	90	383
	90	384
	90	385
	91	388
	90	390
	90	391
	90	389
	90	388
	90	387
	90	386
	90	381
	94	369
	24	253
	23	253
	94	368
	94	244
	93	244
	92	244
	80	376
	90	376
	91	376
	92	376
	93	376
	94	376
	95	376
	96	376
	86	376
	89	376
	80	377
	81	377
	83	377
	84	377
	85	377
	86	377
	87	377
	88	377
	89	377
	90	377
	91	377
	92	377
	93	377
	94	377
	95	377
	96	377
	82	377
	80	371
	80	370
	80	369
	80	368
	80	357
	80	355
	80	354
	80	356
	80	350
	81	350
	82	350
	83	350
	84	350
	85	350
	86	350
	87	350
	88	350
	89	350
	90	350
	91	350
	93	350
	94	350
	95	350
	96	350
	92	350
	10	369
	10	368
	10	367
	10	366
	10	383
	10	382
	10	381
	10	380
	25	383
	25	382
	25	381
	25	380
	25	369
	25	368
	25	367
	25	366
	79	260
	79	259
	79	258
	79	257
	79	246
	79	245
	79	244
	79	243
	25	270
	25	269
	25	268
	25	267
	25	256
	25	255
	25	254
	25	253
	79	152
	79	151
	79	150
	79	149
	83	135
	79	138
	79	137
	79	136
	25	162
	25	161
	25	160
	25	159
	25	148
	25	146
	25	145
	25	147
	23	249
	24	249
	25	249
	26	249
	28	336
	29	336
	30	336
	25	282
	32	336
	31	336
	73	336
	74	336
	75	336
	76	336
	77	336
	26	281
	26	280
	26	282
	26	279
	26	278
	26	277
	26	276
	26	275
	26	274
	26	273
	77	273
	77	272
	78	272
	78	271
	78	270
	78	269
	78	268
	78	267
	78	266
	78	265
	78	264
	78	263
	26	175
	26	174
	26	173
	26	172
	26	171
	26	170
	26	169
	26	168
	26	167
	26	166
	79	168
	78	168
	77	167
	77	166
	77	165
	77	164
	78	164
	78	163
	78	162
	78	161
	78	160
	78	159
	78	158
	78	157
	78	156
	26	141
	26	140
	26	139
	26	136
	26	137
	26	138
	26	135
	26	134
	26	133
	26	130
	26	131
	26	132
	26	129
	78	132
	78	131
	78	130
	78	129
	78	128
	78	127
	78	126
	27	249
	27	248
	27	247
	27	246
	27	245
	27	244
	27	243
	27	242
	27	241
	27	240
	26	238
	26	237
	27	239
	78	240
	78	239
	78	238
	78	237
	78	236
	78	235
	78	234
	78	233
	79	233
	27	361
	27	360
	27	359
	27	358
	27	357
	27	356
	27	355
	26	351
	27	353
	27	354
	27	352
	81	346
	80	346
	79	348
	79	349
	79	350
	79	347
	79	381
	79	379
	79	378
	79	377
	79	376
	79	380
	26	391
	26	390
	26	389
	26	388
	26	387
	91	135
	92	135
	93	135
	94	135
	83	148
	91	148
	92	148
	93	148
	94	148
	24	362
	25	362
	26	362
	27	362
	23	362
	22	362
	79	351
	80	351
	81	351
	82	351
	83	351
	23	386
	25	386
	26	386
	24	386
	22	386
	21	386
	79	375
	80	375
	81	375
	82	375
	83	375
	84	375
	21	272
	22	272
	24	272
	26	272
	25	272
	23	272
	79	263
	80	263
	81	263
	82	263
	78	241
	80	241
	81	241
	79	241
	82	241
	83	241
	22	165
	23	165
	25	165
	26	165
	24	165
	21	165
	79	155
	80	155
	81	155
	82	155
	78	155
	83	155
	21	142
	23	142
	24	142
	25	142
	26	142
	22	142
	78	133
	79	133
	80	133
	81	133
	82	133
	83	133
	27	391
	28	391
	29	391
	30	391
	31	391
	32	391
	33	391
	34	391
	35	391
	36	391
	37	391
	38	391
	39	391
	40	391
	41	391
	42	391
	43	391
	44	391
	45	391
	46	391
	47	391
	48	391
	49	391
	51	391
	52	391
	53	391
	55	391
	56	391
	50	391
	54	391
	58	391
	59	391
	60	391
	61	391
	62	391
	63	391
	64	391
	66	391
	67	391
	69	391
	71	391
	72	391
	74	391
	75	391
	76	391
	77	391
	78	391
	79	391
	80	391
	82	391
	83	391
	84	391
	85	391
	86	391
	88	391
	57	391
	65	391
	68	391
	73	391
	70	391
	81	391
	87	391
	89	391
	25	143
	26	143
	24	143
	25	144
	26	144
	24	144
	26	145
	26	146
	26	147
	26	148
	25	149
	26	149
	24	149
	25	151
	26	151
	24	151
	25	152
	25	150
	26	152
	26	150
	24	152
	24	150
	25	153
	26	153
	24	153
	25	154
	26	154
	24	154
	25	155
	26	155
	24	155
	25	156
	26	156
	24	156
	25	157
	26	157
	24	157
	25	158
	26	158
	24	158
	26	159
	26	160
	26	161
	26	162
	25	163
	26	163
	24	163
	25	164
	26	164
	24	164
	78	135
	79	134
	80	134
	78	136
	78	134
	78	137
	78	138
	79	139
	80	139
	78	139
	79	140
	80	140
	78	140
	79	141
	80	141
	78	141
	79	142
	80	142
	78	142
	79	143
	80	143
	78	143
	79	144
	80	144
	78	144
	79	145
	80	145
	78	145
	79	146
	80	146
	78	146
	79	147
	80	147
	78	147
	78	148
	78	149
	78	150
	78	151
	78	152
	79	261
	78	153
	79	153
	78	261
	79	352
	78	154
	79	154
	80	154
	80	153
	78	262
	78	260
	79	262
	81	352
	80	352
	80	261
	80	262
	78	259
	78	258
	78	257
	79	256
	80	256
	78	256
	79	255
	80	255
	78	255
	79	253
	80	253
	78	253
	79	254
	79	252
	80	254
	80	252
	78	254
	78	252
	79	251
	80	251
	78	251
	79	250
	80	250
	78	250
	79	249
	80	249
	78	249
	79	248
	80	248
	78	248
	79	247
	80	247
	78	247
	78	246
	78	244
	78	245
	78	243
	79	242
	80	242
	78	242
	25	271
	26	271
	24	271
	26	270
	26	269
	26	268
	26	267
	25	266
	26	266
	24	266
	25	264
	26	264
	24	264
	25	265
	25	263
	26	265
	26	263
	24	265
	24	263
	25	262
	26	262
	24	262
	25	261
	26	261
	24	261
	23	262
	23	263
	23	261
	24	259
	25	259
	23	259
	24	260
	24	258
	25	260
	25	258
	23	260
	23	258
	24	257
	25	257
	23	257
	22	257
	23	252
	24	252
	22	252
	23	251
	24	251
	22	251
	23	250
	24	250
	22	250
	22	249
	23	264
	26	260
	26	259
	26	258
	26	257
	26	256
	26	255
	26	254
	25	252
	25	251
	25	250
	26	251
	26	252
	26	250
	26	253
	80	353
	81	353
	79	353
	79	354
	79	355
	79	356
	79	357
	80	358
	81	358
	79	358
	80	359
	81	359
	79	359
	80	360
	81	360
	79	360
	80	361
	81	361
	79	361
	80	362
	81	362
	79	362
	80	363
	81	363
	79	363
	80	364
	81	364
	79	364
	80	365
	81	365
	79	365
	80	366
	81	366
	79	366
	80	367
	81	367
	79	367
	79	368
	79	369
	79	370
	79	371
	80	372
	81	372
	79	372
	80	373
	81	373
	79	373
	80	374
	81	374
	79	374
	25	385
	26	385
	24	385
	25	384
	26	384
	24	384
	26	383
	26	382
	26	381
	26	380
	25	379
	26	379
	24	379
	23	379
	24	378
	25	378
	23	378
	24	377
	25	377
	23	377
	24	376
	25	376
	23	376
	24	375
	25	375
	23	375
	26	377
	26	378
	26	376
	26	375
	25	374
	26	374
	24	374
	24	373
	25	373
	23	373
	24	372
	25	372
	23	374
	23	372
	24	371
	25	371
	23	371
	24	370
	25	370
	23	370
	26	373
	26	372
	26	371
	26	370
	26	369
	26	368
	26	367
	26	366
	25	365
	26	365
	24	365
	25	364
	26	364
	24	364
	25	363
	26	363
	24	363
	7	304
	6	306
	7	305
	8	305
	8	304
	9	304
	9	303
	10	303
	6	307
	7	306
	11	302
	13	300
	12	301
	15	297
	16	295
	16	294
	17	293
InvisibleObstacle		
AW1		
	29	351
	30	351
	28	351
	29	352
	29	350
	30	352
	30	350
	28	352
	28	350
	32	351
	33	351
	31	351
	32	352
	32	350
	33	352
	33	350
	31	352
	31	350
	34	351
	35	351
	34	352
	34	350
	35	352
	35	350
	36	351
	36	352
	36	350
	37	351
	37	352
	37	350
	38	351
	38	352
	38	350
	39	351
	39	352
	39	350
	40	351
	40	352
	40	350
	41	351
	42	351
	41	352
	41	350
	42	352
	42	350
	43	351
	43	352
	43	350
	44	351
	44	352
	44	350
	45	351
	45	352
	45	350
	46	351
	46	352
	46	350
	47	351
	47	352
	47	350
	48	351
	48	352
	48	350
	49	351
	49	352
	49	350
	50	351
	50	352
	50	350
	51	351
	51	352
	51	350
	53	351
	54	351
	52	351
	53	352
	53	350
	54	352
	54	350
	52	352
	52	350
	55	351
	55	352
	55	350
	56	351
	56	352
	56	350
	57	351
	57	352
	57	350
	58	351
	58	352
	58	350
	59	351
	59	352
	59	350
	60	351
	60	352
	60	350
	61	351
	61	352
	61	350
	62	351
	62	352
	62	350
	63	351
	63	352
	63	350
	64	351
	64	352
	64	350
	65	351
	66	351
	65	352
	65	350
	66	352
	66	350
	67	351
	67	352
	67	350
	68	351
	68	352
	68	350
	69	351
	69	352
	69	350
	70	351
	70	352
	70	350
	71	351
	71	352
	71	350
	72	351
	72	352
	72	350
	73	351
	73	352
	73	350
	74	351
	74	352
	74	350
	75	351
	75	352
	75	350
	76	351
	76	352
	76	350
	77	351
	77	352
	77	350
	78	351
	78	352
	78	350
AW2		
	28	273
	29	273
	27	273
	28	274
	28	272
	29	274
	29	272
	27	274
	27	272
	30	273
	30	274
	30	272
	31	273
	31	274
	31	272
	32	273
	32	274
	32	272
	33	273
	33	274
	33	272
	34	273
	34	274
	34	272
	35	273
	35	274
	35	272
	36	273
	36	274
	36	272
	37	273
	37	274
	37	272
	38	273
	38	274
	38	272
	39	273
	39	274
	39	272
	40	273
	40	274
	40	272
	41	273
	41	274
	41	272
	42	273
	42	274
	42	272
	43	273
	44	273
	43	274
	43	272
	44	274
	44	272
	45	273
	45	274
	45	272
	46	273
	46	274
	46	272
	47	273
	47	274
	47	272
	48	273
	48	274
	48	272
	49	273
	49	274
	49	272
	50	273
	50	274
	50	272
	51	273
	51	274
	51	272
	52	273
	52	274
	52	272
	53	273
	53	274
	53	272
	54	273
	55	273
	54	274
	54	272
	55	274
	55	272
	56	273
	56	274
	56	272
	57	273
	57	274
	57	272
	58	273
	59	273
	58	274
	58	272
	59	274
	59	272
	60	273
	60	274
	60	272
	61	273
	61	274
	61	272
	62	273
	62	274
	62	272
	63	273
	63	274
	63	272
	64	273
	64	274
	64	272
	65	273
	65	274
	65	272
	66	273
	66	274
	66	272
	67	273
	67	274
	67	272
	68	273
	68	274
	68	272
	69	273
	69	274
	69	272
	70	273
	70	274
	70	272
	71	273
	71	274
	71	272
	72	273
	72	274
	72	272
	73	273
	73	274
	73	272
	74	273
	74	274
	74	272
	75	273
	75	274
	75	272
	76	272
	76	273
	77	272
	77	273
	76	274
	77	274
AW3		
	29	240
	30	240
	28	240
	29	241
	29	239
	30	241
	30	239
	28	241
	28	239
	31	240
	31	241
	31	239
	32	240
	32	241
	32	239
	33	240
	33	241
	33	239
	34	240
	34	241
	34	239
	35	240
	35	241
	35	239
	36	240
	36	241
	36	239
	37	240
	38	240
	37	241
	37	239
	38	241
	38	239
	39	240
	39	241
	39	239
	40	240
	40	241
	40	239
	41	240
	41	241
	41	239
	42	240
	42	241
	42	239
	43	240
	43	241
	43	239
	44	240
	44	241
	44	239
	45	240
	45	241
	45	239
	46	240
	46	241
	46	239
	47	240
	47	241
	47	239
	48	240
	49	240
	48	241
	48	239
	49	241
	49	239
	50	240
	50	241
	50	239
	51	240
	51	241
	51	239
	52	240
	52	241
	52	239
	53	240
	53	241
	53	239
	54	240
	54	241
	54	239
	55	240
	55	241
	55	239
	56	240
	56	241
	56	239
	57	240
	57	241
	57	239
	58	240
	58	241
	58	239
	59	240
	59	241
	59	239
	60	240
	60	241
	60	239
	61	240
	61	241
	61	239
	62	240
	62	241
	62	239
	63	240
	63	241
	63	239
	64	240
	64	241
	64	239
	65	240
	65	241
	65	239
	66	240
	66	241
	66	239
	67	240
	67	241
	67	239
	68	240
	68	241
	68	239
	69	240
	69	241
	69	239
	70	240
	70	241
	70	239
	71	240
	71	241
	71	239
	72	241
	72	240
	73	241
	73	240
	74	241
	74	240
	75	241
	75	240
	76	241
	76	240
	77	241
	77	240
	75	239
	76	239
	74	239
	73	239
	72	239
	77	239
AW4		
	28	166
	29	166
	27	166
	28	167
	28	165
	29	167
	29	165
	27	167
	27	165
	32	166
	33	166
	31	166
	32	167
	32	165
	33	167
	33	165
	31	167
	31	165
	34	166
	35	166
	34	167
	34	165
	35	167
	35	165
	36	166
	36	167
	36	165
	37	166
	37	167
	37	165
	38	166
	38	167
	38	165
	30	166
	30	167
	30	165
	39	166
	39	167
	39	165
	40	166
	40	167
	40	165
	41	166
	41	167
	41	165
	42	166
	42	167
	42	165
	43	166
	43	167
	43	165
	44	166
	44	167
	44	165
	45	166
	45	167
	45	165
	46	166
	46	167
	46	165
	47	166
	47	167
	47	165
	48	166
	48	167
	48	165
	49	166
	49	167
	49	165
	50	166
	50	167
	50	165
	51	166
	51	167
	51	165
	52	166
	52	167
	52	165
	53	166
	53	167
	53	165
	54	166
	54	167
	54	165
	55	166
	55	167
	55	165
	56	166
	56	167
	56	165
	57	166
	58	166
	57	167
	57	165
	58	167
	58	165
	59	166
	59	167
	59	165
	60	166
	60	167
	60	165
	61	166
	61	167
	61	165
	62	166
	62	167
	62	165
	63	166
	63	167
	63	165
	64	166
	64	167
	64	165
	65	166
	65	167
	65	165
	66	166
	66	167
	66	165
	67	166
	67	167
	67	165
	68	166
	68	167
	68	165
	69	166
	69	167
	69	165
	70	166
	70	167
	70	165
	71	166
	71	167
	71	165
	72	166
	72	167
	72	165
	73	166
	73	167
	73	165
	74	166
	74	167
	74	165
	75	166
	75	167
	75	165
	76	166
	76	167
	76	165
F1		
	21	344
	22	344
	20	344
	21	345
	21	343
	22	345
	22	343
	20	345
	20	343
	24	344
	25	344
	23	344
	24	345
	24	343
	25	345
	25	343
	23	345
	23	343
	28	344
	29	344
	27	344
	28	345
	28	343
	29	345
	29	343
	27	345
	27	343
	31	344
	32	344
	30	344
	31	345
	31	343
	32	345
	32	343
	30	345
	30	343
	33	344
	34	344
	33	345
	33	343
	34	345
	34	343
	35	344
	35	345
	35	343
	36	344
	36	345
	36	343
	38	344
	39	344
	37	344
	38	345
	38	343
	39	345
	39	343
	37	345
	37	343
	40	344
	40	345
	40	343
	41	344
	41	345
	41	343
	38	342
	39	342
	37	342
	36	342
	35	342
	34	342
	33	342
	32	342
	31	342
	30	342
	29	342
	26	344
	26	345
	26	343
	42	344
	42	345
	42	343
	43	344
	43	345
	43	343
	44	344
	44	345
	44	343
	45	344
	45	345
	45	343
	46	344
	46	345
	46	343
	47	344
	47	345
	47	343
	48	344
	48	345
	48	343
	49	344
	49	345
	49	343
	50	344
	50	345
	50	343
	51	344
	51	345
	51	343
	52	344
	52	345
	52	343
	53	344
	53	345
	53	343
	54	344
	54	345
	54	343
	55	344
	55	345
	55	343
	56	344
	56	345
	56	343
	57	344
	57	345
	57	343
	58	344
	58	345
	58	343
	59	344
	59	345
	59	343
	60	344
	60	345
	60	343
	61	344
	61	345
	61	343
	62	344
	62	345
	62	343
	63	344
	63	345
	63	343
	64	344
	64	345
	64	343
	65	344
	65	345
	65	343
	66	344
	66	345
	66	343
	67	344
	67	345
	67	343
	68	344
	68	345
	68	343
	69	344
	69	345
	69	343
	70	344
	70	345
	70	343
	71	344
	71	345
	71	343
	72	344
	72	345
	72	343
	73	344
	73	345
	73	343
	74	344
	74	345
	74	343
	75	344
	75	345
	75	343
	76	344
	76	345
	76	343
	77	344
	77	345
	77	343
	78	344
	78	345
	78	343
	79	344
	79	345
	79	343
	80	344
	80	345
	80	343
	81	344
	81	345
	81	343
	82	344
	82	345
	82	343
	83	344
	84	344
	83	345
	83	343
	84	345
	84	343
	85	344
	85	345
	85	343
	86	344
	86	345
	86	343
	87	344
	87	345
	87	343
	88	344
	88	345
	88	343
	21	342
	22	342
	20	342
	21	341
	22	341
	20	341
	24	342
	25	342
	23	342
	24	341
	25	341
	23	341
	26	342
	27	342
	26	341
	27	341
	28	342
	28	341
	29	341
	30	341
	31	341
	32	341
	33	341
	34	341
	35	341
	36	341
	37	341
	38	341
	39	341
	40	342
	40	341
	41	342
	42	342
	41	341
	42	341
	43	342
	43	341
	44	342
	44	341
	45	342
	45	341
	46	342
	46	341
	47	342
	47	341
	48	342
	48	341
	49	342
	49	341
	50	342
	50	341
	51	342
	51	341
	52	342
	52	341
	53	342
	54	342
	53	341
	54	341
	55	342
	55	341
	56	342
	56	341
	57	342
	57	341
	58	342
	58	341
	59	342
	59	341
	60	342
	60	341
	61	342
	61	341
	62	342
	62	341
	63	342
	63	341
	64	342
	64	341
	65	342
	65	341
	66	342
	66	341
	67	342
	67	341
	68	342
	68	341
	69	342
	69	341
	70	342
	70	341
	71	342
	71	341
	72	342
	72	341
	73	342
	73	341
	74	342
	75	342
	74	341
	75	341
	76	342
	76	341
	77	342
	77	341
	78	342
	78	341
	79	342
	79	341
	80	342
	80	341
	81	342
	81	341
	82	342
	82	341
	83	342
	83	341
	84	342
	85	342
	84	341
	85	341
	86	342
	86	341
	87	342
	87	341
	88	342
	88	341
F2		
	27	268
	28	268
	26	268
	27	269
	27	267
	28	269
	28	267
	26	269
	26	267
	29	267
	30	267
	29	268
	30	268
	32	267
	33	267
	31	267
	32	268
	33	268
	31	268
	34	267
	34	268
	35	267
	35	268
	29	269
	30	269
	31	269
	32	269
	33	269
	34	269
	35	269
	36	269
	36	268
	36	267
	37	268
	38	268
	37	269
	37	267
	38	269
	38	267
	39	268
	39	269
	39	267
	40	268
	40	269
	40	267
	41	268
	41	269
	41	267
	42	268
	42	269
	42	267
	43	268
	44	268
	43	269
	43	267
	44	269
	44	267
	45	268
	45	269
	45	267
	46	268
	46	269
	46	267
	47	268
	47	269
	47	267
	48	267
	48	268
	49	267
	49	268
	50	267
	51	267
	50	268
	51	268
	52	267
	52	268
	53	267
	53	268
	54	267
	54	268
	55	267
	55	268
	56	267
	56	268
	48	269
	49	269
	50	269
	51	269
	52	269
	53	269
	54	269
	55	269
	56	269
	57	268
	57	269
	57	267
	58	268
	58	269
	58	267
	59	268
	59	269
	59	267
	60	268
	60	269
	60	267
	61	268
	61	269
	61	267
	62	268
	62	269
	62	267
	63	268
	63	269
	63	267
	64	268
	64	269
	64	267
	65	268
	65	269
	65	267
	66	268
	66	269
	66	267
	67	268
	67	269
	67	267
	68	268
	68	269
	68	267
	69	268
	69	269
	69	267
	70	268
	70	269
	70	267
	71	268
	71	269
	71	267
	72	268
	72	269
	72	267
	73	268
	73	269
	73	267
	74	268
	74	269
	74	267
	75	268
	75	269
	75	267
	76	268
	76	269
	76	267
	77	268
	77	269
	77	267
F3		
	22	231
	23	231
	21	231
	22	232
	22	230
	23	232
	23	230
	21	232
	21	230
	24	231
	25	231
	24	232
	24	230
	25	232
	25	230
	26	231
	26	232
	26	230
	27	231
	27	232
	27	230
	28	231
	28	232
	28	230
	29	231
	29	232
	29	230
	30	231
	30	232
	30	230
	31	231
	31	232
	31	230
	32	231
	32	232
	32	230
	33	231
	33	232
	33	230
	34	231
	34	232
	34	230
	35	231
	35	232
	35	230
	36	231
	36	232
	36	230
	37	231
	37	232
	37	230
	38	231
	38	232
	38	230
	39	231
	39	232
	39	230
	40	231
	40	232
	40	230
	41	231
	41	232
	41	230
	42	231
	42	232
	42	230
	43	231
	43	232
	43	230
	44	231
	44	232
	44	230
	45	231
	45	232
	45	230
	46	231
	46	232
	46	230
	47	231
	47	232
	47	230
	48	231
	48	232
	48	230
	49	231
	49	232
	49	230
	50	231
	50	232
	50	230
	51	231
	51	232
	51	230
	52	231
	52	232
	52	230
	53	231
	53	232
	53	230
	54	231
	54	232
	54	230
	55	231
	55	232
	55	230
	56	231
	56	232
	56	230
	57	231
	57	232
	57	230
	58	231
	58	232
	58	230
	59	231
	59	232
	59	230
	60	231
	60	232
	60	230
	61	231
	61	232
	61	230
	62	231
	62	232
	62	230
	63	231
	63	232
	63	230
	64	231
	64	232
	64	230
	65	231
	65	232
	65	230
	66	231
	66	232
	66	230
	67	231
	67	232
	67	230
	68	231
	68	232
	68	230
	69	231
	69	232
	69	230
	70	231
	70	232
	70	230
	71	231
	71	232
	71	230
	72	231
	72	232
	72	230
	73	231
	73	232
	73	230
	74	231
	74	232
	74	230
	75	230
	74	229
	75	231
	75	229
	73	229
	76	230
	76	231
	76	229
	77	230
	77	231
	77	229
	78	230
	78	231
	78	229
	79	230
	79	231
	79	229
	76	232
	77	232
	75	232
	78	232
	79	232
	80	231
	80	232
	80	230
	81	231
	81	232
	81	230
	82	231
	82	232
	82	230
	83	231
	83	232
	83	230
	84	231
	84	232
	84	230
	22	229
	23	229
	25	229
	26	229
	27	229
	32	229
	37	229
	39	229
	42	229
	43	229
	47	229
	48	229
	49	229
	50	229
	53	229
	24	229
	29	229
	30	229
	28	229
	31	229
	33	229
	34	229
	35	229
	36	229
	38	229
	40	229
	41	229
	44	229
	45	229
	46	229
	51	229
	52	229
	55	229
	56	229
	54	229
	57	229
	58	229
	59	229
	61	229
	62	229
	60	229
	63	229
	64	229
	65	229
	66	229
	67	229
	68	229
	69	229
	70	229
	71	229
	72	229
	80	229
	81	229
	82	229
	21	228
	22	228
	20	228
	21	229
	21	227
	22	227
	20	229
	20	227
	51	227
	52	227
	50	227
	51	228
	51	226
	52	228
	52	226
	50	228
	50	226
	53	227
	53	228
	53	226
	54	227
	54	228
	54	226
	55	227
	55	228
	55	226
	56	227
	56	228
	56	226
	57	227
	57	228
	57	226
	58	227
	58	228
	58	226
	59	227
	59	228
	59	226
	60	227
	61	227
	60	228
	60	226
	61	228
	61	226
	62	227
	62	228
	62	226
	63	227
	63	228
	63	226
	65	227
	66	227
	64	227
	65	228
	65	226
	66	228
	66	226
	64	228
	64	226
	69	227
	70	227
	68	227
	69	228
	69	226
	70	228
	70	226
	68	228
	68	226
	67	227
	67	228
	67	226
	71	227
	72	227
	71	228
	71	226
	72	228
	72	226
	73	227
	73	228
	73	226
	74	226
	73	225
	74	227
	74	225
	72	225
	75	226
	75	227
	75	225
	76	226
	76	227
	76	225
	77	226
	77	227
	77	225
	78	226
	79	226
	78	227
	78	225
	79	227
	79	225
	75	228
	76	228
	74	228
	77	228
	78	228
	79	228
	80	227
	80	228
	80	226
	81	227
	82	227
	81	228
	81	226
	82	228
	82	226
	83	227
	83	228
	83	226
	49	227
	48	227
	49	228
	49	226
	48	228
	48	226
	45	227
	46	227
	44	227
	45	228
	45	226
	46	228
	46	226
	44	228
	44	226
	47	227
	47	228
	47	226
	43	227
	42	227
	43	228
	43	226
	42	228
	42	226
	41	228
	41	227
	40	228
	40	227
	39	228
	39	227
	38	228
	38	227
	21	226
	22	226
	20	226
	23	227
	23	228
	23	226
	24	227
	24	228
	24	226
	25	226
	25	227
	26	226
	26	227
	27	226
	27	227
	28	226
	28	227
	29	226
	29	227
	30	227
	29	228
	30	228
	30	226
	28	228
	31	227
	31	228
	31	226
	32	227
	33	227
	32	228
	32	226
	33	228
	33	226
	34	227
	34	228
	34	226
	35	227
	35	228
	35	226
	36	227
	36	228
	36	226
	37	227
	37	228
	37	226
	38	226
	39	226
	40	226
	41	226
	26	228
	27	228
	25	228
F4		
	16	160
	17	160
	15	160
	16	161
	16	159
	17	161
	17	159
	15	161
	15	159
	18	160
	19	160
	18	161
	18	159
	19	161
	19	159
	20	160
	20	161
	20	159
	21	160
	21	161
	21	159
	22	160
	22	161
	22	159
	23	160
	23	161
	23	159
	24	160
	24	161
	24	159
	25	160
	25	161
	25	159
	26	160
	26	161
	26	159
	27	160
	27	161
	27	159
	28	160
	28	161
	28	159
	29	160
	29	161
	29	159
	30	160
	30	161
	30	159
	31	160
	31	161
	31	159
	32	160
	32	161
	32	159
	33	160
	33	161
	33	159
	34	160
	34	161
	34	159
	35	160
	35	161
	35	159
	36	160
	36	161
	36	159
	37	160
	37	161
	37	159
	38	160
	38	161
	38	159
	39	160
	39	161
	39	159
	40	160
	40	161
	40	159
	41	160
	41	161
	41	159
	42	160
	42	161
	42	159
	43	160
	43	161
	43	159
	44	160
	44	161
	44	159
	45	160
	45	161
	45	159
	46	160
	46	161
	46	159
	47	160
	47	161
	47	159
	48	160
	49	160
	48	161
	48	159
	49	161
	49	159
	50	160
	50	161
	50	159
	51	160
	51	161
	51	159
	52	160
	52	161
	52	159
	53	160
	53	161
	53	159
	54	160
	54	161
	54	159
	55	160
	55	161
	55	159
	56	160
	56	161
	56	159
	57	160
	57	161
	57	159
	58	160
	59	160
	58	161
	58	159
	59	161
	59	159
	60	160
	60	161
	60	159
	61	160
	61	161
	61	159
	62	160
	62	161
	62	159
	63	160
	63	161
	63	159
	64	160
	65	160
	64	161
	64	159
	65	161
	65	159
	66	160
	66	161
	66	159
	67	160
	67	161
	67	159
	68	160
	68	161
	68	159
	69	160
	69	161
	69	159
	70	160
	70	161
	70	159
	71	160
	72	160
	71	161
	71	159
	72	161
	72	159
	73	160
	73	161
	73	159
	74	160
	74	161
	74	159
	75	160
	75	161
	75	159
	76	160
	76	161
	76	159
	77	160
	77	161
	77	159
	78	160
	78	161
	78	159
	79	160
	79	161
	79	159
	80	159
	79	158
	80	160
	80	158
	78	158
	81	159
	81	160
	81	158
	82	159
	82	160
	82	158
	83	159
	83	160
	83	158
	80	161
	81	161
	82	161
	83	161
	84	160
	84	161
	84	159
F5		
	23	121
	24	121
	22	121
	23	122
	23	120
	24	122
	24	120
	22	122
	22	120
	25	121
	26	121
	25	122
	25	120
	26	122
	26	120
	27	121
	27	122
	27	120
	28	121
	28	122
	28	120
	29	121
	29	122
	29	120
	30	120
	31	120
	30	121
	30	119
	31	121
	31	119
	29	119
	32	120
	32	121
	32	119
	33	120
	34	120
	33	121
	33	119
	34	121
	34	119
	35	120
	35	121
	35	119
	36	120
	36	121
	36	119
	31	122
	32	122
	30	122
	33	122
	35	122
	36	122
	34	122
	37	121
	38	121
	37	122
	37	120
	38	122
	38	120
	39	121
	39	122
	39	120
	40	121
	40	122
	40	120
	41	120
	40	119
	41	121
	41	119
	39	119
	42	120
	42	121
	42	119
	43	120
	43	121
	43	119
	44	120
	44	121
	44	119
	45	120
	45	121
	45	119
	41	122
	42	122
	43	122
	44	122
	45	122
	46	122
	47	122
	46	121
	47	121
	48	122
	48	121
	49	122
	49	121
	50	122
	50	121
	51	121
	50	120
	51	122
	51	120
	49	120
	48	120
	47	120
	48	119
	49	119
	47	119
	46	120
	46	119
	50	119
	51	119
	52	120
	52	121
	52	119
	53	120
	54	120
	53	121
	53	119
	54	121
	54	119
	55	120
	55	121
	55	119
	56	120
	56	121
	56	119
	57	120
	58	120
	57	121
	57	119
	58	121
	58	119
	59	120
	59	121
	59	119
	60	120
	61	120
	60	121
	60	119
	61	121
	61	119
	62	120
	62	121
	62	119
	63	120
	63	121
	63	119
	64	120
	64	121
	64	119
	65	120
	65	121
	65	119
	66	120
	66	121
	66	119
	67	120
	67	121
	67	119
	68	120
	68	121
	68	119
	69	120
	69	121
	69	119
	70	120
	70	121
	70	119
	71	120
	71	121
	71	119
	72	120
	72	121
	72	119
	73	120
	73	121
	73	119
	74	120
	75	120
	74	121
	74	119
	75	121
	75	119
	76	120
	76	121
	76	119
	77	120
	77	121
	77	119
	78	120
	78	121
	78	119
	79	120
	79	121
	79	119
	80	120
	80	121
	80	119
	81	120
	81	121
	81	119
	82	120
	82	121
	82	119
	52	122
	53	122
	54	122
	56	122
	57	122
	55	122
	58	122
	59	122
	60	122
	61	122
	62	122
	63	122
	64	122
	65	122
	66	122
	67	122
	68	122
	69	122
	70	122
	71	122
	72	122
	73	122
	74	122
	75	122
	76	122
	77	122
	78	122
	79	122
	80	122
	81	122
AW5		
	28	130
	29	130
	27	130
	28	131
	28	129
	29	131
	29	129
	27	131
	27	129
	30	130
	31	130
	30	131
	30	129
	31	131
	31	129
	32	130
	32	131
	32	129
	33	130
	33	131
	33	129
	34	130
	34	131
	34	129
	35	130
	35	131
	35	129
	36	130
	36	131
	36	129
	37	130
	37	131
	37	129
	38	130
	38	131
	38	129
	39	130
	39	131
	39	129
	40	130
	40	131
	40	129
	41	130
	41	131
	41	129
	42	130
	42	131
	42	129
	43	130
	43	131
	43	129
	44	130
	44	131
	44	129
	45	130
	45	131
	45	129
	46	130
	46	131
	46	129
	47	130
	47	131
	47	129
	48	130
	48	131
	48	129
	49	130
	49	131
	49	129
	50	130
	50	131
	50	129
	51	130
	51	131
	51	129
	52	130
	52	131
	52	129
	53	130
	53	131
	53	129
	54	130
	54	131
	54	129
	55	130
	56	130
	55	131
	55	129
	56	131
	56	129
	57	130
	57	131
	57	129
	58	130
	58	131
	58	129
	59	130
	59	131
	59	129
	60	130
	60	131
	60	129
	61	130
	61	131
	61	129
	62	130
	62	131
	62	129
	63	130
	63	131
	63	129
	64	130
	64	131
	64	129
	65	130
	65	131
	65	129
	66	130
	66	131
	66	129
	67	130
	67	131
	67	129
	68	130
	68	131
	68	129
	69	130
	69	131
	69	129
	70	130
	70	131
	70	129
	71	130
	71	131
	71	129
	72	130
	72	131
	72	129
	73	129
	73	130
	74	129
	74	130
	75	129
	75	130
	74	131
	75	131
	73	131
	76	130
	76	131
	76	129
	77	130
	77	131
	77	129
