Key	CellX	CellY
VisibleObstacle		
	58	2
	59	2
	57	2
	58	3
	58	1
	59	3
	59	1
	57	3
	57	1
	58	4
	59	4
	57	4
	58	5
	59	5
	57	5
	58	6
	59	6
	57	6
	58	7
	59	7
	57	7
	58	8
	59	8
	57	8
	58	9
	59	9
	57	9
	58	10
	59	10
	57	10
	58	11
	59	11
	57	11
	58	12
	59	12
	57	12
	57	13
	58	13
	59	13
	58	14
	59	14
	57	14
	58	15
	59	15
	57	15
	58	16
	59	16
	57	16
	58	17
	59	17
	57	17
	58	18
	59	18
	57	18
	57	19
	58	19
	59	19
	57	20
	58	20
	59	20
	58	21
	59	21
	57	21
	58	26
	59	26
	57	26
	58	27
	58	25
	59	27
	59	25
	57	27
	57	25
	58	24
	59	24
	57	24
	58	23
	59	23
	57	23
	58	22
	59	22
	57	22
	58	34
	59	34
	57	34
	58	35
	58	33
	59	35
	59	33
	57	35
	57	33
	58	32
	59	32
	57	32
	58	31
	59	31
	57	31
	58	30
	59	30
	57	30
	58	29
	59	29
	57	29
	58	28
	59	28
	57	28
	58	44
	59	44
	57	44
	58	45
	58	43
	59	45
	59	43
	57	45
	57	43
	58	42
	59	42
	57	42
	58	41
	59	41
	57	41
	58	40
	59	40
	57	40
	58	39
	59	39
	57	39
	58	38
	59	38
	57	38
	58	37
	59	37
	57	37
	58	36
	59	36
	57	36
	58	55
	59	55
	57	55
	58	56
	58	54
	59	56
	59	54
	57	56
	57	54
	58	53
	59	53
	57	53
	58	52
	59	52
	57	52
	58	51
	59	51
	57	51
	58	50
	59	50
	57	50
	58	49
	59	49
	57	49
	58	48
	59	48
	57	48
	58	47
	59	47
	57	47
	58	46
	59	46
	57	46
	58	67
	59	67
	57	67
	58	68
	58	66
	59	68
	59	66
	57	68
	57	66
	58	65
	59	65
	57	65
	58	64
	59	64
	57	64
	58	63
	59	63
	57	63
	58	62
	59	62
	57	62
	58	61
	59	61
	57	61
	58	60
	59	60
	57	60
	58	59
	59	59
	57	59
	58	58
	59	58
	57	58
	58	57
	59	57
	57	57
	58	75
	59	75
	57	75
	58	76
	58	74
	59	76
	59	74
	57	76
	57	74
	58	73
	59	73
	57	73
	58	72
	59	72
	57	72
	58	71
	59	71
	57	71
	58	70
	59	70
	57	70
	58	69
	59	69
	57	69
	58	85
	59	85
	57	85
	58	86
	58	84
	59	86
	59	84
	57	86
	57	84
	58	83
	59	83
	57	83
	58	82
	59	82
	57	82
	58	81
	59	81
	57	81
	58	80
	59	80
	57	80
	58	79
	59	79
	57	79
	58	78
	59	78
	57	78
	58	77
	59	77
	57	77
	58	94
	59	94
	57	94
	58	95
	58	93
	59	95
	59	93
	57	95
	57	93
	58	92
	59	92
	57	92
	58	91
	59	91
	57	91
	58	90
	59	90
	57	90
	58	89
	59	89
	57	89
	58	88
	59	88
	57	88
	59	87
	58	87
	57	87
	58	105
	59	105
	57	105
	58	106
	58	104
	59	106
	59	104
	57	106
	57	104
	58	103
	59	103
	57	103
	58	102
	59	102
	57	102
	58	101
	59	101
	57	101
	58	100
	59	100
	57	100
	58	99
	59	99
	57	99
	58	98
	59	98
	57	98
	58	97
	59	97
	57	97
	58	96
	59	96
	57	96
	58	113
	59	113
	57	113
	58	114
	58	112
	59	114
	59	112
	57	114
	57	112
	58	111
	59	111
	57	111
	58	110
	59	110
	57	110
	58	109
	59	109
	57	109
	58	108
	59	108
	57	108
	58	107
	59	107
	57	107
	56	115
	57	115
	55	115
	56	116
	56	114
	57	116
	55	116
	55	114
	58	115
	59	115
	58	116
	59	116
	54	115
	53	115
	54	116
	54	114
	53	116
	53	114
	52	115
	51	115
	52	116
	52	114
	51	116
	51	114
	50	115
	49	115
	50	116
	50	114
	49	116
	49	114
	46	115
	47	115
	45	115
	46	116
	46	114
	47	116
	47	114
	45	116
	45	114
	48	115
	48	116
	48	114
	43	115
	44	115
	42	115
	43	116
	43	114
	44	116
	44	114
	42	116
	42	114
	58	0
	59	0
	57	0
	56	1
	55	1
	56	2
	56	0
	55	2
	55	0
	53	1
	54	1
	52	1
	53	2
	53	0
	54	2
	54	0
	52	2
	52	0
	49	1
	50	1
	48	1
	49	2
	49	0
	50	2
	50	0
	48	2
	48	0
	51	1
	51	2
	51	0
	47	1
	46	1
	47	2
	47	0
	46	2
	46	0
	44	1
	45	1
	43	1
	44	2
	44	0
	45	2
	45	0
	43	2
	43	0
	42	1
	41	1
	42	2
	42	0
	41	2
	41	0
	39	1
	40	1
	38	1
	39	2
	39	0
	40	2
	40	0
	38	2
	38	0
	37	1
	37	2
	37	0
	38	3
	39	3
	37	3
	38	5
	39	5
	37	5
	38	6
	38	4
	39	6
	39	4
	37	6
	37	4
	38	7
	39	7
	37	7
	38	8
	39	8
	37	8
	38	10
	39	10
	37	10
	38	11
	38	9
	39	11
	39	9
	37	11
	37	9
	38	12
	39	12
	37	12
	38	13
	39	13
	37	13
	38	15
	39	15
	37	15
	38	16
	38	14
	39	16
	39	14
	37	16
	37	14
	38	17
	39	17
	37	17
	38	18
	39	18
	37	18
	38	20
	39	20
	37	20
	38	21
	38	19
	39	21
	39	19
	37	21
	37	19
	38	23
	39	23
	37	23
	38	24
	38	22
	39	24
	39	22
	37	24
	37	22
	38	25
	39	25
	37	25
	38	26
	39	26
	37	26
	38	28
	39	28
	37	28
	38	29
	38	27
	39	29
	39	27
	37	29
	37	27
	38	31
	39	31
	37	31
	38	32
	38	30
	39	32
	39	30
	37	32
	37	30
	38	33
	39	33
	37	33
	38	34
	39	34
	37	34
	38	35
	39	35
	37	35
	38	36
	39	36
	37	36
	38	39
	39	39
	37	39
	38	40
	38	38
	39	40
	39	38
	37	40
	37	38
	38	37
	39	37
	37	37
	38	41
	39	41
	37	41
	38	42
	39	42
	37	42
	38	43
	39	43
	37	43
	38	44
	39	44
	37	44
	38	45
	39	45
	37	45
	38	46
	39	46
	37	46
	38	47
	39	47
	37	47
	38	48
	39	48
	37	48
	38	49
	39	49
	37	49
	38	50
	39	50
	37	50
	38	51
	39	51
	37	51
	38	52
	39	52
	37	52
	38	53
	39	53
	37	53
	38	54
	39	54
	37	54
	38	55
	39	55
	37	55
	38	56
	39	56
	37	56
	38	57
	39	57
	37	57
	38	58
	39	58
	37	58
	38	59
	39	59
	37	59
	38	60
	39	60
	37	60
	38	61
	39	61
	37	61
	38	62
	39	62
	37	62
	38	63
	39	63
	37	63
	38	64
	39	64
	37	64
	38	65
	39	65
	37	65
	38	66
	39	66
	37	66
	38	67
	39	67
	37	67
	38	68
	39	68
	37	68
	38	69
	39	69
	37	69
	38	70
	39	70
	37	70
	38	71
	39	71
	37	71
	38	72
	39	72
	37	72
	38	73
	39	73
	37	73
	38	74
	39	74
	37	74
	38	75
	39	75
	37	75
	38	76
	39	76
	37	76
	38	77
	39	77
	37	77
	38	78
	39	78
	37	78
	38	79
	39	79
	37	79
	38	80
	39	80
	37	80
	38	81
	39	81
	37	81
	38	82
	39	82
	37	82
	38	83
	39	83
	37	83
	38	84
	39	84
	37	84
	38	85
	39	85
	37	85
	38	86
	39	86
	37	86
	38	87
	39	87
	37	87
	38	88
	39	88
	37	88
	38	89
	39	89
	37	89
	38	90
	39	90
	37	90
	38	91
	39	91
	37	91
	38	92
	39	92
	37	92
	38	93
	39	93
	37	93
	38	94
	39	94
	37	94
	38	95
	39	95
	37	95
	38	96
	39	96
	37	96
	38	97
	39	97
	37	97
	38	98
	39	98
	37	98
	38	99
	39	99
	37	99
	38	100
	39	100
	37	100
	38	101
	39	101
	37	101
	38	102
	39	102
	37	102
	38	103
	39	103
	37	103
	38	104
	39	104
	37	104
	38	105
	39	105
	37	105
	38	106
	39	106
	37	106
	38	107
	39	107
	37	107
	38	108
	39	108
	37	108
	38	109
	39	109
	37	109
	38	110
	39	110
	37	110
	38	111
	39	111
	37	111
	38	112
	39	112
	37	112
	38	113
	39	113
	37	113
	38	114
	39	114
	37	114
	38	115
	39	115
	37	115
	38	116
	39	116
	37	116
	40	115
	40	116
	40	114
	41	115
	41	116
	41	114
	21	1
	22	1
	20	1
	21	2
	21	0
	22	2
	22	0
	20	2
	20	0
	19	1
	19	2
	19	0
	18	1
	18	2
	18	0
	17	1
	17	2
	17	0
	16	1
	16	2
	16	0
	15	1
	15	2
	15	0
	14	1
	14	2
	14	0
	13	1
	13	2
	13	0
	12	1
	12	2
	12	0
	11	1
	11	2
	11	0
	10	1
	10	2
	10	0
	9	1
	9	2
	9	0
	8	1
	8	2
	8	0
	7	1
	7	2
	7	0
	6	1
	6	2
	6	0
	5	1
	5	2
	5	0
	4	1
	4	2
	4	0
	3	1
	3	2
	3	0
	2	1
	2	2
	2	0
	1	1
	1	2
	1	0
	2	3
	3	3
	1	3
	2	4
	3	4
	1	4
	2	5
	3	5
	1	5
	2	6
	3	6
	1	6
	2	7
	3	7
	1	7
	2	8
	3	8
	1	8
	2	9
	3	9
	1	9
	2	10
	3	10
	1	10
	2	11
	3	11
	1	11
	2	12
	3	12
	1	12
	2	13
	3	13
	1	13
	2	14
	3	14
	1	14
	2	15
	3	15
	1	15
	2	16
	3	16
	1	16
	2	17
	3	17
	1	17
	2	18
	3	18
	1	18
	2	19
	3	19
	1	19
	2	20
	3	20
	1	20
	2	21
	3	21
	1	21
	2	22
	3	22
	1	22
	2	23
	3	23
	1	23
	2	24
	3	24
	1	24
	2	25
	3	25
	1	25
	2	26
	3	26
	1	26
	2	27
	3	27
	1	27
	2	28
	3	28
	1	28
	2	29
	3	29
	1	29
	2	30
	3	30
	1	30
	2	31
	3	31
	1	31
	2	32
	3	32
	1	32
	2	33
	3	33
	1	33
	2	34
	3	34
	1	34
	2	35
	3	35
	1	35
	2	36
	3	36
	1	36
	2	37
	3	37
	1	37
	2	38
	3	38
	1	38
	2	39
	3	39
	1	39
	2	40
	3	40
	1	40
	2	41
	3	41
	1	41
	2	42
	3	42
	1	42
	2	43
	3	43
	1	43
	2	44
	3	44
	1	44
	2	45
	3	45
	1	45
	2	46
	3	46
	1	46
	2	47
	3	47
	1	47
	2	48
	3	48
	1	48
	2	49
	3	49
	1	49
	2	50
	3	50
	1	50
	2	51
	3	51
	1	51
	2	52
	3	52
	1	52
	2	53
	3	53
	1	53
	2	54
	3	54
	1	54
	2	55
	3	55
	1	55
	2	56
	3	56
	1	56
	2	57
	3	57
	1	57
	2	58
	3	58
	1	58
	2	59
	3	59
	1	59
	2	60
	3	60
	1	60
	2	61
	3	61
	1	61
	2	62
	3	62
	1	62
	2	63
	3	63
	1	63
	2	64
	3	64
	1	64
	2	65
	3	65
	1	65
	2	66
	3	66
	1	66
	2	67
	3	67
	1	67
	2	68
	3	68
	1	68
	2	69
	3	69
	1	69
	2	70
	3	70
	1	70
	2	71
	3	71
	1	71
	2	72
	3	72
	1	72
	2	73
	3	73
	1	73
	2	74
	3	74
	1	74
	2	75
	3	75
	1	75
	2	76
	3	76
	1	76
	2	77
	3	77
	1	77
	2	78
	3	78
	1	78
	2	79
	3	79
	1	79
	2	80
	3	80
	1	80
	2	81
	3	81
	1	81
	2	82
	3	82
	1	82
	2	83
	3	83
	1	83
	2	84
	3	84
	1	84
	2	85
	3	85
	1	85
	2	86
	3	86
	1	86
	2	87
	3	87
	1	87
	2	88
	3	88
	1	88
	2	89
	3	89
	1	89
	2	90
	3	90
	1	90
	2	91
	3	91
	1	91
	2	92
	3	92
	1	92
	2	93
	3	93
	1	93
	2	94
	3	94
	1	94
	2	95
	3	95
	1	95
	2	96
	3	96
	1	96
	2	97
	3	97
	1	97
	2	98
	3	98
	1	98
	2	99
	3	99
	1	99
	2	100
	3	100
	1	100
	2	101
	3	101
	1	101
	2	102
	3	102
	1	102
	2	103
	3	103
	1	103
	2	104
	3	104
	1	104
	2	105
	3	105
	1	105
	2	106
	3	106
	1	106
	2	107
	3	107
	1	107
	2	108
	3	108
	1	108
	2	109
	3	109
	1	109
	2	110
	3	110
	1	110
	2	111
	3	111
	1	111
	2	112
	3	112
	1	112
	2	113
	3	113
	1	113
	2	114
	3	114
	1	114
	2	115
	3	115
	1	115
	2	116
	3	116
	1	116
	4	115
	5	115
	4	116
	4	114
	5	116
	5	114
	7	115
	8	115
	6	115
	7	116
	7	114
	8	116
	8	114
	6	116
	6	114
	9	115
	9	116
	9	114
	10	115
	10	116
	10	114
	11	115
	11	116
	11	114
	12	115
	12	116
	12	114
	13	115
	13	116
	13	114
	14	115
	14	116
	14	114
	15	115
	15	116
	15	114
	16	115
	16	116
	16	114
	17	115
	17	116
	17	114
	18	115
	18	116
	18	114
	19	115
	19	116
	19	114
	20	115
	20	116
	20	114
	21	115
	21	116
	21	114
	22	115
	22	116
	22	114
	23	115
	23	116
	23	114
	22	113
	23	113
	21	113
	22	112
	23	112
	21	112
	22	111
	23	111
	21	111
	22	110
	23	110
	21	110
	22	109
	23	109
	21	109
	22	108
	23	108
	21	108
	22	107
	23	107
	21	107
	22	106
	23	106
	21	106
	22	105
	23	105
	21	105
	22	104
	23	104
	21	104
	22	103
	23	103
	21	103
	22	102
	23	102
	21	102
	22	101
	23	101
	21	101
	22	100
	23	100
	21	100
	22	99
	23	99
	21	99
	22	98
	23	98
	21	98
	22	97
	23	97
	21	97
	22	96
	23	96
	21	96
	22	95
	23	95
	21	95
	22	94
	23	94
	21	94
	22	93
	23	93
	21	93
	22	92
	23	92
	21	92
	22	91
	23	91
	21	91
	22	90
	23	90
	21	90
	22	89
	23	89
	21	89
	22	88
	23	88
	21	88
	22	87
	23	87
	21	87
	22	86
	23	86
	21	86
	22	85
	23	85
	21	85
	22	84
	23	84
	21	84
	22	83
	23	83
	21	83
	22	82
	23	82
	21	82
	22	81
	23	81
	21	81
	22	80
	23	80
	21	80
	22	79
	23	79
	21	79
	22	78
	23	78
	21	78
	22	77
	23	77
	21	77
	22	76
	23	76
	21	76
	22	75
	23	75
	21	75
	22	74
	23	74
	21	74
	22	73
	23	73
	21	73
	22	72
	23	72
	21	72
	22	71
	23	71
	21	71
	22	70
	23	70
	21	70
	22	69
	23	69
	21	69
	22	68
	23	68
	21	68
	22	67
	23	67
	21	67
	22	66
	23	66
	21	66
	22	65
	23	65
	21	65
	22	64
	23	64
	21	64
	22	63
	23	63
	21	63
	22	62
	23	62
	21	62
	22	61
	23	61
	21	61
	22	60
	23	60
	21	60
	22	59
	23	59
	21	59
	22	58
	23	58
	21	58
	22	57
	23	57
	21	57
	22	56
	23	56
	21	56
	22	55
	23	55
	21	55
	22	54
	23	54
	21	54
	22	53
	23	53
	21	53
	22	52
	23	52
	21	52
	22	51
	23	51
	21	51
	22	50
	23	50
	21	50
	22	49
	23	49
	21	49
	22	48
	23	48
	21	48
	22	47
	23	47
	21	47
	22	46
	23	46
	21	46
	22	45
	23	45
	21	45
	22	44
	23	44
	21	44
	22	43
	23	43
	21	43
	22	42
	23	42
	21	42
	22	41
	23	41
	21	41
	22	40
	23	40
	21	40
	22	39
	23	39
	21	39
	22	38
	23	38
	21	38
	22	37
	23	37
	21	37
	22	36
	23	36
	21	36
	22	35
	23	35
	21	35
	22	34
	23	34
	21	34
	22	33
	23	33
	21	33
	22	32
	23	32
	21	32
	22	31
	23	31
	21	31
	22	30
	23	30
	21	30
	22	29
	23	29
	21	29
	22	28
	23	28
	21	28
	22	27
	23	27
	21	27
	22	26
	23	26
	21	26
	22	25
	23	25
	21	25
	22	24
	23	24
	21	24
	22	23
	23	23
	21	23
	22	22
	23	22
	21	22
	22	21
	23	21
	21	21
	22	20
	23	20
	21	20
	22	19
	23	19
	21	19
	22	18
	23	18
	21	18
	22	17
	23	17
	21	17
	22	16
	23	16
	21	16
	22	15
	23	15
	21	15
	22	14
	23	14
	21	14
	22	13
	23	13
	21	13
	22	12
	23	12
	21	12
	22	11
	23	11
	21	11
	22	10
	23	10
	21	10
	22	9
	23	9
	21	9
	22	8
	23	8
	21	8
	22	7
	23	7
	21	7
	22	6
	23	6
	21	6
	22	5
	23	5
	21	5
	22	4
	23	4
	21	4
	22	3
	23	3
	21	3
	23	2
	23	1
	23	0
InvisibleObstacle		
AW12		
	41	53
	42	53
	40	53
	41	54
	41	52
	42	54
	42	52
	40	54
	40	52
	43	53
	43	54
	43	52
	44	53
	44	54
	44	52
	45	53
	45	54
	45	52
	46	53
	46	54
	46	52
	47	53
	47	54
	47	52
	48	53
	48	54
	48	52
	49	53
	49	54
	49	52
	50	53
	50	54
	50	52
	51	53
	51	54
	51	52
	52	53
	52	54
	52	52
	53	53
	53	54
	53	52
	54	53
	54	54
	54	52
	55	53
	55	54
	55	52
	56	53
	56	54
	56	52
AW13		
	41	81
	42	81
	40	81
	41	82
	41	80
	42	82
	42	80
	40	82
	40	80
	43	81
	43	82
	43	80
	44	81
	44	82
	44	80
	45	81
	45	82
	45	80
	46	81
	46	82
	46	80
	47	81
	47	82
	47	80
	48	81
	48	82
	48	80
	49	81
	49	82
	49	80
	50	81
	50	82
	50	80
	51	81
	51	82
	51	80
	52	81
	52	82
	52	80
	53	81
	53	82
	53	80
	54	81
	54	82
	54	80
	55	81
	55	82
	55	80
	56	81
	56	82
	56	80
AW14		
	41	97
	42	97
	40	97
	41	98
	41	96
	42	98
	42	96
	40	98
	40	96
	43	97
	43	98
	43	96
	44	97
	44	98
	44	96
	45	97
	45	98
	45	96
	46	97
	46	98
	46	96
	47	97
	47	98
	47	96
	48	97
	48	98
	48	96
	49	97
	49	98
	49	96
	50	97
	50	98
	50	96
	51	97
	51	98
	51	96
	52	97
	52	98
	52	96
	53	97
	53	98
	53	96
	54	97
	54	98
	54	96
	55	97
	55	98
	55	96
	56	97
	56	98
	56	96
AW21		
	19	28
	20	28
	18	28
	19	29
	19	27
	20	29
	20	27
	18	29
	18	27
	17	28
	17	29
	17	27
	16	28
	16	29
	16	27
	15	28
	15	29
	15	27
	14	28
	14	29
	14	27
	13	28
	13	29
	13	27
	12	28
	12	29
	12	27
	11	28
	11	29
	11	27
	10	28
	10	29
	10	27
	9	28
	9	29
	9	27
	8	28
	8	29
	8	27
	7	28
	7	29
	7	27
	6	28
	6	29
	6	27
	5	28
	5	29
	5	27
	4	28
	4	29
	4	27
AW22		
	19	53
	20	53
	18	53
	19	54
	19	52
	20	54
	20	52
	18	54
	18	52
	17	53
	17	54
	17	52
	16	53
	16	54
	16	52
	15	53
	15	54
	15	52
	14	53
	14	54
	14	52
	13	53
	13	54
	13	52
	12	53
	12	54
	12	52
	11	53
	11	54
	11	52
	10	53
	10	54
	10	52
	9	53
	9	54
	9	52
	8	53
	8	54
	8	52
	7	53
	7	54
	7	52
	6	53
	6	54
	6	52
	5	53
	5	54
	5	52
	4	53
	4	54
	4	52
	3	53
	3	54
	3	52
AW23		
	19	82
	20	82
	18	82
	19	83
	19	81
	20	83
	20	81
	18	83
	18	81
	17	82
	17	83
	17	81
	16	82
	16	83
	16	81
	15	82
	15	83
	15	81
	14	82
	14	83
	14	81
	13	82
	13	83
	13	81
	12	82
	12	83
	12	81
	11	82
	11	83
	11	81
	10	82
	10	83
	10	81
	9	82
	9	83
	9	81
	8	82
	8	83
	8	81
	7	82
	7	83
	7	81
	6	82
	6	83
	6	81
	5	82
	5	83
	5	81
	4	82
	4	83
	4	81
AW24		
	19	96
	20	96
	18	96
	19	97
	19	95
	20	97
	20	95
	18	97
	18	95
	17	96
	17	97
	17	95
	16	96
	16	97
	16	95
	15	96
	15	97
	15	95
	14	96
	14	97
	14	95
	13	96
	13	97
	13	95
	12	96
	12	97
	12	95
	11	96
	11	97
	11	95
	10	96
	10	97
	10	95
	9	96
	9	97
	9	95
	8	96
	8	97
	8	95
	7	96
	7	97
	7	95
	6	96
	6	97
	6	95
	5	96
	5	97
	5	95
	4	96
	4	97
	4	95
	58	29
	59	29
	57	29
	58	30
	58	28
	59	30
	59	28
	57	30
	57	28
CS8		
	41	20
	42	20
	40	20
	41	21
	41	19
	42	21
	42	19
	40	21
	40	19
CS7		
	19	25
	20	25
	18	25
	19	26
	19	24
	20	26
	20	24
	18	26
	18	24
CS6		
	41	44
	42	44
	40	44
	41	45
	41	43
	42	45
	42	43
	40	45
	40	43
	39	43
	40	42
	41	42
	39	44
	39	42
CS5		
	19	48
	20	48
	18	48
	19	49
	19	47
	20	49
	20	47
	18	49
	18	47
CS4		
	41	66
	42	66
	40	66
	41	67
	41	65
	42	67
	42	65
	40	67
	40	65
CS3		
	19	70
	20	70
	18	70
	19	71
	19	69
	20	71
	20	69
	18	71
	18	69
CS2		
	41	88
	42	88
	40	88
	41	89
	41	87
	42	89
	42	87
	40	89
	40	87
CS1		
	19	93
	20	93
	18	93
	19	94
	19	92
	20	94
	20	92
	18	94
	18	92
