Key	CellX	CellY
VisibleObstacle		
	195	527
	196	527
	194	527
	195	528
	195	526
	196	528
	196	526
	194	528
	194	526
	195	525
	196	525
	194	525
	195	524
	196	524
	194	524
	195	523
	196	523
	194	523
	195	522
	196	522
	194	522
	195	521
	196	521
	194	521
	195	520
	196	520
	194	520
	195	529
	196	529
	194	529
	197	528
	197	529
	197	527
	198	528
	198	529
	198	527
	199	528
	199	529
	199	527
	200	528
	200	529
	200	527
	201	528
	201	529
	201	527
	202	528
	202	529
	202	527
	203	528
	203	529
	203	527
	204	528
	204	529
	204	527
	205	528
	205	529
	205	527
	206	528
	206	529
	206	527
	207	528
	207	529
	207	527
	208	528
	208	529
	208	527
	209	528
	209	529
	209	527
	210	528
	210	529
	210	527
	211	528
	211	529
	211	527
	212	528
	212	529
	212	527
	213	528
	213	529
	213	527
	214	528
	214	529
	214	527
	215	528
	216	528
	215	529
	215	527
	216	529
	216	527
	217	528
	217	529
	217	527
	218	528
	218	529
	218	527
	219	528
	219	529
	219	527
	220	528
	220	529
	220	527
	221	528
	221	529
	221	527
	222	528
	222	529
	222	527
	223	528
	223	529
	223	527
	224	528
	224	529
	224	527
	225	528
	225	529
	225	527
	226	528
	226	529
	226	527
	227	528
	227	529
	227	527
	228	528
	229	528
	228	529
	228	527
	229	529
	229	527
	230	528
	230	529
	230	527
	231	528
	231	529
	231	527
	232	528
	232	529
	232	527
	233	528
	233	529
	233	527
	234	528
	234	529
	234	527
	235	528
	236	528
	235	529
	235	527
	236	529
	236	527
	237	528
	237	529
	237	527
	238	528
	238	529
	238	527
	237	530
	238	530
	236	530
	239	529
	239	530
	239	528
	240	529
	240	530
	240	528
	241	529
	241	530
	241	528
	242	529
	242	530
	242	528
	243	529
	243	530
	243	528
	244	529
	245	529
	244	530
	244	528
	245	530
	245	528
	246	529
	246	530
	246	528
	247	529
	248	529
	247	530
	247	528
	248	530
	248	528
	249	529
	249	530
	249	528
	250	529
	250	530
	250	528
	251	529
	251	530
	251	528
	252	529
	252	530
	252	528
	253	529
	253	530
	253	528
	254	529
	254	530
	254	528
	255	529
	255	530
	255	528
	256	529
	256	530
	256	528
	257	529
	257	530
	257	528
	258	529
	259	529
	258	530
	258	528
	259	530
	259	528
	260	529
	260	530
	260	528
	261	529
	262	529
	261	530
	261	528
	262	530
	262	528
	263	529
	263	530
	263	528
	264	529
	264	530
	264	528
	265	529
	265	530
	265	528
	266	529
	266	530
	266	528
	267	529
	267	530
	267	528
	268	529
	268	530
	268	528
	269	529
	269	530
	269	528
	270	529
	270	530
	270	528
	271	529
	271	530
	271	528
	272	529
	272	530
	272	528
	271	527
	272	527
	270	527
	271	526
	272	526
	270	526
	271	525
	272	525
	270	525
	271	524
	272	524
	270	524
	271	523
	272	523
	270	523
	271	522
	272	522
	270	522
	271	521
	272	521
	270	521
	271	520
	272	520
	270	520
	271	519
	272	519
	270	519
	271	518
	272	518
	270	518
	271	517
	272	517
	270	517
	271	516
	272	516
	270	516
	271	515
	272	515
	270	515
	271	514
	272	514
	270	514
	273	515
	273	516
	273	514
	272	513
	273	513
	271	513
	272	512
	273	512
	271	512
	272	511
	273	511
	271	511
	272	510
	273	510
	271	510
	272	509
	273	509
	271	509
	272	508
	273	508
	271	508
	272	507
	273	507
	271	507
	272	506
	273	506
	271	506
	272	505
	273	505
	271	505
	272	504
	273	504
	271	504
	270	505
	270	506
	270	504
	271	503
	272	503
	270	503
	273	503
	272	502
	273	502
	271	502
	272	501
	273	501
	271	501
	272	500
	273	500
	271	500
	272	499
	273	499
	271	499
	274	500
	274	501
	274	499
	273	498
	274	498
	272	498
	271	498
	272	497
	273	497
	271	497
	272	496
	273	496
	271	496
	272	495
	273	495
	271	495
	270	496
	270	497
	270	495
	271	494
	272	494
	270	494
	271	493
	272	493
	270	493
	271	492
	272	492
	270	492
	271	491
	272	491
	270	491
	271	490
	272	490
	270	490
	271	489
	272	489
	270	489
	271	488
	272	488
	270	488
	273	489
	273	490
	273	488
	272	487
	273	487
	271	487
	272	486
	273	486
	271	486
	272	485
	273	485
	271	485
	272	484
	273	484
	271	484
	272	483
	273	483
	271	483
	272	482
	273	482
	271	482
	272	481
	273	481
	271	481
	272	480
	273	480
	271	480
	272	479
	273	479
	271	479
	272	478
	273	478
	271	478
	272	477
	273	477
	271	477
	270	478
	270	479
	270	477
	271	476
	272	476
	270	476
	271	475
	272	475
	270	475
	271	474
	272	474
	270	474
	273	474
	272	473
	273	475
	273	473
	271	473
	272	472
	273	472
	271	472
	272	471
	273	471
	271	471
	272	470
	273	470
	271	470
	272	469
	273	469
	271	469
	274	470
	274	471
	274	469
	273	468
	274	468
	272	468
	273	467
	274	467
	272	467
	273	466
	274	466
	272	466
	275	466
	274	465
	275	467
	275	465
	273	465
	274	464
	275	464
	273	464
	272	465
	272	464
	273	463
	274	463
	272	463
	273	462
	274	462
	272	462
	271	463
	271	464
	271	462
	272	461
	273	461
	271	461
	272	460
	273	460
	271	460
	270	461
	270	462
	270	460
	271	459
	272	459
	270	459
	271	458
	272	458
	270	458
	271	457
	272	457
	270	457
	271	456
	272	456
	270	456
	271	455
	272	455
	270	455
	271	454
	272	454
	270	454
	273	455
	273	456
	273	454
	272	453
	273	453
	271	453
	272	452
	273	452
	271	452
	272	451
	273	451
	271	451
	272	450
	273	450
	271	450
	272	449
	273	449
	271	449
	272	448
	273	448
	271	448
	272	447
	273	447
	271	447
	271	467
	271	468
	271	466
	271	465
	273	476
	272	445
	273	445
	271	445
	272	446
	272	444
	273	446
	273	444
	271	446
	271	444
	272	443
	273	443
	271	443
	272	442
	273	442
	271	442
	272	441
	273	441
	271	441
	272	440
	273	440
	271	440
	272	439
	273	439
	271	439
	272	438
	273	438
	271	438
	272	437
	273	437
	271	437
	272	436
	273	436
	271	436
	272	435
	273	435
	271	435
	272	434
	273	434
	271	434
	272	433
	273	433
	271	433
	272	432
	273	432
	271	432
	272	431
	273	431
	271	431
	272	430
	273	430
	271	430
	272	429
	273	429
	271	429
	272	428
	273	428
	271	428
	272	427
	273	427
	271	427
	272	426
	273	426
	271	426
	272	424
	273	424
	271	424
	272	425
	272	423
	273	425
	273	423
	271	425
	271	423
	272	422
	273	422
	271	422
	272	421
	273	421
	271	421
	272	420
	273	420
	271	420
	272	419
	273	419
	271	419
	272	418
	273	418
	271	418
	272	417
	273	417
	271	417
	272	416
	273	416
	271	416
	272	415
	273	415
	271	415
	272	414
	273	414
	271	414
	272	413
	273	413
	271	413
	272	412
	273	412
	271	412
	272	411
	273	411
	271	411
	270	412
	270	413
	270	411
	271	410
	272	410
	270	410
	271	409
	272	409
	270	409
	271	408
	272	408
	270	408
	271	407
	272	407
	270	407
	271	406
	272	406
	270	406
	271	405
	272	405
	270	405
	271	404
	272	404
	270	404
	271	403
	272	403
	270	403
	271	402
	272	402
	270	402
	271	401
	272	401
	270	401
	271	400
	272	400
	270	400
	271	399
	272	399
	270	399
	271	398
	272	398
	270	398
	271	397
	272	397
	270	397
	271	396
	272	396
	270	396
	271	395
	272	395
	270	395
	271	394
	272	394
	270	394
	269	394
	270	393
	271	393
	269	395
	269	393
	270	392
	271	392
	269	392
	270	391
	271	391
	269	391
	270	390
	271	390
	269	390
	272	391
	272	392
	272	390
	271	389
	272	389
	270	389
	273	390
	273	391
	273	389
	272	388
	273	388
	271	388
	272	387
	273	387
	271	387
	270	387
	271	386
	272	386
	270	388
	270	386
	271	385
	272	385
	270	385
	271	384
	272	384
	270	384
	273	385
	273	386
	273	384
	272	383
	273	383
	271	383
	272	382
	273	382
	271	382
	272	381
	273	381
	271	381
	272	380
	273	380
	271	380
	272	379
	273	379
	271	379
	272	378
	273	378
	271	378
	272	377
	273	377
	271	377
	272	376
	273	376
	271	376
	272	375
	273	375
	271	375
	272	374
	273	374
	271	374
	272	373
	273	373
	271	373
	272	372
	273	372
	271	372
	272	370
	273	370
	271	370
	272	371
	272	369
	273	371
	273	369
	271	371
	271	369
	272	368
	273	368
	271	368
	272	367
	273	367
	271	367
	272	366
	273	366
	271	366
	272	365
	273	365
	271	365
	274	366
	274	367
	274	365
	273	364
	274	364
	272	364
	273	363
	274	363
	272	363
	273	362
	274	362
	272	362
	271	363
	271	364
	271	362
	272	361
	273	361
	271	361
	272	360
	273	360
	271	360
	272	359
	273	359
	271	359
	272	358
	273	358
	271	358
	272	357
	273	357
	271	357
	272	356
	273	356
	271	356
	272	355
	273	355
	271	355
	272	354
	273	354
	271	354
	272	353
	273	353
	271	353
	272	352
	273	352
	271	352
	272	351
	273	351
	271	351
	272	350
	273	350
	271	350
	270	351
	270	352
	270	350
	271	349
	272	349
	270	349
	269	350
	269	351
	269	349
	270	348
	271	348
	269	348
	270	347
	271	347
	269	347
	270	346
	271	346
	269	346
	270	345
	271	345
	269	345
	270	344
	271	344
	269	344
	272	345
	272	346
	272	344
	271	343
	272	343
	270	343
	272	347
	273	347
	272	348
	273	348
	273	346
	273	345
	273	344
	273	343
	274	343
	273	342
	274	344
	274	342
	272	342
	273	341
	274	341
	272	341
	273	340
	274	340
	272	340
	273	339
	274	339
	272	339
	273	338
	274	338
	272	338
	271	339
	271	340
	271	338
	272	337
	273	337
	271	337
	272	336
	273	336
	271	336
	272	335
	273	335
	271	335
	272	334
	273	334
	271	334
	272	333
	273	333
	271	333
	272	332
	273	332
	271	332
	272	331
	273	331
	271	331
	272	330
	273	330
	271	330
	274	331
	274	332
	274	330
	273	329
	274	329
	272	329
	273	328
	274	328
	272	328
	271	328
	272	327
	273	327
	271	329
	271	327
	272	326
	273	326
	271	326
	272	325
	273	325
	271	325
	272	324
	273	324
	271	324
	272	323
	273	323
	271	323
	270	324
	270	325
	270	323
	271	322
	272	322
	270	322
	271	321
	272	321
	270	321
	271	320
	272	320
	270	320
	271	319
	272	319
	270	319
	271	318
	272	318
	270	318
	271	317
	272	317
	270	317
	271	316
	272	316
	270	316
	271	315
	272	315
	270	315
	273	315
	272	314
	273	316
	273	314
	271	314
	272	313
	273	313
	271	313
	272	312
	273	312
	271	312
	272	311
	273	311
	271	311
	270	312
	270	313
	270	311
	271	310
	272	310
	270	310
	271	309
	272	309
	270	309
	271	308
	272	308
	270	308
	273	308
	272	307
	273	309
	273	307
	271	307
	272	306
	273	306
	271	306
	274	307
	274	308
	274	306
	273	305
	274	305
	272	305
	273	304
	274	304
	272	304
	273	303
	274	303
	272	303
	273	302
	274	302
	272	302
	273	301
	274	301
	272	301
	271	302
	271	303
	271	301
	272	300
	273	300
	271	300
	272	299
	273	299
	271	299
	272	298
	273	298
	271	298
	272	297
	273	297
	271	297
	272	296
	273	296
	271	296
	272	294
	273	294
	271	294
	272	295
	272	293
	273	295
	273	293
	271	295
	271	293
	272	292
	273	292
	271	292
	272	291
	273	291
	271	291
	272	290
	273	290
	271	290
	272	289
	273	289
	271	289
	272	288
	273	288
	271	288
	272	287
	273	287
	271	287
	272	286
	273	286
	271	286
	272	285
	273	285
	271	285
	272	284
	273	284
	271	284
	272	283
	273	283
	271	283
	272	282
	273	282
	271	282
	272	281
	273	281
	271	281
	272	280
	273	280
	271	280
	270	281
	270	282
	270	280
	271	279
	272	279
	270	279
	271	278
	272	278
	270	278
	271	277
	272	277
	270	277
	271	276
	272	276
	270	276
	271	275
	272	275
	270	275
	271	274
	272	274
	270	274
	271	273
	272	273
	270	273
	271	272
	272	272
	270	272
	271	271
	272	271
	270	271
	271	270
	272	270
	270	270
	273	271
	273	272
	273	270
	272	269
	273	269
	271	269
	272	268
	273	268
	271	268
	272	267
	273	267
	271	267
	272	266
	273	266
	271	266
	270	267
	270	268
	270	266
	271	265
	272	265
	270	265
	271	264
	272	264
	270	264
	271	263
	272	263
	270	263
	271	262
	272	262
	270	262
	271	261
	272	261
	270	261
	271	260
	272	260
	270	260
	271	259
	272	259
	270	259
	271	258
	272	258
	270	258
	273	258
	272	257
	273	259
	273	257
	271	257
	272	256
	273	256
	271	256
	272	255
	273	255
	271	255
	272	254
	273	254
	271	254
	272	253
	273	253
	271	253
	272	252
	273	252
	271	252
	272	251
	273	251
	271	251
	272	250
	273	250
	271	250
	272	249
	273	249
	271	249
	272	248
	273	248
	271	248
	272	247
	273	247
	271	247
	272	246
	273	246
	271	246
	272	245
	273	245
	271	245
	272	244
	273	244
	271	244
	272	243
	273	243
	271	243
	272	242
	273	242
	271	242
	272	241
	273	241
	271	241
	272	240
	273	240
	271	240
	272	239
	273	239
	271	239
	272	238
	273	238
	271	238
	272	237
	273	237
	271	237
	274	237
	273	236
	274	238
	274	236
	272	236
	273	235
	274	235
	272	235
	273	234
	274	234
	272	234
	273	233
	274	233
	272	233
	273	232
	274	232
	272	232
	275	233
	275	234
	275	232
	274	231
	275	231
	273	231
	274	230
	275	230
	273	230
	274	229
	275	229
	273	229
	272	229
	273	228
	274	228
	272	230
	272	228
	273	227
	274	227
	272	227
	273	226
	274	226
	272	226
	271	227
	271	228
	271	226
	272	225
	273	225
	271	225
	272	224
	273	224
	271	224
	272	223
	273	223
	271	223
	270	224
	270	225
	270	223
	271	222
	272	222
	270	222
	271	221
	272	221
	270	221
	272	231
	271	231
	271	232
	271	230
	273	220
	274	220
	272	220
	273	221
	273	219
	274	221
	274	219
	272	219
	273	218
	274	218
	272	218
	271	220
	270	220
	271	219
	270	219
	271	218
	270	218
	271	217
	272	217
	270	217
	271	216
	272	216
	270	216
	271	215
	272	215
	270	215
	271	214
	272	214
	270	214
	271	213
	272	213
	270	213
	273	213
	272	212
	273	214
	273	212
	271	212
	272	211
	273	211
	271	211
	272	210
	273	210
	271	210
	272	209
	273	209
	271	209
	272	208
	273	208
	271	208
	272	207
	273	207
	271	207
	272	206
	273	206
	271	206
	272	205
	273	205
	271	205
	272	204
	273	204
	271	204
	272	203
	273	203
	271	203
	272	202
	273	202
	271	202
	272	201
	273	201
	271	201
	270	202
	270	203
	270	201
	271	200
	272	200
	270	200
	271	199
	272	199
	270	199
	271	198
	272	198
	270	198
	271	197
	272	197
	270	197
	271	196
	272	196
	270	196
	271	195
	272	195
	270	195
	271	194
	272	194
	270	194
	271	193
	272	193
	270	193
	271	192
	272	192
	270	192
	273	192
	272	191
	273	193
	273	191
	271	191
	272	190
	273	190
	271	190
	272	189
	273	189
	271	189
	274	189
	273	188
	274	190
	274	188
	272	188
	273	187
	274	187
	272	187
	273	186
	274	186
	272	186
	273	185
	274	185
	272	185
	273	184
	274	184
	272	184
	273	183
	274	183
	272	183
	271	183
	272	182
	273	182
	271	184
	271	182
	272	181
	273	181
	271	181
	272	180
	273	180
	271	180
	272	179
	273	179
	271	179
	272	178
	273	178
	271	178
	272	177
	273	177
	271	177
	272	176
	273	176
	271	176
	272	175
	273	175
	271	175
	272	174
	273	174
	271	174
	272	173
	273	173
	271	173
	272	171
	273	171
	271	171
	272	172
	272	170
	273	172
	273	170
	271	172
	271	170
	272	169
	273	169
	271	169
	272	168
	273	168
	271	168
	272	167
	273	167
	271	167
	274	167
	273	166
	274	168
	274	166
	272	166
	273	165
	274	165
	272	165
	273	164
	274	164
	272	164
	273	163
	274	163
	272	163
	271	164
	271	165
	271	163
	272	162
	273	162
	271	162
	272	161
	273	161
	271	161
	270	162
	270	163
	270	161
	271	160
	272	160
	270	160
	271	159
	272	159
	270	159
	271	158
	272	158
	270	158
	271	157
	272	157
	270	157
	271	156
	272	156
	270	156
	271	155
	272	155
	270	155
	271	154
	272	154
	270	154
	271	153
	272	153
	270	153
	271	152
	272	152
	270	152
	271	151
	272	151
	270	151
	273	151
	272	150
	273	152
	273	150
	271	150
	272	149
	273	149
	271	149
	272	148
	273	148
	271	148
	272	147
	273	147
	271	147
	272	146
	273	146
	271	146
	270	146
	271	145
	272	145
	270	147
	270	145
	271	144
	272	144
	270	144
	271	143
	272	143
	270	143
	271	142
	272	142
	270	142
	271	141
	272	141
	270	141
	271	140
	272	140
	270	140
	271	139
	272	139
	270	139
	271	138
	272	138
	270	138
	273	138
	272	137
	273	139
	273	137
	271	137
	272	136
	273	136
	271	136
	274	137
	274	138
	274	136
	273	135
	274	135
	272	135
	271	135
	272	134
	273	134
	271	134
	272	133
	273	133
	271	133
	272	132
	273	132
	271	132
	272	131
	273	131
	271	131
	272	130
	273	130
	271	130
	272	129
	273	129
	271	129
	272	128
	273	128
	271	128
	272	127
	273	127
	271	127
	272	126
	273	126
	271	126
	272	125
	273	125
	271	125
	272	124
	273	124
	271	124
	272	123
	273	123
	271	123
	272	122
	273	122
	271	122
	272	121
	273	121
	271	121
	272	120
	273	120
	271	120
	272	117
	273	117
	271	117
	272	118
	272	116
	273	118
	273	116
	271	118
	271	116
	272	119
	273	119
	271	119
	272	115
	273	115
	271	115
	274	115
	273	114
	274	116
	274	114
	272	114
	273	113
	274	113
	272	113
	273	112
	274	112
	272	112
	273	111
	274	111
	272	111
	273	110
	274	110
	272	110
	273	109
	274	109
	272	109
	273	108
	274	108
	272	108
	273	107
	274	107
	272	107
	273	106
	274	106
	272	106
	273	105
	274	105
	272	105
	271	106
	271	107
	271	105
	272	104
	273	104
	271	104
	272	103
	273	103
	271	103
	274	103
	273	102
	274	104
	274	102
	272	102
	273	101
	274	101
	272	101
	273	100
	274	100
	272	100
	273	99
	274	99
	272	99
	275	99
	274	98
	275	100
	275	98
	273	98
	274	97
	275	97
	273	97
	272	98
	272	97
	273	96
	274	96
	272	96
	271	97
	271	98
	271	96
	272	95
	273	95
	271	95
	272	94
	273	94
	271	94
	272	93
	273	93
	271	93
	272	92
	273	92
	271	92
	270	93
	270	94
	270	92
	271	91
	272	91
	270	91
	271	90
	272	90
	270	90
	271	89
	272	89
	270	89
	271	88
	272	88
	270	88
	271	87
	272	87
	270	87
	269	87
	270	86
	271	86
	269	88
	269	86
	270	85
	271	85
	269	85
	270	84
	271	84
	269	84
	270	83
	271	83
	269	83
	270	82
	271	82
	269	82
	270	81
	271	81
	269	81
	272	81
	271	80
	272	82
	272	80
	270	80
	273	80
	272	79
	273	81
	273	79
	271	79
	272	78
	273	78
	271	78
	274	79
	274	80
	274	78
	273	77
	274	77
	272	77
	271	77
	272	76
	273	76
	271	76
	270	76
	271	75
	272	75
	270	77
	270	75
	271	74
	272	74
	270	74
	271	73
	272	73
	270	73
	271	72
	272	72
	270	72
	271	71
	272	71
	270	71
	273	72
	273	73
	273	71
	272	70
	273	70
	271	70
	273	86
	274	86
	272	86
	273	87
	273	85
	274	87
	274	85
	272	85
	273	84
	274	84
	272	84
	273	83
	274	83
	272	83
	273	82
	274	82
	271	68
	272	68
	270	68
	271	69
	271	67
	272	69
	272	67
	270	69
	270	67
	273	68
	273	69
	273	67
	272	66
	273	66
	271	66
	272	65
	273	65
	271	65
	272	64
	273	64
	271	64
	272	63
	273	63
	271	63
	272	62
	273	62
	271	62
	272	61
	273	61
	271	61
	272	60
	273	60
	271	60
	272	59
	273	59
	271	59
	272	58
	273	58
	271	58
	272	57
	273	57
	271	57
	272	56
	273	56
	271	56
	272	55
	273	55
	271	55
	272	54
	273	54
	271	54
	272	53
	273	53
	271	53
	272	52
	273	52
	271	52
	272	51
	273	51
	271	51
	272	50
	273	50
	271	50
	272	49
	273	49
	271	49
	272	48
	273	48
	271	48
	197	48
	198	48
	196	48
	197	49
	197	47
	198	49
	198	47
	196	49
	196	47
	200	47
	201	47
	199	47
	200	48
	200	46
	201	48
	201	46
	199	48
	199	46
	202	47
	202	48
	202	46
	203	47
	203	48
	203	46
	204	46
	205	46
	204	47
	204	45
	205	47
	205	45
	203	45
	206	46
	207	46
	206	47
	206	45
	207	47
	207	45
	208	46
	208	47
	208	45
	209	46
	209	47
	209	45
	210	46
	210	47
	210	45
	211	46
	211	47
	211	45
	212	46
	212	47
	212	45
	213	46
	213	47
	213	45
	214	46
	214	47
	214	45
	215	47
	216	47
	215	48
	215	46
	216	48
	216	46
	214	48
	217	47
	217	48
	217	46
	218	47
	218	48
	218	46
	219	47
	219	48
	219	46
	220	47
	220	48
	220	46
	221	47
	221	48
	221	46
	222	47
	223	47
	222	48
	222	46
	223	48
	223	46
	224	47
	224	48
	224	46
	225	47
	226	47
	225	48
	225	46
	226	48
	226	46
	227	47
	227	48
	227	46
	228	47
	228	48
	228	46
	229	47
	229	48
	229	46
	230	47
	230	48
	230	46
	231	47
	231	48
	231	46
	232	47
	232	48
	232	46
	233	47
	233	48
	233	46
	234	47
	234	48
	234	46
	235	47
	235	48
	235	46
	236	47
	236	48
	236	46
	237	47
	237	48
	237	46
	238	47
	238	48
	238	46
	239	47
	239	48
	239	46
	240	47
	240	48
	240	46
	241	47
	242	47
	241	48
	241	46
	242	48
	242	46
	243	47
	243	48
	243	46
	244	47
	244	48
	244	46
	245	46
	244	45
	245	47
	245	45
	243	45
	246	46
	246	47
	246	45
	247	46
	247	47
	247	45
	248	46
	248	47
	248	45
	249	46
	249	47
	249	45
	250	47
	249	48
	250	48
	250	46
	248	48
	251	47
	251	48
	251	46
	252	47
	253	47
	252	48
	252	46
	253	48
	253	46
	254	47
	254	48
	254	46
	255	47
	255	48
	255	46
	256	47
	256	48
	256	46
	257	47
	257	48
	257	46
	258	47
	258	48
	258	46
	259	47
	259	48
	259	46
	260	47
	260	48
	260	46
	261	47
	261	48
	261	46
	262	47
	262	48
	262	46
	263	47
	263	48
	263	46
	264	47
	264	48
	264	46
	265	47
	265	48
	265	46
	266	47
	266	48
	266	46
	267	47
	267	48
	267	46
	268	47
	268	48
	268	46
	269	47
	269	48
	269	46
	270	47
	270	48
	270	46
	271	47
	271	46
	272	47
	272	46
	273	47
	273	46
	274	47
	274	48
	274	46
	246	48
	247	48
	245	48
	196	519
	197	519
	195	519
	196	518
	197	520
	197	518
	195	518
	196	517
	197	517
	195	517
	196	516
	197	516
	195	516
	196	515
	197	515
	195	515
	196	514
	197	514
	195	514
	198	514
	197	513
	198	515
	198	513
	196	513
	197	512
	198	512
	196	512
	197	511
	198	511
	196	511
	197	510
	198	510
	196	510
	197	509
	198	509
	196	509
	197	508
	198	508
	196	508
	197	507
	198	507
	196	507
	197	506
	198	506
	196	506
	197	505
	198	505
	196	505
	197	504
	198	504
	196	504
	197	503
	198	503
	196	503
	197	502
	198	502
	196	502
	195	503
	195	504
	195	502
	196	501
	197	501
	195	501
	196	500
	197	500
	195	500
	196	499
	197	499
	195	499
	196	498
	197	498
	195	498
	196	497
	197	497
	195	497
	196	496
	197	496
	195	496
	196	495
	197	495
	195	495
	196	494
	197	494
	195	494
	196	493
	197	493
	195	493
	198	493
	197	492
	198	494
	198	492
	196	492
	197	491
	198	491
	196	491
	197	490
	198	490
	196	490
	197	489
	198	489
	196	489
	197	488
	198	488
	196	488
	197	487
	198	487
	196	487
	197	486
	198	486
	196	486
	197	485
	198	485
	196	485
	195	485
	196	484
	197	484
	195	486
	195	484
	196	483
	197	483
	195	483
	196	482
	197	482
	195	482
	196	481
	197	481
	195	481
	196	480
	197	480
	195	480
	194	480
	195	479
	196	479
	194	481
	194	479
	195	478
	196	478
	194	478
	195	477
	196	477
	194	477
	195	476
	196	476
	194	476
	195	475
	196	475
	194	475
	195	474
	196	474
	194	474
	195	473
	196	473
	194	473
	195	472
	196	472
	194	472
	195	471
	196	471
	194	471
	193	472
	193	473
	193	471
	194	470
	195	470
	193	470
	194	469
	195	469
	193	469
	194	468
	195	468
	193	468
	194	467
	195	467
	193	467
	194	466
	195	466
	193	466
	194	465
	195	465
	193	465
	196	465
	195	464
	196	466
	196	464
	194	464
	195	463
	196	463
	194	463
	197	463
	196	462
	197	464
	197	462
	195	462
	196	461
	197	461
	195	461
	196	460
	197	460
	195	460
	196	459
	197	459
	195	459
	196	458
	197	458
	195	458
	196	457
	197	457
	195	457
	196	456
	197	456
	195	456
	196	455
	197	455
	195	455
	196	454
	197	454
	195	454
	196	453
	197	453
	195	453
	196	452
	197	452
	195	452
	196	451
	197	451
	195	451
	196	450
	197	450
	195	450
	196	449
	197	449
	195	449
	196	448
	197	448
	195	448
	196	447
	197	447
	195	447
	196	446
	197	446
	195	446
	194	446
	195	445
	196	445
	194	447
	194	445
	195	444
	196	444
	194	444
	195	443
	196	443
	194	443
	195	442
	196	442
	194	442
	195	441
	196	441
	194	441
	193	441
	194	440
	195	440
	193	442
	193	440
	194	439
	195	439
	193	439
	194	438
	195	438
	193	438
	194	437
	195	437
	193	437
	194	436
	195	436
	193	436
	194	435
	195	435
	193	435
	194	434
	195	434
	193	434
	194	433
	195	433
	193	433
	194	432
	195	432
	193	432
	194	431
	195	431
	193	431
	194	430
	195	430
	193	430
	192	430
	193	429
	194	429
	192	431
	192	429
	193	428
	194	428
	192	428
	193	427
	194	427
	192	427
	193	426
	194	426
	192	426
	193	425
	194	425
	192	425
	193	424
	194	424
	192	424
	193	423
	194	423
	192	423
	193	422
	194	422
	192	422
	197	443
	198	443
	197	444
	197	442
	198	444
	198	442
	197	441
	198	441
	197	440
	198	440
	196	440
	197	439
	198	439
	196	439
	197	438
	198	438
	196	438
	197	437
	198	437
	196	437
	196	436
	197	436
	196	435
	197	435
	196	434
	197	434
	196	433
	197	433
	196	432
	196	431
	196	430
	195	429
	196	429
	195	428
	196	428
	195	427
	196	427
	195	426
	196	426
	195	425
	196	425
	195	424
	196	424
	195	423
	196	423
	195	422
	196	422
	195	421
	196	421
	194	421
	197	421
	196	420
	197	422
	197	420
	195	420
	196	419
	197	419
	195	419
	196	418
	197	418
	195	418
	196	417
	197	417
	195	417
	198	417
	197	416
	198	418
	198	416
	196	416
	197	415
	198	415
	196	415
	197	414
	198	414
	196	414
	195	414
	196	413
	197	413
	195	415
	195	413
	196	412
	197	412
	195	412
	196	411
	197	411
	195	411
	196	410
	197	410
	195	410
	196	409
	197	409
	195	409
	196	408
	197	408
	195	408
	196	407
	197	407
	195	407
	196	406
	197	406
	195	406
	194	406
	195	405
	196	405
	194	407
	194	405
	195	404
	196	404
	194	404
	195	403
	196	403
	194	403
	195	402
	196	402
	194	402
	195	401
	196	401
	194	401
	195	400
	196	400
	194	400
	195	399
	196	399
	194	399
	197	399
	196	398
	197	400
	197	398
	195	398
	196	396
	197	396
	195	396
	196	397
	196	395
	197	397
	197	395
	195	397
	195	395
	196	394
	197	394
	195	394
	196	393
	197	393
	195	393
	196	392
	197	392
	195	392
	196	391
	197	391
	195	391
	196	390
	197	390
	195	390
	196	389
	197	389
	195	389
	196	388
	197	388
	195	388
	196	387
	197	387
	195	387
	196	386
	197	386
	195	386
	196	385
	197	385
	195	385
	196	384
	197	384
	195	384
	196	383
	197	383
	195	383
	196	382
	197	382
	195	382
	196	381
	197	381
	195	381
	196	380
	197	380
	195	380
	196	379
	197	379
	195	379
	196	378
	197	378
	195	378
	196	377
	197	377
	195	377
	196	376
	197	376
	195	376
	196	375
	197	375
	195	375
	196	374
	197	374
	195	374
	196	373
	197	373
	195	373
	196	372
	197	372
	195	372
	198	372
	197	371
	198	373
	198	371
	196	371
	197	370
	198	370
	196	370
	197	369
	198	369
	196	369
	197	368
	198	368
	196	368
	197	367
	198	367
	196	367
	197	366
	198	366
	196	366
	197	365
	198	365
	196	365
	197	364
	198	364
	196	364
	197	363
	198	363
	196	363
	197	362
	198	362
	196	362
	197	361
	198	361
	196	361
	197	360
	198	360
	196	360
	197	359
	198	359
	196	359
	197	358
	198	358
	196	358
	197	357
	198	357
	196	357
	197	356
	198	356
	196	356
	197	355
	198	355
	196	355
	197	354
	198	354
	196	354
	197	353
	198	353
	196	353
	197	352
	198	352
	196	352
	197	351
	198	351
	196	351
	197	350
	198	350
	196	350
	197	349
	198	349
	196	349
	197	348
	198	348
	196	348
	197	347
	198	347
	196	347
	197	346
	198	346
	196	346
	195	346
	196	345
	197	345
	195	347
	195	345
	196	344
	197	344
	195	344
	196	343
	197	343
	195	343
	198	343
	197	342
	198	344
	198	342
	196	342
	197	341
	198	341
	196	341
	199	342
	199	343
	199	341
	198	340
	199	340
	197	340
	198	339
	199	339
	197	339
	200	339
	199	338
	200	340
	200	338
	198	338
	199	337
	200	337
	198	337
	197	337
	196	337
	197	338
	197	336
	198	336
	196	338
	196	336
	197	335
	198	335
	196	335
	197	334
	198	334
	196	334
	195	340
	196	340
	194	340
	195	341
	195	339
	196	339
	194	341
	194	339
	195	338
	194	338
	195	337
	194	337
	193	338
	193	339
	193	337
	194	336
	195	336
	193	336
	194	335
	195	335
	193	335
	194	334
	195	334
	193	334
	194	333
	195	333
	193	333
	194	332
	195	332
	193	332
	194	331
	195	331
	193	331
	194	330
	195	330
	193	330
	194	329
	195	329
	193	329
	194	328
	195	328
	193	328
	195	326
	196	326
	194	326
	195	327
	195	325
	196	327
	196	325
	194	327
	194	325
	196	323
	197	323
	195	323
	196	324
	196	322
	197	324
	197	322
	195	324
	195	322
	196	321
	197	321
	195	321
	196	320
	197	320
	195	320
	198	320
	197	319
	198	321
	198	319
	196	319
	197	318
	198	318
	196	318
	197	317
	198	317
	196	317
	197	315
	198	315
	196	315
	197	316
	197	314
	198	316
	198	314
	196	316
	196	314
	197	313
	198	313
	196	313
	197	312
	198	312
	196	312
	197	311
	198	311
	196	311
	197	310
	198	310
	196	310
	197	309
	198	309
	196	309
	195	309
	196	308
	197	308
	195	310
	195	308
	196	307
	197	307
	195	307
	196	306
	197	306
	195	306
	196	305
	197	305
	195	305
	196	304
	197	304
	195	304
	194	304
	195	303
	196	303
	194	305
	194	303
	195	302
	196	302
	194	302
	195	301
	196	301
	194	301
	195	300
	196	300
	194	300
	195	299
	196	299
	194	299
	195	298
	196	298
	194	298
	195	297
	196	297
	194	297
	195	296
	196	296
	194	296
	197	296
	196	295
	197	297
	197	295
	195	295
	196	294
	197	294
	195	294
	196	293
	197	293
	195	293
	196	292
	197	292
	195	292
	196	291
	197	291
	195	291
	196	290
	197	290
	195	290
	196	289
	197	289
	195	289
	196	288
	197	288
	195	288
	196	287
	197	287
	195	287
	196	286
	197	286
	195	286
	196	285
	197	285
	195	285
	196	284
	197	284
	195	284
	196	283
	197	283
	195	283
	196	282
	197	282
	195	282
	196	281
	197	281
	195	281
	196	280
	197	280
	195	280
	196	279
	197	279
	195	279
	196	278
	197	278
	195	278
	196	277
	197	277
	195	277
	196	276
	197	276
	195	276
	196	275
	197	275
	195	275
	196	274
	197	274
	195	274
	196	273
	197	273
	195	273
	196	272
	197	272
	195	272
	196	271
	197	271
	195	271
	194	272
	194	273
	194	271
	195	270
	196	270
	194	270
	195	269
	196	269
	194	269
	195	268
	196	268
	194	268
	195	267
	196	267
	194	267
	195	266
	196	266
	194	266
	197	266
	196	265
	197	267
	197	265
	195	265
	196	264
	197	264
	195	264
	198	264
	197	263
	198	265
	198	263
	196	263
	197	262
	198	262
	196	262
	197	261
	198	261
	196	261
	197	260
	198	260
	196	260
	197	259
	198	259
	196	259
	197	258
	198	258
	196	258
	197	257
	198	257
	196	257
	197	256
	198	256
	196	256
	197	255
	198	255
	196	255
	197	254
	198	254
	196	254
	197	253
	198	253
	196	253
	197	252
	198	252
	196	252
	197	250
	198	250
	196	250
	197	251
	197	249
	198	251
	198	249
	196	251
	196	249
	197	248
	198	248
	196	248
	197	247
	198	247
	196	247
	195	247
	194	247
	195	248
	195	246
	196	246
	194	248
	194	246
	194	245
	195	245
	193	245
	194	244
	195	244
	193	246
	193	244
	194	243
	195	243
	193	243
	194	242
	195	242
	193	242
	194	241
	195	241
	193	241
	194	240
	195	240
	193	240
	194	239
	195	239
	193	239
	196	239
	195	238
	196	240
	196	238
	194	238
	195	237
	196	237
	194	237
	197	237
	196	236
	197	238
	197	236
	195	236
	196	235
	197	235
	195	235
	196	234
	197	234
	195	234
	196	233
	197	233
	195	233
	196	232
	197	232
	195	232
	196	231
	197	231
	195	231
	196	230
	197	230
	195	230
	196	229
	197	229
	195	229
	196	228
	197	228
	195	228
	196	227
	197	227
	195	227
	196	226
	197	226
	195	226
	196	225
	197	225
	195	225
	196	224
	197	224
	195	224
	196	223
	197	223
	195	223
	196	222
	197	222
	195	222
	196	221
	197	221
	195	221
	196	220
	197	220
	195	220
	196	219
	197	219
	195	219
	196	218
	197	218
	195	218
	196	217
	197	217
	195	217
	196	216
	197	216
	195	216
	196	215
	197	215
	195	215
	196	214
	197	214
	195	214
	198	215
	198	216
	198	214
	198	213
	199	213
	197	213
	198	212
	199	214
	199	212
	197	212
	199	211
	200	211
	198	211
	199	210
	200	212
	200	210
	198	210
	199	209
	200	209
	198	209
	199	208
	200	208
	198	208
	199	207
	200	207
	198	207
	197	208
	197	209
	197	207
	198	206
	199	206
	197	206
	198	205
	199	205
	197	205
	198	203
	199	203
	197	203
	198	204
	198	202
	199	204
	199	202
	197	204
	197	202
	198	201
	199	201
	197	201
	198	200
	199	200
	197	200
	198	199
	199	199
	197	199
	198	198
	199	198
	197	198
	200	198
	199	197
	200	199
	200	197
	198	197
	199	196
	200	196
	198	196
	199	195
	200	195
	198	195
	199	194
	200	194
	198	194
	199	193
	200	193
	198	193
	199	192
	200	192
	198	192
	197	192
	198	191
	199	191
	197	193
	197	191
	198	190
	199	190
	197	190
	198	189
	199	189
	197	189
	196	189
	197	188
	198	188
	196	190
	196	188
	197	187
	198	187
	196	187
	197	186
	198	186
	196	186
	197	185
	198	185
	196	185
	197	184
	198	184
	196	184
	197	183
	198	183
	196	183
	195	183
	196	182
	197	182
	195	184
	195	182
	196	181
	197	181
	195	181
	196	180
	197	180
	195	180
	196	179
	197	179
	195	179
	196	178
	197	178
	195	178
	196	177
	197	177
	195	177
	196	176
	197	176
	195	176
	196	175
	197	175
	195	175
	195	174
	196	174
	194	174
	195	173
	196	173
	194	175
	194	173
	195	172
	196	172
	194	172
	195	171
	196	171
	194	171
	195	170
	196	170
	194	170
	195	169
	196	169
	194	169
	195	168
	196	168
	194	168
	195	167
	196	167
	194	167
	195	166
	196	166
	194	166
	195	165
	196	165
	194	165
	195	164
	196	164
	194	164
	195	163
	196	163
	194	163
	195	162
	196	162
	194	162
	197	162
	196	161
	197	163
	197	161
	195	161
	196	160
	197	160
	195	160
	196	159
	197	159
	195	159
	196	158
	197	158
	195	158
	196	156
	197	156
	195	156
	196	157
	196	155
	197	157
	197	155
	195	157
	195	155
	196	154
	197	154
	195	154
	197	152
	198	152
	196	152
	197	153
	197	151
	198	153
	198	151
	196	153
	196	151
	197	150
	198	150
	196	150
	197	149
	198	149
	196	149
	197	148
	198	148
	196	148
	197	147
	198	147
	196	147
	197	146
	198	146
	196	146
	196	145
	197	145
	195	145
	196	144
	197	144
	195	146
	195	144
	196	143
	197	143
	195	143
	195	142
	196	142
	194	142
	195	141
	196	141
	194	143
	194	141
	194	139
	195	139
	193	139
	194	140
	194	138
	195	140
	195	138
	193	140
	193	138
	194	137
	195	137
	193	137
	194	136
	195	136
	193	136
	194	135
	195	135
	193	135
	194	134
	195	134
	193	134
	194	133
	195	133
	193	133
	194	132
	195	132
	193	132
	194	131
	195	131
	193	131
	194	130
	195	130
	193	130
	196	130
	195	129
	196	131
	196	129
	194	129
	197	129
	196	128
	197	130
	197	128
	195	128
	196	127
	197	127
	195	127
	196	126
	197	126
	195	126
	196	125
	197	125
	195	125
	196	124
	197	124
	195	124
	196	123
	197	123
	195	123
	196	122
	197	122
	195	122
	196	121
	197	121
	195	121
	196	120
	197	120
	195	120
	196	119
	197	119
	195	119
	196	118
	197	118
	195	118
	196	117
	197	117
	195	117
	196	116
	197	116
	195	116
	196	115
	197	115
	195	115
	196	114
	197	114
	195	114
	196	113
	197	113
	195	113
	196	112
	197	112
	195	112
	196	111
	197	111
	195	111
	196	110
	197	110
	195	110
	196	109
	197	109
	195	109
	196	108
	197	108
	195	108
	196	107
	197	107
	195	107
	196	106
	197	106
	195	106
	196	105
	197	105
	195	105
	196	104
	197	104
	195	104
	196	103
	197	103
	195	103
	196	102
	197	102
	195	102
	197	100
	198	100
	196	100
	197	101
	197	99
	198	101
	198	99
	196	101
	196	99
	197	97
	198	97
	196	97
	197	98
	197	96
	198	98
	198	96
	196	98
	196	96
	197	95
	198	95
	196	95
	197	94
	198	94
	196	94
	197	92
	198	92
	196	92
	197	93
	197	91
	198	93
	198	91
	196	93
	196	91
	197	90
	198	90
	196	90
	197	88
	198	88
	196	88
	197	89
	197	87
	198	89
	198	87
	196	89
	196	87
	197	86
	198	86
	196	86
	197	85
	198	85
	196	85
	197	84
	198	84
	196	84
	197	83
	198	83
	196	83
	197	82
	198	82
	196	82
	197	81
	198	81
	196	81
	197	78
	198	78
	196	78
	197	79
	197	77
	198	79
	198	77
	196	79
	196	77
	197	76
	198	76
	196	76
	197	74
	198	74
	196	74
	197	75
	197	73
	198	75
	198	73
	196	75
	196	73
	197	70
	198	70
	196	70
	197	71
	197	69
	198	71
	198	69
	196	71
	196	69
	197	68
	198	68
	196	68
	197	67
	198	67
	196	67
	197	66
	198	66
	196	66
	197	65
	198	65
	196	65
	196	64
	197	64
	195	64
	196	63
	197	63
	195	65
	195	63
	196	62
	197	62
	195	62
	196	61
	197	61
	195	61
	195	60
	196	60
	194	60
	195	59
	196	59
	194	61
	194	59
	195	58
	196	58
	194	58
	195	57
	196	57
	194	57
	195	56
	196	56
	194	56
	195	55
	196	55
	194	55
	195	54
	196	54
	194	54
	195	53
	196	53
	194	53
	195	52
	196	52
	194	52
	195	51
	196	51
	194	51
	195	50
	196	50
	194	50
	195	49
	194	49
	195	48
	194	48
	199	73
	198	72
	199	74
	199	72
	197	72
	197	80
	198	80
	196	80
	268	383
	269	383
	267	383
	268	384
	268	382
	269	384
	269	382
	267	384
	267	382
	268	381
	269	381
	267	381
	268	380
	269	380
	267	380
	270	381
	270	382
	270	380
	269	379
	270	379
	268	379
	269	378
	270	378
	268	378
	269	377
	270	377
	268	377
	269	376
	270	376
	268	376
	269	375
	270	375
	268	375
	270	383
	269	374
	270	374
	268	374
	269	373
	270	373
	268	373
	269	372
	270	372
	268	372
	269	371
	270	371
	268	371
	267	372
	267	373
	267	371
	267	374
	267	375
	267	376
	267	377
	267	378
	267	379
	268	385
	269	385
	267	385
InvisibleObstacle		
DT1		
	252	383
	253	383
	251	383
	252	384
	252	382
	253	384
	253	382
	251	384
	251	382
	254	383
	254	384
	254	382
	255	382
	254	381
	255	383
	255	381
	253	381
	256	382
	257	382
	256	383
	256	381
	257	383
	257	381
	258	382
	258	383
	258	381
	259	382
	259	383
	259	381
	260	382
	260	383
	260	381
	261	382
	261	383
	261	381
	255	384
	256	384
	257	384
	258	384
	259	384
	260	384
	261	384
	262	383
	262	384
	262	382
	263	383
	263	384
	263	382
	264	383
	265	383
	264	384
	264	382
	265	384
	265	382
	266	383
	266	384
	266	382
	265	381
	266	381
	264	381
	267	381
	266	380
	267	382
	267	380
	265	380
	266	379
	267	379
	265	379
	266	378
	267	378
	265	378
	266	377
	267	377
	265	377
	266	376
	267	376
	265	376
	264	376
	265	375
	266	375
	264	377
	264	375
	265	374
	266	374
	264	374
	265	373
	266	373
	264	373
	265	372
	266	372
	264	372
	265	371
	266	371
	264	371
	263	372
	263	373
	263	371
	262	372
	262	373
	262	371
	261	372
	260	372
	261	373
	261	371
	260	373
	260	371
	259	372
	259	373
	259	371
	258	372
	258	373
	258	371
	257	372
	257	373
	257	371
	256	372
	256	373
	256	371
	255	372
	255	373
	255	371
	254	372
	254	373
	254	371
	253	372
	253	373
	253	371
	252	372
	251	372
	252	373
	252	371
	251	373
	251	371
	250	372
	250	373
	250	371
	251	374
	252	374
	250	374
	251	375
	252	375
	250	375
	251	376
	252	376
	250	376
	249	376
	250	377
	251	377
	249	377
	249	375
	250	378
	251	378
	249	378
	250	379
	251	379
	249	379
	250	380
	251	380
	249	380
	250	381
	251	381
	249	381
	252	381
	252	380
	250	382
	253	380
	254	380
	255	380
	256	380
	257	380
	258	380
	259	380
	260	380
	261	380
	262	381
	263	381
	263	380
	264	380
	262	380
	263	379
	264	379
	262	379
	261	379
	262	378
	263	378
	261	378
	260	379
	260	378
	259	378
	260	377
	261	377
	259	379
	259	377
	257	378
	258	378
	256	378
	257	379
	257	377
	258	379
	258	377
	256	379
	256	377
	255	378
	254	378
	255	379
	255	377
	254	379
	254	377
	253	378
	253	379
	253	377
	252	378
	252	379
	252	377
	255	376
	256	376
	254	376
	258	376
	259	376
	257	376
	261	376
	262	376
	260	376
	261	375
	262	377
	262	375
	260	375
	263	376
	263	377
	263	375
	264	378
	262	374
	263	374
	261	374
	260	374
	259	374
	259	375
	257	374
	258	374
	256	374
	257	375
	258	375
	256	375
	255	374
	254	374
	255	375
	254	375
	253	374
	253	375
	253	376
