Key	CellX	CellY
VisibleObstacle		
	316	236
	246	202
	314	236
	259	201
	261	203
	425	241
	394	241
	248	204
	258	200
	260	202
	267	234
	390	235
	424	241
	423	241
	422	241
	247	203
	249	203
	310	239
	255	199
	256	199
	261	207
	390	236
	391	236
	421	241
	420	241
	395	241
	245	201
	311	238
	256	200
	257	200
	259	208
	391	237
	391	238
	390	234
	419	241
	418	241
	254	204
	311	237
	255	197
	258	201
	238	210
	391	239
	391	240
	392	241
	417	241
	416	241
	386	233
	255	205
	312	237
	259	202
	251	203
	252	203
	391	241
	400	241
	415	241
	414	241
	385	233
	256	206
	312	236
	260	203
	252	204
	253	204
	399	241
	398	241
	413	241
	412	241
	384	233
	257	207
	313	236
	261	204
	254	205
	397	241
	387	234
	389	234
	411	241
	383	233
	258	208
	261	205
	262	205
	255	206
	404	241
	405	241
	410	241
	388	234
	387	233
	261	206
	260	208
	256	207
	406	241
	409	241
	393	241
	260	207
	259	209
	257	208
	408	241
	407	241
	262	206
	258	209
	315	236
	469	162
	468	163
	469	163
	468	164
	469	164
	468	165
	303	201
	302	201
	301	201
	300	201
	350	226
	286	197
	287	197
	333	197
	478	128
	245	241
	245	235
	246	235
	429	195
	279	199
	275	237
	269	236
	280	239
	259	210
	257	209
	258	210
	306	201
	339	233
	340	232
	345	225
	344	227
	343	228
	346	225
	347	225
	345	226
	346	226
	372	232
	348	226
	349	226
	345	227
	359	241
	372	231
	367	238
	360	241
	350	227
	344	228
	345	228
	373	230
	373	231
	367	237
	361	241
	350	228
	343	229
	344	229
	375	230
	374	230
	368	237
	366	238
	349	229
	350	229
	342	230
	343	230
	358	241
	376	230
	368	235
	368	236
	348	230
	349	230
	342	231
	357	241
	377	230
	403	241
	369	235
	347	231
	348	231
	341	232
	342	232
	377	232
	377	231
	369	234
	366	239
	347	232
	340	233
	341	233
	401	241
	378	232
	370	234
	362	241
	346	233
	347	233
	339	234
	340	234
	349	227
	402	241
	370	233
	365	239
	345	234
	346	234
	339	235
	347	226
	380	232
	379	232
	371	233
	344	235
	345	235
	338	236
	339	236
	381	232
	365	240
	371	232
	363	241
	344	236
	339	237
	340	237
	364	240
	364	241
	343	237
	344	237
	340	238
	341	238
	342	238
	343	238
	342	239
	396	241
	383	232
	317	237
	382	232
	318	237
	316	237
	311	239
	320	240
	320	239
	319	239
	319	238
	318	238
	255	198
	262	204
	255	236
	255	196
	256	196
	257	196
	258	196
	259	196
	260	196
	261	196
	262	196
	263	196
	264	196
	265	196
	266	196
	267	196
	268	196
	269	196
	270	196
	271	196
	272	196
	240	226
	273	196
	274	196
	275	196
	276	196
	277	196
	278	196
	279	196
	273	236
	272	236
	271	236
	283	196
	284	196
	285	196
	286	196
	287	196
	288	196
	289	196
	290	196
	291	196
	292	196
	293	196
	307	196
	308	196
	309	196
	310	196
	311	196
	312	196
	313	196
	314	196
	315	196
	316	196
	317	196
	318	196
	319	196
	320	196
	321	196
	322	196
	323	196
	324	196
	325	196
	326	196
	327	196
	328	196
	329	196
	330	196
	331	196
	332	196
	333	196
	270	236
	335	196
	336	196
	337	196
	338	196
	339	196
	340	196
	341	196
	346	196
	347	196
	348	196
	349	196
	350	196
	342	196
	343	196
	344	196
	351	196
	352	196
	353	196
	354	196
	345	196
	355	196
	356	196
	357	196
	358	196
	359	196
	360	196
	361	196
	362	196
	363	196
	364	196
	365	196
	366	196
	367	196
	368	196
	369	196
	370	196
	371	196
	372	196
	373	196
	374	196
	375	196
	376	196
	377	196
	378	196
	379	196
	380	196
	381	196
	382	196
	383	196
	384	196
	385	196
	386	196
	387	196
	388	196
	389	196
	390	196
	391	196
	392	196
	393	196
	394	196
	395	196
	396	196
	397	196
	398	196
	399	196
	400	196
	401	196
	402	196
	403	196
	404	196
	405	196
	406	196
	407	196
	408	196
	409	196
	410	196
	411	196
	412	196
	413	196
	414	196
	415	196
	416	196
	417	196
	418	196
	419	196
	420	196
	421	196
	422	196
	423	196
	424	196
	425	196
	426	196
	427	196
	428	196
	430	195
	430	194
	430	193
	430	192
	430	191
	430	190
	430	189
	430	188
	430	187
	430	186
	430	185
	430	184
	430	183
	430	182
	430	181
	430	180
	430	179
	430	178
	430	177
	430	176
	430	175
	430	174
	430	173
	430	172
	430	171
	430	170
	430	169
	430	168
	430	167
	430	166
	430	165
	430	164
	430	163
	430	162
	430	161
	430	160
	430	159
	430	158
	430	157
	430	156
	430	155
	430	154
	430	153
	430	152
	430	151
	430	150
	430	149
	430	148
	430	147
	430	146
	430	145
	430	144
	430	143
	430	142
	430	141
	430	140
	430	139
	430	138
	430	137
	430	136
	430	135
	430	134
	430	133
	430	132
	430	131
	430	130
	430	129
	430	128
	430	127
	430	126
	430	125
	430	124
	430	123
	430	120
	430	119
	430	118
	430	117
	430	116
	430	115
	430	114
	430	113
	430	112
	430	111
	430	110
	430	109
	430	108
	430	107
	430	106
	430	105
	430	104
	430	103
	430	102
	430	101
	430	100
	430	99
	430	98
	430	97
	430	96
	430	95
	430	94
	430	93
	430	92
	430	91
	430	90
	430	89
	430	88
	430	87
	430	86
	430	85
	430	84
	430	83
	430	82
	430	81
	430	80
	430	79
	430	78
	430	77
	430	76
	430	75
	430	74
	430	73
	430	72
	430	71
	430	70
	430	69
	430	68
	430	67
	430	66
	430	65
	430	64
	430	63
	430	62
	430	61
	430	60
	430	56
	477	128
	430	57
	430	59
	430	58
	430	54
	430	53
	430	52
	430	51
	430	50
	430	49
	430	48
	430	47
	430	46
	430	45
	430	44
	430	43
	430	42
	430	41
	430	40
	430	39
	430	38
	430	37
	430	36
	430	35
	430	34
	430	33
	430	32
	430	31
	430	30
	430	29
	430	28
	430	27
	430	26
	436	242
	436	243
	437	243
	242	233
	245	238
	246	237
	243	234
	245	234
	245	237
	244	234
	247	237
	247	235
	248	236
	248	237
	248	235
	240	232
	241	233
	240	233
	242	234
	245	240
	341	231
	245	239
	436	241
	436	240
	435	240
	240	231
	240	230
	240	229
	240	228
	240	227
	241	226
	241	225
	241	224
	434	241
	241	223
	240	222
	240	221
	239	221
	239	220
	239	219
	434	240
	433	241
	239	218
	239	217
	239	216
	238	216
	238	215
	239	215
	238	214
	238	213
	432	241
	431	241
	430	241
	238	211
	238	212
	429	241
	428	241
	238	209
	238	208
	238	207
	427	241
	238	206
	238	205
	238	204
	426	241
	240	204
	239	204
	240	203
	240	202
	241	201
	242	201
	243	201
	244	201
	245	202
	246	203
	247	204
	248	205
	249	204
	250	203
	279	200
	280	237
	283	200
	283	199
	293	200
	262	207
	261	208
	254	206
	293	199
	296	201
	295	201
	294	201
	297	201
	253	205
	307	199
	350	230
	307	198
	344	226
	246	241
	247	241
	248	241
	249	241
	250	241
	251	241
	252	241
	253	241
	254	241
	293	197
	293	198
	298	201
	299	201
	254	240
	254	239
	254	238
	254	237
	254	236
	255	235
	255	234
	255	233
	256	233
	341	239
	263	205
	260	209
	279	240
	339	238
	338	237
	337	236
	338	235
	342	240
	257	233
	258	233
	259	233
	260	233
	261	233
	262	233
	263	233
	264	233
	265	233
	268	236
	266	233
	267	233
	268	234
	268	235
	274	237
	307	197
	279	239
	293	201
	283	201
	282	201
	281	201
	279	201
	280	201
	283	198
	280	238
	277	237
	276	237
	279	198
	263	204
	263	203
	265	202
	265	203
	264	203
	279	241
	280	241
	281	241
	310	240
	240	201
	240	223
	264	202
	282	241
	283	241
	284	241
	285	241
	287	241
	288	241
	289	241
	290	241
	291	241
	292	241
	293	241
	294	241
	295	241
	296	241
	297	241
	298	241
	299	241
	300	241
	302	241
	303	241
	304	241
	305	241
	306	241
	307	241
	308	241
	309	241
	310	241
	286	241
	301	241
	311	241
	312	241
	313	241
	314	241
	315	241
	316	241
	317	241
	318	241
	319	241
	320	241
	321	241
	322	241
	323	241
	324	241
	325	241
	326	241
	327	241
	328	241
	329	241
	330	241
	331	241
	332	241
	333	241
	334	241
	335	241
	336	241
	337	241
	338	241
	339	241
	340	241
	341	241
	342	241
	343	241
	344	241
	345	241
	346	241
	347	241
	348	241
	349	241
	350	241
	351	241
	352	241
	353	241
	354	241
	355	241
	356	241
	472	243
	431	153
	347	224
	348	225
	476	128
	351	227
	334	197
	455	242
	455	243
	366	197
	399	197
	473	243
	475	243
	349	231
	474	243
	342	229
	346	224
	348	232
	307	200
	307	201
	466	242
	305	201
	256	208
	431	152
	346	235
	345	236
	343	239
	351	228
	475	195
	475	194
	475	193
	475	192
	475	191
	475	190
	475	189
	475	188
	475	187
	475	186
	475	185
	475	184
	475	183
	475	182
	475	181
	475	180
	475	179
	475	178
	475	177
	475	176
	475	175
	475	174
	475	173
	475	172
	475	171
	475	170
	475	169
	475	168
	475	167
	475	166
	475	165
	475	164
	475	163
	475	162
	475	161
	475	160
	475	159
	475	158
	475	157
	475	156
	475	155
	475	154
	475	153
	475	152
	475	151
	475	150
	475	149
	475	148
	475	147
	475	146
	475	145
	475	144
	475	143
	475	142
	475	141
	475	140
	475	139
	475	138
	475	137
	475	136
	475	135
	475	134
	475	133
	475	132
	475	131
	475	130
	475	129
	475	128
	475	127
	475	126
	475	125
	475	124
	475	123
	475	122
	475	121
	475	120
	475	119
	475	118
	475	117
	475	116
	475	115
	475	114
	475	113
	475	112
	475	111
	475	110
	475	109
	475	108
	475	107
	475	106
	475	105
	475	104
	475	103
	475	102
	475	101
	475	100
	475	99
	475	98
	475	97
	475	96
	475	95
	475	94
	475	93
	475	92
	475	91
	475	90
	475	89
	475	88
	475	87
	475	86
	475	82
	475	81
	475	80
	475	79
	475	78
	475	77
	475	76
	475	75
	475	74
	475	73
	475	72
	475	71
	475	70
	475	69
	475	68
	475	67
	475	66
	475	65
	475	64
	475	63
	475	62
	475	61
	475	60
	475	59
	475	58
	475	57
	475	56
	475	55
	475	54
	475	53
	475	52
	475	51
	475	50
	475	49
	475	48
	475	47
	475	46
	475	45
	475	44
	475	43
	475	42
	475	39
	475	37
	475	34
	475	32
	475	29
	475	26
	475	24
	475	22
	475	41
	475	40
	475	38
	475	36
	475	35
	429	196
	475	28
	475	31
	475	33
	475	30
	475	27
	475	25
	475	23
	475	21
	454	25
	453	26
	452	26
	448	28
	447	28
	439	27
	439	25
	467	185
	468	185
	467	174
	468	174
	468	166
	469	166
	469	165
	468	162
	469	161
	470	161
	470	160
	471	160
	472	160
	473	160
	473	161
	474	161
	470	163
	471	163
	472	163
	472	164
	473	164
	474	164
	430	121
	430	122
	431	26
	432	26
	433	26
	433	25
	434	25
	435	25
	436	25
	437	25
	438	25
	439	26
	448	27
	440	27
	441	27
	442	27
	442	28
	443	28
	444	28
	445	28
	446	28
	466	20
	448	26
	449	26
	450	26
	451	26
	452	27
	453	25
	455	25
	456	25
	456	26
	457	26
	457	27
	458	27
	459	27
	460	27
	461	27
	462	27
	462	26
	462	25
	463	25
	463	24
	463	23
	463	22
	464	22
	464	21
	465	21
	465	20
	469	23
	466	19
	467	19
	468	19
	469	19
	469	20
	469	21
	469	22
	474	21
	470	23
	471	23
	472	23
	472	22
	472	21
	473	21
	344	238
	309	203
	310	202
	309	201
	308	202
	308	203
	310	203
	310	201
	308	201
	311	202
	311	203
	312	203
	313	197
	314	198
	313	198
	314	199
	315	199
	316	200
	315	200
	317	200
	318	201
	319	201
	320	201
	320	200
	318	200
	322	200
	321	200
	322	199
	323	199
	324	198
	324	197
	323	198
	333	202
	334	202
	335	202
	336	202
	336	201
	337	201
	337	200
	333	201
	334	201
	334	200
	335	200
	335	199
	336	199
	337	199
	438	243
	439	243
	440	243
	441	243
	442	243
	443	243
	444	243
	445	243
	446	243
	447	243
	448	243
	449	243
	450	243
	451	243
	452	243
	453	243
	454	243
	255	207
	304	201
	466	185
	466	184
	466	183
	466	182
	466	181
	466	180
	469	185
	469	184
	469	183
	469	182
	469	181
	469	180
	466	179
	466	178
	466	177
	466	176
	466	175
	466	174
	469	179
	469	178
	469	177
	469	176
	469	175
	469	174
	468	242
	469	242
	467	242
	470	242
	471	242
	472	242
	455	241
	456	241
	457	241
	459	241
	460	241
	461	241
	462	241
	463	241
	464	241
	465	241
	466	241
	458	241
	367	197
	431	179
	431	178
	467	166
	467	165
	467	164
	335	198
	335	197
	279	197
	278	237
	279	237
	283	197
	274	236
	369	197
	368	197
	370	197
	371	197
	372	197
	400	197
	401	197
	402	197
	403	197
	404	197
	405	197
	407	197
	408	197
	406	197
	409	197
	410	197
	412	197
	413	197
	411	197
	414	197
	415	197
	417	197
	419	197
	421	197
	416	197
	420	197
	418	197
	422	197
	423	197
	424	197
	425	197
	426	197
	427	197
	428	197
	398	197
	397	197
	396	197
	395	197
	394	197
	393	197
	391	197
	390	197
	389	197
	392	197
	388	197
	387	197
	386	197
	385	197
	384	197
	383	197
	382	197
	381	197
	379	197
	378	197
	373	197
	375	197
	376	197
	377	197
	380	197
	374	197
	433	240
	432	240
	431	240
	430	240
	429	240
	428	240
	427	240
	426	240
	425	240
	424	240
	423	240
	422	240
	421	240
	420	240
	419	240
	418	240
	417	240
	416	240
	415	240
	414	240
	413	240
	412	240
	410	240
	411	240
	409	240
	408	240
	407	240
	435	241
	406	240
	405	240
	404	240
	403	240
	402	240
	401	240
	399	240
	398	240
	397	240
	396	240
	395	240
	394	240
	393	240
	392	240
	400	240
	470	164
	471	164
	470	165
	471	165
	472	165
	473	165
	474	165
	473	166
	474	166
	474	167
	473	167
	472	167
	472	166
	471	166
	470	166
	474	109
	477	198
	477	199
	477	197
	477	200
	477	201
	478	200
	478	201
	478	199
	477	202
	478	202
	478	203
	477	212
	477	213
	476	214
	477	214
	476	215
	477	215
	476	216
	477	216
	476	217
	477	217
	476	218
	477	218
	477	219
	477	220
	477	221
	477	222
	477	223
	477	224
	477	225
	477	226
	477	227
	478	227
	477	228
	478	228
	478	226
	477	229
	478	229
	477	230
	477	231
	477	232
	477	233
	477	234
	478	232
	478	233
	478	231
	477	240
	477	241
	477	239
	477	242
	476	243
	477	243
	478	242
	478	243
	478	241
	477	236
	477	237
	477	235
	477	238
	478	240
	478	239
	478	238
	478	237
	478	236
	478	235
	478	234
	478	230
	478	225
	478	224
	478	223
	478	222
	478	221
	478	220
	478	219
	478	218
	478	217
	478	216
	478	215
	478	214
	478	213
	478	212
	478	211
	478	210
	478	209
	478	208
	478	207
	478	206
	478	205
	478	204
	476	219
	476	220
	476	221
	476	222
	476	223
	476	225
	476	224
	476	226
	476	227
	476	228
	476	229
	476	230
	476	231
	476	242
	476	241
	476	240
	476	238
	476	239
	476	237
	476	236
	476	234
	476	235
	476	233
	476	232
	477	210
	477	209
	477	208
	477	207
	477	206
	476	206
	476	205
	476	204
	477	204
	477	203
	477	205
	477	211
	476	213
	476	212
	476	211
	476	210
	476	209
	476	208
	476	207
	476	202
	476	203
	476	201
	476	200
	476	199
	476	198
	476	197
	478	197
	479	199
	478	198
	475	196
	475	197
	429	126
	428	126
	429	127
	429	125
	428	127
	428	125
	429	128
	428	128
	429	129
	428	129
	429	130
	428	130
	428	131
	429	131
	427	131
	428	132
	429	132
	427	132
	427	130
	429	133
	428	133
	429	134
	428	134
	429	136
	428	136
	429	137
	429	135
	428	137
	428	135
	429	138
	428	138
	429	139
	428	139
	429	140
	428	140
	429	123
	428	123
	429	124
	429	122
	428	124
	428	122
	429	120
	428	120
	429	121
	429	119
	428	121
	428	119
	429	117
	428	117
	429	118
	429	116
	428	118
	428	116
	429	113
	428	113
	429	114
	429	112
	428	114
	428	112
	429	115
	428	115
	429	110
	428	110
	429	111
	429	109
	428	111
	428	109
	429	108
	428	108
	429	107
	428	107
	429	106
	428	106
	429	105
	428	105
	429	86
	428	88
	428	87
	428	104
	429	104
	429	88
	428	103
	429	103
	429	87
	429	101
	428	101
	429	102
	429	100
	428	102
	428	100
	429	99
	428	99
	429	98
	428	98
	428	91
	428	97
	429	97
	429	89
	428	89
	429	96
	428	96
	429	95
	428	95
	429	94
	428	94
	429	93
	428	93
	429	92
	428	92
	429	91
	428	90
	429	90
	428	86
	429	85
	428	85
	429	84
	428	84
	429	83
	428	83
	429	82
	428	82
	429	81
	428	81
	429	80
	428	80
	429	79
	428	79
	428	78
	429	78
	477	130
	428	77
	429	77
	477	132
	476	131
	428	76
	429	76
	478	131
	428	75
	429	75
	477	131
	428	74
	429	74
	476	127
	429	73
	428	73
	429	72
	428	72
	429	71
	428	71
	429	70
	428	70
	429	69
	428	69
	429	68
	428	68
	429	67
	428	67
	429	66
	428	66
	429	65
	428	65
	429	64
	428	64
	429	63
	428	63
	429	62
	428	62
	478	127
	476	129
	478	129
	477	127
	429	61
	477	129
	429	60
	429	59
	429	58
	430	55
	429	57
	428	58
	428	59
	428	57
	428	60
	428	61
	428	55
	429	55
	476	132
	428	56
	428	54
	429	56
	429	54
	478	130
	478	132
	429	53
	428	53
	429	52
	428	52
	429	51
	428	51
	429	50
	428	50
	429	49
	428	49
	429	48
	428	48
	429	47
	428	47
	429	46
	428	46
	429	45
	428	45
	429	44
	428	44
	429	43
	428	43
	429	42
	428	42
	429	41
	428	41
	429	40
	428	40
	429	39
	428	39
	429	38
	428	38
	429	37
	428	37
	429	36
	428	36
	429	33
	428	33
	429	34
	429	32
	428	34
	428	32
	429	31
	428	31
	429	30
	428	30
	429	29
	428	29
	429	28
	428	28
	429	27
	428	27
	429	26
	428	26
	429	35
	428	35
	476	130
	477	134
	478	134
	476	134
	477	135
	477	133
	478	135
	478	133
	476	135
	476	133
	477	137
	478	137
	476	137
	477	138
	477	136
	478	138
	478	136
	476	138
	476	136
	477	139
	478	139
	476	139
	477	125
	478	125
	476	125
	477	126
	477	124
	478	126
	478	124
	476	126
	476	124
	477	120
	478	120
	476	120
	477	121
	477	119
	478	121
	478	119
	476	121
	476	119
	476	122
	477	122
	476	123
	477	123
	478	122
	478	123
	477	117
	478	117
	476	117
	477	118
	477	116
	478	118
	478	116
	476	118
	476	116
	477	98
	477	96
	476	96
	478	115
	476	98
	477	115
	478	114
	477	97
	477	114
	478	113
	476	97
	477	113
	476	114
	476	115
	476	113
	477	112
	478	112
	476	112
	477	111
	478	111
	476	111
	477	110
	478	110
	476	110
	477	109
	478	109
	476	109
	477	108
	478	108
	476	108
	477	107
	478	107
	476	107
	477	106
	478	106
	476	106
	477	105
	478	105
	476	105
	477	104
	478	104
	476	104
	477	101
	478	101
	476	101
	477	102
	477	100
	478	102
	478	100
	476	102
	476	100
	477	99
	478	99
	476	99
	477	103
	478	103
	476	103
	478	97
	478	98
	478	96
	477	95
	478	95
	476	95
	477	94
	478	94
	476	94
	477	93
	478	93
	476	93
	477	92
	478	92
	476	92
	477	91
	478	91
	476	91
	477	90
	478	90
	476	90
	477	89
	478	89
	476	89
	477	88
	478	88
	476	88
	477	87
	478	87
	476	87
	477	86
	478	86
	476	86
	477	85
	478	85
	476	85
	477	84
	478	84
	476	84
	477	83
	478	83
	476	83
	477	82
	478	82
	476	82
	476	81
	477	81
	475	83
	476	80
	477	80
	475	84
	475	85
	478	80
	477	79
	478	81
	478	79
	476	79
	477	78
	478	78
	476	78
	476	77
	477	77
	476	76
	477	76
	476	75
	477	75
	476	74
	477	74
	478	75
	478	76
	478	74
	478	77
	478	73
	477	73
	478	72
	477	72
	478	71
	477	71
	476	72
	476	73
	476	71
	476	70
	477	70
	476	69
	477	69
	476	68
	477	68
	476	67
	477	67
	476	66
	477	66
	478	66
	477	65
	478	67
	478	65
	476	65
	477	64
	478	64
	476	64
	478	70
	478	69
	478	68
	477	63
	478	63
	476	63
	477	62
	478	62
	476	62
	477	61
	478	61
	476	61
	476	60
	477	60
	476	59
	477	59
	478	60
	478	59
	477	58
	478	58
	476	58
	477	57
	478	57
	476	57
	477	56
	478	56
	476	56
	477	55
	478	55
	476	55
	477	54
	478	54
	476	54
	477	53
	478	53
	476	53
	477	52
	478	52
	476	52
	477	51
	478	51
	476	51
	476	50
	477	50
	476	49
	477	49
	476	48
	477	48
	476	47
	477	47
	476	46
	477	46
	478	50
	478	49
	478	48
	478	47
	478	46
	477	45
	478	45
	476	45
	477	44
	478	44
	476	44
	476	43
	477	43
	476	42
	477	42
	476	41
	477	41
	478	42
	478	43
	478	41
	477	40
	478	40
	476	40
	477	39
	478	39
	476	39
	477	38
	478	38
	476	38
	477	37
	478	37
	476	37
	477	36
	478	36
	476	36
	477	35
	478	35
	476	35
	477	34
	478	34
	476	34
	477	33
	478	33
	476	33
	477	32
	478	32
	476	32
	477	31
	478	31
	476	31
	477	30
	478	30
	476	30
	477	29
	478	29
	476	29
	477	28
	478	28
	476	28
	477	27
	478	27
	476	27
	477	26
	478	26
	476	26
	477	25
	478	25
	476	25
	478	24
	477	24
	478	23
	477	23
	476	24
	476	23
	475	242
	475	241
	475	240
	475	239
	475	238
	475	237
	475	236
	475	235
	475	234
	475	233
	475	232
	475	231
	475	230
	475	229
	475	227
	475	226
	475	225
	475	224
	475	223
	475	228
	475	198
	475	199
	475	200
	475	201
	475	202
	475	203
	475	204
	475	205
	475	206
	475	207
	475	209
	475	210
	475	212
	475	215
	475	216
	475	217
	475	218
	475	222
	475	221
	475	220
	475	219
	475	213
	475	211
	475	208
	475	214
	335	201
	341	197
	342	197
	343	197
	344	197
	345	197
	346	197
	347	197
	348	197
	349	197
	350	197
	351	197
	365	197
	364	197
	363	197
	362	197
	361	197
	360	197
	359	197
	358	197
	357	197
	356	197
	355	197
	354	197
	340	197
	339	197
	353	197
	352	197
	338	197
	337	197
	336	197
	336	198
	337	198
	336	200
	343	227
	342	228
	341	230
	338	234
	337	235
	347	234
	348	233
	349	232
	350	231
	351	229
	378	231
	377	229
	371	230
	372	229
	373	229
	374	229
	375	229
	376	229
	375	228
	376	228
	374	228
	373	228
	374	227
	375	227
	372	230
	371	231
	370	231
	370	232
	369	232
	369	233
	368	233
	368	234
	367	234
	367	235
	366	235
	366	236
	367	236
	365	237
	366	237
	365	238
	364	239
	463	27
	464	27
	465	27
	466	27
	467	27
	468	27
	469	27
	470	27
	471	27
	472	27
	473	27
	474	27
InvisibleObstacle		
AW1		
	473	172
	474	172
	472	172
	473	173
	473	171
	474	173
	474	171
	472	173
	472	171
	471	172
	471	173
	471	171
	470	172
	470	173
	470	171
	469	172
	469	173
	469	171
	468	172
	468	173
	468	171
	467	172
	467	173
	467	171
	466	172
	466	173
	466	171
	465	172
	465	173
	465	171
	464	172
	464	173
	464	171
	463	172
	463	173
	463	171
	462	172
	462	173
	462	171
	461	172
	461	173
	461	171
	460	172
	460	173
	460	171
	459	172
	459	173
	459	171
	458	172
	457	172
	458	173
	458	171
	457	173
	457	171
	456	172
	456	173
	456	171
	455	172
	455	173
	455	171
	453	172
	454	172
	452	172
	453	173
	453	171
	454	173
	454	171
	452	173
	452	171
	450	172
	451	172
	449	172
	450	173
	450	171
	451	173
	451	171
	449	173
	449	171
	448	172
	448	173
	448	171
	446	172
	447	172
	445	172
	446	173
	446	171
	447	173
	447	171
	445	173
	445	171
	444	172
	443	172
	444	173
	444	171
	443	173
	443	171
	442	172
	442	173
	442	171
	440	171
	441	171
	439	171
	440	172
	441	172
	439	172
	438	171
	438	172
	437	171
	436	171
	437	172
	436	172
	435	171
	434	171
	435	172
	434	172
	440	173
	441	173
	439	173
	438	173
	437	173
	436	173
	435	173
	433	171
	433	172
	432	171
	432	172
	431	171
	431	172
	433	173
	434	173
	432	173
	431	173
	495	142
CG1		
	432	166
	433	166
	431	166
	432	167
	432	165
	433	167
	433	165
	431	167
	431	165
	434	166
	434	167
	434	165
	435	166
	435	167
	435	165
	436	166
	436	167
	436	165
	437	166
	437	167
	437	165
	438	166
	439	166
	438	167
	438	165
	439	167
	439	165
	440	166
	440	167
	440	165
	441	166
	441	167
	441	165
	442	166
	442	167
	442	165
	443	166
	443	167
	443	165
	444	166
	444	167
	444	165
	445	167
	458	165
	456	165
	445	166
	457	165
	446	166
	445	165
	446	167
	446	165
	447	166
	447	167
	447	165
	448	166
	448	167
	448	165
	449	166
	449	167
	449	165
	450	167
	451	167
	460	165
	450	166
	461	165
	451	166
	455	165
	452	167
	453	167
	459	165
	452	166
	453	166
	454	167
	454	166
	455	167
	455	166
	456	167
	456	166
	451	165
	452	165
	450	165
	453	165
	454	165
	457	166
	458	166
	459	166
	460	166
	457	167
	458	167
	459	167
	460	167
	461	166
	461	167
	462	166
	462	167
	462	165
	463	166
	463	167
	463	165
	464	166
	464	167
	464	165
	465	166
	465	167
	465	165
	466	166
	466	167
	466	165
	468	166
	469	166
	467	166
	468	167
	468	165
	469	167
	469	165
	467	167
	467	165
	470	166
	471	166
	470	167
	470	165
	471	167
	471	165
	472	166
	472	167
	472	165
	473	166
	473	167
	473	165
	474	166
	474	167
	474	165
CG2		
	443	121
	444	121
	442	121
	443	122
	444	122
	442	122
	445	121
	445	122
	446	121
	446	122
	447	121
	448	121
	449	121
	448	122
	449	122
	447	122
	447	123
	448	123
	446	123
	450	121
	450	122
	451	122
	450	123
	451	123
	451	121
	449	123
	452	122
	452	123
	452	121
	453	122
	453	123
	453	121
	454	122
	454	123
	454	121
	455	122
	455	123
	455	121
	456	122
	456	123
	456	121
	457	122
	457	123
	457	121
	458	122
	459	122
	458	123
	458	121
	459	123
	459	121
	460	122
	460	123
	460	121
	461	122
	461	123
	461	121
	462	122
	462	123
	462	121
	463	122
	463	123
	463	121
	464	122
	464	123
	464	121
	465	122
	465	123
	465	121
	466	122
	466	123
	466	121
	467	122
	467	123
	467	121
	468	122
	468	123
	468	121
	469	122
	469	123
	469	121
	470	122
	470	123
	470	121
	471	122
	471	123
	471	121
	472	122
	472	123
	472	121
	473	122
	473	123
	473	121
	474	122
	474	123
	474	121
	443	123
	444	123
	442	123
	445	123
	440	122
	441	122
	439	122
	440	123
	440	121
	441	123
	441	121
	439	123
	439	121
	437	122
	438	122
	436	122
	437	123
	437	121
	438	123
	438	121
	436	123
	436	121
	434	122
	435	122
	433	122
	434	123
	434	121
	435	123
	435	121
	433	123
	433	121
	432	122
	431	122
	432	123
	432	121
	431	123
	431	121
AW2		
	431	117
	432	117
	430	117
	431	118
	431	116
	432	118
	432	116
	430	118
	430	116
	433	117
	433	118
	433	116
	434	117
	434	118
	434	116
	435	117
	435	118
	435	116
	436	117
	436	118
	436	116
	437	117
	437	118
	437	116
	438	117
	438	118
	438	116
	439	117
	439	118
	439	116
	440	117
	441	117
	440	118
	440	116
	441	118
	441	116
	442	117
	442	118
	442	116
	443	117
	443	118
	443	116
	444	117
	444	116
	445	117
	446	117
	445	116
	446	116
	451	118
	452	118
	447	117
	450	118
	449	118
	448	117
	447	118
	448	118
	449	117
	450	117
	449	116
	444	118
	450	116
	448	116
	451	117
	446	118
	451	116
	447	116
	452	116
	452	117
	453	116
	453	117
	454	116
	454	117
	455	116
	455	117
	456	116
	456	117
	453	118
	454	118
	445	118
	455	118
	456	118
	457	117
	458	117
	457	118
	457	116
	458	118
	458	116
	459	117
	459	118
	459	116
	460	117
	460	118
	460	116
	463	117
	464	117
	462	117
	463	118
	463	116
	464	118
	464	116
	462	118
	462	116
	465	117
	465	118
	465	116
	466	117
	466	118
	466	116
	467	117
	467	118
	467	116
	468	117
	469	117
	468	118
	468	116
	469	118
	469	116
	470	117
	470	118
	470	116
	471	117
	472	117
	471	118
	471	116
	472	118
	472	116
	473	117
	473	118
	473	116
	474	117
	474	118
	474	116
	475	117
	475	118
	475	116
	461	117
	461	118
	461	116
AW3		
	432	128
	433	128
	431	128
	432	129
	432	127
	433	129
	433	127
	431	129
	431	127
	434	128
	435	128
	434	129
	434	127
	435	129
	435	127
	436	128
	436	129
	436	127
	437	128
	437	129
	437	127
	438	128
	438	129
	438	127
	439	128
	439	129
	439	127
	440	128
	441	128
	440	129
	440	127
	441	129
	441	127
	442	128
	442	129
	442	127
	443	128
	443	129
	443	127
	444	128
	444	129
	444	127
	445	128
	445	129
	445	127
	446	128
	447	128
	446	129
	446	127
	447	129
	447	127
	448	128
	448	129
	448	127
	449	128
	450	128
	449	129
	449	127
	450	129
	450	127
	451	128
	451	129
	451	127
	452	128
	452	129
	452	127
	453	128
	454	128
	453	129
	453	127
	454	129
	454	127
	455	128
	456	128
	455	129
	455	127
	456	129
	456	127
	460	128
	461	128
	459	128
	460	129
	460	127
	461	129
	461	127
	459	129
	459	127
	462	128
	462	129
	462	127
	463	127
	464	127
	463	128
	464	128
	465	127
	465	128
	466	127
	466	128
	467	127
	467	128
	457	128
	457	129
	457	127
	458	128
	458	129
	458	127
	464	129
	465	129
	463	129
	466	129
	467	129
	468	128
	468	129
	468	127
	469	128
	469	129
	469	127
	470	128
	470	129
	470	127
	471	128
	471	129
	471	127
	472	128
	472	129
	472	127
	473	128
	473	129
	473	127
	474	128
	474	129
	474	127
AW4		
	469	44
	469	43
	470	43
	471	43
	473	43
	472	43
	468	43
	474	43
	459	43
	463	44
	460	43
	460	44
	461	43
	462	43
	432	44
	433	44
	431	44
	432	45
	432	43
	433	45
	433	43
	431	45
	431	43
	435	44
	436	44
	434	44
	435	45
	435	43
	436	45
	436	43
	434	45
	434	43
	437	44
	438	44
	437	45
	437	43
	438	45
	438	43
	439	44
	440	44
	439	45
	439	43
	440	45
	440	43
	441	44
	442	44
	441	45
	441	43
	442	45
	442	43
	443	44
	443	45
	443	43
	444	44
	445	44
	444	45
	444	43
	445	45
	445	43
	446	44
	446	45
	446	43
	447	43
	462	44
	447	44
	467	44
	461	44
	448	43
	448	44
	468	44
	449	43
	449	44
	467	43
	450	43
	450	44
	466	43
	451	43
	451	44
	466	44
	452	43
	452	44
	464	43
	447	45
	453	43
	454	43
	453	44
	465	43
	454	44
	465	44
	456	43
	457	43
	455	43
	456	44
	463	43
	457	44
	455	44
	464	44
	448	45
	450	45
	451	45
	449	45
	452	45
	453	45
	455	45
	454	45
	459	45
	458	44
	459	44
	460	45
	461	45
	462	45
	463	45
	464	45
	465	45
	466	45
	467	45
	468	45
	469	45
	470	45
	470	44
	471	45
	472	45
	456	45
	471	44
	458	43
	472	44
	473	45
	458	45
	473	44
	474	45
	457	45
	474	44
AWX		
	480	114
	481	114
	479	114
	480	115
	480	113
	481	115
	481	113
	479	115
	479	113
	480	116
	481	116
	479	116
	480	117
	481	117
	479	117
	480	118
	481	118
	479	118
	482	118
	481	119
	482	119
	482	117
	480	119
	479	119
	480	120
	481	120
	479	120
	480	121
	481	121
	479	121
	480	122
	481	122
	479	122
	481	123
	482	123
	480	123
	481	124
	482	124
	482	122
	480	124
	479	123
	479	124
	480	126
	481	126
	479	126
	480	127
	480	125
	481	127
	481	125
	479	127
	479	125
	480	128
	481	128
	479	128
	480	129
	481	129
	479	129
	425	117
	426	117
	424	117
	425	118
	425	116
	426	118
	426	116
	424	118
	424	116
	425	119
	426	119
	424	119
	425	120
	426	120
	424	120
	425	121
	426	121
	424	121
	425	122
	426	122
	424	122
	425	123
	426	123
	424	123
	425	124
	426	124
	424	124
	425	125
	426	125
	424	125
	425	126
	426	126
	424	126
	425	127
	426	127
	424	127
	425	128
	426	128
	424	128
	425	129
	426	129
	424	129
	425	130
	426	130
	424	130
	425	131
	426	131
	424	131
	425	132
	426	132
	424	132
	425	133
	426	133
	424	133
	425	134
	426	134
	424	134
	425	135
	426	135
	424	135
	425	136
	426	136
	424	136
	425	137
	426	137
	424	137
	423	137
	424	138
	425	138
	423	138
	423	136
	424	139
	425	139
	423	139
	426	138
	426	139
	427	139
	426	140
	427	140
	427	138
	425	140
	427	137
	427	136
	427	133
	427	134
	427	132
	427	135
	427	131
	427	130
	427	128
	427	129
	427	127
	427	125
	427	126
	427	124
	427	121
	427	122
	427	120
	427	123
	427	118
	427	119
	427	117
	426	115
	427	115
	425	115
	426	114
	427	116
	427	114
	425	114
	426	112
	427	112
	425	112
	426	113
	426	111
	427	113
	427	111
	425	113
	425	111
	426	109
	427	109
	425	109
	426	110
	426	108
	427	110
	427	108
	425	110
	425	108
	479	106
	481	106
	480	106
	479	107
	481	107
	480	107
	479	108
	481	108
	479	109
	480	108
	479	111
	480	112
	481	112
	479	112
	481	110
	479	110
	480	110
	480	111
	480	109
	481	111
	481	109
	480	105
	481	105
	479	105
	480	104
	481	104
	479	104
	480	103
	481	103
	479	103
	480	102
	481	102
	479	102
	480	101
	481	101
	479	101
	480	100
	481	100
	479	100
	480	99
	481	99
	479	99
	480	98
	481	98
	479	98
	480	97
	481	97
	479	97
	480	96
	481	96
	479	96
	480	95
	481	95
	479	95
	480	94
	481	94
	479	94
	480	93
	481	93
	479	93
	480	92
	481	92
	479	92
	480	91
	481	91
	479	91
	480	90
	481	90
	479	90
	480	88
	481	88
	479	88
	480	89
	480	87
	481	89
	481	87
	479	89
	479	87
	482	87
	481	86
	482	88
	482	86
	480	86
	480	85
	481	85
	479	85
	480	84
	481	84
	479	86
	479	84
	480	83
	481	83
	479	83
	480	82
	481	82
	479	82
	480	81
	481	81
	479	81
	480	80
	481	80
	479	80
	480	79
	481	79
	479	79
	480	78
	481	78
	479	78
	480	77
	481	77
	479	77
	478	78
	478	79
	478	77
	479	76
	480	76
	478	76
	479	75
	480	75
	478	75
	481	75
	480	74
	481	76
	481	74
	479	74
	480	73
	481	73
	479	73
	480	72
	481	72
	479	72
	480	71
	481	71
	479	71
	480	70
	481	70
	479	70
	480	69
	481	69
	479	69
	480	68
	481	68
	479	68
	480	67
	481	67
	479	67
	480	66
	481	66
	479	66
	480	65
	481	65
	479	65
	480	64
	481	64
	479	64
	480	63
	481	63
	479	63
	480	62
	481	62
	479	62
	480	61
	481	61
	479	61
	480	60
	481	60
	479	60
	480	59
	481	59
	479	59
	480	58
	481	58
	479	58
	480	57
	481	57
	479	57
	480	56
	481	56
	479	56
	480	55
	481	55
	479	55
	482	56
	482	57
	482	55
	481	54
	482	54
	480	54
	481	53
	482	53
	480	53
	479	53
	480	52
	481	52
	479	54
	479	52
	480	51
	481	51
	479	51
	480	50
	481	50
	479	50
	480	49
	481	49
	479	49
	482	50
	482	51
	482	49
	481	48
	482	48
	480	48
	480	46
	481	46
	479	46
	480	47
	480	45
	481	47
	481	45
	479	47
	479	45
	480	44
	481	44
	479	44
	480	43
	481	43
	479	43
	479	48
	480	41
	481	41
	479	41
	480	42
	480	40
	481	42
	481	40
	479	42
	479	40
	480	38
	481	38
	479	38
	480	39
	480	37
	481	39
	481	37
	479	39
	479	37
	480	35
	481	35
	479	35
	480	36
	480	34
	481	36
	481	34
	479	36
	479	34
	480	32
	481	32
	479	32
	480	33
	480	31
	481	33
	481	31
	479	33
	479	31
	480	30
	481	30
	479	30
	480	29
	481	29
	479	29
	426	33
	427	33
	425	33
	426	34
	426	32
	427	34
	427	32
	425	34
	425	32
	426	35
	427	35
	425	35
	426	36
	427	36
	425	36
	426	37
	427	37
	425	37
	426	38
	427	38
	425	38
	426	39
	427	39
	425	39
	424	38
	424	39
	424	37
	425	40
	426	40
	424	40
	426	41
	427	41
	425	41
	426	42
	427	42
	427	40
	425	42
	426	43
	427	43
	425	43
	428	43
	427	44
	428	44
	428	42
	426	44
	427	45
	428	45
	426	45
	427	46
	428	46
	426	46
	427	47
	428	47
	426	47
	427	48
	428	48
	426	48
	424	43
	425	44
	424	44
	424	42
	425	45
	424	45
	425	46
	424	46
	425	47
	424	47
	423	47
	424	48
	425	48
	423	48
	423	46
	424	49
	425	49
	423	49
	426	49
	427	49
	426	50
	427	50
	425	50
	424	50
	425	51
	426	51
	424	51
	425	52
	426	52
	424	52
	425	53
	426	53
	424	53
	425	54
	426	54
	424	54
	425	55
	426	55
	424	55
	425	56
	426	56
	424	56
	427	51
	427	52
	427	53
	427	54
	427	55
	427	56
	425	57
	426	57
	424	57
	425	58
	426	58
	424	58
	425	59
	426	59
	424	59
	425	60
	426	60
	424	60
	427	57
	427	58
	427	59
	427	60
	426	61
	427	61
	425	61
	426	62
	427	63
	425	62
	426	63
	427	62
	425	63
	426	64
	427	64
	425	64
	424	63
	424	64
	424	62
	425	65
	426	65
	424	65
	427	65
	426	66
	427	66
	425	66
	426	67
	427	68
	425	67
	426	68
	427	69
	425	68
	425	69
	427	71
	426	69
	425	70
	425	71
	427	67
	426	70
	427	70
	425	72
	426	71
	427	72
	426	72
	427	73
	426	73
	426	74
	427	74
	425	74
	426	75
	427	75
	425	75
	425	73
	426	76
	427	76
	425	76
	426	77
	427	77
	425	77
	426	106
	427	106
	425	106
	426	107
	426	105
	427	107
	427	105
	425	107
	425	105
	426	104
	427	104
	425	104
	424	104
	425	103
	426	103
	424	105
	424	103
	425	102
	426	102
	424	102
	425	101
	426	101
	424	101
	427	102
	427	103
	427	101
	426	100
	427	100
	425	100
	426	99
	427	99
	425	99
	424	100
	424	99
	425	98
	426	98
	424	98
	425	97
	426	97
	424	97
	425	96
	426	96
	424	96
	427	97
	427	98
	427	96
	426	95
	427	95
	425	95
	426	94
	427	94
	425	94
	426	93
	427	93
	425	93
	426	92
	427	92
	425	92
	426	91
	427	91
	425	91
	426	90
	427	90
	425	90
	426	89
	427	89
	425	89
	426	88
	427	88
	425	88
	426	87
	427	87
	425	87
	426	86
	427	86
	425	86
	426	85
	427	85
	425	85
	426	84
	427	84
	425	84
	426	83
	427	83
	425	83
	426	82
	427	82
	425	82
	427	81
	426	81
	427	80
	426	80
	427	79
	426	79
	427	78
	426	78
	425	79
	425	80
	425	78
	425	81
AW5		
	339	198
	340	198
	338	198
	339	199
	339	197
	340	199
	340	197
	338	199
	338	197
	339	200
	340	200
	338	200
	339	201
	340	201
	338	201
	339	202
	340	202
	338	202
	339	203
	340	203
	338	203
	339	204
	340	204
	338	204
	339	205
	340	205
	338	205
	339	207
	340	207
	338	207
	339	208
	339	206
	340	208
	340	206
	338	208
	338	206
	339	210
	340	210
	338	210
	339	211
	339	209
	340	211
	340	209
	338	211
	338	209
	339	213
	340	213
	338	213
	339	214
	339	212
	340	214
	340	212
	338	214
	338	212
	339	215
	340	215
	338	215
	339	216
	340	216
	338	216
	339	218
	340	218
	338	218
	339	219
	339	217
	340	219
	340	217
	338	219
	338	217
	339	222
	340	222
	338	222
	339	223
	339	221
	340	223
	340	221
	338	223
	338	221
	339	220
	340	220
	338	220
	339	224
	340	224
	338	224
	339	225
	340	225
	338	225
	339	228
	340	228
	338	228
	339	229
	339	227
	340	229
	340	227
	338	229
	338	227
	339	226
	340	226
	338	226
	339	230
	340	230
	338	230
	339	231
	340	231
	338	231
	339	232
	340	232
	338	232
AW6		
	421	237
	422	238
	421	238
	422	225
	422	226
	422	224
	422	223
	422	222
	422	221
	422	220
	422	219
	422	218
	421	218
	422	217
	421	219
	421	217
	422	216
	421	216
	421	199
	422	200
	422	211
	422	212
	421	200
	421	198
	422	201
	422	209
	421	201
	422	202
	422	210
	421	202
	422	203
	422	208
	421	203
	422	204
	422	199
	421	204
	422	205
	422	198
	421	205
	422	206
	422	234
	421	206
	422	207
	422	235
	421	207
	422	233
	421	208
	421	210
	421	211
	421	209
	422	214
	422	215
	422	213
	421	212
	421	213
	421	214
	421	215
	421	221
	421	222
	421	220
	421	224
	421	225
	421	223
	421	226
	422	227
	421	227
	422	229
	421	229
	422	230
	422	228
	421	230
	421	228
	422	231
	421	231
	422	232
	421	232
	421	234
	421	235
	421	233
	420	238
	422	236
	422	239
	421	236
	421	239
	422	237
	420	239
	420	237
	420	236
	420	235
	420	234
	420	233
	420	232
	420	231
	420	229
	420	230
	420	228
	420	226
	420	227
	420	225
	420	224
	420	223
	420	220
	420	221
	420	219
	420	222
	420	217
	420	218
	420	216
	420	214
	420	215
	420	213
	420	212
	420	211
	420	209
	420	210
	420	208
	420	205
	420	206
	420	204
	420	207
	420	202
	420	203
	420	201
	420	200
	420	199
	420	198
CG3		
	432	112
	433	112
	431	112
	432	113
	432	111
	433	113
	433	111
	431	113
	431	111
	434	112
	434	113
	434	111
	435	112
	435	113
	435	111
	436	112
	436	113
	436	111
	437	112
	437	113
	437	111
	438	112
	438	113
	438	111
	439	112
	440	112
	439	113
	439	111
	440	113
	440	111
	441	113
	441	112
	442	113
	442	112
	443	113
	443	112
	441	111
	442	111
	443	111
	444	112
	444	113
	444	111
	445	112
	445	113
	445	111
	446	112
	446	113
	446	111
	447	112
	447	113
	447	111
	448	112
	449	112
	448	113
	448	111
	449	113
	449	111
	450	112
	450	113
	450	111
	452	113
	453	113
	451	113
	452	112
	453	112
	451	112
	454	113
	454	112
	451	111
	452	111
	453	111
	454	111
	455	112
	455	113
	455	111
	456	112
	456	113
	456	111
	457	112
	458	112
	457	113
	457	111
	458	113
	458	111
	459	112
	459	113
	459	111
	460	112
	460	113
	460	111
	461	112
	461	113
	461	111
	462	112
	462	113
	462	111
	465	112
	466	112
	464	112
	465	113
	465	111
	466	113
	466	111
	464	113
	464	111
	467	112
	467	113
	467	111
	463	112
	463	113
	463	111
	469	112
	470	112
	468	112
	469	113
	469	111
	470	113
	470	111
	468	113
	468	111
	472	112
	473	112
	471	112
	472	113
	472	111
	473	113
	473	111
	471	113
	471	111
	474	112
	474	113
	474	111
CG4		
	427	199
	428	199
	426	199
	427	200
	427	198
	428	200
	428	198
	426	200
	426	198
	427	201
	428	201
	426	201
	427	202
	428	202
	426	202
	427	203
	428	203
	426	203
	428	205
	427	205
	428	206
	428	204
	427	206
	427	204
	426	204
	426	205
	426	206
	427	207
	428	207
	426	207
	427	209
	428	209
	426	209
	427	210
	427	208
	428	210
	428	208
	426	210
	426	208
	427	211
	428	211
	426	211
	427	212
	428	212
	426	212
	427	213
	428	213
	426	213
	427	214
	428	214
	426	214
	427	215
	428	215
	426	215
	427	216
	428	216
	426	216
	427	217
	428	217
	426	217
	427	218
	428	218
	426	218
	428	219
	427	219
	428	220
	427	220
	426	219
	426	220
	427	222
	428	222
	426	222
	427	223
	427	221
	428	223
	428	221
	426	223
	426	221
	427	224
	428	224
	426	224
	427	226
	428	226
	426	226
	427	227
	427	225
	428	227
	428	225
	426	227
	426	225
	427	228
	428	228
	426	228
	427	229
	428	229
	426	229
	427	230
	428	230
	426	230
	427	231
	428	231
	426	231
	427	233
	428	233
	426	233
	427	234
	427	232
	428	234
	428	232
	426	234
	426	232
	427	236
	428	236
	426	236
	427	237
	427	235
	428	237
	428	235
	426	237
	426	235
	427	238
	428	238
	426	238
	427	239
	428	239
	426	239
