Key	CellX	CellY
VisibleObstacle		
	1	221
	2	221
	0	221
	1	222
	1	220
	2	222
	2	220
	0	222
	0	220
	3	221
	3	222
	3	220
	4	221
	4	222
	4	220
	5	221
	6	221
	5	222
	5	220
	6	222
	6	220
	7	221
	7	222
	7	220
	8	221
	8	222
	8	220
	9	221
	9	222
	9	220
	10	221
	10	222
	10	220
	11	221
	11	222
	11	220
	12	221
	12	222
	12	220
	13	221
	13	222
	13	220
	14	221
	14	222
	14	220
	12	219
	13	219
	11	219
	10	219
	11	218
	12	218
	10	218
	9	219
	9	218
	10	217
	11	217
	9	217
	10	216
	11	216
	9	216
	8	216
	9	215
	10	215
	8	217
	8	215
	9	214
	10	214
	8	214
	9	213
	10	213
	8	213
	9	212
	10	212
	8	212
	7	213
	7	214
	7	212
	8	211
	9	211
	7	211
	7	215
	7	216
	7	217
	6	217
	7	218
	8	218
	6	218
	6	216
	7	219
	8	219
	6	219
	5	219
	5	218
	5	217
	5	216
	6	215
	5	215
	5	214
	6	214
	4	214
	5	213
	6	213
	4	215
	4	213
	5	212
	6	212
	4	212
	5	211
	6	211
	4	211
	3	212
	3	213
	3	211
	3	214
	3	215
	4	216
	3	216
	3	217
	4	217
	2	217
	3	218
	4	218
	2	218
	2	216
	3	219
	4	219
	2	219
	1	219
	1	218
	0	219
	0	218
	1	217
	0	217
	1	216
	0	216
	0	214
	1	214
	0	215
	0	213
	1	215
	1	213
	0	212
	1	212
	0	211
	1	211
	2	215
	2	213
	2	214
	2	212
	2	211
	1	210
	2	210
	0	210
	3	210
	6	210
	7	210
	5	210
	8	210
	9	210
	8	209
	9	209
	7	209
	10	210
	10	211
	10	209
	9	208
	10	208
	8	208
	11	209
	11	210
	11	208
	12	209
	12	210
	12	208
	11	211
	12	211
	11	212
	12	212
	11	213
	12	213
	11	214
	11	215
	12	216
	12	217
	12	215
	13	218
	13	217
	15	221
	15	222
	15	220
	16	222
	16	221
	17	222
	17	221
	16	220
	14	219
	15	219
	14	218
	15	218
	14	217
	13	216
	14	216
	13	215
	12	214
	13	214
	4	210
	4	209
	5	209
	3	209
	2	209
	1	209
	0	209
	1	208
	2	208
	0	208
	3	208
	2	207
	3	207
	1	207
	4	208
	6	209
	6	208
	7	208
	5	208
	2	206
	3	206
	1	206
	2	205
	3	205
	1	205
	2	204
	3	204
	1	204
	0	205
	0	206
	0	204
	0	207
	1	203
	2	203
	0	203
	1	202
	2	202
	0	202
	1	201
	2	201
	0	201
	1	200
	2	200
	0	200
	3	202
	3	203
	3	201
	3	200
	2	199
	3	199
	1	199
	2	198
	3	198
	1	198
	4	205
	4	206
	4	204
	4	207
	4	203
	4	202
	4	201
	4	200
	4	199
	4	198
	3	197
	4	197
	2	197
	3	196
	4	196
	2	196
	3	195
	4	195
	2	195
	1	197
	1	196
	0	198
	0	199
	0	197
	0	196
	1	195
	0	195
	1	194
	2	194
	0	194
	1	193
	2	193
	0	193
	1	192
	2	192
	0	192
	3	192
	2	191
	3	193
	3	191
	1	191
	2	190
	3	190
	1	190
	0	191
	3	194
	4	194
	4	193
	4	192
	4	191
	4	190
	2	189
	3	189
	1	189
	0	190
	0	189
	1	188
	2	188
	0	188
	1	187
	2	187
	0	187
	1	186
	2	186
	0	186
	1	185
	2	185
	0	185
	1	184
	2	184
	0	184
	3	186
	3	187
	3	185
	3	188
	4	187
	4	188
	4	186
	4	189
	3	184
	2	183
	3	183
	1	183
	2	182
	3	182
	1	182
	0	183
	0	182
	1	181
	2	181
	0	181
	1	180
	2	180
	0	180
	1	179
	2	179
	0	179
	1	178
	2	178
	0	178
	1	177
	2	177
	0	177
	1	176
	2	176
	0	176
	3	179
	3	180
	3	178
	3	181
	4	180
	4	181
	4	179
	4	182
	4	183
	4	184
	4	185
	1	175
	2	175
	0	175
	1	174
	2	174
	0	174
	1	173
	2	173
	0	173
	1	172
	2	172
	0	172
	1	171
	2	171
	0	171
	1	170
	2	170
	0	170
	3	173
	3	174
	3	172
	3	175
	3	176
	3	177
	4	177
	4	178
	4	176
	4	175
	3	171
	3	170
	2	169
	3	169
	1	169
	2	168
	3	168
	1	168
	2	167
	3	167
	1	167
	2	166
	3	166
	1	166
	2	165
	3	165
	1	165
	2	164
	3	164
	1	164
	2	163
	3	163
	1	163
	0	167
	0	168
	0	166
	0	169
	0	165
	0	164
	0	163
	1	162
	2	162
	0	162
	4	172
	4	173
	4	171
	4	174
	4	170
	4	169
	4	168
	4	167
	4	166
	4	165
	4	164
	4	163
	3	162
	4	162
	3	161
	4	161
	2	161
	1	161
	2	160
	3	160
	1	160
	2	159
	3	159
	1	159
	2	158
	3	158
	1	158
	0	161
	0	160
	0	159
	0	158
	74	205
	75	206
	75	208
	74	204
	74	203
	75	205
	71	184
	71	186
	71	188
	71	181
	71	182
	71	183
	71	185
	71	187
	71	189
	71	190
	71	191
	71	192
	71	198
	71	196
	74	209
	71	195
	71	193
	71	197
	75	199
	75	210
	71	210
	72	201
	75	195
	72	210
	73	202
	73	201
	73	209
	74	202
	74	201
	71	208
	72	202
	72	200
	72	208
	71	194
	75	202
	74	206
	74	207
	75	204
	4	158
	75	207
	4	159
	4	160
	74	208
	73	210
	71	209
	72	209
	73	208
	71	207
	73	207
	72	207
	71	206
	73	206
	72	206
	71	205
	73	205
	72	205
	71	204
	71	202
	71	201
	71	200
	72	199
	73	203
	73	200
	74	199
	71	203
	72	198
	73	199
	72	197
	72	196
	72	203
	74	198
	72	204
	72	195
	75	190
	74	195
	73	204
	72	193
	74	194
	73	195
	73	194
	72	194
	75	189
	73	198
	73	193
	74	193
	75	198
	72	192
	74	192
	73	192
	72	191
	74	191
	73	191
	72	190
	74	190
	73	190
	72	189
	74	189
	73	189
	72	188
	74	188
	73	188
	72	187
	74	187
	73	187
	72	186
	72	184
	72	185
	72	181
	72	183
	72	182
	73	182
	14	139
	14	140
	14	138
	15	139
	15	140
	15	138
	16	139
	16	140
	16	138
	17	139
	17	140
	17	138
	18	139
	18	140
	18	138
	19	139
	19	140
	19	138
	75	196
	74	196
	73	196
	74	197
	74	200
	75	197
	73	197
	74	210
	71	199
	75	209
	75	200
	75	201
	75	203
	5	166
	6	166
	5	167
	5	165
	6	167
	6	165
	5	164
	6	164
	5	163
	6	163
	5	162
	6	162
	7	163
	7	164
	7	162
	6	161
	7	161
	5	161
	8	162
	8	163
	8	161
	7	160
	8	160
	6	160
	9	161
	9	162
	9	160
	8	159
	9	159
	7	159
	10	160
	10	161
	10	159
	9	158
	10	158
	8	158
	11	158
	10	157
	11	159
	11	157
	9	157
	12	158
	12	159
	12	157
	11	156
	12	156
	10	156
	13	156
	12	155
	13	157
	13	155
	11	155
	14	155
	13	154
	14	156
	14	154
	12	154
	15	155
	15	156
	15	154
	14	153
	15	153
	13	153
	16	154
	16	155
	16	153
	15	152
	16	152
	14	152
	17	153
	17	154
	17	152
	16	151
	17	151
	15	151
	18	151
	17	150
	18	152
	18	150
	16	150
	17	149
	18	149
	16	149
	19	150
	19	151
	19	149
	18	148
	19	148
	17	148
	20	149
	20	150
	20	148
	19	147
	20	147
	18	147
	21	147
	20	146
	21	148
	21	146
	19	146
	20	145
	21	145
	19	145
	22	146
	22	147
	22	145
	21	144
	22	144
	20	144
	21	143
	22	143
	20	143
	21	142
	22	142
	20	142
	21	141
	22	141
	20	141
	21	140
	22	140
	20	140
	19	141
	19	142
	20	139
	21	139
	18	141
	18	142
	17	141
	17	142
	16	142
	17	143
	18	143
	16	143
	16	141
	17	144
	18	144
	16	144
	16	145
	17	145
	15	145
	16	146
	17	146
	15	146
	15	144
	14	146
	15	147
	16	147
	14	147
	14	145
	14	148
	15	148
	13	148
	14	149
	15	149
	13	149
	13	147
	14	150
	15	150
	13	150
	14	151
	13	151
	13	152
	12	152
	12	153
	12	151
	11	154
	11	153
	10	155
	10	154
	9	156
	9	155
	8	156
	8	157
	8	155
	7	157
	7	158
	75	187
	6	158
	6	159
	6	157
	5	159
	5	160
	5	158
	75	191
	75	192
	75	193
	75	188
	8	154
	75	194
	9	153
	10	153
	8	153
	9	154
	9	152
	10	152
	8	152
	10	151
	11	151
	9	151
	10	150
	11	152
	11	150
	9	150
	12	150
	11	149
	12	149
	10	149
	12	148
	11	148
	12	147
	13	146
	12	146
	13	145
	18	145
	18	146
	17	147
	16	148
	19	144
	19	143
	15	141
	15	142
	15	143
	14	143
	14	144
	14	142
	14	141
	20	138
	21	138
	22	139
	22	138
	22	148
	23	147
	23	148
	23	146
	23	145
	24	146
	24	147
	24	145
	23	144
	24	144
	23	143
	24	143
	23	142
	24	142
	23	141
	24	141
	23	140
	24	140
	23	139
	24	139
	51	145
	52	145
	50	145
	51	146
	51	144
	52	146
	52	144
	50	146
	50	144
	51	143
	52	143
	50	143
	51	142
	52	142
	50	142
	53	142
	52	141
	53	143
	53	141
	51	141
	47	152
	48	152
	46	152
	47	153
	47	151
	48	153
	48	151
	46	153
	46	151
	47	150
	48	150
	46	150
	47	149
	48	149
	45	218
	47	148
	48	148
	44	218
	47	147
	48	147
	43	218
	47	146
	48	146
	42	218
	47	145
	48	145
	41	218
	47	144
	48	144
	46	144
	47	143
	48	143
	46	143
	47	142
	48	142
	46	142
	47	141
	48	141
	46	141
	49	142
	49	143
	49	141
	48	140
	49	140
	47	140
	50	141
	50	140
	51	140
	50	139
	51	139
	49	139
	49	152
	49	153
	49	151
	49	150
	49	149
	49	148
	49	147
	49	146
	49	145
	49	144
	52	140
	48	139
	47	139
	46	140
	46	139
	52	139
	53	140
	53	139
	54	140
	54	141
	54	139
	73	167
	55	141
	74	167
	75	168
	75	167
	72	166
	54	142
	55	142
	54	143
	55	143
	53	144
	54	144
	50	148
	51	148
	50	149
	50	147
	51	149
	51	147
	52	149
	51	150
	52	150
	52	148
	50	150
	51	151
	52	151
	50	151
	53	150
	53	151
	53	149
	52	152
	53	152
	51	152
	54	151
	54	152
	54	150
	53	153
	54	153
	52	153
	55	152
	55	153
	55	151
	56	151
	55	150
	56	152
	56	150
	57	151
	57	152
	57	150
	58	151
	58	152
	58	150
	57	149
	58	149
	56	149
	57	148
	58	148
	56	148
	57	147
	58	147
	56	147
	55	148
	55	149
	55	147
	54	148
	54	149
	54	147
	53	148
	53	147
	52	147
	56	153
	57	153
	51	153
	50	152
	50	153
	59	151
	59	152
	59	150
	60	152
	59	153
	60	153
	60	151
	58	153
	61	152
	61	153
	61	151
	62	152
	62	153
	62	151
	63	152
	63	153
	63	151
	64	152
	64	153
	64	151
	65	153
	64	154
	65	154
	65	152
	63	154
	66	153
	66	154
	66	152
	65	151
	61	150
	62	150
	60	150
	61	149
	62	149
	60	149
	59	149
	59	148
	60	148
	67	153
	67	154
	67	152
	68	154
	67	155
	68	155
	68	153
	66	155
	69	155
	68	156
	69	156
	69	154
	67	156
	66	156
	65	155
	64	155
	65	156
	68	157
	69	157
	67	157
	68	158
	69	158
	67	158
	70	157
	70	158
	70	156
	69	159
	70	159
	68	159
	71	159
	70	160
	71	160
	71	158
	69	160
	72	160
	71	161
	72	161
	72	159
	70	161
	71	162
	72	162
	70	162
	73	161
	73	162
	73	160
	72	163
	73	163
	71	163
	74	163
	73	164
	74	164
	74	162
	72	164
	73	165
	74	165
	72	165
	75	164
	75	165
	75	163
	75	162
	74	161
	75	161
	74	160
	75	160
	74	159
	75	159
	73	159
	74	158
	75	158
	73	158
	74	157
	75	157
	73	157
	74	156
	75	156
	73	156
	74	155
	75	155
	73	155
	74	154
	75	154
	73	154
	74	153
	75	153
	73	153
	72	173
	73	175
	72	174
	72	157
	72	158
	72	156
	72	155
	72	154
	72	153
	72	172
	71	152
	72	175
	73	176
	71	153
	71	151
	71	154
	71	155
	71	156
	71	157
	70	155
	70	154
	70	152
	69	152
	70	153
	70	151
	69	153
	69	151
	68	150
	69	150
	67	150
	68	151
	68	149
	69	149
	67	151
	67	149
	66	149
	73	174
	74	175
	66	150
	66	148
	65	148
	73	173
	75	175
	65	149
	75	173
	75	174
	72	176
	74	174
	65	150
	66	151
	68	152
	62	148
	63	148
	61	148
	62	147
	63	149
	63	147
	61	147
	58	146
	59	146
	57	146
	58	145
	59	147
	59	145
	57	145
	56	145
	55	145
	56	146
	56	144
	57	144
	55	146
	55	144
	56	143
	54	145
	54	146
	53	145
	53	146
	58	144
	74	166
	73	168
	72	168
	75	166
	74	169
	74	168
	73	181
	75	178
	73	166
	75	176
	75	169
	75	177
	74	182
	75	182
	75	181
	75	183
	74	183
	75	184
	74	181
	74	184
	75	180
	73	184
	74	185
	75	179
	75	185
	73	185
	72	180
	73	183
	73	186
	75	186
	74	186
	72	179
	74	180
	75	170
	74	170
	72	167
	73	169
	60	145
	73	170
	60	146
	61	146
	74	171
	60	147
	73	171
	74	172
	75	171
	64	148
	64	149
	72	169
	64	150
	63	150
	74	173
	73	172
	72	170
	72	171
	75	172
	73	178
	73	180
	74	176
	73	177
	74	177
	74	178
	72	177
	72	178
	74	179
	73	179
	71	180
	71	179
	71	178
	71	177
	71	176
	71	175
	71	174
	71	173
	71	172
	71	171
	71	170
	71	169
	71	168
	71	167
	71	166
	71	165
	71	164
	69	162
	70	163
	69	163
	69	161
	68	160
	68	161
	67	159
	72	212
	73	212
	71	212
	72	213
	72	211
	73	213
	73	211
	71	213
	71	211
	70	212
	70	213
	70	211
	71	214
	72	214
	70	214
	69	213
	69	214
	69	212
	68	213
	68	214
	68	212
	67	213
	67	214
	67	212
	66	213
	66	214
	66	212
	65	214
	66	215
	67	215
	65	215
	65	213
	64	215
	65	216
	66	216
	64	216
	64	214
	63	215
	63	216
	63	214
	64	217
	65	217
	63	217
	62	216
	62	217
	62	215
	61	217
	62	218
	63	218
	61	218
	61	216
	60	218
	61	219
	62	219
	60	219
	60	217
	59	218
	59	219
	59	217
	58	219
	59	220
	60	220
	58	220
	58	218
	57	219
	57	220
	57	218
	56	220
	57	221
	58	221
	56	221
	56	219
	55	220
	55	221
	55	219
	54	220
	54	221
	54	219
	53	221
	54	222
	55	222
	53	222
	53	220
	56	222
	57	222
	58	222
	59	221
	60	221
	59	222
	60	222
	61	221
	62	221
	61	222
	61	220
	62	222
	62	220
	63	221
	63	222
	63	220
	64	221
	64	222
	64	220
	65	221
	65	222
	65	220
	66	221
	66	222
	66	220
	67	221
	67	222
	67	220
	68	221
	68	222
	68	220
	69	221
	69	222
	69	220
	63	219
	64	219
	64	218
	65	218
	65	219
	66	217
	67	217
	66	218
	67	218
	67	216
	68	217
	68	218
	68	216
	69	216
	70	216
	69	217
	69	215
	70	217
	70	215
	68	215
	69	218
	70	218
	68	219
	69	219
	67	219
	66	219
	70	219
	71	217
	72	217
	71	218
	71	216
	72	218
	72	216
	74	216
	75	216
	73	216
	74	217
	74	215
	75	217
	75	215
	73	217
	73	215
	73	218
	74	218
	73	219
	74	219
	72	219
	73	220
	74	220
	72	220
	71	220
	72	221
	73	221
	71	221
	71	219
	72	215
	73	214
	74	214
	74	213
	70	220
	70	221
	70	222
	71	222
	72	222
	71	215
	74	212
	74	211
	75	212
	75	213
	75	211
	75	214
	74	221
	73	222
	74	222
	75	221
	75	222
	75	220
	75	219
	75	218
	17	220
	18	221
	18	222
	18	220
	19	221
	19	222
	19	220
	20	221
	21	221
	20	222
	20	220
	21	222
	21	220
	22	221
	23	221
	22	222
	22	220
	23	222
	23	220
	24	221
	24	222
	24	220
	25	221
	25	222
	25	220
	26	221
	26	222
	26	220
	27	221
	27	222
	27	220
	28	221
	28	222
	28	220
	29	221
	29	222
	29	220
	30	221
	30	222
	30	220
	31	221
	31	222
	31	220
	32	221
	32	222
	32	220
	33	221
	33	222
	33	220
	34	221
	34	222
	34	220
	35	221
	35	222
	35	220
	36	221
	36	222
	36	220
	37	221
	37	222
	37	220
	38	221
	38	222
	38	220
	39	221
	39	222
	39	220
	40	221
	40	222
	40	220
	41	221
	41	222
	41	220
	42	221
	42	222
	42	220
	43	221
	43	222
	43	220
	44	221
	44	222
	44	220
	45	221
	45	222
	45	220
	46	221
	46	222
	46	220
	47	222
	47	221
	48	222
	48	221
	49	222
	49	221
	50	222
	50	221
	51	222
	51	221
	52	222
	52	221
	51	220
	52	220
	50	220
	49	220
	48	220
	47	220
	16	219
	17	219
	18	219
	19	219
	20	219
	21	219
	22	219
	23	219
	24	219
	25	219
	26	219
	27	219
	28	219
	29	219
	30	219
	31	219
	32	219
	33	219
	34	219
	35	219
	36	219
	37	219
	38	219
	39	219
	40	219
	41	219
	42	219
	43	219
	44	219
	45	219
	46	219
	47	219
	48	219
	49	219
	50	219
	51	219
	52	219
	53	219
	55	218
	56	218
	54	218
	58	217
	57	217
	60	216
	69	211
	70	210
	69	210
	68	211
	68	210
	67	211
	70	209
	69	209
	70	208
	23	218
	24	218
	22	218
	25	218
	24	217
	25	217
	23	217
	30	218
	31	218
	29	218
	30	217
	31	217
	29	217
	32	218
	32	217
	31	216
	32	216
	30	216
	31	215
	32	215
	30	215
	33	215
	32	214
	33	216
	33	214
	31	214
	34	215
	34	216
	34	214
	33	217
	33	218
	34	217
	34	218
	28	218
	27	218
	28	217
	27	217
	26	218
	26	217
	21	218
	20	218
	19	218
	18	218
	17	218
	16	218
	52	218
	53	218
	51	218
	53	217
	54	217
	52	217
	55	217
	56	217
	59	216
	61	215
	70	207
	70	206
	70	205
	70	164
	70	165
	70	166
	69	164
	69	165
	70	167
	70	168
	67	160
	66	157
	66	158
	65	157
	64	156
	63	155
	62	154
	62	155
	61	154
	60	154
	26	152
	27	152
	25	152
	26	153
	26	151
	27	153
	27	151
	25	153
	25	151
	26	150
	27	150
	25	150
	28	151
	28	152
	28	150
	28	153
	26	149
	27	149
	25	149
	26	148
	27	148
	25	148
	26	147
	27	147
	25	147
	26	146
	27	146
	25	146
	24	148
	25	145
	26	145
	25	144
	26	144
	27	145
	27	144
	36	217
	40	218
	39	218
	38	218
	37	218
	28	144
	27	143
	28	143
	26	143
	25	143
	25	142
	26	142
	27	142
	22	137
	23	137
	21	137
	22	136
	23	138
	23	136
	21	136
	20	137
	20	136
	25	141
	26	141
	25	140
	26	140
	27	141
	27	140
	28	142
	28	141
	19	137
	19	136
	21	135
	22	135
	20	135
	21	134
	22	134
	20	134
	23	135
	23	134
	22	133
	23	133
	21	133
	20	133
	21	132
	22	132
	20	132
	21	131
	22	131
	20	131
	21	130
	22	130
	20	130
	21	129
	22	129
	20	129
	21	128
	22	128
	20	128
	21	127
	22	127
	20	127
	21	126
	22	126
	20	126
	23	132
	23	131
	23	130
	23	129
	23	128
	23	127
	23	126
	21	125
	22	125
	20	125
	21	124
	22	124
	20	124
	21	123
	22	123
	20	123
	21	122
	22	122
	20	122
	21	121
	22	121
	20	121
	21	120
	22	120
	20	120
	23	122
	23	123
	23	121
	23	124
	23	125
	21	119
	22	119
	20	119
	21	118
	22	118
	20	118
	21	117
	22	117
	20	117
	21	116
	22	116
	20	116
	21	115
	22	115
	20	115
	23	118
	23	119
	23	117
	23	120
	23	116
	23	115
	22	114
	23	114
	21	114
	22	113
	23	113
	21	113
	22	112
	23	112
	21	112
	22	111
	23	111
	21	111
	20	113
	20	114
	20	112
	20	111
	21	110
	22	110
	20	110
	21	109
	22	109
	20	109
	21	108
	22	108
	20	108
	21	107
	22	107
	20	107
	21	106
	22	106
	20	106
	21	105
	22	105
	20	105
	21	104
	22	104
	20	104
	21	103
	22	103
	20	103
	21	102
	22	102
	20	102
	21	101
	22	101
	20	101
	21	100
	22	100
	20	100
	21	99
	22	99
	20	99
	21	98
	22	98
	20	98
	21	97
	22	97
	20	97
	23	110
	23	109
	23	108
	23	107
	23	106
	23	105
	23	104
	23	103
	23	102
	23	101
	23	100
	23	99
	23	98
	23	97
	22	96
	23	96
	21	96
	20	96
	21	95
	22	95
	20	95
	21	94
	22	94
	20	94
	21	93
	22	93
	20	93
	21	92
	22	92
	20	92
	23	93
	23	94
	23	92
	23	95
	23	88
	23	87
	23	89
	20	91
	21	91
	23	91
	20	90
	21	90
	23	90
	22	91
	22	90
	21	89
	22	89
	20	89
	21	88
	22	88
	20	88
	21	87
	22	87
	20	87
	21	86
	22	86
	20	86
	21	85
	22	85
	20	85
	21	84
	22	84
	20	84
	23	86
	23	85
	21	83
	22	83
	20	83
	21	82
	22	82
	20	82
	21	81
	22	81
	20	81
	23	83
	23	84
	23	82
	23	81
	22	80
	23	80
	21	80
	22	79
	23	79
	21	79
	20	80
	20	79
	21	78
	22	78
	20	78
	21	77
	22	77
	20	77
	21	76
	22	76
	20	76
	21	75
	22	75
	20	75
	19	75
	20	74
	21	74
	19	76
	19	74
	20	73
	21	73
	19	73
	20	72
	21	72
	19	72
	20	71
	21	71
	19	71
	22	73
	22	74
	22	72
	23	75
	23	76
	23	74
	23	77
	23	73
	23	72
	23	78
	22	71
	21	70
	22	70
	20	70
	21	69
	22	69
	20	69
	19	69
	20	68
	21	68
	19	70
	19	68
	20	67
	21	67
	19	67
	20	66
	21	66
	19	66
	20	65
	21	65
	19	65
	20	64
	21	64
	19	64
	22	65
	22	66
	22	64
	22	67
	22	68
	23	69
	23	70
	23	68
	23	71
	23	67
	23	66
	23	65
	23	64
	22	63
	23	63
	21	63
	22	62
	23	62
	21	62
	22	61
	23	61
	21	61
	22	60
	23	60
	21	60
	20	63
	20	62
	20	61
	20	60
	19	63
	19	62
	19	61
	19	60
	20	59
	21	59
	19	59
	22	59
	23	59
	22	58
	23	58
	21	58
	20	58
	19	58
	18	59
	18	60
	18	58
	18	61
	17	60
	17	61
	17	59
	16	60
	16	61
	16	59
	17	58
	16	58
	15	59
	15	60
	15	58
	14	59
	14	60
	14	58
	13	59
	13	60
	13	58
	12	59
	12	60
	12	58
	11	59
	11	60
	11	58
	12	61
	13	61
	11	61
	10	60
	10	61
	10	59
	14	61
	15	61
	21	57
	22	57
	20	57
	21	56
	22	56
	20	56
	19	56
	20	55
	21	55
	19	57
	19	55
	18	55
	19	54
	20	54
	18	56
	18	54
	17	54
	18	53
	19	53
	17	55
	17	53
	16	54
	16	55
	16	53
	15	53
	16	52
	17	52
	15	54
	15	52
	16	51
	17	51
	15	51
	14	51
	15	50
	16	50
	14	52
	14	50
	15	49
	16	49
	14	49
	13	49
	14	48
	15	48
	13	50
	13	48
	14	47
	15	47
	13	47
	14	46
	15	46
	13	46
	14	45
	15	45
	13	45
	13	51
	13	52
	14	53
	13	53
	14	54
	13	54
	15	55
	14	55
	16	56
	17	56
	15	56
	17	57
	18	57
	16	57
	15	57
	14	56
	14	57
	13	57
	12	57
	13	56
	12	56
	13	55
	12	55
	11	57
	11	56
	10	58
	10	57
	10	56
	11	55
	10	55
	11	54
	12	54
	10	54
	11	53
	12	53
	10	53
	11	52
	12	52
	10	52
	11	51
	12	51
	10	51
	11	50
	12	50
	10	50
	11	49
	12	49
	10	49
	11	48
	12	48
	10	48
	11	47
	12	47
	10	47
	11	46
	12	46
	10	46
	11	45
	12	45
	10	45
	11	44
	12	44
	10	44
	11	43
	12	43
	10	43
	11	42
	12	42
	10	42
	13	43
	13	44
	13	42
	12	41
	13	41
	11	41
	12	40
	13	40
	11	40
	10	41
	10	40
	11	39
	12	39
	10	39
	11	38
	12	38
	10	38
	13	39
	14	41
	14	42
	14	40
	14	43
	14	44
	14	39
	13	38
	14	38
	13	37
	14	37
	12	37
	13	36
	14	36
	12	36
	11	36
	12	35
	13	35
	11	37
	11	35
	12	34
	13	34
	11	34
	12	33
	13	33
	11	33
	12	32
	13	32
	11	32
	10	37
	10	36
	10	35
	10	34
	10	33
	10	32
	24	108
	24	110
	48	126
	24	109
	29	137
	53	216
	42	139
	31	138
	30	86
	30	89
	30	87
	30	88
	27	106
	28	106
	26	107
	25	107
	28	105
	27	105
	44	135
	45	133
	41	139
	42	138
	43	138
	46	133
	56	216
	60	215
	55	216
	48	127
	59	215
	43	137
	26	133
	43	136
	44	136
	48	218
	47	130
	47	131
	46	132
	33	142
	48	128
	48	129
	32	140
	46	218
	33	143
	33	141
	31	140
	47	129
	54	216
	51	217
	48	111
	28	136
	27	135
	48	130
	58	216
	28	135
	47	114
	47	218
	43	140
	47	113
	49	218
	41	140
	47	115
	41	141
	30	138
	48	116
	48	115
	48	113
	48	118
	49	120
	49	121
	49	123
	48	117
	49	127
	49	126
	48	114
	49	129
	31	139
	50	127
	49	128
	50	128
	50	123
	50	126
	50	122
	50	124
	49	125
	49	117
	50	125
	49	122
	49	118
	49	116
	50	120
	50	121
	49	119
	49	112
	49	115
	48	23
	49	124
	41	24
	39	24
	49	114
	42	24
	42	23
	50	23
	51	23
	51	24
	49	23
	40	24
	50	24
	36	23
	41	23
	35	23
	49	110
	44	23
	47	90
	47	89
	43	23
	44	24
	45	23
	40	23
	52	23
	52	25
	38	23
	50	25
	51	26
	37	23
	49	113
	49	24
	52	24
	52	26
	43	24
	39	23
	45	24
	52	27
	16	41
	39	18
	49	25
	51	25
	16	42
	16	32
	30	38
	48	24
	17	38
	16	33
	47	24
	25	63
	48	25
	25	62
	27	69
	47	109
	49	111
	46	107
	46	23
	47	23
	48	110
	46	88
	46	87
	27	68
	26	64
	26	65
	31	38
	15	36
	28	38
	46	24
	15	35
	15	34
	56	23
	48	138
	49	138
	47	138
	48	137
	49	137
	47	137
	48	136
	49	136
	47	136
	48	135
	49	135
	47	135
	46	136
	46	137
	46	135
	47	134
	48	134
	46	134
	45	135
	45	136
	45	134
	46	138
	50	137
	51	137
	50	138
	50	136
	51	138
	51	136
	52	137
	52	138
	52	136
	51	135
	52	135
	50	135
	51	134
	52	134
	50	134
	49	134
	50	133
	51	133
	49	133
	52	133
	51	132
	52	132
	50	132
	48	133
	47	133
	48	132
	49	132
	47	132
	49	131
	50	131
	48	131
	51	131
	52	131
	53	131
	52	130
	53	132
	53	130
	51	130
	54	131
	54	132
	54	130
	53	133
	53	134
	53	135
	53	136
	53	137
	53	138
	54	138
	54	137
	54	136
	54	135
	54	134
	54	133
	53	129
	54	129
	52	129
	53	128
	54	128
	52	128
	53	127
	54	127
	52	127
	53	126
	54	126
	52	126
	51	128
	51	129
	51	127
	51	126
	52	125
	53	125
	51	125
	52	124
	53	124
	51	124
	52	123
	53	123
	51	123
	52	122
	53	122
	51	122
	52	121
	53	121
	51	121
	52	120
	53	120
	51	120
	52	119
	53	119
	51	119
	52	118
	53	118
	51	118
	52	117
	53	117
	51	117
	54	122
	54	123
	54	121
	54	124
	54	125
	54	120
	54	119
	54	118
	54	117
	53	116
	54	116
	52	116
	53	115
	54	115
	52	115
	51	116
	51	115
	52	114
	53	114
	51	114
	52	113
	53	113
	51	113
	52	112
	53	112
	51	112
	52	111
	53	111
	51	111
	52	110
	53	110
	51	110
	54	112
	54	113
	54	111
	54	114
	54	110
	53	109
	54	109
	52	109
	52	108
	53	108
	51	108
	52	107
	53	107
	51	109
	51	107
	52	106
	53	106
	51	106
	52	105
	53	105
	51	105
	54	106
	54	107
	54	105
	54	108
	53	104
	54	104
	52	104
	51	104
	52	103
	53	103
	51	103
	52	102
	53	102
	51	102
	52	101
	53	101
	51	101
	52	100
	53	100
	51	100
	52	99
	53	99
	51	99
	52	98
	53	98
	51	98
	52	97
	53	97
	51	97
	52	96
	53	96
	51	96
	52	95
	53	95
	51	95
	52	94
	53	94
	51	94
	54	94
	53	93
	54	95
	54	93
	52	93
	53	92
	54	92
	52	92
	53	91
	54	91
	52	91
	53	90
	54	90
	52	90
	51	91
	51	92
	51	90
	51	93
	54	96
	54	97
	54	98
	54	99
	54	100
	54	101
	54	102
	54	103
	52	89
	53	89
	51	89
	50	89
	51	88
	52	88
	50	90
	50	88
	51	87
	52	87
	50	87
	49	88
	49	89
	49	87
	50	86
	51	86
	49	86
	48	87
	48	88
	48	86
	49	85
	50	85
	48	85
	47	85
	48	84
	49	84
	47	86
	47	84
	53	87
	52	86
	53	88
	53	86
	52	85
	53	85
	51	85
	52	84
	53	84
	51	84
	54	86
	54	87
	54	85
	54	88
	54	89
	52	83
	53	83
	51	83
	52	82
	53	82
	51	82
	52	81
	53	81
	51	81
	50	84
	50	83
	50	82
	50	81
	51	80
	52	80
	50	80
	51	79
	52	79
	50	79
	51	78
	52	78
	50	78
	51	77
	52	77
	50	77
	51	76
	52	76
	50	76
	51	75
	52	75
	50	75
	51	74
	52	74
	50	74
	51	73
	52	73
	50	73
	51	72
	52	72
	50	72
	51	71
	52	71
	50	71
	51	70
	52	70
	50	70
	51	69
	52	69
	50	69
	51	68
	52	68
	50	68
	51	67
	52	67
	50	67
	51	66
	52	66
	50	66
	51	65
	52	65
	50	65
	51	64
	52	64
	50	64
	51	63
	52	63
	50	63
	51	62
	52	62
	50	62
	53	62
	52	61
	53	63
	53	61
	51	61
	52	60
	53	60
	51	60
	52	59
	53	59
	51	59
	53	80
	53	79
	53	78
	53	77
	54	83
	54	84
	54	82
	54	81
	54	80
	54	79
	54	78
	54	77
	53	76
	54	76
	53	75
	54	75
	53	74
	54	74
	53	73
	54	73
	53	72
	54	72
	53	71
	54	71
	53	70
	54	70
	53	69
	54	69
	53	68
	54	68
	53	67
	54	67
	53	66
	54	66
	53	65
	53	64
	54	62
	54	63
	54	61
	54	64
	54	65
	54	60
	54	59
	53	58
	54	58
	52	58
	53	57
	54	57
	52	57
	50	61
	50	60
	50	59
	51	58
	50	58
	51	57
	50	57
	55	59
	55	60
	55	58
	56	59
	56	60
	56	58
	55	61
	56	61
	55	62
	56	62
	57	61
	57	62
	57	60
	58	60
	57	59
	58	61
	58	59
	59	60
	59	61
	59	59
	60	60
	60	61
	60	59
	61	60
	61	61
	61	59
	60	58
	61	58
	59	58
	58	58
	57	58
	55	57
	56	57
	57	57
	58	57
	59	57
	60	57
	61	57
	60	56
	61	56
	59	56
	60	55
	61	55
	59	55
	60	54
	61	54
	59	54
	60	53
	61	53
	59	53
	60	52
	61	52
	59	52
	60	51
	61	51
	59	51
	60	50
	61	50
	59	50
	60	49
	61	49
	59	49
	57	40
	61	48
	57	41
	57	38
	60	48
	61	47
	57	37
	60	47
	61	46
	57	39
	60	46
	61	45
	57	44
	60	45
	61	44
	57	43
	60	44
	61	43
	57	42
	60	43
	59	47
	59	48
	59	46
	59	45
	59	44
	59	43
	60	42
	61	42
	59	42
	60	41
	61	41
	59	41
	60	40
	61	40
	59	40
	60	39
	61	39
	59	39
	60	38
	61	38
	59	38
	60	37
	61	37
	59	37
	60	36
	61	36
	59	36
	60	35
	61	35
	59	35
	60	34
	61	34
	59	34
	60	33
	61	33
	59	33
	60	32
	61	32
	59	32
	60	31
	61	31
	59	31
	60	30
	61	30
	59	30
	60	29
	61	29
	59	29
	60	28
	61	28
	59	28
	60	27
	61	27
	59	27
	60	26
	61	26
	59	26
	60	25
	61	25
	59	25
	60	24
	61	24
	59	24
	60	23
	61	23
	59	23
	60	22
	61	22
	59	22
	60	21
	61	21
	59	21
	60	20
	61	20
	59	20
	60	19
	61	19
	59	19
	60	18
	61	18
	59	18
	14	34
	53	23
	53	24
	53	25
	53	26
	54	23
	54	24
	55	23
	58	56
	58	55
	58	54
	57	54
	58	53
	57	55
	57	53
	58	52
	57	52
	58	51
	57	51
	58	50
	57	50
	57	56
	58	49
	57	49
	58	48
	57	48
	58	47
	57	47
	58	46
	57	46
	58	45
	57	45
	58	44
	58	43
	58	42
	58	41
	58	40
	58	39
	58	38
	58	37
	58	36
	58	34
	57	34
	58	35
	58	33
	57	35
	57	33
	58	32
	57	32
	58	31
	57	31
	58	30
	58	29
	58	28
	58	27
	58	26
	58	25
	58	24
	58	23
	58	22
	14	32
	14	35
	15	32
	58	18
	58	20
	58	21
	58	19
	57	36
	57	30
	57	29
	57	28
	57	27
	57	26
	57	25
	57	24
	57	23
	57	22
	57	21
	57	20
	57	19
	57	18
	14	33
	15	33
	43	139
	32	138
	25	108
	26	106
	41	143
	33	140
	47	110
	47	111
	47	112
	57	216
	50	218
	48	112
	29	136
	41	142
	42	140
	49	83
	48	83
	49	82
	48	82
	50	118
	50	119
	50	117
	50	109
	50	110
	50	108
	24	116
	24	117
	24	115
	5	207
	35	218
	35	217
	35	216
	36	218
	21	149
	22	149
	23	149
	24	149
	24	150
	23	150
	24	151
	25	139
	24	138
	26	139
	24	137
	27	216
	28	216
	29	216
	29	215
	30	214
	22	217
	21	217
	20	217
	19	217
	18	217
	17	217
	16	217
	15	217
	13	213
	14	214
	14	215
	13	212
	13	211
	13	210
	6	207
	7	207
	8	207
	9	207
	5	206
	5	205
	5	204
	5	192
	6	192
	5	193
	5	191
	6	193
	6	191
	7	191
	6	190
	7	192
	7	190
	5	190
	6	189
	7	189
	5	189
	8	190
	8	191
	8	189
	7	188
	8	188
	6	188
	7	187
	8	187
	6	187
	5	188
	5	187
	6	186
	7	186
	5	186
	5	185
	6	185
	7	185
	6	184
	7	184
	5	184
	6	183
	7	183
	5	183
	5	182
	6	182
	5	181
	6	181
	7	182
	8	186
	8	185
	5	180
	6	180
	5	179
	6	179
	7	180
	7	181
	7	179
	6	178
	7	178
	5	178
	6	177
	7	177
	5	177
	6	176
	7	176
	5	176
	6	175
	7	175
	5	175
	22	151
	23	151
	21	151
	22	152
	22	150
	23	152
	21	152
	21	150
	24	152
	23	153
	24	153
	22	153
	21	153
	20	152
	19	152
	20	153
	20	151
	19	153
	18	153
	18	154
	19	154
	17	155
	18	155
	16	156
	17	156
	5	174
	6	174
	5	173
	6	173
	5	172
	6	172
	5	171
	6	171
	5	170
	6	170
	5	169
	5	168
	67	210
	66	210
	67	209
	68	209
	66	211
	66	209
	65	210
	65	211
	65	209
	64	209
	65	208
	66	208
	64	210
	64	208
	63	208
	64	207
	65	207
	63	209
	63	207
	64	206
	65	206
	63	206
	62	207
	62	208
	62	206
	63	205
	64	205
	62	205
	63	204
	64	204
	62	204
	63	203
	64	203
	62	203
	61	203
	62	202
	63	202
	61	204
	61	202
	62	201
	63	201
	61	201
	62	200
	63	200
	61	200
	62	199
	63	199
	61	199
	60	200
	60	201
	60	199
	62	198
	63	198
	61	198
	64	198
	63	197
	64	199
	64	197
	62	197
	65	198
	65	199
	65	197
	66	199
	65	200
	66	200
	66	198
	64	200
	67	201
	68	201
	66	201
	67	202
	67	200
	68	202
	68	200
	66	202
	69	204
	70	204
	68	204
	69	205
	69	203
	70	203
	68	205
	68	203
	69	207
	68	207
	69	208
	69	206
	68	208
	68	206
	67	208
	67	207
	66	207
	66	206
	65	205
	66	205
	65	203
	64	202
	65	204
	65	202
	65	201
	64	201
	67	203
	66	203
	67	205
	67	206
	67	204
	66	204
	69	200
	68	199
	69	201
	69	199
	67	199
	70	200
	70	201
	70	199
	70	198
	69	198
	70	202
	69	202
	68	198
	67	198
	67	197
	68	197
	66	197
	67	196
	68	196
	66	196
	65	196
	64	196
	67	195
	68	195
	66	195
	69	196
	69	197
	69	195
	68	194
	69	194
	67	194
	65	195
	64	195
	66	194
	70	194
	70	195
	70	193
	69	193
	70	196
	70	197
	70	192
	69	192
	70	191
	69	191
	70	190
	69	190
	68	193
	68	192
	67	193
	67	192
	70	189
	70	188
	70	187
	70	186
	70	185
	70	184
	70	183
	69	189
	69	188
	69	187
	69	186
	69	185
	69	184
	69	183
	70	182
	69	182
	70	181
	69	181
	70	180
	70	179
	70	178
	70	177
	70	176
	70	175
	70	174
	70	173
	70	172
	69	180
	69	179
	69	177
	69	178
	69	176
	69	175
	69	174
	69	173
	69	172
	70	171
	69	171
	70	170
	70	169
	69	170
	69	169
	69	167
	69	168
	69	166
	68	162
	68	163
	68	164
	56	154
	57	154
	55	154
	54	154
	58	154
	59	154
	45	142
	45	143
	45	141
	45	144
	44	143
	44	144
	44	142
	43	143
	43	144
	43	142
	44	141
	43	141
	42	142
	42	143
	42	141
	42	144
	45	140
	44	140
	45	139
	45	138
	44	139
	44	138
	45	137
	44	137
	32	139
	33	139
	29	143
	29	144
	29	142
	30	143
	30	144
	30	142
	31	143
	31	144
	31	142
	30	141
	31	141
	29	141
	32	142
	32	143
	32	141
	32	144
	28	140
	29	140
	28	139
	29	139
	27	139
	27	138
	28	138
	26	138
	25	138
	26	137
	27	137
	25	137
	25	136
	26	136
	24	136
	25	135
	26	135
	24	135
	27	136
	28	137
	29	138
	30	140
	30	139
	25	134
	26	134
	24	134
	24	133
	25	133
	24	132
	25	132
	24	131
	25	131
	24	130
	25	130
	24	129
	25	129
	24	128
	25	128
	24	127
	25	127
	24	126
	24	125
	25	125
	24	124
	25	126
	25	124
	24	123
	25	123
	24	122
	25	122
	24	121
	25	121
	24	120
	25	120
	24	119
	25	119
	24	118
	25	118
	24	106
	24	107
	24	105
	25	105
	24	104
	25	106
	25	104
	24	103
	25	103
	26	104
	26	105
	26	103
	25	102
	26	102
	24	102
	25	101
	26	101
	24	101
	27	102
	27	103
	27	101
	26	100
	27	100
	25	100
	28	101
	28	102
	28	100
	29	100
	28	99
	29	101
	29	99
	27	99
	30	100
	30	101
	30	99
	29	98
	30	98
	28	98
	29	102
	30	102
	28	103
	27	104
	28	104
	31	99
	31	100
	31	98
	30	97
	31	97
	29	97
	28	97
	30	96
	31	96
	29	96
	28	96
	29	95
	30	95
	28	95
	32	98
	32	99
	32	97
	32	100
	31	101
	27	98
	27	97
	26	98
	26	99
	26	97
	25	98
	25	99
	25	97
	24	100
	24	99
	24	98
	24	97
	25	96
	26	96
	24	96
	25	95
	26	95
	24	95
	25	94
	26	94
	24	94
	25	93
	26	93
	24	93
	27	95
	27	96
	27	94
	28	94
	29	94
	30	94
	29	93
	30	93
	28	93
	29	92
	30	92
	28	92
	31	94
	31	95
	31	93
	31	92
	30	91
	31	91
	29	91
	30	90
	31	90
	29	90
	28	91
	28	90
	27	91
	26	91
	27	92
	27	90
	26	92
	26	90
	25	91
	25	92
	25	90
	27	93
	24	92
	24	91
	24	90
	28	89
	29	89
	27	89
	28	88
	29	88
	27	88
	26	89
	26	88
	25	88
	26	87
	27	87
	25	89
	25	87
	24	89
	24	88
	24	87
	24	86
	25	86
	24	85
	25	85
	24	84
	25	84
	26	85
	26	86
	26	84
	27	86
	27	85
	28	86
	28	87
	28	85
	27	84
	28	84
	27	83
	28	83
	26	83
	27	82
	28	82
	26	82
	27	81
	28	81
	26	81
	25	82
	24	82
	25	83
	25	81
	24	83
	24	81
	25	80
	26	80
	24	80
	27	80
	26	79
	27	79
	25	79
	28	80
	28	79
	29	86
	29	87
	29	85
	29	84
	29	83
	29	82
	24	79
	25	78
	26	78
	24	78
	25	77
	26	77
	24	77
	27	78
	27	77
	28	78
	28	77
	29	81
	29	80
	29	79
	27	76
	28	76
	26	76
	27	75
	28	75
	26	75
	25	76
	25	75
	26	74
	27	74
	25	74
	24	75
	24	76
	24	74
	25	73
	26	73
	24	73
	25	72
	26	72
	24	72
	25	71
	26	71
	24	71
	25	70
	26	70
	24	70
	25	69
	26	69
	24	69
	27	71
	27	72
	27	70
	27	73
	28	74
	28	73
	28	72
	25	67
	26	67
	24	67
	25	68
	25	66
	26	68
	26	66
	24	68
	24	66
	24	65
	25	65
	24	64
	25	64
	24	63
	24	62
	46	85
	46	86
	46	84
	45	84
	46	83
	47	83
	45	85
	45	83
	44	83
	45	82
	46	82
	44	84
	44	82
	43	82
	44	81
	45	81
	43	83
	43	81
	44	80
	45	80
	43	80
	42	81
	42	82
	42	80
	43	79
	44	79
	42	79
	45	79
	44	78
	45	78
	43	78
	46	79
	46	80
	46	78
	46	81
	47	81
	47	82
	47	80
	48	80
	47	79
	48	81
	48	79
	44	85
	43	84
	42	83
	47	87
	47	88
	48	89
	49	90
	48	90
	49	91
	50	91
	48	91
	49	92
	50	92
	48	92
	49	93
	50	93
	48	93
	49	94
	50	94
	48	94
	49	95
	50	95
	48	95
	49	96
	50	96
	48	96
	49	97
	50	97
	48	97
	49	98
	50	98
	48	98
	50	99
	49	99
	50	100
	49	100
	50	101
	49	101
	50	102
	49	102
	50	103
	49	103
	48	103
	49	104
	50	104
	48	104
	48	102
	47	104
	48	105
	49	105
	47	105
	47	103
	46	104
	46	105
	46	103
	47	102
	46	102
	45	103
	45	104
	45	102
	45	105
	46	106
	47	106
	45	106
	48	106
	50	105
	49	106
	50	106
	49	107
	50	107
	48	107
	46	101
	47	101
	45	101
	48	101
	47	100
	48	100
	46	100
	48	99
	44	102
	44	103
	44	101
	44	104
	44	105
	49	108
	49	109
	48	108
	48	109
	47	107
	47	108
	50	111
	50	112
	50	113
	50	114
	50	115
	50	116
	50	130
	49	130
	50	129
	47	94
	47	95
	47	93
	49	81
	49	80
	49	79
	49	78
	49	77
	48	78
	48	77
	47	78
	47	77
	49	76
	48	76
	49	75
	48	75
	49	74
	49	73
	49	72
	44	77
	45	77
	43	77
	46	77
	45	76
	46	76
	44	76
	47	76
	46	75
	47	75
	45	75
	43	76
	44	75
	43	75
	45	74
	46	74
	44	74
	47	74
	45	73
	46	73
	44	73
	47	73
	48	73
	47	72
	48	74
	48	72
	46	72
	47	71
	48	71
	46	71
	49	71
	48	70
	49	70
	47	70
	48	69
	49	69
	47	69
	45	71
	46	70
	45	72
	45	70
	46	69
	47	68
	48	68
	46	68
	47	67
	48	67
	46	67
	47	66
	48	66
	46	66
	47	65
	48	65
	46	65
	45	68
	45	69
	45	67
	45	66
	45	65
	47	64
	48	64
	46	64
	49	65
	49	66
	49	64
	49	67
	49	68
	47	63
	48	63
	46	63
	49	63
	48	62
	49	62
	47	62
	48	61
	49	61
	47	61
	48	60
	49	60
	47	60
	46	61
	46	62
	46	60
	47	59
	48	59
	46	59
	45	62
	45	63
	45	61
	45	64
	44	63
	44	64
	44	62
	44	61
	45	60
	45	59
	46	58
	47	58
	45	58
	46	57
	47	57
	45	57
	48	58
	48	57
	47	56
	48	56
	46	56
	49	57
	49	58
	49	56
	48	55
	49	55
	47	55
	50	56
	50	55
	51	55
	50	54
	51	56
	51	54
	49	54
	52	55
	52	56
	52	54
	49	59
	53	55
	53	56
	53	54
	54	56
	54	55
	55	56
	56	56
	55	55
	56	55
	56	54
	55	54
	50	53
	51	53
	49	53
	52	53
	51	52
	52	52
	50	52
	53	53
	53	52
	54	53
	55	53
	54	54
	54	52
	55	52
	56	53
	56	52
	56	51
	55	51
	56	50
	55	50
	54	51
	54	50
	53	51
	53	50
	52	51
	52	50
	53	49
	54	49
	52	49
	55	49
	54	48
	55	48
	53	48
	54	47
	55	47
	53	47
	54	46
	55	46
	53	46
	52	48
	51	50
	51	51
	51	49
	50	50
	50	51
	50	49
	51	48
	50	48
	49	49
	49	50
	49	48
	50	47
	51	47
	49	47
	48	48
	48	49
	48	47
	49	46
	50	46
	48	46
	49	45
	50	45
	48	45
	49	51
	49	52
	51	46
	51	45
	52	45
	51	44
	52	46
	52	44
	50	44
	53	45
	53	44
	54	45
	52	47
	52	43
	53	43
	51	43
	54	43
	53	42
	54	44
	54	42
	52	42
	55	43
	55	44
	55	42
	55	45
	49	44
	50	43
	51	42
	53	41
	54	41
	52	41
	55	41
	56	42
	56	43
	56	41
	56	44
	56	45
	56	46
	56	47
	56	48
	56	49
	54	40
	55	40
	53	40
	52	40
	56	40
	55	39
	56	39
	54	39
	56	38
	55	38
	56	37
	55	37
	55	28
	56	28
	54	28
	55	29
	55	27
	56	29
	56	27
	54	29
	54	27
	53	28
	53	29
	53	27
	55	26
	56	26
	54	26
	56	30
	55	30
	56	31
	55	31
	56	32
	55	32
	56	33
	55	33
	56	34
	55	34
	56	35
	55	35
	56	36
	55	36
	54	38
	54	37
	53	39
	53	38
	54	36
	48	54
	48	53
	48	52
	48	51
	47	54
	47	53
	52	39
	52	38
	53	37
	52	37
	53	36
	52	36
	53	35
	54	35
	52	35
	53	34
	54	34
	52	34
	53	33
	54	33
	52	33
	53	32
	54	32
	52	32
	53	31
	54	31
	52	31
	53	30
	54	30
	52	30
	52	29
	52	28
	55	25
	56	25
	54	25
	56	24
	55	24
	24	61
	24	60
	25	60
	24	59
	25	61
	25	59
	24	58
	23	57
	24	57
	23	56
	24	56
	22	55
	23	55
	22	54
	23	54
	21	54
	24	55
	24	54
	23	53
	24	53
	22	53
	21	53
	22	52
	23	52
	21	52
	20	52
	21	51
	22	51
	20	53
	20	51
	19	52
	19	51
	18	52
	18	51
	18	50
	19	50
	17	50
	17	49
	18	49
	20	50
	19	49
	20	49
	21	50
	22	50
	23	51
	21	49
	22	49
	20	48
	21	48
	19	48
	18	48
	17	48
	18	47
	19	47
	17	47
	16	47
	17	46
	18	46
	16	48
	16	46
	16	45
	17	45
	15	44
	16	44
	15	43
	16	43
	15	42
	15	41
	15	40
	15	39
	15	38
	15	37
	29	38
	32	38
	36	38
	35	38
	18	38
	34	38
	33	38
	27	38
	20	38
	19	38
	18	39
	26	38
	22	38
	17	39
	21	38
	17	43
	16	39
	17	41
	17	44
	36	18
	16	40
	17	42
	35	18
	38	18
	35	21
	35	22
	35	20
	38	37
	37	37
	24	38
	23	38
	17	40
	16	38
	37	18
	35	19
	36	20
	37	20
	36	21
	36	19
	37	21
	37	19
	38	20
	38	21
	38	19
	39	20
	39	21
	39	19
	40	20
	40	21
	40	19
	41	20
	41	21
	41	19
	42	20
	42	21
	42	19
	41	22
	42	22
	40	22
	38	22
	39	22
	37	22
	36	22
	25	38
	43	20
	43	21
	43	19
	44	20
	44	21
	44	19
	45	20
	46	20
	45	21
	45	19
	46	21
	46	19
	44	22
	45	22
	43	22
	40	18
	41	18
	42	18
	43	18
	44	18
	45	18
	46	18
	47	20
	48	20
	47	21
	47	19
	48	21
	48	19
	49	20
	49	21
	49	19
	50	20
	50	21
	50	19
	51	20
	51	21
	51	19
	52	20
	52	21
	52	19
	53	20
	53	21
	53	19
	54	20
	54	21
	54	19
	48	22
	49	22
	47	22
	46	22
	50	22
	51	22
	52	22
	53	22
	54	22
	55	21
	55	22
	55	20
	56	21
	56	22
	56	20
	55	19
	56	19
	55	18
	56	18
	54	18
	53	18
	52	18
	51	18
	50	18
	49	18
	48	18
	47	18
	17	35
	18	35
	16	35
	17	36
	17	34
	18	36
	18	34
	16	36
	16	34
	19	35
	20	35
	19	36
	19	34
	20	36
	20	34
	21	35
	22	35
	21	36
	21	34
	22	36
	22	34
	23	35
	24	35
	23	36
	23	34
	24	36
	24	34
	25	35
	25	36
	25	34
	26	35
	26	36
	26	34
	27	35
	28	35
	27	36
	27	34
	28	36
	28	34
	29	35
	29	36
	29	34
	30	35
	31	35
	30	36
	30	34
	31	36
	31	34
	32	35
	32	36
	32	34
	33	35
	33	36
	33	34
	34	35
	34	36
	34	34
	35	35
	35	36
	35	34
	36	35
	36	36
	36	34
	37	35
	37	36
	37	34
	38	35
	38	36
	38	34
	36	33
	37	33
	35	33
	36	32
	37	32
	35	32
	36	31
	37	31
	35	31
	36	30
	37	30
	35	30
	36	29
	37	29
	35	29
	36	28
	37	28
	35	28
	36	27
	37	27
	35	27
	36	26
	37	26
	35	26
	38	31
	38	32
	38	30
	38	33
	38	29
	38	28
	38	27
	38	26
	36	25
	37	25
	35	25
	36	24
	37	24
	35	24
	39	27
	39	28
	39	26
	38	25
	38	24
	39	29
	39	25
	39	30
	39	31
	39	32
	39	33
	39	34
	39	35
	39	36
	35	37
	36	37
	34	37
	33	37
	32	37
	31	37
	30	37
	29	37
	28	37
	27	37
	26	37
	25	37
	24	37
	23	37
	22	37
	21	37
	20	37
	19	37
	18	37
	17	37
	16	37
	17	33
	18	33
	17	32
	18	32
	19	33
	19	32
	20	33
	20	32
	21	33
	21	32
	22	33
	23	33
	22	32
	23	32
	24	33
	24	32
	25	33
	25	32
	26	33
	27	33
	26	32
	27	32
	28	33
	29	33
	28	32
	29	32
	30	33
	30	32
	31	33
	31	32
	32	33
	32	32
	33	33
	33	32
	34	33
	34	32
	41	82
	41	83
	41	81
	41	80
	40	81
	40	82
	40	80
	41	79
	40	79
	42	78
	41	78
	42	77
	41	77
	42	76
	41	76
	42	75
	43	74
	42	74
	43	73
	42	73
	43	72
	44	72
	42	72
	44	71
	43	71
	44	70
	43	70
	44	69
	43	69
	44	68
	43	68
	44	67
	43	67
	44	66
	43	66
	44	65
	43	65
	43	64
	43	63
	43	62
	44	60
	44	59
	43	60
	43	61
	43	59
	45	56
	44	56
	45	55
	46	55
	44	57
	44	55
	44	58
	43	57
	43	58
	43	56
	46	49
	47	49
	45	49
	46	50
	46	48
	47	50
	47	48
	45	50
	45	48
	47	47
	46	47
	47	46
	46	46
	47	45
	46	45
	47	44
	48	44
	46	44
	48	43
	49	43
	47	43
	49	42
	50	42
	48	42
	50	41
	51	41
	49	41
	51	40
	50	40
	45	46
	45	47
	45	45
	48	50
	47	51
	46	51
	47	52
	46	52
	46	54
	45	54
	44	54
	30	83
	30	84
	30	82
	30	81
	30	80
	30	79
	29	78
	29	77
	30	77
	29	76
	30	78
	30	76
	29	75
	29	74
	30	75
	30	74
	29	73
	29	72
	28	71
	28	70
	27	67
	27	66
	30	85
	32	95
	32	96
	32	94
	33	98
	33	99
	33	97
	32	101
	31	102
	30	103
	31	103
	29	103
	29	104
	30	104
	29	105
	30	105
	29	106
	27	107
	26	108
	25	109
	24	111
	24	112
	44	133
	45	132
	44	134
	44	132
	46	131
	45	131
	46	130
	46	129
	47	128
	46	128
	47	127
	47	126
	48	125
	47	125
	48	124
	48	123
	47	124
	47	123
	48	122
	47	122
	48	121
	47	121
	46	121
	47	120
	48	120
	46	122
	46	120
	45	121
	45	122
	45	120
	46	123
	46	119
	47	119
	45	119
	44	119
	45	118
	46	118
	44	120
	44	118
	43	118
	44	117
	45	117
	43	119
	43	117
	44	116
	45	116
	43	116
	44	115
	45	115
	43	115
	46	117
	48	119
	47	118
	47	117
	46	116
	47	116
	46	115
	45	114
	46	114
	44	114
	43	114
	44	113
	45	113
	43	113
	44	112
	45	112
	43	112
	42	114
	42	115
	42	113
	42	112
	43	111
	44	111
	42	111
	43	110
	44	110
	42	110
	41	110
	42	109
	43	109
	41	111
	41	109
	42	108
	43	108
	41	108
	42	107
	43	107
	41	107
	42	106
	43	106
	41	106
	42	105
	43	105
	41	105
	40	106
	40	107
	40	105
	41	104
	42	104
	40	104
	43	104
	42	103
	43	103
	41	103
	42	102
	43	102
	41	102
	43	101
	42	101
	45	108
	46	108
	44	108
	45	109
	45	107
	46	109
	44	109
	44	107
	46	112
	46	113
	46	111
	45	111
	45	110
	46	110
	44	106
	40	108
	40	109
	44	100
	45	100
	43	100
	45	99
	46	99
	44	99
	47	99
	47	98
	46	98
	47	97
	46	97
	47	96
	47	92
	47	91
	46	95
	46	96
	46	94
	45	98
	45	97
	61	197
	62	196
	63	196
	61	196
	63	195
	62	195
	64	194
	65	194
	63	194
	65	193
	66	193
	64	193
	63	193
	62	194
	62	193
	65	212
	5	201
	5	202
	5	200
	5	194
	11	160
	11	161
	12	160
	12	161
	10	162
	8	164
	9	163
	14	157
	13	158
	15	157
	26	132
	25	110
	25	111
	40	34
	40	35
	40	33
	40	32
	40	31
	40	30
	40	29
	40	28
	40	27
	40	26
	40	25
	20	45
	19	45
	21	45
	22	45
	21	46
	20	46
	21	44
	20	44
	20	47
	21	47
	19	46
	20	43
	21	43
	22	44
	19	44
	50	37
	51	37
	51	38
	50	38
	50	39
	51	39
	49	38
	49	37
	50	36
	51	36
	46	53
	45	53
	43	55
	45	52
	45	51
	45	86
	45	87
	46	93
	61	214
	62	214
	63	213
	64	213
	64	212
	64	211
	62	213
	63	212
	15	216
	15	215
	15	214
	15	213
	14	213
	14	212
	14	211
	14	210
	13	209
	13	208
	11	207
	12	207
	10	207
	9	206
	8	206
	7	206
	6	206
	6	205
	5	203
	6	204
	7	205
	6	203
	5	199
	5	198
	7	204
	8	205
	10	206
	14	209
	15	212
	15	211
	16	215
	16	216
	17	216
	18	216
	19	216
	20	216
	21	216
	22	216
	23	216
	24	216
	25	216
	26	216
	28	215
	17	215
	37	217
	36	216
	35	215
	38	217
	8	184
	8	183
	7	174
	7	173
	7	172
	7	171
	7	170
	6	169
	6	168
	7	166
	7	165
	7	167
	20	154
	19	155
	28	145
	46	145
	18	44
	18	45
	19	43
	18	43
	30	137
	30	136
	29	135
	27	134
	28	134
InvisibleObstacle		
AW1		
	29	152
	30	152
	28	152
	29	153
	29	151
	30	153
	30	151
	28	153
	28	151
	31	152
	31	153
	31	151
	32	152
	32	153
	32	151
	33	152
	33	153
	33	151
	34	152
	34	153
	34	151
	35	152
	35	153
	35	151
	36	152
	36	153
	36	151
	37	152
	37	153
	37	151
	38	152
	38	153
	38	151
	39	152
	39	153
	39	151
	40	152
	40	153
	40	151
	41	152
	41	153
	41	151
	42	152
	42	153
	42	151
	43	151
	42	150
	43	152
	43	150
	41	150
	40	150
	43	153
	44	152
	44	153
	44	151
	45	152
	45	153
	45	151
	44	150
	45	150
	39	150
	38	150
	37	150
	36	150
	35	150
	34	150
	33	150
	32	150
	31	150
	30	150
	29	150
	28	150
	46	151
	46	152
	46	150
	46	153
Half		
	32	95
	33	95
	31	95
	32	96
	32	94
	33	96
	33	94
	31	96
	31	94
	34	95
	34	96
	34	94
	35	95
	35	96
	35	94
	36	95
	36	96
	36	94
	37	95
	37	96
	37	94
	38	95
	38	96
	38	94
	39	94
	38	93
	39	95
	39	93
	37	93
	40	94
	40	95
	40	93
	41	94
	41	95
	41	93
	42	95
	41	96
	42	96
	42	94
	40	96
	43	95
	43	96
	43	94
	44	95
	44	96
	44	94
	45	95
	45	96
	45	94
	46	95
	46	96
	46	94
	47	95
	47	96
	47	94
	39	96
	32	93
	33	93
	31	93
	34	93
	35	93
	36	93
	43	93
	44	93
	42	93
	46	93
	47	93
	45	93
AW2		
	33	143
	34	143
	32	143
	33	144
	33	142
	34	144
	34	142
	32	144
	32	142
	35	143
	35	144
	35	142
	36	143
	36	144
	36	142
	37	143
	37	144
	37	142
	38	143
	38	144
	38	142
	39	143
	39	144
	39	142
	40	142
	40	143
	41	142
	41	143
	40	144
	41	144
	42	143
	42	144
	42	142
