Role	Animation	OffsetZ[1]	OffsetZ[2]	OffsetZ[3]	OffsetZ[4]	OffsetZ[5]	OffsetZ[6]	OffsetZ[7]	OffsetZ[8]	OffsetZ[9]	OffsetZ[10]	OffsetZ[11]	OffsetZ[12]	OffsetZ[13]	OffsetZ[14]	OffsetZ[15]	OffsetZ[16]	OffsetZ[17]	OffsetZ[18]	OffsetZ[19]	OffsetZ[20]	OffsetZ[21]	OffsetZ[22]	OffsetZ[23]	OffsetZ[24]	OffsetZ[25]	OffsetZ[26]	OffsetZ[27]	OffsetZ[28]	OffsetZ[29]	OffsetZ[30]	OffsetZ[31]	OffsetZ[32]	OffsetZ[33]	OffsetZ[34]	OffsetZ[35]	OffsetZ[36]	OffsetZ[37]	OffsetZ[38]	OffsetZ[39]	OffsetZ[40]	OffsetZ[41]	OffsetZ[42]	OffsetZ[43]	OffsetZ[44]	OffsetZ[45]	OffsetZ[46]	OffsetZ[47]	OffsetZ[48]	OffsetZ[49]	OffsetZ[50]	OffsetZ[51]	OffsetZ[52]	OffsetZ[53]	OffsetZ[54]	OffsetZ[55]	OffsetZ[56]	OffsetZ[57]	OffsetZ[58]	OffsetZ[59]	OffsetZ[60]	OffsetZ[61]	OffsetZ[62]	OffsetZ[63]	OffsetZ[64]	OffsetZ[65]	OffsetZ[66]	OffsetZ[67]	OffsetZ[68]	OffsetZ[69]	OffsetZ[70]	OffsetZ[71]	OffsetZ[72]	OffsetZ[73]	OffsetZ[74]	OffsetZ[75]	OffsetZ[76]	OffsetZ[77]	OffsetZ[78]	OffsetZ[79]	OffsetZ[80]	OffsetZ[81]	OffsetZ[82]	OffsetZ[83]	OffsetZ[84]	OffsetZ[85]	OffsetZ[86]	OffsetZ[87]	OffsetZ[88]	OffsetZ[89]	OffsetZ[90]	OffsetZ[91]	OffsetZ[92]	OffsetZ[93]	OffsetZ[94]	OffsetZ[95]	OffsetZ[96]	OffsetZ[97]	OffsetZ[98]	OffsetZ[99]	OffsetZ[100]	OffsetZ[101]	OffsetZ[102]	OffsetZ[103]	OffsetZ[104]	OffsetZ[105]	OffsetZ[106]	OffsetZ[107]	OffsetZ[108]	OffsetZ[109]	OffsetZ[110]	OffsetZ[111]	OffsetZ[112]	OffsetZ[113]	OffsetZ[114]	OffsetZ[115]	OffsetZ[116]	OffsetZ[117]	OffsetZ[118]	OffsetZ[119]	OffsetZ[120]	OffsetZ[121]	OffsetZ[122]	OffsetZ[123]	OffsetZ[124]	OffsetZ[125]	OffsetZ[126]	OffsetZ[127]	OffsetZ[128]	OffsetZ[129]	OffsetZ[130]	OffsetZ[131]	OffsetZ[132]	OffsetZ[133]	OffsetZ[134]	OffsetZ[135]	OffsetZ[136]	OffsetZ[137]	OffsetZ[138]	OffsetZ[139]	OffsetZ[140]	OffsetZ[141]	OffsetZ[142]	OffsetZ[143]	OffsetZ[144]	OffsetZ[145]	OffsetZ[146]	OffsetZ[147]	OffsetZ[148]	OffsetZ[149]	OffsetZ[150]	OffsetZ[151]	OffsetZ[152]	OffsetZ[153]	OffsetZ[154]	OffsetZ[155]	OffsetZ[156]	OffsetZ[157]	OffsetZ[158]	OffsetZ[159]	OffsetZ[160]	OffsetZ[161]	OffsetZ[162]	OffsetZ[163]	OffsetZ[164]	OffsetZ[165]	OffsetZ[166]	OffsetZ[167]	OffsetZ[168]	OffsetZ[169]	OffsetZ[170]	OffsetZ[171]	OffsetZ[172]	OffsetZ[173]	OffsetZ[174]	OffsetZ[175]	OffsetZ[176]	OffsetZ[177]	OffsetZ[178]	OffsetZ[179]	OffsetZ[180]	OffsetZ[181]	OffsetZ[182]	OffsetZ[183]	OffsetZ[184]	OffsetZ[185]	OffsetZ[186]	OffsetZ[187]	OffsetZ[188]	OffsetZ[189]	OffsetZ[190]	OffsetZ[191]	OffsetZ[192]	OffsetZ[193]	OffsetZ[194]	OffsetZ[195]	OffsetZ[196]	OffsetZ[197]	OffsetZ[198]	OffsetZ[199]	OffsetZ[200]
Mb1RobotarmorMd030001	Attack01	0	-0.0748	-0.1684	-0.1485	0.5671	1.0908	0.7878	0.7437	0.7305	0.7331	0.7365	0.7279	0.7059	0.6732	0.6322	0.586	0.5377	0.4907	0.4454	0.3975	0.3471	0.295	0.2418	0.1882	0.1349	0.0827	0.0323	0
Mb1RobotarmorMd030001	Attack02	0	-0.7115	-1.2701	-1.6072	-1.4216	-0.846	-0.3241	-0.0865	0.1517	0.3733	0.5627	0.7035	0.7797	0.794	0.7658	0.7126	0.6542	0.6077	0.5629	0.5131	0.4594	0.4025	0.3432	0.2822	0.2202	0.142	0.0514	0
Mb1RobotarmorMd030001	Attack03	0	0.0447	0.093	0.1448	0.2	0.2945	0.3833	0.3315	0.0608	-0.1861	-0.4052	-0.5535	0.2787	0.3242	0.3562	0.3764	0.3864	0.3878	0.3821	0.3711	0.3562	0.3392	0.3218	0.3054	0.2916	0.2822	0.2787	0.2771	0.2874	0.3056	0.3204	0.3221	0.3098	0.2916	0.2743	0.2651	0.2628	0.2642	0.2663	0.2672	0.2671	0.267	0.267	0.267	0.267	0.267	0.267	0.2614	0.2412	0.2215	0.2014	0.1812	0.1608	0.1403	0.1198	0.0994	0.079	0.0588	0.0389	0.0193	0	0
Mb1RobotarmorMd030001	Attack04	0	0.0421	0.091	0.1415	0.1879	0.2247	0.2465	0.2575	0.2651	0.2696	0.2716	0.2715	0.2698	0.2698
Mb1RobotarmorMd030001	Attack05	0	0	0	0	0	0	0	0	0	0	0	0	0	0	0	0	0	0	0	0	0	0	0	0	0	0	0	0
Mb1RobotarmorMd030001	Attack06	0	-0.0367	-0.0921	-0.1128	-0.0431	0.182	0.5217	0.8668	1.1473	1.2558	1.2691	1.2805	1.2861	1.2868	1.2835	1.2771	1.2687	1.2591	1.2493	1.2407	1.2378	1.2377	1.2357	1.227	1.2066	1.1699	1.1119	1.0213	0.8495	0.615	0.3734	0.1733	0.045	-0.0439	-0.1078	-0.1588	-0.2088	-0.2466
Mb1RobotarmorMd030001	Attack07	0	0.0502	0.1075	0.1657	0.2184	0.259	0.287	0.3094	0.3196	0.3087	0.2692	0.1596	-0.006	-0.1514	-0.2244	-0.2471	-0.2462	-0.2364	-0.2197	-0.1961	-0.1683	-0.1407	-0.1152	-0.0896	-0.0641	-0.0392	-0.0152	0
Mb1RobotarmorMd030001	Attack08	0	0.2097	0.4436	0.6354	0.8086	0.9829	1.1534	1.3162	1.4675	1.6034	1.7185	1.7552	1.6947	1.5537	1.4074	1.3675	1.4528	1.6224	1.4665	1.3859	1.3765	1.5109	1.6403	1.4277	1.3698	1.4353	1.6403	1.4277	1.3698	1.4353	1.6403	1.4277	1.3698	1.4353	1.6403	1.4277	1.3698	1.4353	1.6403	1.4269	1.3659	1.5199	1.4665	1.4013	1.3765	1.3571	1.3406	1.3268	1.316	1.3081	1.3031	1.3366	1.3925	1.3766	1.2478	1.0701	0.8636	0.6413	0.4155	0.1976	0	0
Mb1RobotarmorMd030001	Attack09	0	0.074	0.1629	0.2463	0.3068	0.3269	0.316	0.2866	0.2463	0.2023	0.1615	0.1318	0.1207	0.2308	0.6863	0.9862	1.0045	1.0201	1.0208	1.0091	0.9873	0.9579	0.9233	0.8859	0.8475	0.7834	0.6793	0.5628	0.4577	0.3672	0.2777	0.1903	0.106	0.0226	0
Mb1RobotarmorMd030001	Attack11	0	0.0057	0.0098	-0.0158	-0.0965	-0.1898	-0.2245	-0.0478	0.5846	1.0863	1.5271	1.7409	1.8221	1.8535	1.8494	1.8287	1.8097	1.8043	1.8051	1.8023	1.7954	1.7868	1.7771	1.7674	1.7587	1.7517	1.7475	1.7419	1.6873	1.5745	1.4152	1.2209	1.0028	0.7723	0.5408	0.3183	0.1168	-0.0006
Mb1RobotarmorMd030001	Attack12	0	-0.0165	-0.0358	-0.034	0.0194	0.1253	0.217	0.2723	0.314	0.3408	0.3067	0.2536
Mb1RobotarmorMd030001	Attack13	0	0	0	0	0	0	0	0	0	0	0	0	0	0	0	0	0	0	0	0	0	0	0	0	0	0	0	0
Mb1RobotarmorMd030001	Attack14	0	-0.0074	-0.0151	-0.0297	-0.0541	-0.0841	-0.1172	-0.1522	-0.1876	-0.222	-0.254	-0.282	-0.3047	-0.3207	-0.3301	-0.3345	-0.335	-0.3327	-0.328	-0.3212	-0.3128	-0.3034	-0.2933	-0.2832	-0.2735	-0.2648	-0.2575	-0.2536
Mb1RobotarmorMd030001	Attack15	0	0.2096	0.4435	0.6355	0.8101	0.9867	1.1597	1.3242	1.4756	1.6092	1.7188	1.7939	1.8293	1.8367	1.8309	1.8251	1.845	1.5477	0.9276	0.7907	0.6991	0.6416	0.606	0.5805	0.5535	0.5311	0.5222	0.5226	0.5274	0.5317	0.5308	0.5197	0.4937	0.4524	0.3991	0.3371	0.2694	0.1987	0.1282	0.061	0	0
Mb1RobotarmorMd030001	Attack16	0	0.4378	0.833	1.006	1.1087	1.206	1.363	1.6839	2.0683	2.4018	2.5296	2.5687	2.5769	2.5816	2.5825	2.5785	2.5737	2.5718	2.5769	2.5887	2.6012	2.61	2.6106	2.5985	2.5693	2.5186	2.4418	2.3368	2.2052	2.0485	1.8682	1.6679	1.4551	1.2368	1.0199	0.8115	0.6129	0.4172	0.2291	0.048	0
Mb1RobotarmorMd030001	Attack17	0	-0.0038	0.0212	0.0671	0.0977	0.0964	0.1156	0.1966	0.6324	1.3093	1.4092	1.3347	1.2319	1.1343	1.1112	1.1112	1.1112	1.1112	1.1112	1.0818	0.9706	0.8557	0.7394	0.6278	0.5207	0.4085	0.2962	0.1896	0.0954	0.018	0
Mb1RobotarmorMd030001	Born	0	0	0.0001	0.0002	0.0003	0.0003	0.0003	0.0002	0	-0.001	-0.0032	-0.0061	-0.0095	-0.0127	-0.0156	-0.0175	-0.0182	-0.0172	-0.0141	-0.0085	0.0004	0.0144	0.0343	0.0595	0.088	0.1182	0.1484	0.1769	0.2023	0.2292	0.2611	0.2934	0.3214	0.3403	0.3461	0.3343	0.3043	0.2607	0.208	0.151	0.0943	0.0427	0.0009	-0.0265	-0.0385	-0.0393	-0.0329	-0.0203	-0.0028	0.018	0.0406	0.0635	0.0851	0.1039	0.1209	0.1403	0.1626	0.1865	0.2109	0.2349	0.2573	0.2773	0.2937	0.3055	0.3118	0.312	0.294	0.2369	0.1568	0.071	0	0
Mb1RobotarmorMd030001	Death	0	-0.14	-0.703	-1.2913	-1.7976	-2.1089	-2.1697	-2.0934	-2.0389	-2.0365	-2.0366	-2.0338	-2.03	-2.0259	-2.0224	-2.0205	-2.0204	-2.0204	-2.0204	-2.3959	-2.7714	-2.7714	-2.7714	-2.6675	-2.2409	-1.9819	-1.9971	-1.9971	-1.9971	-2.0744	-2.3918	-2.5845	-2.5732	-2.5732	-2.5732	-2.5777	-2.5013	-2.3865	-2.2662	-2.1447	-2.0258	-1.9093	-1.8781	-1.8678	-1.8527	-1.8356	-1.8192	-1.8039	-1.7886	-1.7734	-1.7583	-1.7435	-1.729	-1.7246	-1.6287	-1.4793	-1.3227	-1.1697	-1.0305	-0.9645	-0.7046	-0.4333	-0.184	0.0016	0.1114	0.1773	0.239	0.2773	0.2942	0.3084	0.3431	0.3913	0.4031	0.4031	0.4031	0.4031	0.4031	0.4031	0.4031	0.4031	0.4031	0.4031	0.4031	0.4031	0.4031
Mb1RobotarmorMd030001	Run	0	0	0	0	0	0	0	0	0	0	0	0	0	0	0	0	0	0	0	0	0	0	0	0	0	0	0	0	0	0	0	0	0	0	0	0	0	0	0	0	0	0
Mb1RobotarmorMd030001	Stand2	0	0	0	0	0	0	0	0	0	0	0	0	0	0	0	0	0	0	0	0	0	0	0	0	0	0	0	0	0	0	0	0	0	0	0	0	0	0	0	0	0	0
Mb1RobotarmorMd030001	Straight	0	0	0	0	0	0	0	0
Mb1RobotarmorMd030001	StraightAfter	0	0	0	0	0	0	0	0	0	0	0	0	0	0	0	0	0	0
Mb1RobotarmorMd030001	StraightBefore	0	-0.0003	-0.001	-0.0018	-0.0025	-0.0029	-0.0028	-0.0019	0.0005	0.0068	0.017	0.026	0.03	0.031	0.0304	0.0291	0.0281	0.0273	0.0263	0.0247	0.0225	0.0196	0.0162	0.0125	0.0089	0.0054	0.0022	0.0007
