Role	Animation	OffsetZ[1]	OffsetZ[2]	OffsetZ[3]	OffsetZ[4]	OffsetZ[5]	OffsetZ[6]	OffsetZ[7]	OffsetZ[8]	OffsetZ[9]	OffsetZ[10]	OffsetZ[11]	OffsetZ[12]	OffsetZ[13]	OffsetZ[14]	OffsetZ[15]	OffsetZ[16]	OffsetZ[17]	OffsetZ[18]	OffsetZ[19]	OffsetZ[20]	OffsetZ[21]	OffsetZ[22]	OffsetZ[23]	OffsetZ[24]	OffsetZ[25]	OffsetZ[26]	OffsetZ[27]	OffsetZ[28]	OffsetZ[29]	OffsetZ[30]	OffsetZ[31]	OffsetZ[32]	OffsetZ[33]	OffsetZ[34]	OffsetZ[35]	OffsetZ[36]	OffsetZ[37]	OffsetZ[38]	OffsetZ[39]	OffsetZ[40]	OffsetZ[41]	OffsetZ[42]	OffsetZ[43]	OffsetZ[44]	OffsetZ[45]	OffsetZ[46]	OffsetZ[47]	OffsetZ[48]	OffsetZ[49]	OffsetZ[50]	OffsetZ[51]	OffsetZ[52]	OffsetZ[53]	OffsetZ[54]	OffsetZ[55]	OffsetZ[56]	OffsetZ[57]	OffsetZ[58]	OffsetZ[59]	OffsetZ[60]	OffsetZ[61]	OffsetZ[62]	OffsetZ[63]	OffsetZ[64]	OffsetZ[65]	OffsetZ[66]	OffsetZ[67]	OffsetZ[68]	OffsetZ[69]	OffsetZ[70]	OffsetZ[71]	OffsetZ[72]	OffsetZ[73]	OffsetZ[74]	OffsetZ[75]	OffsetZ[76]	OffsetZ[77]	OffsetZ[78]	OffsetZ[79]	OffsetZ[80]	OffsetZ[81]	OffsetZ[82]	OffsetZ[83]	OffsetZ[84]	OffsetZ[85]	OffsetZ[86]	OffsetZ[87]	OffsetZ[88]	OffsetZ[89]	OffsetZ[90]	OffsetZ[91]	OffsetZ[92]	OffsetZ[93]	OffsetZ[94]	OffsetZ[95]	OffsetZ[96]	OffsetZ[97]	OffsetZ[98]	OffsetZ[99]	OffsetZ[100]	OffsetZ[101]	OffsetZ[102]	OffsetZ[103]	OffsetZ[104]	OffsetZ[105]	OffsetZ[106]	OffsetZ[107]	OffsetZ[108]	OffsetZ[109]	OffsetZ[110]	OffsetZ[111]	OffsetZ[112]	OffsetZ[113]	OffsetZ[114]	OffsetZ[115]	OffsetZ[116]	OffsetZ[117]	OffsetZ[118]	OffsetZ[119]	OffsetZ[120]	OffsetZ[121]	OffsetZ[122]	OffsetZ[123]	OffsetZ[124]	OffsetZ[125]	OffsetZ[126]	OffsetZ[127]	OffsetZ[128]	OffsetZ[129]	OffsetZ[130]	OffsetZ[131]	OffsetZ[132]	OffsetZ[133]	OffsetZ[134]	OffsetZ[135]	OffsetZ[136]	OffsetZ[137]	OffsetZ[138]	OffsetZ[139]	OffsetZ[140]	OffsetZ[141]	OffsetZ[142]	OffsetZ[143]	OffsetZ[144]	OffsetZ[145]	OffsetZ[146]	OffsetZ[147]	OffsetZ[148]	OffsetZ[149]	OffsetZ[150]	OffsetZ[151]	OffsetZ[152]	OffsetZ[153]	OffsetZ[154]	OffsetZ[155]	OffsetZ[156]	OffsetZ[157]	OffsetZ[158]	OffsetZ[159]	OffsetZ[160]	OffsetZ[161]	OffsetZ[162]	OffsetZ[163]	OffsetZ[164]	OffsetZ[165]	OffsetZ[166]	OffsetZ[167]	OffsetZ[168]	OffsetZ[169]	OffsetZ[170]	OffsetZ[171]	OffsetZ[172]	OffsetZ[173]	OffsetZ[174]	OffsetZ[175]	OffsetZ[176]	OffsetZ[177]	OffsetZ[178]	OffsetZ[179]	OffsetZ[180]	OffsetZ[181]	OffsetZ[182]	OffsetZ[183]	OffsetZ[184]	OffsetZ[185]	OffsetZ[186]	OffsetZ[187]	OffsetZ[188]	OffsetZ[189]	OffsetZ[190]	OffsetZ[191]	OffsetZ[192]	OffsetZ[193]	OffsetZ[194]	OffsetZ[195]	OffsetZ[196]	OffsetZ[197]	OffsetZ[198]	OffsetZ[199]	OffsetZ[200]
Me1BioMd004030	Attack01	0	-0.0766	-0.1648	-0.246	-0.3015	-0.3379	-0.3738	-0.4086	-0.4417	-0.4727	-0.501	-0.526	-0.5473	-0.5643	-0.5765	-0.5833	-0.5842	-0.268	-0.2673	-0.2134	-0.2031	-0.2202	-0.241	-0.2611	-0.2818	-0.2985	-0.3124	-0.2813	-0.1974	-0.1116	-0.0624	-0.034	-0.0138	0.0009	0	0
Me1BioMd004030	Attack02	0	-0.003	-0.0022	-0.0113	-0.0442	-0.1618	-0.2962	-0.3555	-0.3755	-0.3792	-0.3823	-0.3848	-0.3867	-0.388	-0.3886	-0.3887	-0.3882	-0.387	-0.3853	-0.3829	-0.3799	-0.3762	-0.3719	-0.3683	-0.342	-0.288	-0.3022	-0.3543	-0.3585	-0.349	-0.3349	-0.3175	-0.2981	-0.2778	-0.257	-0.2349	-0.2103	-0.1838	-0.1569	-0.1311	-0.1068	-0.0827	-0.059	-0.036	-0.014	0
Me1BioMd004030	Attack03	0	-0.0329	-0.071	-0.1095	-0.1433	-0.1678	-0.1713	0.1135	0.3887	0.5071	0.5891	0.6569	0.7247	0.7641	0.7077	0.817	0.6317	0.6151	0.6391	0.6606	0.6873	0.7167	0.7442	0.7653	0.7758	0.7677	0.715	0.6358	0.5737	0.5344	0.5039	0.4791	0.4594	0.4443	0.4337	0.4259	0.4188	0.4134
Me1BioMd004030	Attack04	0	0.0207	0.0448	0.0691	0.09	0.104	0.1115	0.1194	0.1274	0.1343	0.1388	0.1396	0.1356	0.1253	0.1075	-0.0416	-0.1817	-0.1217	-0.0756	-0.0368	-0.0188	-0.0162	-0.0237	0.0357	0.0245	0.0053	-0.0174	-0.0349	-0.0384	-0.0285	-0.0183	-0.0129	-0.0082	-0.004	0	0
Me1BioMd004030	Attack05	0	-0.0912	-0.1061	-0.0614	0.0128	0.1082	0.2043	0.2782	0.3209	0.3552	0.3843	0.4088	0.429	0.4453	0.4582	0.468	0.4751	0.0659	-0.1611	-0.0366	-0.0704	-0.0476	-0.0572	-0.0675	-0.044	-0.0248	-0.034	-0.0644	-0.0928	-0.097	-0.0735	-0.0394	-0.013	-0.0033	-0.0014	0
Me1BioMd004030	Behitfly	0	-0.2977	-0.4518	-0.5727	-0.6779	-0.728	-0.7581	-0.7857	-0.8111	-0.8344	-0.856	-0.8761	-0.8951	-0.9131	-0.9305	-0.9476	-0.9645	-0.9817	-0.9993	-1.0177	-1.0371
Me1BioMd004030	Death	0	-0.2103	-0.3107	-0.3032	-0.3199	-0.3862	-0.4359	-0.4384	-0.4339	-0.4243	-0.4116	-0.3979	-0.3852	-0.3756	-0.3706	-0.3656	-0.353	-0.3114	-0.221	-0.2095	-0.2161	-0.218	-0.2205	-0.2212	-0.2212	-0.2212
Me1BioMd004030	Falldown	0	-0.0252	-0.1018	-0.1907	-0.224	-0.2516	-0.2704	-0.2759	-0.2761	-0.2755
Me1BioMd004030	Hit1	0	-0.3045	-0.4352	-0.4419	-0.4665	-0.5081	-0.5191	-0.5096	-0.4928	-0.4707	-0.4455	-0.4192	-0.394	-0.3789
Me1BioMd004030	Hit2	0	-0.3071	-0.4273	-0.393	-0.3545	-0.3198	-0.2677	-0.2031	-0.1427	-0.0994	-0.0692	-0.0458	-0.0261	-0.0059	0
Me1BioMd004030	Hit3	0	-0.1841	-0.7131	-1.036	-1.1059	-1.1492	-1.2036	-1.2465	-1.2851	-1.3191	-1.3271	-1.2942	-1.2387	-1.183	-1.1696
Me1BioMd004030	Hit4	0	-0.1822	-0.4352	-0.7349	-0.8912	-0.945	-0.9979	-1.057	-1.1106	-1.1486	-1.1781	-1.2212	-1.252	-1.2355	-1.1393	-1.1393
Me1BioMd004030	Hitdown	0	-0.2193	-0.4835	-0.9225	-1.1206	-1.1476	-1.1763	-1.2791	-1.344	-1.3732	-1.3985	-1.4132	-1.4156	-1.4153	-1.4149
Me1BioMd004030	Hoverhit	0	-0.0425	-0.0881	-0.1265	-0.1624	-0.1976	-0.2332	-0.2682	-0.3027	-0.3364	-0.3692
Me1BioMd004030	Lieonfloor	0	0	0	0	0	0	0	0
Me1BioMd004030	Run	0	0.0359	0.0795	0.1392	0.151	0.1276	0.0499	0	0.0439	0.1009	0.1516	0.1456	0.112	0.0255	0
Me1BioMd004030	Stand2	0	0.0005	0.0012	0.0018	0.0025	0.0032	0.004	0.0049	0.0059	0.007	0.0082	0.0092	0.0101	0.0106	0.0106	0.0101	0.0094	0.0084	0.0073	0.0063	0.0053	0.0045	0.0036	0.0028	0.002	0.0012	0.0004	-0.0001
Me1BioMd004030	Standup	0	0	0	-0.0039	-0.0062	0.0063	0.0355	0.0795	0.1381	0.2105	0.2904	0.3761	0.467	0.5528	0.6172	0.644	0.6404	0.6425	0.6501	0.6583	0.6667	0.6764	0.6879	0.7007	0.7034
Me1BioMd004030	Stun	0	0	0	0	0	0	0	0	0	0	0	0	0	0	0	0	0	0	0	0	0	0	0	0	0	0	0	0
Me1BioMd004030	Walk	0	0.0055	0.0115	0.0177	0.0239	0.0309	0.0386	0.0449	0.0476	0.0449	0.0386	0.0309	0.0239	0.0169	0.0091	0.0027	0	0.0026	0.009	0.0168	0.0238	0.0309	0.0386	0.0449	0.0476	0.0449	0.0386	0.0309	0.0239	0.0177	0.0115	0.0055	0	0
Me1BioMd004030	Walkb	0	-0.0035	-0.0078	-0.0111	-0.0116	-0.008	-0.0016	0.0058	0.0124	0.0191	0.0264	0.0321	0.0334	0.0282	0.0186	0.0081	0.0001	-0.0053	-0.0094	-0.0118	-0.0116	-0.0081	-0.0017	0.0058	0.0124	0.0191	0.0264	0.032	0.0334	0.0285	0.0193	0.0089	0	0
Me1BioMd004030	Walkl	0	0.0025	0.0051	0.008	0.011	0.015	0.0199	0.0238	0.025	0.0225	0.0174	0.0113	0.006	0.0017	-0.0024	-0.0064	-0.01	-0.0132	-0.0161	-0.0189	-0.022	-0.0261	-0.031	-0.0349	-0.036	-0.0333	-0.0279	-0.0215	-0.016	-0.0116	-0.0075	-0.0036	0	0
Me1BioMd004030	Walkr	0	-0.0025	-0.0051	-0.008	-0.011	-0.015	-0.0199	-0.0238	-0.025	-0.0225	-0.0174	-0.0113	-0.006	-0.0017	0.0024	0.0064	0.01	0.0132	0.0161	0.0189	0.022	0.0261	0.031	0.0349	0.036	0.0333	0.0279	0.0215	0.016	0.0116	0.0075	0.0036	0	0
