Role	Animation	OffsetZ[1]	OffsetZ[2]	OffsetZ[3]	OffsetZ[4]	OffsetZ[5]	OffsetZ[6]	OffsetZ[7]	OffsetZ[8]	OffsetZ[9]	OffsetZ[10]	OffsetZ[11]	OffsetZ[12]	OffsetZ[13]	OffsetZ[14]	OffsetZ[15]	OffsetZ[16]	OffsetZ[17]	OffsetZ[18]	OffsetZ[19]	OffsetZ[20]	OffsetZ[21]	OffsetZ[22]	OffsetZ[23]	OffsetZ[24]	OffsetZ[25]	OffsetZ[26]	OffsetZ[27]	OffsetZ[28]	OffsetZ[29]	OffsetZ[30]	OffsetZ[31]	OffsetZ[32]	OffsetZ[33]	OffsetZ[34]	OffsetZ[35]	OffsetZ[36]	OffsetZ[37]	OffsetZ[38]	OffsetZ[39]	OffsetZ[40]	OffsetZ[41]	OffsetZ[42]	OffsetZ[43]	OffsetZ[44]	OffsetZ[45]	OffsetZ[46]	OffsetZ[47]	OffsetZ[48]	OffsetZ[49]	OffsetZ[50]	OffsetZ[51]	OffsetZ[52]	OffsetZ[53]	OffsetZ[54]	OffsetZ[55]	OffsetZ[56]	OffsetZ[57]	OffsetZ[58]	OffsetZ[59]	OffsetZ[60]	OffsetZ[61]	OffsetZ[62]	OffsetZ[63]	OffsetZ[64]	OffsetZ[65]	OffsetZ[66]	OffsetZ[67]	OffsetZ[68]	OffsetZ[69]	OffsetZ[70]	OffsetZ[71]	OffsetZ[72]	OffsetZ[73]	OffsetZ[74]	OffsetZ[75]	OffsetZ[76]	OffsetZ[77]	OffsetZ[78]	OffsetZ[79]	OffsetZ[80]	OffsetZ[81]	OffsetZ[82]	OffsetZ[83]	OffsetZ[84]	OffsetZ[85]	OffsetZ[86]	OffsetZ[87]	OffsetZ[88]	OffsetZ[89]	OffsetZ[90]	OffsetZ[91]	OffsetZ[92]	OffsetZ[93]	OffsetZ[94]	OffsetZ[95]	OffsetZ[96]	OffsetZ[97]	OffsetZ[98]	OffsetZ[99]	OffsetZ[100]	OffsetZ[101]	OffsetZ[102]	OffsetZ[103]	OffsetZ[104]	OffsetZ[105]	OffsetZ[106]	OffsetZ[107]	OffsetZ[108]	OffsetZ[109]	OffsetZ[110]	OffsetZ[111]	OffsetZ[112]	OffsetZ[113]	OffsetZ[114]	OffsetZ[115]	OffsetZ[116]	OffsetZ[117]	OffsetZ[118]	OffsetZ[119]	OffsetZ[120]	OffsetZ[121]	OffsetZ[122]	OffsetZ[123]	OffsetZ[124]	OffsetZ[125]	OffsetZ[126]	OffsetZ[127]	OffsetZ[128]	OffsetZ[129]	OffsetZ[130]	OffsetZ[131]	OffsetZ[132]	OffsetZ[133]	OffsetZ[134]	OffsetZ[135]	OffsetZ[136]	OffsetZ[137]	OffsetZ[138]	OffsetZ[139]	OffsetZ[140]	OffsetZ[141]	OffsetZ[142]	OffsetZ[143]	OffsetZ[144]	OffsetZ[145]	OffsetZ[146]	OffsetZ[147]	OffsetZ[148]	OffsetZ[149]	OffsetZ[150]	OffsetZ[151]	OffsetZ[152]	OffsetZ[153]	OffsetZ[154]	OffsetZ[155]	OffsetZ[156]	OffsetZ[157]	OffsetZ[158]	OffsetZ[159]	OffsetZ[160]	OffsetZ[161]	OffsetZ[162]	OffsetZ[163]	OffsetZ[164]	OffsetZ[165]	OffsetZ[166]	OffsetZ[167]	OffsetZ[168]	OffsetZ[169]	OffsetZ[170]	OffsetZ[171]	OffsetZ[172]	OffsetZ[173]	OffsetZ[174]	OffsetZ[175]	OffsetZ[176]	OffsetZ[177]	OffsetZ[178]	OffsetZ[179]	OffsetZ[180]	OffsetZ[181]	OffsetZ[182]	OffsetZ[183]	OffsetZ[184]	OffsetZ[185]	OffsetZ[186]	OffsetZ[187]	OffsetZ[188]	OffsetZ[189]	OffsetZ[190]	OffsetZ[191]	OffsetZ[192]	OffsetZ[193]	OffsetZ[194]	OffsetZ[195]	OffsetZ[196]	OffsetZ[197]	OffsetZ[198]	OffsetZ[199]	OffsetZ[200]
Me1BioMd005020	Attack01	0	0.0455	0.004	-0.0279	-0.0438	-0.0517	-0.0513	-0.0501	-0.0502	-0.0502	-0.0502	-0.0501	-0.0498	-0.0494	-0.0491	-0.0493	-0.0502	-0.0516	-0.0532	-0.055	-0.057	-0.0591	-0.0612	-0.0635	-0.0657	-0.068	-0.0702	-0.0724	-0.0746	-0.0767	-0.0775	0.0369	-0.4013	-0.5631	-0.5891	-0.5938	-0.5848	-0.5753	-0.5777	-0.6124	-0.6189	-0.6056	-0.5929	-0.5856	-0.5795	-0.5762	-0.5773	-0.5831	-0.5906	-0.5963	-0.5968	-0.5838	-0.5339	-0.5004	-0.4848	-0.4712	-0.4596	-0.4488	-0.4378	-0.4256	-0.4111	-0.3858	-0.3592	-0.3506	-0.3484	-0.3471	-0.345	-0.3412	-0.3366	-0.3319	-0.3277	-0.3277
Me1BioMd005020	Attack02	0	0.0014	0.003	0.0047	0.0063	0.0078	0.009	0.0098	0.01	0.008	0.0036	-0.0005	-0.003	-0.0048	-0.0062	-0.0072	-0.0077	-0.0079	-0.0079	-0.0077	-0.0075	-0.0074	-0.0074	-0.0073	-0.0072	-0.0071	-0.0069	-0.0067	-0.0065	-0.0062	-0.0059	-0.0061	-0.0074	-0.0108	-0.0158	-0.0198	-0.0214	-0.0216	-0.0211	-0.0205	-0.0197	-0.0189	-0.0185	-0.0187	-0.0201	-0.0229	-0.0258	-0.0273	-0.028	-0.0282	-0.0281	-0.0277	-0.027	-0.0262	-0.0244	-0.0214	-0.0182	-0.0166	-0.0161	-0.0161	-0.0164	-0.017	-0.0175	-0.0178	-0.0179	-0.0175	-0.0164	-0.0144	-0.012	-0.0094	-0.0074	-0.0062	-0.0057	-0.0053	-0.0051	-0.005	-0.0049	-0.0047	-0.0044	-0.0038	-0.0027	-0.0015	-0.0004	0.0001	0.0003	0.0003	0.0002	0.0001	0	0
Me1BioMd005020	Attack03	0	0.0455	0.004	-0.0279	-0.0438	-0.0517	-0.0513	-0.0501	-0.0502	-0.0502	-0.0501	-0.0501	-0.05	-0.0499	-0.0498	-0.0497	-0.0497	-0.0497
Me1BioMd005020	Attack04	0	0.0108	0.0258	0.0339	0.0348	0.031	0.0272	0.0234	0.0192	0.0136	0.006	0	0.0076	0.0221	0.0314	0.0357	0.0322	0.0286	0.0247	0.0207	0.0156	0.0085	0.0012	0
Me1BioMd005020	Attack05	0	-0.0001	0.0012	0.0018	0.002	0.0022	0.0029	0.0029	0.0025	0.0022	0.0024	0.0016	-0.013	0.0024	0.0025	0.0018	0.002	0.0027	0.0029	0.0026	0.002	0.0012	0.0004	0
Me1BioMd005020	Attack06	0	-0.0001	0.0012	0.0018	0.002	0.0022	0.0029	0.003	0.0026	0.0019	0.001	0	0.0001	0.0009	0.0015	0.002	0.002	0.0027	0.0029	0.0026	0.002	0.0012	0.0004	0
Me1BioMd005020	Attack07	0	-0.0001	0.0012	0.0018	0.002	0.0022	0.0029	0.003	0.0026	0.0019	0.001	0	0.0001	0.0009	0.0015	0.002	0.002	0.0027	0.0029	0.0026	0.002	0.0012	0.0004	0
Me1BioMd005020	Attack08	0	0.0004	0.0008	0.0012	0.0016	0.0021	0.0029	0.0039	0.0056	0.0086	0.0121	0.0156	0.0192	0.0229	0.0264	0.0296	0.0331	0.0367	0.0403	0.0444	0.0481	0.0503	0.0504	0.0499	0.0499
Me1BioMd005020	Attack09	0	0	-0.0001	-0.0001	-0.0001	-0.0001	-0.0001	-0.0001	-0.0001	-0.0001	-0.0001	-0.0001	-0.0001	-0.0001	-0.0001	-0.0001	-0.0001	-0.0001	-0.0001	0.0103	-0.1665	0.0064	0.0397	0.035	0.0303	0.0259	0.0209	0.0156	0.0105	0.0059	0.002	-0.0006	-0.002	-0.0024	-0.0022	-0.0016	-0.0009	-0.0003	0	0	0	0	0	0	0	0	0	0	0	0	0	0	0	-0.0001	-0.0001	-0.0001
Me1BioMd005020	Attack10	0	0.0003	-0.0001	-0.0056	-0.0143	-0.0181	-0.009	0.0287	-0.0064	0.0347	0.0323	0.0276	0.02	0.0115	0.0039	-0.0002	0	0.0005	0	-0.0092	-0.0194	-0.022	-0.0184	-0.0123	-0.0058	-0.001	0.0011	0.0018	0.0017	0.0011	0.0004	0	-0.0001
Me1BioMd005020	Attack11	0	0.0328	0.0462	0.0344	0.0285	0.0243	0.0205	0.0168	0.0133	0.0099	0.0066	0.0033	0	0	0	-0.0059	-0.0222	-0.0132	-0.0001	-0.0001
Me1BioMd005020	Attack13	0	-0.0568	0.2629	0.74	1.0481	1.3073	1.5219	1.7098	1.8756	2.0223	2.153	2.2694	2.3748	2.4738	2.5706	2.6675	2.7543	2.8362	2.9281	3.136	3.2482	3.2495	3.2482	3.2482	3.2482	3.2483	3.2485	3.2486	3.2485	3.248	3.2474	3.2467	3.246	3.2452	3.2444	3.2436	3.2427	3.2419	3.2411	3.2403	3.2396	3.2389	3.2386	3.239	3.2388	3.2374	3.2357	3.2338	3.2321	3.231	3.231	3.2312	3.2309	3.2309	3.2321	3.234	3.236	3.2372	3.2372
Me1BioMd005020	Behitfly	0	0.1001	-0.1526	-0.3497	-0.3452	-0.3454	-0.345	-0.3447	-0.3444	-0.3442	-0.3442
Me1BioMd005020	Death	0	0.0901	0.0071	-0.0163	-0.0282	-0.0347	-0.0355	-0.0299	-0.031	-0.0433	-0.0602	-0.0786	-0.0952	-0.1066	-0.11	-0.1056	-0.0971	-0.0878	-0.0809	-0.0764	-0.0723	-0.0686	-0.0658	-0.064	-0.0636	-0.0644	-0.0666	-0.0699	-0.0745	-0.0866	-0.0984	-0.0855	-0.0855	-0.0918	-0.0942	-0.0936	-0.0937	-0.0937	-0.0937	-0.0937
Me1BioMd005020	Falldown	0	-0.0361	-0.0373	-0.0389	-0.0402	-0.041	-0.0409	-0.0409	-0.0409	-0.0409	-0.0409	-0.0409	-0.0409
Me1BioMd005020	Hit1	0	0.0901	0.0071	-0.0163	-0.0282	-0.0347	-0.0355	-0.0299	-0.031	-0.0435	-0.0608	-0.0795	-0.096	-0.1068	-0.111	-0.1116	-0.1102	-0.1066	-0.1013	-0.0946	-0.0867	-0.0763	-0.0532	-0.0267	-0.0081	0.0088	0.0242	0.0373	0.0472	0.0452	0.0341	0.0205	0.0058	-0.0014	-0.0032	-0.0027	-0.0012	-0.0001	0
Me1BioMd005020	Hit2	0	0.0901	0.0081	-0.0183	-0.0382	-0.0553	-0.0741	-0.0937	-0.1062	-0.1113	-0.114	-0.1149	-0.1144	-0.1133	-0.1117	-0.1097	-0.1071	-0.1041	-0.1005	-0.0964	-0.0919	-0.0867	-0.0786	-0.0672	-0.0526	-0.0354	-0.0173	-0.0004	0.0131	0.016	0.0122	0.0092	0.0055	0.0033	0.0022	0.0014	0.0008	0.0002	0
Me1BioMd005020	Hit3	0	0.1044	-0.2205	-0.4962	-0.5736	-0.6137	-0.6533	-0.6738	-0.6868	-0.6982	-0.7081	-0.7169	-0.7248	-0.7321	-0.739	-0.7453	-0.7511	-0.7564	-0.7612	-0.7655	-0.7693	-0.7721	-0.7703	-0.7678	-0.7694	-0.7722	-0.7759	-0.7803	-0.7854	-0.7944	-0.8042	-0.8106	-0.8154	-0.8176	-0.8179	-0.8174	-0.8164	-0.8156	-0.8155
Me1BioMd005020	Hit4	0	0.1044	-0.2205	-0.4962	-0.5736	-0.6137	-0.6533	-0.6738	-0.6868	-0.6982	-0.7081	-0.7169	-0.7248	-0.7321	-0.739	-0.7453	-0.7511	-0.7564	-0.7612	-0.7655	-0.7693	-0.7721	-0.7703	-0.7678	-0.7694	-0.7722	-0.7759	-0.7803	-0.7854	-0.7944	-0.8042	-0.8106	-0.8154	-0.8176	-0.8179	-0.8174	-0.8164	-0.8156	-0.8155
Me1BioMd005020	Hitdown	0	0.0986	-0.1277	-0.3107	-0.3843	-0.4343	-0.4695	-0.4854	-0.5799	-0.6997	-0.7154	-0.7161	-0.7177	-0.7189	-0.7193	-0.7193	-0.7193	-0.7193	-0.7193	-0.7193	-0.7193	-0.7193
Me1BioMd005020	HoverHit	0	-0.0199	-0.0221	-0.02	-0.0173	-0.0144	-0.0113	-0.0081	-0.0049	-0.0018	0.001	0.001
Me1BioMd005020	Lieonfloor	0	0	0	0	0
Me1BioMd005020	Stand1	0	0.0014	0.003	0.0047	0.0064	0.0079	0.009	0.0098	0.0099	0.009	0.0072	0.0046	0.0018	-0.0008	-0.0028	-0.0045	-0.006	-0.007	-0.0077	-0.008	-0.0082	-0.0083	-0.0083	-0.0083	-0.0081	-0.0079	-0.0076	-0.0073	-0.0069	-0.0065	-0.006	-0.0054	-0.0048	-0.0042	-0.0036	-0.003	-0.0024	-0.0018	-0.0011	-0.0006	0	0
Me1BioMd005020	Stand2	0	0.0014	0.003	0.0047	0.0064	0.0079	0.009	0.0098	0.0099	0.009	0.0072	0.0046	0.0018	-0.0008	-0.0028	-0.0045	-0.006	-0.007	-0.0077	-0.008	-0.0082	-0.0083	-0.0083	-0.0083	-0.0081	-0.0079	-0.0076	-0.0073	-0.0069	-0.0065	-0.006	-0.0054	-0.0048	-0.0042	-0.0036	-0.003	-0.0024	-0.0018	-0.0011	-0.0006	0	0
Me1BioMd005020	Standup	0	-0.0019	-0.0037	-0.0055	-0.0076	-0.0099	-0.0128	-0.0165	-0.0211	-0.0265	-0.0323	-0.0381	-0.0436	-0.0485	-0.0524	-0.0521	-0.049	-0.0492	-0.0519	-0.0553	-0.0595	-0.0642	-0.0716	-0.082	-0.0893	-0.0947	-0.0979	-0.0987	-0.0984	-0.0975	-0.0966	-0.0962
Me1BioMd005020	Walk	0	0.0143	0.0357	0.0349	0.0291	0.023	0.016	0.0073	0	0.0141	0.036	0.035	0.0292	0.0233	0.0162	0.005	0	0
Me1BioMd005020	Walkb	0	0.0143	0.0357	0.0349	0.0291	0.023	0.016	0.0073	0	0.0141	0.036	0.035	0.0292	0.0233	0.0162	0.005	0	0
Me1BioMd005020	Walkl	0	0	0	0	0	0	0	0	0	0	0	0	0	0	0	0	0	0
Me1BioMd005020	Walkr	0	0	0	0	0	0	0	0	0	0	0	0	0	0	0	0	0	0
