Role	Animation	OffsetZ[1]	OffsetZ[2]	OffsetZ[3]	OffsetZ[4]	OffsetZ[5]	OffsetZ[6]	OffsetZ[7]	OffsetZ[8]	OffsetZ[9]	OffsetZ[10]	OffsetZ[11]	OffsetZ[12]	OffsetZ[13]	OffsetZ[14]	OffsetZ[15]	OffsetZ[16]	OffsetZ[17]	OffsetZ[18]	OffsetZ[19]	OffsetZ[20]	OffsetZ[21]	OffsetZ[22]	OffsetZ[23]	OffsetZ[24]	OffsetZ[25]	OffsetZ[26]	OffsetZ[27]	OffsetZ[28]	OffsetZ[29]	OffsetZ[30]	OffsetZ[31]	OffsetZ[32]	OffsetZ[33]	OffsetZ[34]	OffsetZ[35]	OffsetZ[36]	OffsetZ[37]	OffsetZ[38]	OffsetZ[39]	OffsetZ[40]	OffsetZ[41]	OffsetZ[42]	OffsetZ[43]	OffsetZ[44]	OffsetZ[45]	OffsetZ[46]	OffsetZ[47]	OffsetZ[48]	OffsetZ[49]	OffsetZ[50]	OffsetZ[51]	OffsetZ[52]	OffsetZ[53]	OffsetZ[54]	OffsetZ[55]	OffsetZ[56]	OffsetZ[57]	OffsetZ[58]	OffsetZ[59]	OffsetZ[60]	OffsetZ[61]	OffsetZ[62]	OffsetZ[63]	OffsetZ[64]	OffsetZ[65]	OffsetZ[66]	OffsetZ[67]	OffsetZ[68]	OffsetZ[69]	OffsetZ[70]	OffsetZ[71]	OffsetZ[72]	OffsetZ[73]	OffsetZ[74]	OffsetZ[75]	OffsetZ[76]	OffsetZ[77]	OffsetZ[78]	OffsetZ[79]	OffsetZ[80]	OffsetZ[81]	OffsetZ[82]	OffsetZ[83]	OffsetZ[84]	OffsetZ[85]	OffsetZ[86]	OffsetZ[87]	OffsetZ[88]	OffsetZ[89]	OffsetZ[90]	OffsetZ[91]	OffsetZ[92]	OffsetZ[93]	OffsetZ[94]	OffsetZ[95]	OffsetZ[96]	OffsetZ[97]	OffsetZ[98]	OffsetZ[99]	OffsetZ[100]	OffsetZ[101]	OffsetZ[102]	OffsetZ[103]	OffsetZ[104]	OffsetZ[105]	OffsetZ[106]	OffsetZ[107]	OffsetZ[108]	OffsetZ[109]	OffsetZ[110]	OffsetZ[111]	OffsetZ[112]	OffsetZ[113]	OffsetZ[114]	OffsetZ[115]	OffsetZ[116]	OffsetZ[117]	OffsetZ[118]	OffsetZ[119]	OffsetZ[120]	OffsetZ[121]	OffsetZ[122]	OffsetZ[123]	OffsetZ[124]	OffsetZ[125]	OffsetZ[126]	OffsetZ[127]	OffsetZ[128]	OffsetZ[129]	OffsetZ[130]	OffsetZ[131]	OffsetZ[132]	OffsetZ[133]	OffsetZ[134]	OffsetZ[135]	OffsetZ[136]	OffsetZ[137]	OffsetZ[138]	OffsetZ[139]	OffsetZ[140]	OffsetZ[141]	OffsetZ[142]	OffsetZ[143]	OffsetZ[144]	OffsetZ[145]	OffsetZ[146]	OffsetZ[147]	OffsetZ[148]	OffsetZ[149]	OffsetZ[150]	OffsetZ[151]	OffsetZ[152]	OffsetZ[153]	OffsetZ[154]	OffsetZ[155]	OffsetZ[156]	OffsetZ[157]	OffsetZ[158]	OffsetZ[159]	OffsetZ[160]	OffsetZ[161]	OffsetZ[162]	OffsetZ[163]	OffsetZ[164]	OffsetZ[165]	OffsetZ[166]	OffsetZ[167]	OffsetZ[168]	OffsetZ[169]	OffsetZ[170]	OffsetZ[171]	OffsetZ[172]	OffsetZ[173]	OffsetZ[174]	OffsetZ[175]	OffsetZ[176]	OffsetZ[177]	OffsetZ[178]	OffsetZ[179]	OffsetZ[180]	OffsetZ[181]	OffsetZ[182]	OffsetZ[183]	OffsetZ[184]	OffsetZ[185]	OffsetZ[186]	OffsetZ[187]	OffsetZ[188]	OffsetZ[189]	OffsetZ[190]	OffsetZ[191]	OffsetZ[192]	OffsetZ[193]	OffsetZ[194]	OffsetZ[195]	OffsetZ[196]	OffsetZ[197]	OffsetZ[198]	OffsetZ[199]	OffsetZ[200]
Mo1ArmorMd010071	Attack01	0	-0.0654	-0.1445	-0.2765	-0.3983	-0.4601	-0.4967	-0.5227	-0.5425	-0.5548	-0.5599	-0.5608	-0.5607	-0.5599	-0.5585	-0.5567	-0.5546	-0.5522	-0.5491	-0.5455	-0.5412	-0.5362	-0.5304	-0.5238	-0.5163	-0.4317	0.2885	0.3671	0.3865	0.4198	0.45	0.4737	0.4602	0.4282	0.3857	0.3359	0.2723	0.2024	0.1306	0.0543	0	0
Mo1ArmorMd010071	Attack02	0	0.0316	0.0694	0.107	0.1382	0.1565	0.1609	0.1619	0.161	0.1584	0.1545	0.1492	0.1429	0.1359	0.1282	0.1201	0.1118	0.1036	0.0956	0.0881	0.0812	0.075	0.0737	0.1008	0.127	0.1484	0.1432	0.1278	0.1114	0.0951	0.0795	0.0633	0.0482	0.036	0.0276	0.0212	0.016	0.0118	0.008	0.0042	0	0
Mo1ArmorMd010071	Attack03	0	-0.0148	-0.0315	-0.049	-0.0659	-0.0811	-0.0932	-0.102	-0.1096	-0.1176	-0.1253	-0.1319	-0.137	-0.1399	-0.1401	-0.1369	-0.1297	-0.1068	-0.0106	0.0638	0.0761	0.0761
Mo1ArmorMd010071	Attack04	0	-0.0151	-0.0041	0.0201	0.0311	0.0062	-0.0064	-0.001	0.0136	0.0294	0.017	0
Mo1ArmorMd010071	Attack05	0	0.3627	0.532	0.5398	0.4942	0.3727	0.2095	0.0936	0.0264	-0.0095	-0.0219	-0.0309	-0.0386	-0.0452	-0.0508	-0.0554	-0.0594	-0.0627	-0.0655	-0.0679	-0.0701	-0.0721	-0.0741	-0.0763	-0.0787	-0.0815	-0.0848	-0.0873
Mo1ArmorMd010071	Attack06	0	0.3679	0.4482	0.2836	0.1245	-0.0096	-0.1248	-0.1691	-0.1389	-0.0806	-0.0432	-0.0358	-0.0345	-0.0374	-0.0429	-0.049	-0.054	-0.0559
Mo1ArmorMd010071	Attack07	0	-0.0182	-0.0401	-0.0498	-0.0306	0.0167	0.0608	0.0706	0.0484	0.0123	-0.024	-0.0462	-0.0361	0.009	0.0564	0.0747	0.0749	0.0694	0.0598	0.0485	0.0377	0.0296	0.025	0.0213	0.018	0.0151	0.0125	0.01	0.0077	0.0055	0.0032	0.0008	0
Mo1ArmorMd010071	Attack08	0	-0.0223	-0.0454	-0.0487	-0.035	-0.014	0.0076	0.0194
Mo1ArmorMd010071	Attack09	0	0	0	0	0	0	0	0	0	0	0	0	0	0	0	0	0	0	0	0	0	0	0	0	0	0	0	0
Mo1ArmorMd010071	Attack11	0	0.0612	0.0347	-0.0391	-0.0549	-0.0534	-0.0457	-0.0343	-0.0213	-0.0092	0
Mo1ArmorMd010071	Attack12	0	-0.0561	-0.1206	-0.1623	-0.1651	-0.1522	-0.1299	-0.1018	-0.0717	-0.0431	-0.0194	-0.0194
Mo1ArmorMd010071	Behitfly	0	-0.2145	-0.7834	-0.8749	-0.9032	-0.9228	-0.936	-0.9467	-0.9585	-0.9708	-0.9834	-0.9962	-1.0091	-1.022	-1.0348	-1.0475	-1.0599	-1.0719	-1.0835	-1.0945	-1.105	-1.105
Mo1ArmorMd010071	Death	0	-0.3313	-0.2706	-0.1246	-0.078
Mo1ArmorMd010071	Falldown	0	0.0388	0.0619	0.066	0.0458	0.0154	-0.0024	-0.023	-0.0427	-0.0289	-0.0214	-0.0242	-0.0251
Mo1ArmorMd010071	Hit1	0	-0.3801	-0.7096	-0.747	-0.7606	-0.7585	-0.7453	-0.7227	-0.6926	-0.6513	-0.6042	-0.5591	-0.488	-0.3921	-0.287	-0.1794	-0.0799	-0.0285	0.0191	0.0523	0.0844	0.0844
Mo1ArmorMd010071	Hit2	0	-0.067	-0.2502	-0.2731	-0.321	-0.3984	-0.4754	-0.5093	-0.5235	-0.528	-0.5264	-0.521	-0.5075	-0.4941	-0.4845	-0.4797	-0.4772	-0.4686	-0.4421	-0.4078
Mo1ArmorMd010071	Hit3	0	-0.0696	-0.5983	-1.0371	-1.3902	-1.5803	-1.7424	-1.8635	-1.9478	-2.0244	-2.0989	-2.1673	-2.2214	-2.2299	-2.2335	-2.2333	-2.2324	-2.2317	-2.2331	-2.2344	-2.2323	-2.2344	-2.2422	-2.2671	-2.3341	-2.4147	-2.4887	-2.5519	-2.6136	-2.6719	-2.7225	-2.7568	-2.7695	-2.7843	-2.7878
Mo1ArmorMd010071	Hit4	0	-0.0708	-0.2577	-0.4369	-0.6896	-1.0097	-1.2523	-1.4061	-1.5267	-1.6153	-1.6741	-1.6896	-1.7011	-1.7094	-1.7155	-1.7201	-1.7235	-1.7274	-1.7333	-1.7502	-1.7746	-1.7993	-1.8197	-1.8389	-1.8525	-1.863	-1.8721	-1.8825	-1.8851
Mo1ArmorMd010071	Hitdown	0	-0.428	-0.936	-1.0316	-1.0846	-1.1081	-1.0948	-1.0555	-1.033	-1.0289	-1.049	-1.0794	-1.0972	-1.1178	-1.1375	-1.1237	-1.1163	-1.1191	-1.12
Mo1ArmorMd010071	Hoverhit	0	-0.0033	-0.0136	-0.0305	-0.0508	-0.0729	-0.0961	-0.1198	-0.1433	-0.166	-0.1873	-0.1873
Mo1ArmorMd010071	Lieonfloor	0	0	0	0	0	0	0	0	0	0	0	0	0
Mo1ArmorMd010071	Run	0	0.0009	0.002	0.0033	0.0054	0.0082	0.0107	0.0117	0.0111	0.0096	0.0078	0.0055	0.0026	0.0005	0	0.0008	0.0024	0.0043	0.007	0.01	0.0116	0.0115	0.0101	0.0083	0.0063	0.0039	0.0014	0
Mo1ArmorMd010071	Runb	0	0.0022	0.0047	0.007	0.0089	0.0107	0.0117	0.0113	0.009	0.006	0.0036	0.0018	0.0004	0	0.001	0.0035	0.0064	0.0085	0.0102	0.0115	0.0116	0.01	0.0072	0.0046	0.0028	0.0016	0.0006	0
Mo1ArmorMd010071	Runl	0	0.0009	0.002	0.0033	0.0054	0.0082	0.0107	0.0117	0.0111	0.0096	0.0078	0.0055	0.0026	0.0005	0	0.0008	0.0024	0.0043	0.007	0.01	0.0116	0.0115	0.0101	0.0083	0.0063	0.0039	0.0014	0
Mo1ArmorMd010071	Runr	0	0	0	0	0	0	0	0	0	0	0	0	0	0	0	0	0	0	0	0	0	0	0	0	0	0	0	0
Mo1ArmorMd010071	Stand2	0	-0.0008	-0.0019	-0.0031	-0.0043	-0.0054	-0.0063	-0.0069	-0.0072	-0.007	-0.0064	-0.0056	-0.0045	-0.0034	-0.0022	-0.001	0.0001	0.0013	0.0025	0.0038	0.0051	0.0063	0.0072	0.0079	0.0082	0.008	0.0073	0.0063	0.0051	0.0038	0.0025	0.0012	0.0003	0.0003
Mo1ArmorMd010071	Standup	0	0.0078	0.0095	0.0127	0.0282	0.102	0.2151	0.339	0.4693	0.5995	0.7238	0.8411	0.9414	1.0095	1.0513	1.0757	1.0924	1.1053	1.1184	1.1184
Mo1ArmorMd010071	Stun	0	-0.0035	-0.007	-0.0107	-0.0144	-0.0182	-0.0219	-0.0255	-0.0291	-0.0325	-0.0362	-0.04	-0.0437	-0.047	-0.0497	-0.0516	-0.0523	-0.0519	-0.0507	-0.0488	-0.0464	-0.0435	-0.0403	-0.037	-0.0336	-0.0301	-0.0264	-0.0223	-0.0178	-0.0133	-0.0087	-0.0042	0	0
