Role	Animation	OffsetZ[1]	OffsetZ[2]	OffsetZ[3]	OffsetZ[4]	OffsetZ[5]	OffsetZ[6]	OffsetZ[7]	OffsetZ[8]	OffsetZ[9]	OffsetZ[10]	OffsetZ[11]	OffsetZ[12]	OffsetZ[13]	OffsetZ[14]	OffsetZ[15]	OffsetZ[16]	OffsetZ[17]	OffsetZ[18]	OffsetZ[19]	OffsetZ[20]	OffsetZ[21]	OffsetZ[22]	OffsetZ[23]	OffsetZ[24]	OffsetZ[25]	OffsetZ[26]	OffsetZ[27]	OffsetZ[28]	OffsetZ[29]	OffsetZ[30]	OffsetZ[31]	OffsetZ[32]	OffsetZ[33]	OffsetZ[34]	OffsetZ[35]	OffsetZ[36]	OffsetZ[37]	OffsetZ[38]	OffsetZ[39]	OffsetZ[40]	OffsetZ[41]	OffsetZ[42]	OffsetZ[43]	OffsetZ[44]	OffsetZ[45]	OffsetZ[46]	OffsetZ[47]	OffsetZ[48]	OffsetZ[49]	OffsetZ[50]	OffsetZ[51]	OffsetZ[52]	OffsetZ[53]	OffsetZ[54]	OffsetZ[55]	OffsetZ[56]	OffsetZ[57]	OffsetZ[58]	OffsetZ[59]	OffsetZ[60]	OffsetZ[61]	OffsetZ[62]	OffsetZ[63]	OffsetZ[64]	OffsetZ[65]	OffsetZ[66]	OffsetZ[67]	OffsetZ[68]	OffsetZ[69]	OffsetZ[70]	OffsetZ[71]	OffsetZ[72]	OffsetZ[73]	OffsetZ[74]	OffsetZ[75]	OffsetZ[76]	OffsetZ[77]	OffsetZ[78]	OffsetZ[79]	OffsetZ[80]	OffsetZ[81]	OffsetZ[82]	OffsetZ[83]	OffsetZ[84]	OffsetZ[85]	OffsetZ[86]	OffsetZ[87]	OffsetZ[88]	OffsetZ[89]	OffsetZ[90]	OffsetZ[91]	OffsetZ[92]	OffsetZ[93]	OffsetZ[94]	OffsetZ[95]	OffsetZ[96]	OffsetZ[97]	OffsetZ[98]	OffsetZ[99]	OffsetZ[100]	OffsetZ[101]	OffsetZ[102]	OffsetZ[103]	OffsetZ[104]	OffsetZ[105]	OffsetZ[106]	OffsetZ[107]	OffsetZ[108]	OffsetZ[109]	OffsetZ[110]	OffsetZ[111]	OffsetZ[112]	OffsetZ[113]	OffsetZ[114]	OffsetZ[115]	OffsetZ[116]	OffsetZ[117]	OffsetZ[118]	OffsetZ[119]	OffsetZ[120]	OffsetZ[121]	OffsetZ[122]	OffsetZ[123]	OffsetZ[124]	OffsetZ[125]	OffsetZ[126]	OffsetZ[127]	OffsetZ[128]	OffsetZ[129]	OffsetZ[130]	OffsetZ[131]	OffsetZ[132]	OffsetZ[133]	OffsetZ[134]	OffsetZ[135]	OffsetZ[136]	OffsetZ[137]	OffsetZ[138]	OffsetZ[139]	OffsetZ[140]	OffsetZ[141]	OffsetZ[142]	OffsetZ[143]	OffsetZ[144]	OffsetZ[145]	OffsetZ[146]	OffsetZ[147]	OffsetZ[148]	OffsetZ[149]	OffsetZ[150]	OffsetZ[151]	OffsetZ[152]	OffsetZ[153]	OffsetZ[154]	OffsetZ[155]	OffsetZ[156]	OffsetZ[157]	OffsetZ[158]	OffsetZ[159]	OffsetZ[160]	OffsetZ[161]	OffsetZ[162]	OffsetZ[163]	OffsetZ[164]	OffsetZ[165]	OffsetZ[166]	OffsetZ[167]	OffsetZ[168]	OffsetZ[169]	OffsetZ[170]	OffsetZ[171]	OffsetZ[172]	OffsetZ[173]	OffsetZ[174]	OffsetZ[175]	OffsetZ[176]	OffsetZ[177]	OffsetZ[178]	OffsetZ[179]	OffsetZ[180]	OffsetZ[181]	OffsetZ[182]	OffsetZ[183]	OffsetZ[184]	OffsetZ[185]	OffsetZ[186]	OffsetZ[187]	OffsetZ[188]	OffsetZ[189]	OffsetZ[190]	OffsetZ[191]	OffsetZ[192]	OffsetZ[193]	OffsetZ[194]	OffsetZ[195]	OffsetZ[196]	OffsetZ[197]	OffsetZ[198]	OffsetZ[199]	OffsetZ[200]
R2KalieninaMd010011	Attack01	0	-0.0036	0.1037	0.4971	0.9277	0.9131	0.9123	0.8832	0.8995	0.903	0.9078	0.9105	0.9058	0.8899	0.8737	0.8579	0.8394	0.818	0.7949	0.7711	0.7435	0.7224	0.7113	0.7029	0.6994	0.6984	0.7017	0.7077	0.7138	0.7172
R2KalieninaMd010011	Attack02	0	0.0928	0.1072	0.4077	0.7253	1.0026	1.026	1.0549	1.3057	1.6919	1.7515	1.7712	1.7712	1.8334	1.8891	1.9209	1.9494	1.9601	1.9604	1.9565	1.9518	1.9486	1.9487	1.9519	1.9581	1.9652	1.9707	1.9699	1.9666	1.9646	1.9615	1.9581	1.9572
R2KalieninaMd010011	Attack03	0	0.0972	0.1605	0.2074	0.4164	0.7574	0.9849	1.1362	1.409	1.7237	1.9351	2.1121	2.1778	2.237	2.3844	2.591	2.704	2.7251	2.7383	2.7421	2.7477	2.7665	2.818	2.9078	3.0064	3.1006	3.1788	3.2176	3.2129	3.102	2.9089	2.7655	2.7192	2.7361	2.7699	2.7923	2.8089	2.8247	2.8291	2.8291
R2KalieninaMd010011	Attack04	0	0.1077	0.3163	0.6044	0.8762	1.06	1.208	1.3415	1.4663	1.5878	1.7394	1.9598	1.9764	1.9691	1.9544	1.9332	1.9128	1.9017	1.9056	1.9096	1.9015	1.8826	1.8544	1.7563	1.6252	1.5381	1.5295	1.5528	1.5581	1.5658	1.5704	1.5694	1.543	1.4932	1.4931	1.5235	1.546	1.5766	1.6173	1.6573	1.688	1.7099	1.7241	1.7354	1.746	1.746
R2KalieninaMd010011	Attack11	0	-0.0458	-0.0265	-0.0144	-0.0225	-0.0272	-0.0225	-0.0173	-0.1385	-0.8864	-0.9943	-1.0098	-1.0156	-1.021	-1.0199	-1.0174	-1.0191	-1.0345	-1.052	-1.0614	-1.0687	-1.0733	-1.076	-1.0789	-1.0782	-1.068	-1.0479	-1.0157	-0.9723	-0.9223	-0.8747	-0.8411	-0.8233	-0.8138	-0.8071	-0.8027
R2KalieninaMd010011	Attack21	0	-0.0374	0.0977	0.273	0.2505	0.117	0.0636	0.2236	0.2246	0.1849	-0.0369	-0.1072	-0.076	-0.0416	-0.0263	-0.0272	-0.0372	-0.0459	-0.0299	0.0121	0.1138	0.0828	0.0847	0.0966	0.0844	0.0685	0.0554	0.0516	0.0523	0.0486	0.0307	0.0289	0.0259	0.0164	0.0084	0.0044	0.0023	0.0006	0
R2KalieninaMd010011	Attack31	0	1.6799	4.3052	5.5841	6.2778	6.3296	6.3205	6.3197	6.3801	5.8887	5.7203	5.7014	5.7087	5.7324	5.7619	5.7974	5.8372	5.8963	6.0146	6.1835	6.2609	6.1873	6.0266	5.8781	5.8126	5.804	5.8112	5.83	5.8507	5.8652	5.8685
R2KalieninaMd010011	Attack41	0	-0.1373	-0.145	-0.0841	-0.0404	-0.0221	-0.0077	-0.0061	-0.0123	-0.0181	-0.0234	-0.7343	-2.0209	-2.1067	-2.1306	-2.1372	-2.1339	-2.123	-2.1103	-2.1003	-2.0892	-2.0645	-2.0382	-2.0247	-2.0247	-2.0247	-2.0247	-2.0247	-2.0247	-2.0214	-2.0057	-1.9765	-1.9441	-1.9159	-1.8796	-1.8274	-1.7724	-1.7244	-1.69	-1.6847	-1.702	-1.7287	-1.7593	-1.7909	-1.8186	-1.8186
R2KalieninaMd010011	Attack42	0	-0.1625	-0.3176	-0.3237	-0.3167	-0.306	-0.2929	-0.278	-0.2625	-0.2472	-0.2289	-0.2025	-0.176	-0.162	-0.162	-0.162	-0.162	-0.162	-0.162	-0.162	-0.1555	-0.1337	-0.1033	-0.0714	-0.045	0	0.0537	0.1072	0.1524	0.1778	0.174	0.1525	0.1246	0.0927	0.0615	0.0441
R2KalieninaMd010011	Attack51	0	-0.1554	-0.3358	-0.3997	-0.3354	-0.2116	-0.1391	-0.1409	-0.147	-0.1239	-0.0972	-0.0876	-0.0868	-0.0844	-0.0821	-0.0833	-0.0888	-0.0924	-0.14	-0.2073	-0.1983	-0.1412	-0.121	-0.1224	-0.122	-0.122	-0.1221	-0.1223	-0.1225	-0.1228	-0.1231	-0.1234	-0.1237	-0.1241	-0.1244	-0.1247	-0.1239	-0.124	-0.1243	-0.1245	-0.1244	-0.1243	-0.1243	-0.1246	-0.1245	-0.1244	-0.1242	-0.1241	-0.1239	-0.1239	-0.1245	-0.1257	-0.1257	-0.1219	-0.1143	-0.095	-0.0674	-0.0311	0.0059	0.0299	0.0543	0.0922	0.1398	0.1668	0.1562	0.0852	-0.0473	-0.1594	-0.195	-0.193	-0.1757	-0.1529	-0.1165	-0.0756	-0.0636
R2KalieninaMd010011	AttackQte	0	-0.0369	0.0735	0.0656	0.0532	0.0491	0.0576	0.2542	0.4246	0.3918	0.2842	0.1416	0.0767	0.1712	0.2481	0.2825	0.1257	-0.0584	-0.1313	-0.1325	-0.1253	-0.1157	-0.1008	-0.0798	-0.0536	-0.0239	0.0065	0.0308	0.0598	0.1368	0.1053	0.1248	0.1278	0.1122	0.0963	0.0868	0.0845	0.0861	0.0768	0.0631	0.0617	0.0558	0.0465	0.04	0.0368	0.035	0.0332	0.0332
R2KalieninaMd010011	Behitfly	0	0.0316	0.0785	0.1121	0.1321	0.1453	0.1467	0.1444	0.1397	0.1321	0.1111	0.0888
R2KalieninaMd010011	Born	0	0	0	0	0	0.0003	0.0019	0.0049	0.0075	-0.0235	-0.1204	-0.1423	-0.1448	-0.1369	-0.172	-0.2001	-0.2511	-0.2269	-0.1824	-0.1552	-0.1502	-0.1328	-0.0755	-0.1043	-0.0397	-0.0161	-0.0038	0.0053	0.0111	0.0101	0.0018	-0.0079	-0.0184	-0.0287	-0.0379	-0.0429	-0.0377	-0.0265	-0.0161	-0.0065	0.0034	0.0125	0.021	0.0289	0.0384	0.0473	0.0577	0.073	0.0913	0.1113	0.1314	0.1504	0.168	0.1806	0.1865	0.1894	0.1902	0.1898	0.1887	0.1883	0.1882	0.1871	0.1856	0.1843	0.1838
R2KalieninaMd010011	Death	0	-0.3171	-0.4732	-0.5726	-0.5931	-0.6013	-0.6056	-0.6053	-0.5998	-0.5915	-0.5813	-0.5689	-0.5539	-0.5331	-0.5034	-0.482	-0.4913	-0.4968	-0.4989	-0.4994	-0.5049	-0.5181	-0.5349	-0.5483	-0.5543	-0.5538	-0.5504	-0.5464	-0.5418	-0.5371	-0.5322	-0.5275	-0.524	-0.522	-0.5205	-0.5197	-0.5196	-0.521	-0.5242	-0.5306	-0.5386	-0.5478	-0.5569	-0.5627	-0.5575	-0.5451	-0.5484	-0.5653	-0.5714	-0.5687	-0.5659	-0.5622	-0.5614	-0.5634	-0.5645	-0.5635	-0.5604	-0.5557	-0.5511	-0.5474	-0.5458	-0.546	-0.5462	-0.5462	-0.5462	-0.5462
R2KalieninaMd010011	Falldown	0	-0.3053	-0.4835	-1.0443	-1.334	-1.4716	-1.6542	-1.8258	-1.9394	-1.9964	-2.0285	-2.045	-2.0591	-2.0723
R2KalieninaMd010011	Hit1	0	-0.2153	-0.4952	-0.521	-0.5087	-0.4845	-0.4688	-0.4547	-0.4397	-0.4232	-0.4048	-0.3833	-0.3593	-0.3283	-0.2934	-0.2607	-0.2248	-0.1806	-0.1282	-0.0648	-0.0087	0.0201	0.0201	0.0113	0.0073	0.0044	0.0011	-0.0021	-0.0031
R2KalieninaMd010011	Hit2	0	-0.1361	-0.2939	-0.3883	-0.4387	-0.4616	-0.4805	-0.4922	-0.5288	-0.5605	-0.5915	-0.6093	-0.6141	-0.6154	-0.6152	-0.6135	-0.6112	-0.6075	-0.6038	-0.602	-0.6026	-0.6082	-0.6186	-0.6569	-0.7826	-0.942	-1.0757	-1.1121	-1.128	-1.134	-1.1372	-1.1359	-1.1353	-1.1353
R2KalieninaMd010011	Hit3	0	-0.1348	-0.3424	-0.5291	-0.6823	-0.7604	-0.828	-0.9402	-1.0421	-1.0946	-1.1213	-1.1438	-1.1533	-1.1534	-1.1546	-1.1666	-1.21	-1.2978	-1.3997	-1.507	-1.6038	-1.6708	-1.7414	-1.7922	-1.8273	-1.8511	-1.8649	-1.8697	-1.8712	-1.871	-1.8701	-1.8701	-1.8704
R2KalieninaMd010011	Hit4	0	-0.1342	-0.2857	-0.3763	-0.4616	-0.5535	-0.6396	-0.7312	-0.8144	-0.8772	-0.9229	-0.958	-0.9862	-1.0042	-1.022	-1.0369	-1.0458	-1.0438	-1.0361	-1.0269	-1.0179	-1.0055	-0.985	-0.969	-0.968	-0.9913	-1.0518	-1.0999	-1.1233	-1.135	-1.1384	-1.1366	-1.1353	-1.1353
R2KalieninaMd010011	Hitdown	0	-0.0829	-0.0057	0.0185	0.0229	0.0221	0.0138	0.0151	-0.0385	-0.4866	-0.8812	-1.2621	-1.4224	-1.5345	-1.6796	-1.8231	-1.9668	-2.0088	-2.0366	-2.0539	-2.0663	-2.0779	-2.0941	-2.0941
R2KalieninaMd010011	Hoverhit	0	-0.0874	-0.0563	-0.0743	-0.0936	-0.1318	-0.1817	-0.2378	-0.2979	-0.3601	-0.4205	-0.4205
R2KalieninaMd010011	Lieonfloor	0	0	0	0	0
R2KalieninaMd010011	Move1	0	0.4496	1.5165	2.5434	3.2964	3.9726	4.5992	4.9435	5.1797	5.4113	5.5653	5.6658	5.7322	5.7481	5.7413	5.7222	5.7076	5.7076
R2KalieninaMd010011	Move2	0	-0.1258	-0.943	-1.8927	-2.4421	-2.8938	-3.2588	-3.4183	-3.5966	-3.7565	-3.9322	-4.036	-4.0762	-4.1011	-4.1151	-4.116	-4.0973	-4.0724	-4.054	-4.0473
R2KalieninaMd010011	Run	0	-0.0265	-0.0405	-0.0141	0.0061	0.0243	0.0147	-0.0091	-0.0415	-0.0419	-0.0185	0.0096	0.0044	-0.0007	0
R2KalieninaMd010011	RunLeanL	0	-0.0268	-0.0416	-0.015	0.0049	0.0226	0.0132	-0.0111	-0.0419	-0.0417	-0.018	0.0096	0.0037	-0.001	0
R2KalieninaMd010011	RunLeanR	0	-0.0264	-0.0408	-0.014	0.006	0.0236	0.0141	-0.0108	-0.0419	-0.0419	-0.0189	0.0085	0.0032	-0.0011	0
R2KalieninaMd010011	RunStart	0	0.1749	0.3503	0.5411	0.7441	0.983	1.2721	1.5329	1.7454	1.9751	2.1972	2.4432	2.6902	2.9229	3.1466	3.2815
R2KalieninaMd010011	RunStartEnd01	0	0.0405	0.0735	0.0989	0.1187	0.133	0.1441	0.154	0.1644	0.1729	0.1794	0.1846	0.1889	0.1918	0.1943	0.1965	0.1987	0.2006	0.2024	0.2036	0.2044	0.2054	0.2062	0.2064	0.2063	0.2061	0.2059	0.2056	0.2055	0.2055
R2KalieninaMd010011	Save	0	0	0	-0.0001	-0.0001	-0.0002	-0.0003	-0.0003	-0.0004	-0.0005	-0.0005	-0.0005	-0.0005	-0.0005	-0.0005	-0.0004	-0.0004	-0.0004	-0.0004	-0.0004	-0.0004	-0.0003	-0.0002	-0.0002	-0.0001	0	0	0
R2KalieninaMd010011	Stand1	0	-0.0002	-0.0005	-0.0008	-0.0012	-0.0016	-0.0018	-0.0019	-0.0021	-0.0024	-0.0028	-0.0032	-0.0036	-0.0037	-0.0038	-0.0039	-0.004	-0.0041	-0.0041	-0.0042	-0.0041	-0.0042	-0.0042	-0.0042	-0.0042	-0.0041	-0.0041	-0.004	-0.0037	-0.0034	-0.003	-0.0028	-0.0025	-0.0022	-0.0018	-0.0015	-0.0012	-0.0009	-0.0006	-0.0003	0	0
R2KalieninaMd010011	Stand2	0	0	0.0002	0.0005	0.0007	0.0006	0.0002	-0.0009	-0.0026	-0.0048	-0.0071	-0.0094	-0.0113	-0.0126	-0.0131	-0.0131	-0.013	-0.0129	-0.0123	-0.0115	-0.0107	-0.0097	-0.0084	-0.0067	-0.0048	-0.0029	-0.0011	0
R2KalieninaMd010011	Standchange	0	-0.1227	-0.1656	-0.1589	-0.1507	-0.1517	-0.1524	-0.1518	-0.1487	-0.1388	-0.1123	-0.0828	-0.0705	-0.0738	-0.0779	-0.0727	-0.0663	-0.0598	-0.0541	-0.053	-0.053
R2KalieninaMd010011	Standup	0	-0.0198	-0.0438	-0.052	-0.0456	-0.0294	-0.0101	0.008	0.027	0.0472	0.0591	0.0661	0.0773	0.088	0.091
R2KalieninaMd010011	Stop	0	0.1854	0.3933	0.5853	0.7359	0.823	0.8633	0.8852	0.9005	0.9094	0.9138	0.9077	0.8974	0.8411	0.7748	0.7193	0.6625	0.6024	0.555	0.519	0.4748	0.4362	0.418	0.4103	0.4044	0.4008	0.3978	0.3956	0.3937	0.3937	0.3946	0.3957	0.3966	0.3976	0.3986	0.3989	0.3989	0.3988	0.3988
R2KalieninaMd010011	Stun	0	-0.0005	-0.0012	-0.0022	-0.0033	-0.0041	-0.0046	-0.0048	-0.0048	-0.0045	-0.004	-0.0036	-0.0031	-0.0028	-0.0025	-0.002	-0.0016	-0.0013	-0.0007	0.0001	0.0007	0.0011	0.0013	0.0012	0.0009	0.0006	0.0002	0
R2KalieninaMd010011	Win	0	0.048	0.198	0.2384	0.1688	0.0811	0.0175	0.0042	-0.0043	-0.0052	0.0018	0.0163	0.035	0.0595	0.0862	0.1256	0.1997	0.3436	0.5959	0.807	0.8348	0.845	0.8497	0.8501	0.8483	0.846	0.8455	0.8492	0.859	0.9103	1.0772	1.1884	1.228	1.2416	1.25	1.2712	1.3029	1.3381	1.3735	1.4034	1.4238	1.4333	1.4369	1.4358	1.4323	1.4278	1.4243	1.4234	1.4236	1.4238	1.4238	1.4238	1.4238	1.4238	1.4238	1.4237	1.4236	1.4235	1.4234	1.4233	1.4233	1.4232	1.4232	1.4231	1.4231
