Role	Animation	OffsetZ[1]	OffsetZ[2]	OffsetZ[3]	OffsetZ[4]	OffsetZ[5]	OffsetZ[6]	OffsetZ[7]	OffsetZ[8]	OffsetZ[9]	OffsetZ[10]	OffsetZ[11]	OffsetZ[12]	OffsetZ[13]	OffsetZ[14]	OffsetZ[15]	OffsetZ[16]	OffsetZ[17]	OffsetZ[18]	OffsetZ[19]	OffsetZ[20]	OffsetZ[21]	OffsetZ[22]	OffsetZ[23]	OffsetZ[24]	OffsetZ[25]	OffsetZ[26]	OffsetZ[27]	OffsetZ[28]	OffsetZ[29]	OffsetZ[30]	OffsetZ[31]	OffsetZ[32]	OffsetZ[33]	OffsetZ[34]	OffsetZ[35]	OffsetZ[36]	OffsetZ[37]	OffsetZ[38]	OffsetZ[39]	OffsetZ[40]	OffsetZ[41]	OffsetZ[42]	OffsetZ[43]	OffsetZ[44]	OffsetZ[45]	OffsetZ[46]	OffsetZ[47]	OffsetZ[48]	OffsetZ[49]	OffsetZ[50]	OffsetZ[51]	OffsetZ[52]	OffsetZ[53]	OffsetZ[54]	OffsetZ[55]	OffsetZ[56]	OffsetZ[57]	OffsetZ[58]	OffsetZ[59]	OffsetZ[60]	OffsetZ[61]	OffsetZ[62]	OffsetZ[63]	OffsetZ[64]	OffsetZ[65]	OffsetZ[66]	OffsetZ[67]	OffsetZ[68]	OffsetZ[69]	OffsetZ[70]	OffsetZ[71]	OffsetZ[72]	OffsetZ[73]	OffsetZ[74]	OffsetZ[75]	OffsetZ[76]	OffsetZ[77]	OffsetZ[78]	OffsetZ[79]	OffsetZ[80]	OffsetZ[81]	OffsetZ[82]	OffsetZ[83]	OffsetZ[84]	OffsetZ[85]	OffsetZ[86]	OffsetZ[87]	OffsetZ[88]	OffsetZ[89]	OffsetZ[90]	OffsetZ[91]	OffsetZ[92]	OffsetZ[93]	OffsetZ[94]	OffsetZ[95]	OffsetZ[96]	OffsetZ[97]	OffsetZ[98]	OffsetZ[99]	OffsetZ[100]	OffsetZ[101]	OffsetZ[102]	OffsetZ[103]	OffsetZ[104]	OffsetZ[105]	OffsetZ[106]	OffsetZ[107]	OffsetZ[108]	OffsetZ[109]	OffsetZ[110]	OffsetZ[111]	OffsetZ[112]	OffsetZ[113]	OffsetZ[114]	OffsetZ[115]	OffsetZ[116]	OffsetZ[117]	OffsetZ[118]	OffsetZ[119]	OffsetZ[120]	OffsetZ[121]	OffsetZ[122]	OffsetZ[123]	OffsetZ[124]	OffsetZ[125]	OffsetZ[126]	OffsetZ[127]	OffsetZ[128]	OffsetZ[129]	OffsetZ[130]	OffsetZ[131]	OffsetZ[132]	OffsetZ[133]	OffsetZ[134]	OffsetZ[135]	OffsetZ[136]	OffsetZ[137]	OffsetZ[138]	OffsetZ[139]	OffsetZ[140]	OffsetZ[141]	OffsetZ[142]	OffsetZ[143]	OffsetZ[144]	OffsetZ[145]	OffsetZ[146]	OffsetZ[147]	OffsetZ[148]	OffsetZ[149]	OffsetZ[150]	OffsetZ[151]	OffsetZ[152]	OffsetZ[153]	OffsetZ[154]	OffsetZ[155]	OffsetZ[156]	OffsetZ[157]	OffsetZ[158]	OffsetZ[159]	OffsetZ[160]	OffsetZ[161]	OffsetZ[162]	OffsetZ[163]	OffsetZ[164]	OffsetZ[165]	OffsetZ[166]	OffsetZ[167]	OffsetZ[168]	OffsetZ[169]	OffsetZ[170]	OffsetZ[171]	OffsetZ[172]	OffsetZ[173]	OffsetZ[174]	OffsetZ[175]	OffsetZ[176]	OffsetZ[177]	OffsetZ[178]	OffsetZ[179]	OffsetZ[180]	OffsetZ[181]	OffsetZ[182]	OffsetZ[183]	OffsetZ[184]	OffsetZ[185]	OffsetZ[186]	OffsetZ[187]	OffsetZ[188]	OffsetZ[189]	OffsetZ[190]	OffsetZ[191]	OffsetZ[192]	OffsetZ[193]	OffsetZ[194]	OffsetZ[195]	OffsetZ[196]	OffsetZ[197]	OffsetZ[198]	OffsetZ[199]	OffsetZ[200]
R2LifuMd010011	Attack01	0	0.0877	0.1527	0.2332	0.3362	0.4543	0.6069	0.6395	0.6553	0.6605	0.6624	0.6588	0.6508	0.6383	0.6228	0.6054	0.5864	0.5431	0.5011	0.4691	0.4422	0.4445	0.4504	0.4587	0.4692	0.4736	0.4783	0.4819	0.4851	0.4851
R2LifuMd010011	Attack02	0	0.0031	0.0179	0.0898	0.1836	0.2852	0.3243	0.3172	0.3277	0.3419	0.3569	0.3736	0.4021	0.4531	0.5168	0.5793	0.6277	0.6684	0.7064	0.7471	0.7944	0.8348	0.8476	0.842	0.8336	0.8102	0.7908	0.7793	0.7774	0.777	0.7777	0.7784	0.7786
R2LifuMd010011	Attack03	0	0.0624	0.1339	0.192	0.2201	0.261	0.3356	0.4275	0.3739	0.3477	0.3267	0.3113	0.3007	0.298	0.3015	0.3135	0.3375	0.3767	0.4304	0.4967	0.5296	0.5384	0.5284	0.5117	0.4959	0.4805	0.4719	0.4667	0.4618	0.4571	0.4532	0.4532
R2LifuMd010011	Attack04	0	-0.0183	-0.0415	-0.05	0.0056	0.1164	0.1683	0.2022	0.2069	0.2037	0.2002	0.1955	0.1898	0.187	0.1865	0.1895	0.1943	0.2142	0.2373	0.2646	0.292	0.3121	0.318	0.3192	0.3128	0.3037	0.2935	0.2823	0.2759	0.2708	0.2659	0.2621	0.2613
R2LifuMd010011	Attack05	0	0.0065	0.0142	0.0246	0.0398	0.0599	0.0847	0.1389	0.285	0.4026	0.3752	0.3675	0.36	0.3522	0.3445	0.339	0.3349	0.3326	0.3321	0.3478	0.3758	0.3992	0.421	0.4673	0.5123	0.5515	0.5873	0.5989	0.6099	0.6196	0.6385	0.6616	0.6742	0.6807	0.6878	0.6927
R2LifuMd010011	Attack11	0	-0.0722	-0.1139	-0.053	-0.0239	-0.0256	-0.035	-0.0474	-0.0575	-0.0671	-0.0768	-0.0877	-0.099	-0.1162	-0.1347	-0.1595	-0.1779	-0.1977	-0.2049	-0.2048	-0.2041	-0.2032	-0.2023	-0.2017	-0.201	-0.201
R2LifuMd010011	Attack21	0	-0.0921	-0.1402	-0.1487	-0.1402	-0.0907	-0.0602	-0.0538	-0.0536	-0.0536	-0.0531	-0.053	-0.0499	-0.0462	-0.0408	-0.0379	-0.0343	-0.0304	-0.0257	-0.0209	-0.0171	-0.0144	-0.0118	-0.0094	-0.0071	-0.0047	-0.0023	0
R2LifuMd010011	Attack31	0	-0.0748	-0.143	-0.1953	-0.2588	-0.3309	-0.3741	-0.3879	-0.3895	-0.386	-0.3791	-0.3693	-0.3569	-0.3423	-0.3225	-0.2985	-0.2711	-0.2369	-0.2017	-0.1717	-0.1352	-0.0963	-0.0596	-0.0244	-0.0078	-0.004	-0.0022	-0.0013	0	0
R2LifuMd010011	Attack51	0	-0.0028	-0.0069	-0.0087	-0.0088	-0.0099	-0.0108	-0.0114	-0.0119	-0.0121	-0.0122	-0.0123	-0.0126	-0.0132	-0.0138	-0.0139	-0.0138	-0.0132	-0.0124	-0.0136	-0.0179	-0.0175	-0.0199	-0.0253	-0.0294	-0.0369	-0.0441	-0.0401	-0.0637	-0.0421	-0.0077	0.0192	0.0021	-0.0439	-0.0803	-0.101	-0.1125	-0.1145	-0.1097	-0.0934	-0.0595	-0.0366	-0.0281	-0.0289	-0.0278	-0.0278	-0.0306	-0.0343	-0.0381	-0.0416	-0.0449	-0.0475	-0.0491	-0.0542	-0.0621	-0.0688	-0.0921	-0.1244	-0.1499	-0.1372	-0.1038	-0.0649	-0.0234	0.0103	0.0162
R2LifuMd010011	AttackQte	0	-0.0153	-0.0214	-0.0102	-0.008	-0.0119	-0.0154	-0.0153	-0.0107	0.0055	0.0115	0.0101	0.008	0.0163	0.0408	0.0636	0.0749	0.0901	0.1548	0.272	0.2972	0.2586	0.2384	0.2234	0.2115	0.2036	0.1993	0.202	0.2111	0.224	0.2366	0.2615	0.2874	0.3144	0.3459	0.3729	0.379	0.371	0.3565	0.3442	0.3339	0.3251	0.3181	0.3199	0.3227	0.3253	0.3285	0.3308
R2LifuMd010011	Behitfly	0	0.2918	0.3005	0.2326	0.2318	0.2366	0.2374	0.2314	0.2194	0.1997	0.1718
R2LifuMd010011	Born	0	-0.0153	-0.0214	-0.011	-0.0086	-0.0099	-0.0128	-0.0152	-0.0159	-0.0147	-0.0136	-0.0053	0.0111	0.0561	0.1034	0.1525	0.1861	0.2169	0.2578	0.317	0.3734	0.4325	0.4598	0.4602	0.4647	0.4741	0.4854	0.4944	0.5026	0.5094	0.5133	0.5142	0.5144	0.5138	0.5129	0.5115	0.5099	0.5083	0.5067	0.5053	0.504	0.5031	0.5024	0.502	0.5025	0.5085	0.519	0.5391	0.5631	0.5808	0.5848	0.5898	0.5974	0.6063	0.6137	0.6209	0.6272	0.6319	0.6335	0.6351	0.6358	0.6368	0.6379	0.6392	0.6396
R2LifuMd010011	Death	0	0.0618	0.0227	-0.1545	-0.2882	-0.3608	-0.3761	-0.3812	-0.389	-0.4146	-0.4377	-0.4503	-0.4543	-0.4524	-0.4507	-0.4481	-0.4444	-0.4385	-0.4309	-0.4	-0.3389	-0.2943	-0.2844	-0.2837	-0.2818	-0.2774	-0.2733	-0.2697	-0.2662	-0.2638
R2LifuMd010011	Falldown	0	-0.2731	-0.5479	-0.7322	-0.8578	-0.942	-1.0034	-1.0492	-1.0786	-1.0997	-1.1224	-1.1224
R2LifuMd010011	Hit1	0	0.0909	0.0262	-0.208	-0.3483	-0.3946	-0.4285	-0.4371	-0.4426	-0.4446	-0.4455	-0.4454	-0.445	-0.4449	-0.4454	-0.4468	-0.4575	-0.4719	-0.4858	-0.498	-0.4998	-0.4932	-0.4812	-0.4635	-0.4449	-0.4248	-0.4003	-0.3793	-0.3699	-0.3666	-0.3628	-0.3628
R2LifuMd010011	Hit2	0	0.0538	0.0339	-0.1544	-0.2845	-0.3802	-0.4314	-0.4531	-0.4677	-0.4761	-0.484	-0.4898	-0.4941	-0.4966	-0.4977	-0.5157	-0.5319	-0.5477	-0.5623	-0.5671	-0.5564	-0.5312	-0.5018	-0.4685	-0.4341	-0.4087	-0.4007	-0.3984	-0.4003	-0.4032	-0.4033	-0.4033
R2LifuMd010011	Hit3	0	0.1412	0.0504	-0.3626	-0.66	-0.8425	-0.9204	-0.9451	-0.9667	-0.9805	-0.9917	-1.0005	-1.0074	-1.0116	-1.0139	-1.0138	-1.026	-1.0428	-1.0517	-1.0561	-1.0513	-1.0415	-1.0279	-1.0108	-0.9935	-0.9751	-0.9522	-0.9315	-0.9223	-0.9191	-0.9155	-0.9155
R2LifuMd010011	Hit4	0	0.056	-0.0086	-0.2786	-0.4781	-0.6491	-0.8264	-0.9435	-1.0026	-1.0269	-1.0428	-1.0506	-1.055	-1.0575	-1.0605	-1.0859	-1.1104	-1.1326	-1.1523	-1.1606	-1.1534	-1.1255	-1.0925	-1.056	-1.0315	-1.0162	-1.0075	-1.0035	-1.0032	-1.0047	-1.0033	-1.0033
R2LifuMd010011	Hitdown	0	0.2916	0.2274	0.159	0.1615	0.1512	0.1225	0.0926	0.0177	-0.2488	-0.5278	-0.7144	-0.8401	-0.9242	-0.9857	-1.0314	-1.0608	-1.0819	-1.1046	-1.1046
R2LifuMd010011	Hoverhit	0	0.0035	0.0204	0.0322	0.0446	0.0546	0.0623	0.068	0.0717	0.0723	0.0698	0.0698
R2LifuMd010011	Lieonfloor	0	0	0	0	0	0
R2LifuMd010011	Move1	0	-0.033	0.138	0.7453	1.635	2.5491	3.3923	4.1767	4.7596	5.1554	5.3868	5.5336	5.6338	5.701	5.7486	5.7759	5.7901	5.7961	5.8013	5.803	5.7989	5.7598	5.719	5.6773	5.6373	5.6312	5.6274	5.626	5.6241	5.624
R2LifuMd010011	Move2	0	-0.0061	-0.1578	-0.803	-1.7825	-2.8066	-3.6884	-4.4641	-5.1751	-5.6169	-5.8898	-6.0832	-6.2263	-6.2888	-6.3313	-6.3531	-6.3634	-6.3583	-6.3293	-6.2795	-6.2251	-6.1559	-6.0445	-5.9442	-5.8651	-5.8186	-5.8082	-5.8048	-5.8052	-5.8084	-5.8121	-5.8139	-5.814
R2LifuMd010011	Run	0	-0.0327	-0.0482	-0.0246	-0.0005	0.0136	0.0176	-0.004	-0.0294	-0.0325	-0.0057	0.0162	0.0223	0.006	0
R2LifuMd010011	RunLeanL	0	-0.0321	-0.0636	-0.0288	-0.0045	0.0099	0.015	-0.0061	-0.0282	-0.0286	-0.0016	0.0182	0.0222	0.0057	0
R2LifuMd010011	RunLeanR	0	-0.0303	-0.0446	-0.021	0.0029	0.0158	0.0194	-0.0013	-0.026	-0.029	-0.0039	0.0165	0.0218	0.0061	0
R2LifuMd010011	RunStart	0	0.1754	0.3553	0.5492	0.7548	0.9741	1.2311	1.5074	1.7283	1.9372	2.1391	2.3634	2.6641	2.9009	3.1309	3.2632
R2LifuMd010011	RunStartEnd01	0	0.0893	0.1764	0.2441	0.29	0.3196	0.3381	0.3526	0.3644	0.3718	0.3768	0.3807	0.3835	0.3834	0.3749	0.3649	0.3543	0.3455	0.3381	0.3373	0.3384	0.3391	0.3401	0.3413	0.3418	0.3418	0.342	0.342	0.3419	0.3417	0.3417
R2LifuMd010011	Save	0	-0.0001	-0.0001	-0.0002	-0.0004	-0.0005	-0.0007	-0.0009	-0.0012	-0.0016	-0.002	-0.0023	-0.0027	-0.003	-0.0032	-0.0034	-0.0035	-0.0034	-0.0033	-0.0031	-0.0029	-0.0026	-0.0021	-0.0017	-0.0012	-0.0007	-0.0003	0
R2LifuMd010011	Stand1	0	0.0001	0.0003	0.0005	0.0007	0.0009	0.0011	0.0013	0.0015	0.0017	0.002	0.0022	0.0023	0.0025	0.0027	0.0028	0.0029	0.003	0.0031	0.0031	0.0032	0.0031	0.0031	0.003	0.0029	0.0027	0.0026	0.0024	0.0022	0.002	0.0018	0.0016	0.0015	0.0013	0.0011	0.0009	0.0007	0.0005	0.0003	0.0002	0	0
R2LifuMd010011	Stand2	0	-0.0002	-0.0005	-0.0009	-0.0013	-0.0017	-0.0021	-0.0023	-0.0024	-0.0023	-0.0022	-0.0022	-0.002	-0.0017	-0.0013	-0.0009	-0.0005	-0.0002	0.0001	0.0002	0.0004	0.0003	0.0001	-0.0001	0	0	0	0
R2LifuMd010011	Standchange	0	-0.0132	-0.0269	-0.039	-0.0526	-0.0629	-0.0664	-0.0654	-0.0601	-0.0542	-0.0491	-0.0447	-0.0421	-0.0404	-0.0388	-0.0373	-0.0358	-0.0347
R2LifuMd010011	Standup	0	-0.0063	-0.026	-0.0538	-0.0592	-0.0929	-0.1583	-0.1345	-0.1024	-0.0627	-0.0204	0.017	0.0486	0.0699	0.0802	0.0991	0.113	0.1189	0.0933	0.0722	0.057	0.0524	0.0509
R2LifuMd010011	Stop	0	0.1378	0.2872	0.3781	0.4455	0.4915	0.5153	0.5261	0.5335	0.54	0.5459	0.55	0.5492	0.5372	0.5269	0.5148	0.5015	0.4892	0.4822	0.4817	0.4807	0.4796	0.4785	0.4787	0.4789	0.479	0.4796	0.4799	0.48	0.48	0.4801	0.4802	0.4802
R2LifuMd010011	Stun	0	0.0013	0.0026	0.004	0.0053	0.0068	0.0082	0.0098	0.0116	0.0136	0.0156	0.0174	0.0188	0.0194	0.0193	0.0184	0.0171	0.0154	0.0136	0.0119	0.0102	0.0088	0.0073	0.0057	0.0041	0.0025	0.001	0
R2LifuMd010011	Win	0	0.0128	0.0252	0.035	0.0391	0.0453	0.052	0.06	0.0685	0.0788	0.0909	0.1013	0.1079	0.1144	0.12	0.1246	0.1284	0.1314	0.1328	0.1343	0.1356	0.1365	0.1371	0.1374	0.1376	0.1374	0.1372	0.1368	0.1362	0.1356	0.1349	0.1342	0.1335	0.1329	0.1323	0.1319	0.1316	0.1317	0.1325	0.1336	0.135	0.1367	0.1387	0.141	0.1486	0.1594	0.1713	0.1859	0.2044	0.2271	0.2507	0.2715	0.2894	0.3057	0.3218	0.332	0.3424	0.3529	0.3614	0.3698	0.3782	0.3866	0.395	0.4038	0.4123	0.4203	0.4282	0.4361	0.4439	0.4514	0.4585	0.4635	0.4669	0.4682	0.4687	0.4686	0.4694	0.4705
