Role	Animation	OffsetZ[1]	OffsetZ[2]	OffsetZ[3]	OffsetZ[4]	OffsetZ[5]	OffsetZ[6]	OffsetZ[7]	OffsetZ[8]	OffsetZ[9]	OffsetZ[10]	OffsetZ[11]	OffsetZ[12]	OffsetZ[13]	OffsetZ[14]	OffsetZ[15]	OffsetZ[16]	OffsetZ[17]	OffsetZ[18]	OffsetZ[19]	OffsetZ[20]	OffsetZ[21]	OffsetZ[22]	OffsetZ[23]	OffsetZ[24]	OffsetZ[25]	OffsetZ[26]	OffsetZ[27]	OffsetZ[28]	OffsetZ[29]	OffsetZ[30]	OffsetZ[31]	OffsetZ[32]	OffsetZ[33]	OffsetZ[34]	OffsetZ[35]	OffsetZ[36]	OffsetZ[37]	OffsetZ[38]	OffsetZ[39]	OffsetZ[40]	OffsetZ[41]	OffsetZ[42]	OffsetZ[43]	OffsetZ[44]	OffsetZ[45]	OffsetZ[46]	OffsetZ[47]	OffsetZ[48]	OffsetZ[49]	OffsetZ[50]	OffsetZ[51]	OffsetZ[52]	OffsetZ[53]	OffsetZ[54]	OffsetZ[55]	OffsetZ[56]	OffsetZ[57]	OffsetZ[58]	OffsetZ[59]	OffsetZ[60]	OffsetZ[61]	OffsetZ[62]	OffsetZ[63]	OffsetZ[64]	OffsetZ[65]	OffsetZ[66]	OffsetZ[67]	OffsetZ[68]	OffsetZ[69]	OffsetZ[70]	OffsetZ[71]	OffsetZ[72]	OffsetZ[73]	OffsetZ[74]	OffsetZ[75]	OffsetZ[76]	OffsetZ[77]	OffsetZ[78]	OffsetZ[79]	OffsetZ[80]	OffsetZ[81]	OffsetZ[82]	OffsetZ[83]	OffsetZ[84]	OffsetZ[85]	OffsetZ[86]	OffsetZ[87]	OffsetZ[88]	OffsetZ[89]	OffsetZ[90]	OffsetZ[91]	OffsetZ[92]	OffsetZ[93]	OffsetZ[94]	OffsetZ[95]	OffsetZ[96]	OffsetZ[97]	OffsetZ[98]	OffsetZ[99]	OffsetZ[100]	OffsetZ[101]	OffsetZ[102]	OffsetZ[103]	OffsetZ[104]	OffsetZ[105]	OffsetZ[106]	OffsetZ[107]	OffsetZ[108]	OffsetZ[109]	OffsetZ[110]	OffsetZ[111]	OffsetZ[112]	OffsetZ[113]	OffsetZ[114]	OffsetZ[115]	OffsetZ[116]	OffsetZ[117]	OffsetZ[118]	OffsetZ[119]	OffsetZ[120]	OffsetZ[121]	OffsetZ[122]	OffsetZ[123]	OffsetZ[124]	OffsetZ[125]	OffsetZ[126]	OffsetZ[127]	OffsetZ[128]	OffsetZ[129]	OffsetZ[130]	OffsetZ[131]	OffsetZ[132]	OffsetZ[133]	OffsetZ[134]	OffsetZ[135]	OffsetZ[136]	OffsetZ[137]	OffsetZ[138]	OffsetZ[139]	OffsetZ[140]	OffsetZ[141]	OffsetZ[142]	OffsetZ[143]	OffsetZ[144]	OffsetZ[145]	OffsetZ[146]	OffsetZ[147]	OffsetZ[148]	OffsetZ[149]	OffsetZ[150]	OffsetZ[151]	OffsetZ[152]	OffsetZ[153]	OffsetZ[154]	OffsetZ[155]	OffsetZ[156]	OffsetZ[157]	OffsetZ[158]	OffsetZ[159]	OffsetZ[160]	OffsetZ[161]	OffsetZ[162]	OffsetZ[163]	OffsetZ[164]	OffsetZ[165]	OffsetZ[166]	OffsetZ[167]	OffsetZ[168]	OffsetZ[169]	OffsetZ[170]	OffsetZ[171]	OffsetZ[172]	OffsetZ[173]	OffsetZ[174]	OffsetZ[175]	OffsetZ[176]	OffsetZ[177]	OffsetZ[178]	OffsetZ[179]	OffsetZ[180]	OffsetZ[181]	OffsetZ[182]	OffsetZ[183]	OffsetZ[184]	OffsetZ[185]	OffsetZ[186]	OffsetZ[187]	OffsetZ[188]	OffsetZ[189]	OffsetZ[190]	OffsetZ[191]	OffsetZ[192]	OffsetZ[193]	OffsetZ[194]	OffsetZ[195]	OffsetZ[196]	OffsetZ[197]	OffsetZ[198]	OffsetZ[199]	OffsetZ[200]
R2XiuMd010011	Attack01	0	0.0792	0.247	0.5203	1.2181	1.8661	1.9304	2.0798	2.2019	2.3137	2.3636	2.3901	2.4128	2.4287	2.4388	2.4409	2.4381	2.4325	2.4269	2.4263	2.4395	2.4423	2.4492
R2XiuMd010011	Attack02	0	0.0413	0.0686	0.0627	0.0392	0.2128	0.6245	1.1766	1.6358	2.0077	2.2947	2.4934	2.5667	2.5803	2.7968	3.0267	3.0172	3.0229	3.0309	3.0388	3.0438	3.0443	3.0447	3.0444	3.0439	3.0433	3.0426	3.0421	3.0393	3.0262	3.0064	2.9818	2.957	2.9348	2.9174	2.9059	2.8963	2.8873	2.8791	2.8711	2.8626	2.8564
R2XiuMd010011	Attack03	0	0.0576	0.165	0.3323	0.4693	0.5299	0.5799	0.6108	0.6266	0.6709	0.7669	0.8628	0.9211	0.9266	0.9268	0.9198	0.9113	0.9016	0.8916	0.883	0.8771	0.8709	0.8402	0.7782	0.6999	0.6214	0.5575	0.5335	0.5179	0.5069	0.4955	0.4955
R2XiuMd010011	Attack04	0	0.239	0.5475	0.7535	0.8023	0.8465	0.8716	0.878	0.8831	0.8929	0.9114	0.9715	1.0723	1.1964	1.3247	1.4488	1.5505	1.5524	1.5305	1.5175
R2XiuMd010011	Attack11	0	0.7559	1.8252	2.6074	3.3582	3.8732	4.1282	4.1337	4.2167	4.2953	4.3441	4.2628	4.2376	4.3241	4.4507	4.4684	4.4616	4.4925	4.6553	4.9626	5.1918	5.3756	5.6167	5.7592	5.8217	5.9358	6.1783	6.5654	6.8045	6.7421	6.6976	6.6911	6.6755	6.6532	6.629	6.6078	6.5929	6.592	6.6206	6.7156	6.8912	7.1235	7.3831	7.5982	7.6991	7.6625	7.6504
R2XiuMd010011	Attack21	0	-0.6333	-0.9041	-0.9711	-0.9526	-0.625	-0.1496	0.1589	0.1602	0.0221	-0.1889	-0.24	-0.2908	-0.3344	-0.3632	-0.3822	-0.394	-0.3983	-0.3956	-0.3819	-0.3592	-0.3143	-0.2575	-0.1943	-0.1416	-0.0947	-0.0503	-0.0118	0
R2XiuMd010011	Attack31	0	0.1505	0.8356	1.8004	2.6514	3.1801	3.2656	3.2329	3.2212	3.2312	3.2313	3.2421	3.2804	3.3561	3.4887	3.8485	4.1138	4.2345	4.4468	4.69	4.75	4.7612	4.7559	4.7466	4.7717	4.839	4.9271	5.0306	5.1408	5.2502	5.3528	5.437	5.4717	5.4721	5.4606	5.4439	5.4271	5.418
R2XiuMd010011	Attack41	0	-0.111	-0.2291	-0.229	-0.2291	-0.2291	-0.2291	-0.2291	-0.2291	-0.2291	-0.2291	-0.2291	-0.2291	-0.2169	-0.1782	-0.1357	-0.0906	-0.042	0	0
R2XiuMd010011	Attack42	0	0.1134	0.1765	0.254	0.4844	0.7271	0.8161	0.9655	1.0876	1.1994	1.2493	1.2758	1.2985	1.3144	1.3245	1.3266	1.3238	1.3182	1.3126	1.312	1.3252	1.328	1.3349
R2XiuMd010011	Attack43	0	-0.0137	-0.0182	0.1662	0.612	1.0022	1.2279	1.2734	1.4357	1.7059	1.9912	2.3437	2.9483	3.4542	3.4568	3.4269	3.4218	3.4143	3.4066	3.3977	3.3829	3.3615	3.3275	3.2627	3.1552	2.9892	2.8044	2.6131	2.4345	2.3144	2.2655	2.241	2.2326	2.2377	2.2507	2.2662	2.2778	2.2811
R2XiuMd010011	Attack44	0	0.1583	0.4105	0.6146	0.8174	1.0893	1.2096	1.2478	1.5027	1.677	1.9152	2.4295	2.6452	2.6282	2.6363	2.6197	2.6071	2.6152	2.6323	2.6429	2.6329	2.5918	2.5117	2.392	2.2578	2.1201	1.9806	1.8425	1.7162	1.632	1.6026	1.5865	1.5738	1.5738
R2XiuMd010011	Attack45	0	-0.0307	-0.1164	-0.2344	-0.3414	-0.4106	-0.4401	-0.2513	0.0684	0.3641	0.3217	0.2919	0.2761	0.2696	0.2629	0.2559	0.2498	0.2456	0.2426	0.2394	0.2045	-0.0201	-0.2833	-0.4993	-0.6723	-0.8091	-0.9356	-1.0421	-1.1181	-1.1509	-1.1519	-1.127	-1.0968	-1.0661	-1.0434	-1.0434
R2XiuMd010011	Attack46	0	0.1085	0.3213	0.5342	0.6753	0.6633	0.6109	0.703	0.8997	1.0507	1.0581	1.0597	1.0576	1.0527	1.0463	1.0394	1.0329	1.0283	1.0272	1.0046	0.9603	0.9162	0.8953	0.9219	0.9707	1.0317	1.0902	1.123
R2XiuMd010011	Attack47	0	0.0145	-0.0323	-0.0544	-0.0578	-0.0572	-0.0545	-0.051	-0.0482	-0.0483	-0.0522	-0.0922	-0.2247	-0.247	-0.2565	-0.2545	-0.2468	-0.2347	-0.2229	-0.216	-0.2123	-0.2088	-0.204	-0.1992	-0.1954	-0.1938	-0.1822	-0.1598	-0.1324	-0.1007	-0.067	-0.0364	-0.011	0
R2XiuMd010011	Attack51	0	-0.1966	-0.275	-0.2757	-0.2988	-0.3177	-0.2894	-0.1947	-0.1075	-0.0445	-0.0372	-0.0349	-0.0362	-0.0397	-0.0457	-0.0596	-0.0764	-0.0842	-0.0926	-0.1043	-0.112	-0.1073	-0.0609	-0.053	-0.0489	-0.0434	-0.0386	-0.035	-0.0317	-0.028	-0.0237	-0.0185	-0.012	-0.0052	0.0006	0.0038	0.0033	0
R2XiuMd010011	Behitfly	0	-0.1729	-0.2003	-0.2494	-0.292	-0.2976	-0.2787	-0.2484	-0.2142	-0.1755	-0.1335	-0.0909	-0.0493	-0.0126	0.01	0.0056	-0.0221	-0.0722	-0.1307	-0.1864	-0.2316	-0.2316
R2XiuMd010011	Born	0	0	0	0	0	0	0	0	0	-0.0684	-0.1688	-0.2091	-0.2203	-0.2222	-0.2236	-0.2238	-0.2235	-0.2227	-0.2215	-0.2203	-0.219	-0.218	-0.2172	-0.2174	-0.2086	-0.2318	-0.331	-0.3758	-0.4041	-0.6006	-0.783	-0.9475	-1.0925	-1.2181	-1.3427	-1.4107	-1.5746	-1.7005	-1.7304	-1.7242	-1.7197	-1.717	-1.7116	-1.7011	-1.6918	-1.6884	-1.6924	-1.6942	-1.6916	-1.6904
R2XiuMd010011	Death	0	0.1169	-0.036	-0.2494	-0.4115	-0.5224	-0.5994	-0.6305	-0.6409	-0.6621	-0.6939	-0.7157	-0.7456	-0.8033	-0.8087	-1.0809	-1.5349	-2.0189	-2.1652	-2.1981	-2.2114	-2.2123	-2.2228	-2.244	-2.2676	-2.2899	-2.3089	-2.3234	-2.3349	-2.3397	-2.3401	-2.3397	-2.3402	-2.3412	-2.3419	-2.3434	-2.3458	-2.3487	-2.3514	-2.3533	-2.3547	-2.3558	-2.3568	-2.3575	-2.3577	-2.3576	-2.3575	-2.3575	-2.3576	-2.3576	-2.3576
R2XiuMd010011	Falldown	0	-0.0066	0.3117	0.3433	0.357	0.3634	0.3678	0.3686	0.3672	0.3672
R2XiuMd010011	Hit1	0	-0.264	-0.2985	-0.3027	-0.2931	-0.2664	-0.2271	-0.181	-0.1363	-0.1022	-0.0744	-0.0488	-0.0255	-0.006	0
R2XiuMd010011	Hit2	0	-0.1783	-0.2159	-0.2355	-0.24	-0.2246	-0.2	-0.1683	-0.1357	-0.1083	-0.0824	-0.0556	-0.0297	-0.007	0
R2XiuMd010011	Hit3	0	-0.1261	-0.4907	-0.7083	-0.9011	-1.044	-1.1159	-1.1409	-1.1431	-1.1184	-1.0612	-0.9741	-0.8806	-0.7973	-0.7726
R2XiuMd010011	Hit4	0	-0.1531	-0.6406	-0.9021	-0.9725	-0.9684	-0.9612	-0.9747	-0.9837	-0.9837	-0.975	-0.9481	-0.8931	-0.7766	-0.5773	-0.3475	-0.1262	0
R2XiuMd010011	Hitdown	0	0.0152	-0.2314	-0.2303	-0.2486	-0.3249	-0.4845	-0.5233	-0.4316	-0.4393	-0.4555	-0.4733	-0.4905	-0.5089	-0.5151
R2XiuMd010011	Hoverhit	0	0.0103	-0.0102	-0.0486	-0.0912	-0.1455	-0.2057	-0.2665	-0.3231	-0.3604	-0.3557	-0.3557
R2XiuMd010011	Lieonfloor	0	0	0	0	0
R2XiuMd010011	Run	0	-0.023	-0.0509	-0.0586	-0.0759	-0.0303	-0.009	-0.0497	-0.0562	-0.0734	-0.0653	0
R2XiuMd010011	Stand2	0	0.0002	0.0004	0.0008	0.0013	0.0018	0.0025	0.0032	0.004	0.0049	0.0058	0.0067	0.0077	0.0085	0.0092	0.0099	0.0105	0.011	0.0114	0.0115	0.0114	0.0111	0.0107	0.0102	0.0097	0.0091	0.0084	0.0077	0.0069	0.0061	0.0053	0.0044	0.0036	0.0028	0.0021	0.0015	0.001	0.0005	0.0002	0	0	0
R2XiuMd010011	Standup	0	0.0056	-0.0322	-0.1189	-0.2263	-0.3276	-0.4038	-0.4016	-0.3312	-0.2624	-0.2045	-0.1446	-0.0898	-0.045	-0.0326	-0.0426	-0.0568	-0.0644	-0.0663	-0.0635	-0.0616	-0.0616
R2XiuMd010011	Walk	0	-0.0149	-0.0402	-0.0625	-0.083	-0.0824	-0.0673	-0.0453	-0.0277	-0.0174	-0.0104	-0.0068	-0.0087	-0.0201	-0.0382	-0.0555	-0.0657	-0.0616	-0.0476	-0.0288	-0.0128	-0.0015	0.0089	0.0144	0.0142	0.0142
R2XiuMd010011	Walkb	0	0.005	0.001	-0.0053	-0.0142	-0.0263	-0.0379	-0.0472	-0.052	-0.0538	-0.0451	-0.0291	-0.0118	0.0009	0.01	0.0095	0.0018	-0.0097	-0.0226	-0.0346	-0.045	-0.0531	-0.0403	-0.0196	0.0001	0.0001
R2XiuMd010011	Walkl	0	-0.0075	-0.0129	-0.0133	-0.0134	-0.0136	-0.0143	-0.0145	-0.014	-0.0139	-0.0152	-0.017	-0.0229	-0.0248	-0.0238	-0.0215	-0.0182	-0.0143	-0.0104	-0.0075	-0.0033	-0.0001	0	0
R2XiuMd010011	Walkr	0	-0.0027	-0.0063	-0.0078	-0.009	-0.0093	-0.009	-0.0084	-0.0076	-0.0068	-0.0059	-0.0057	-0.0064	-0.0067	-0.0075	-0.0096	-0.0108	-0.0109	-0.0089	-0.0069	-0.0044	-0.0022	-0.0004	0
R2XiuMd010011	Win	0	-0.0036	-0.0046	0.001	0.0162	0.0324	0.0392	0.044	0.0472	0.0453	0.0388	0.0141	-0.0544	-0.1467	-0.2469	-0.3297	-0.3615	-0.3641	-0.3586	-0.3542	-0.359	-0.3857	-0.4606	-0.5677	-0.6635	-0.6974	-0.6987	-0.6995	-0.7	-0.7004	-0.7009	-0.7016	-0.7023	-0.7027	-0.7029	-0.7027	-0.7025	-0.7024	-0.7025	-0.7025
