Role	Animation	OffsetZ[1]	OffsetZ[2]	OffsetZ[3]	OffsetZ[4]	OffsetZ[5]	OffsetZ[6]	OffsetZ[7]	OffsetZ[8]	OffsetZ[9]	OffsetZ[10]	OffsetZ[11]	OffsetZ[12]	OffsetZ[13]	OffsetZ[14]	OffsetZ[15]	OffsetZ[16]	OffsetZ[17]	OffsetZ[18]	OffsetZ[19]	OffsetZ[20]	OffsetZ[21]	OffsetZ[22]	OffsetZ[23]	OffsetZ[24]	OffsetZ[25]	OffsetZ[26]	OffsetZ[27]	OffsetZ[28]	OffsetZ[29]	OffsetZ[30]	OffsetZ[31]	OffsetZ[32]	OffsetZ[33]	OffsetZ[34]	OffsetZ[35]	OffsetZ[36]	OffsetZ[37]	OffsetZ[38]	OffsetZ[39]	OffsetZ[40]	OffsetZ[41]	OffsetZ[42]	OffsetZ[43]	OffsetZ[44]	OffsetZ[45]	OffsetZ[46]	OffsetZ[47]	OffsetZ[48]	OffsetZ[49]	OffsetZ[50]	OffsetZ[51]	OffsetZ[52]	OffsetZ[53]	OffsetZ[54]	OffsetZ[55]	OffsetZ[56]	OffsetZ[57]	OffsetZ[58]	OffsetZ[59]	OffsetZ[60]	OffsetZ[61]	OffsetZ[62]	OffsetZ[63]	OffsetZ[64]	OffsetZ[65]	OffsetZ[66]	OffsetZ[67]	OffsetZ[68]	OffsetZ[69]	OffsetZ[70]	OffsetZ[71]	OffsetZ[72]	OffsetZ[73]	OffsetZ[74]	OffsetZ[75]	OffsetZ[76]	OffsetZ[77]	OffsetZ[78]	OffsetZ[79]	OffsetZ[80]	OffsetZ[81]	OffsetZ[82]	OffsetZ[83]	OffsetZ[84]	OffsetZ[85]	OffsetZ[86]	OffsetZ[87]	OffsetZ[88]	OffsetZ[89]	OffsetZ[90]	OffsetZ[91]	OffsetZ[92]	OffsetZ[93]	OffsetZ[94]	OffsetZ[95]	OffsetZ[96]	OffsetZ[97]	OffsetZ[98]	OffsetZ[99]	OffsetZ[100]	OffsetZ[101]	OffsetZ[102]	OffsetZ[103]	OffsetZ[104]	OffsetZ[105]	OffsetZ[106]	OffsetZ[107]	OffsetZ[108]	OffsetZ[109]	OffsetZ[110]	OffsetZ[111]	OffsetZ[112]	OffsetZ[113]	OffsetZ[114]	OffsetZ[115]	OffsetZ[116]	OffsetZ[117]	OffsetZ[118]	OffsetZ[119]	OffsetZ[120]	OffsetZ[121]	OffsetZ[122]	OffsetZ[123]	OffsetZ[124]	OffsetZ[125]	OffsetZ[126]	OffsetZ[127]	OffsetZ[128]	OffsetZ[129]	OffsetZ[130]	OffsetZ[131]	OffsetZ[132]	OffsetZ[133]	OffsetZ[134]	OffsetZ[135]	OffsetZ[136]	OffsetZ[137]	OffsetZ[138]	OffsetZ[139]	OffsetZ[140]	OffsetZ[141]	OffsetZ[142]	OffsetZ[143]	OffsetZ[144]	OffsetZ[145]	OffsetZ[146]	OffsetZ[147]	OffsetZ[148]	OffsetZ[149]	OffsetZ[150]	OffsetZ[151]	OffsetZ[152]	OffsetZ[153]	OffsetZ[154]	OffsetZ[155]	OffsetZ[156]	OffsetZ[157]	OffsetZ[158]	OffsetZ[159]	OffsetZ[160]	OffsetZ[161]	OffsetZ[162]	OffsetZ[163]	OffsetZ[164]	OffsetZ[165]	OffsetZ[166]	OffsetZ[167]	OffsetZ[168]	OffsetZ[169]	OffsetZ[170]	OffsetZ[171]	OffsetZ[172]	OffsetZ[173]	OffsetZ[174]	OffsetZ[175]	OffsetZ[176]	OffsetZ[177]	OffsetZ[178]	OffsetZ[179]	OffsetZ[180]	OffsetZ[181]	OffsetZ[182]	OffsetZ[183]	OffsetZ[184]	OffsetZ[185]	OffsetZ[186]	OffsetZ[187]	OffsetZ[188]	OffsetZ[189]	OffsetZ[190]	OffsetZ[191]	OffsetZ[192]	OffsetZ[193]	OffsetZ[194]	OffsetZ[195]	OffsetZ[196]	OffsetZ[197]	OffsetZ[198]	OffsetZ[199]	OffsetZ[200]
R3KalieninaMd010011	Attack01	0	0.3216	1.3658	1.704	1.9385	1.9534	1.992	2.0332	2.0669	2.0828	2.092	2.0976	2.1039	2.1336	2.2316	2.327	2.3929	2.406	2.3906	2.3555	2.3199	2.2945	2.2776	2.2721	2.2683	2.2657	2.263	2.253	2.2417	2.2347	2.2309	2.2302	2.2311	2.2318
R3KalieninaMd010011	Attack02	0	0.191	0.4533	0.7373	0.9551	1.0944	1.1141	1.1135	1.1108	1.1063	1.1007	1.0885	1.0588	1.0232	0.9821	0.946	0.9189	0.897	0.881	0.8733	0.8685	0.8685
R3KalieninaMd010011	Attack03	0	0.0029	-0.0183	-0.1659	-0.063	0.2032	0.4623	0.66	0.7564	1.0099	1.2442	1.4236	1.2477	1.1916	1.1809	1.1881	1.2077	1.2362	1.261	1.2789	1.2949	1.3055	1.4011	1.5631	1.7228	1.8479	1.9246	1.9493	1.9385	1.9061	1.8745	1.8499	1.8374	1.8316	1.8293
R3KalieninaMd010011	Attack04	0	0.0222	0.0412	0.0851	0.1606	0.3238	0.5088	0.7002	0.8903	1.0336	1.2616	1.4301	1.5486	1.7251	1.9816	2.3158	2.4864	2.7764	3.0772	3.1702	3.2543	3.3179	3.3433	3.3418	3.3362	3.3407	3.3639	3.4287	3.6528	3.8462	3.8612	3.8475	3.8208	3.7964	3.7861	3.7819	3.7791	3.7734	3.7688	3.7679	3.7729	3.7889	3.834	3.8913	3.9365	3.9598	3.9692	3.9729	3.9704	3.961	3.9492	3.943
R3KalieninaMd010011	Attack11	0	0.1857	0.422	0.6419	0.8008	1.0822	1.1736	1.1784	1.2349	1.3112	1.3598	1.4322	1.6184	1.7788	1.7991	1.8003	1.7994	1.8	1.8023	1.8013	1.794	1.7704	1.7212	1.6523	1.59	1.5679	1.5945	1.6326	1.6443	1.6478	1.6504	1.652	1.6519	1.6565	1.6745	1.6941	1.7111	1.7185	1.7173	1.709	1.7023	1.7025	1.7025
R3KalieninaMd010011	Attack21	0	0.0343	0.0637	0.0427	0.0446	0.055	0.056	0.0566	0.0569	0.0577	0.0593	0.0622	0.0666	0.0782	0.0951	0.11	0.1168	0.1091	0.0943	0.0802	0.0677	0.0463	0.0251	0.0125	0.0052	0.0027	0.0015	0.0006	0
R3KalieninaMd010011	Attack31	0	0.3111	1.3956	2.0268	2.6476	3.1002	3.3372	3.5312	3.7315	4.259	4.6656	4.6872	4.6514	4.6269	4.6144	4.6116	4.6071	4.5986	4.6068	4.6471	4.6872	4.8329	5.2309	5.2619	5.2614	5.2177	5.1638	5.1218	5.08	5.0382	5.0062	4.9927	5.0061	5.0358	5.0742	5.1151	5.1542	5.1871	5.2105	5.2301	5.2332
R3KalieninaMd010011	Attack51	0	-0.1513	-0.1993	-0.1342	-0.0419	0.4044	0.4151	0.3916	0.4806	0.4766	0.5725	0.6887	0.7458	0.722	0.673	0.6634	0.6935	0.7356	0.7648	0.7849	0.7992	0.793	0.7221	0.6572	0.6438	0.6362	0.6305	0.6272	0.6254	0.6251	0.6258	0.6275	0.6298	0.6325	0.6353	0.6379	0.6402	0.6417	0.6423	0.6416	0.6395	0.6059	0.5884	0.5889	0.5888	0.5888	0.589	0.5894	0.5898	0.5904	0.5912	0.5921	0.593	0.594	0.595	0.5959	0.5968	0.5976	0.5982	0.5987	0.5991	0.5993	0.5996	0.6	0.6004	0.6011	0.6018	0.6027	0.605	0.5523	-0.2499	-0.819	-1.3723	-1.6629	-1.8628	-2.0567	-2.5956	-2.7894	-2.8812	-2.8455	-2.5149	-2.2483	-2.222	-2.2434	-2.293	-2.3446	-2.3884	-2.434	-2.4779	-2.5061	-2.5101	-2.4874	-2.4517	-2.4104	-2.3735	-2.3397	-2.31	-2.2842	-2.2606	-2.2606
R3KalieninaMd010011	AttackQte	0	-4.0129	-1.7773	-0.2171	1.151	2.2414	3.2134	4.1205	4.9887	5.7772	6.4646	6.875	6.7909	6.5694	6.2583	6.0392	5.8625	5.7074	5.5476	5.3449	5.1702	5.1205	4.9988	4.8489	4.7367	4.7022	4.6798	4.6696	4.6933	4.758	4.7905	4.7289	4.6004	4.4915	4.4119	4.3791	4.3793	4.3903	4.3979	4.3978	4.3979
R3KalieninaMd010011	Behitfly	0	-0.1231	-0.1166	-0.114	-0.1496	-0.1959	-0.2462	-0.2944	-0.35	-0.4341	-0.5604	-0.6303	-0.6415
R3KalieninaMd010011	Born	0	0.002	-0.0001	-0.0069	-0.0071	-0.0175	-0.0163	-0.0065	-0.0034	-0.0427	-0.0759	0.1402	0.1882	0.1099	0.024	-0.0363	-0.0559	-0.0355	-0.0016	0.0371	0.0703	0.1044	0.1427	0.1788	0.2085	0.2253	0.2274	0.1864	0.0332	-0.1834	-0.2863	-0.3359	-0.372	-0.3686	-0.3273	-0.3041	-0.2968	-0.2943	-0.2943	-0.2956	-0.2969	-0.2969	-0.2962	-0.297	-0.2778	-0.2412	-0.2076	-0.1813	-0.1692	-0.1665	-0.1674	-0.1688	-0.1689	-0.1689
R3KalieninaMd010011	Death	0	-0.433	-0.5889	-0.6864	-0.7058	-0.7191	-0.7283	-0.7289	-0.7225	-0.7132	-0.7017	-0.6878	-0.672	-0.65	-0.6183	-0.5955	-0.604	-0.6106	-0.6196	-0.6309	-0.6422	-0.651	-0.6589	-0.6642	-0.6672	-0.6675	-0.6661	-0.6629	-0.6586	-0.6539	-0.6491	-0.6445	-0.641	-0.6391	-0.6379	-0.6372	-0.6374	-0.6388	-0.6419	-0.648	-0.6558	-0.6642	-0.6721	-0.6781	-0.6826	-0.6772	-0.6715	-0.6829	-0.6877	-0.6845	-0.6815	-0.6783	-0.6779	-0.6797	-0.6801	-0.6797	-0.679	-0.6781	-0.6776	-0.6776	-0.6776	-0.6774	-0.6767	-0.6764	-0.6764	-0.6768
R3KalieninaMd010011	Falldown	0	-0.0801	-0.174	-0.298	-0.503	-0.7498	-0.9491	-1.1394	-1.3478	-1.5904	-1.7979	-1.9148	-2.0118	-2.0931	-2.1701	-2.2223	-2.2222	-2.2218	-2.2218
R3KalieninaMd010011	Hit1	0	-0.1863	-0.2678	-0.3102	-0.3332	-0.3435	-0.3541	-0.3639	-0.3722	-0.3779	-0.3805	-0.3773	-0.3645	-0.3422	-0.3164	-0.2948	-0.2749	-0.2592	-0.2463	-0.2368	-0.2317	-0.2293	-0.227	-0.225	-0.227	-0.2306	-0.2332	-0.2332
R3KalieninaMd010011	Hit2	0	-0.0928	-0.3116	-0.5075	-0.6496	-0.6653	-0.6634	-0.6543	-0.6508	-0.651	-0.6504	-0.645	-0.6321	-0.6041	-0.5628	-0.5184	-0.4826	-0.47	-0.4736	-0.4892	-0.5046	-0.5201	-0.5317	-0.5311	-0.5264	-0.5188	-0.5109	-0.5011	-0.4909	-0.485
R3KalieninaMd010011	Hit3	0	-0.3677	-0.666	-0.9431	-1.1536	-1.2239	-1.2765	-1.3364	-1.4523	-1.6372	-1.7409	-1.7284	-1.6965	-1.6805	-1.6814	-1.6919	-1.7051	-1.719	-1.731	-1.7595	-1.7962	-1.8154	-1.8203	-1.8171	-1.8145	-1.8108	-1.8171	-1.8277	-1.8338	-1.8372	-1.839	-1.8401	-1.8404	-1.839	-1.8385
R3KalieninaMd010011	Hit4	0	-0.3786	-0.8493	-1.0585	-1.2576	-1.4031	-1.5139	-1.5579	-1.5803	-1.5921	-1.5971	-1.5959	-1.5924	-1.5851	-1.576	-1.5659	-1.5557	-1.5478	-1.5466	-1.5452	-1.5347	-1.5196	-1.5045	-1.492	-1.4871	-1.4865	-1.4858	-1.4851	-1.4853	-1.4862	-1.4866
R3KalieninaMd010011	Hitdown	0	-0.0699	-0.062	-0.0431	-0.0363	-0.0345	-0.0311	-0.0937	-0.2216	-0.2459	-0.3235	-0.4115	-0.4974	-0.6215	-0.829	-1.0762	-1.2623	-1.3956	-1.5067	-1.6586	-1.7872	-1.8503	-1.8988	-1.9364	-1.9718	-1.9966
R3KalieninaMd010011	Hoverhit	0	-0.1669	-0.1846	-0.2094	-0.2247	-0.2035	-0.1829	-0.2065	-0.2868	-0.3666	-0.3947	-0.3947
R3KalieninaMd010011	Lieonfloor	0	0	0	0	0
R3KalieninaMd010011	Move1	0	0.0208	0.3893	1.1659	2.0198	2.5993	3.1446	3.5787	3.8891	4.0714	4.2115	4.3377	4.4321	4.5102	4.5828	4.65	4.7127	4.7686	4.807	4.8338	4.8397
R3KalieninaMd010011	Move2	0	-0.3934	-1.2248	-1.7049	-2.1879	-2.6344	-2.9245	-3.3613	-3.6094	-3.784	-3.9043	-4.0175	-4.1059	-4.1675	-4.1953	-4.2173	-4.2274	-4.2133	-4.1766	-4.1395	-4.1206	-4.1173	-4.1153	-4.1153
R3KalieninaMd010011	Run	0	-0.0232	-0.0433	-0.0134	0.0079	0.0153	-0.0018	-0.0186	-0.0465	-0.0405	-0.0145	0.0092	-0.0029	-0.0049	0
R3KalieninaMd010011	RunLeanL	0	-0.0237	-0.0453	-0.0144	0.0069	0.0138	-0.0033	-0.0203	-0.0473	-0.0402	-0.0136	0.0097	-0.0026	-0.0033	0
R3KalieninaMd010011	RunLeanR	0	-0.0232	-0.0438	-0.0133	0.0081	0.0152	-0.0023	-0.0197	-0.0474	-0.0413	-0.0153	0.0081	-0.0034	-0.0034	0
R3KalieninaMd010011	RunStart	0	0.1751	0.3488	0.5391	0.7425	0.9756	1.2639	1.5144	1.7216	1.9561	2.1819	2.4296	2.6728	2.8998	3.1208	3.2564
R3KalieninaMd010011	RunStartEnd01	0	0.0521	0.0951	0.1299	0.1577	0.1768	0.1881	0.1979	0.2086	0.2173	0.2242	0.2305	0.2355	0.2378	0.2397	0.2413	0.2425	0.2434	0.2441	0.2444	0.2445	0.2443	0.244	0.2434	0.2426	0.2419	0.2413	0.2406	0.24	0.24
R3KalieninaMd010011	Save	0	-0.0004	-0.0008	-0.0012	-0.0017	-0.0022	-0.0026	-0.003	-0.0034	-0.0037	-0.0039	-0.0042	-0.0044	-0.0045	-0.0046	-0.0046	-0.0046	-0.0044	-0.0043	-0.004	-0.0038	-0.0035	-0.0033	-0.003	-0.0027	-0.0024	-0.0023	-0.002	-0.0017	-0.0013	-0.001	-0.0007	-0.0004	-0.0001	0
R3KalieninaMd010011	Stand1	0	0.0003	0.0004	0.0003	0.0002	0.0001	-0.0001	-0.0004	-0.0007	-0.0013	-0.002	-0.0028	-0.0036	-0.0044	-0.0052	-0.0058	-0.0063	-0.0068	-0.0072	-0.0075	-0.0077	-0.0076	-0.0074	-0.0072	-0.0071	-0.007	-0.0068	-0.0062	-0.0054	-0.0044	-0.0033	-0.0023	-0.0012	-0.0003	0
R3KalieninaMd010011	Stand2	0	0.0013	0.0024	0.0031	0.0041	0.0052	0.0065	0.0078	0.0091	0.0107	0.0125	0.0145	0.0162	0.0178	0.0191	0.02	0.0203	0.02	0.0193	0.0183	0.0172	0.0159	0.0144	0.013	0.0116	0.0099	0.0079	0.0054	0.003	0.0007	-0.0003	0
R3KalieninaMd010011	Standchange	0	-0.0004	0.0015	0.0039	0.0058	0.0047	-0.0007	-0.038	-0.094	-0.1303	-0.1372	-0.1152	-0.1524	-0.2459	-0.2621	-0.2168	-0.1591	-0.1027	-0.0529	-0.0365	-0.0127	0.0147	0.0351	0.0466	0.0532	0.052	0.0488	0.0451	0.0418	0.0388	0.0364	0.0346	0.0325	0.0305	0.0286	0.0286
R3KalieninaMd010011	Standup	0	-0.0137	-0.0258	-0.0295	-0.0246	-0.0113	0.0218	0.0644	0.1039	0.1261	0.1223	0.1069	0.1023
R3KalieninaMd010011	Stop	0	0.1865	0.4249	0.6457	0.8143	0.9106	0.9497	0.9699	0.9858	0.998	1.005	1.002	0.9876	0.9501	0.9009	0.8445	0.7885	0.7324	0.6762	0.6246	0.5815	0.5554	0.5387	0.5291	0.5222	0.5195	0.5167	0.5139	0.5115	0.5113	0.5122	0.5133	0.5144	0.5159	0.517	0.5175	0.5177	0.5177	0.5177
R3KalieninaMd010011	Stun	0	0.0009	0.0021	0.0034	0.0048	0.0061	0.0071	0.0078	0.008	0.0074	0.0062	0.0035	-0.0006	-0.0057	-0.0111	-0.016	-0.0206	-0.0259	-0.0316	-0.0363	-0.0399	-0.0428	-0.0458	-0.0489	-0.052	-0.0549	-0.0575	-0.0597	-0.0611	-0.0615	-0.0608	-0.0582	-0.0532	-0.0458	-0.0376	-0.0303	-0.0238	-0.0176	-0.0115	-0.0056	0	0
R3KalieninaMd010011	Win	0	-0.1994	-0.4082	-0.6184	-0.8219	-1.0051	-1.163	-1.2331	-1.1305	-1.0185	-0.9207	-0.8018	-0.6221	-0.4403	-0.3949	-0.406	-0.4079	-0.4131	-0.4181	-0.4197	-0.4165	-0.4048	-0.3847	-0.2451	-0.0875	-0.0559	0.0028	0.0872	0.1597	0.1927	0.1986	0.1811	0.1614	0.1453	0.1318	0.1259	0.1261	0.1325	0.1397	0.1454	0.1471	0.1396	0.1249	0.1032	0.0802	0.0578	0.0354	0.0136	-0.0062	-0.0205	-0.0466	-0.0845	-0.0917	-0.0914	-0.0906	-0.0929	-0.1091	-0.1274	-0.1336	-0.1339	-0.1345	-0.1348	-0.1352	-0.1355	-0.1356
