Role	Animation	OffsetZ[1]	OffsetZ[2]	OffsetZ[3]	OffsetZ[4]	OffsetZ[5]	OffsetZ[6]	OffsetZ[7]	OffsetZ[8]	OffsetZ[9]	OffsetZ[10]	OffsetZ[11]	OffsetZ[12]	OffsetZ[13]	OffsetZ[14]	OffsetZ[15]	OffsetZ[16]	OffsetZ[17]	OffsetZ[18]	OffsetZ[19]	OffsetZ[20]	OffsetZ[21]	OffsetZ[22]	OffsetZ[23]	OffsetZ[24]	OffsetZ[25]	OffsetZ[26]	OffsetZ[27]	OffsetZ[28]	OffsetZ[29]	OffsetZ[30]	OffsetZ[31]	OffsetZ[32]	OffsetZ[33]	OffsetZ[34]	OffsetZ[35]	OffsetZ[36]	OffsetZ[37]	OffsetZ[38]	OffsetZ[39]	OffsetZ[40]	OffsetZ[41]	OffsetZ[42]	OffsetZ[43]	OffsetZ[44]	OffsetZ[45]	OffsetZ[46]	OffsetZ[47]	OffsetZ[48]	OffsetZ[49]	OffsetZ[50]	OffsetZ[51]	OffsetZ[52]	OffsetZ[53]	OffsetZ[54]	OffsetZ[55]	OffsetZ[56]	OffsetZ[57]	OffsetZ[58]	OffsetZ[59]	OffsetZ[60]	OffsetZ[61]	OffsetZ[62]	OffsetZ[63]	OffsetZ[64]	OffsetZ[65]	OffsetZ[66]	OffsetZ[67]	OffsetZ[68]	OffsetZ[69]	OffsetZ[70]	OffsetZ[71]	OffsetZ[72]	OffsetZ[73]	OffsetZ[74]	OffsetZ[75]	OffsetZ[76]	OffsetZ[77]	OffsetZ[78]	OffsetZ[79]	OffsetZ[80]	OffsetZ[81]	OffsetZ[82]	OffsetZ[83]	OffsetZ[84]	OffsetZ[85]	OffsetZ[86]	OffsetZ[87]	OffsetZ[88]	OffsetZ[89]	OffsetZ[90]	OffsetZ[91]	OffsetZ[92]	OffsetZ[93]	OffsetZ[94]	OffsetZ[95]	OffsetZ[96]	OffsetZ[97]	OffsetZ[98]	OffsetZ[99]	OffsetZ[100]	OffsetZ[101]	OffsetZ[102]	OffsetZ[103]	OffsetZ[104]	OffsetZ[105]	OffsetZ[106]	OffsetZ[107]	OffsetZ[108]	OffsetZ[109]	OffsetZ[110]	OffsetZ[111]	OffsetZ[112]	OffsetZ[113]	OffsetZ[114]	OffsetZ[115]	OffsetZ[116]	OffsetZ[117]	OffsetZ[118]	OffsetZ[119]	OffsetZ[120]	OffsetZ[121]	OffsetZ[122]	OffsetZ[123]	OffsetZ[124]	OffsetZ[125]	OffsetZ[126]	OffsetZ[127]	OffsetZ[128]	OffsetZ[129]	OffsetZ[130]	OffsetZ[131]	OffsetZ[132]	OffsetZ[133]	OffsetZ[134]	OffsetZ[135]	OffsetZ[136]	OffsetZ[137]	OffsetZ[138]	OffsetZ[139]	OffsetZ[140]	OffsetZ[141]	OffsetZ[142]	OffsetZ[143]	OffsetZ[144]	OffsetZ[145]	OffsetZ[146]	OffsetZ[147]	OffsetZ[148]	OffsetZ[149]	OffsetZ[150]	OffsetZ[151]	OffsetZ[152]	OffsetZ[153]	OffsetZ[154]	OffsetZ[155]	OffsetZ[156]	OffsetZ[157]	OffsetZ[158]	OffsetZ[159]	OffsetZ[160]	OffsetZ[161]	OffsetZ[162]	OffsetZ[163]	OffsetZ[164]	OffsetZ[165]	OffsetZ[166]	OffsetZ[167]	OffsetZ[168]	OffsetZ[169]	OffsetZ[170]	OffsetZ[171]	OffsetZ[172]	OffsetZ[173]	OffsetZ[174]	OffsetZ[175]	OffsetZ[176]	OffsetZ[177]	OffsetZ[178]	OffsetZ[179]	OffsetZ[180]	OffsetZ[181]	OffsetZ[182]	OffsetZ[183]	OffsetZ[184]	OffsetZ[185]	OffsetZ[186]	OffsetZ[187]	OffsetZ[188]	OffsetZ[189]	OffsetZ[190]	OffsetZ[191]	OffsetZ[192]	OffsetZ[193]	OffsetZ[194]	OffsetZ[195]	OffsetZ[196]	OffsetZ[197]	OffsetZ[198]	OffsetZ[199]	OffsetZ[200]
R3LifuMd010011	Attack01	0	0.0027	0.0044	0.0105	0.0103	0.0221	0.0023	-0.0314	-0.055	-0.0603	-0.0586	-0.0529	-0.0463	-0.0409	-0.0378	-0.0381	-0.0412	-0.0476	-0.0551	-0.0611	-0.0643	-0.0637	-0.0614	-0.0596	-0.0585	-0.0578	-0.057	-0.0553	-0.0522	-0.0467	-0.0394	-0.03	-0.0195	-0.0087	-0.0051
R3LifuMd010011	Attack02	0	0.0003	-0.0184	-0.0159	0.0342	0.1248	0.1673	0.1818	0.1937	0.2032	0.2113	0.2183	0.2227	0.22	0.2146	0.2095	0.2052	0.2021	0.2005	0.1996	0.1982	0.1958	0.193	0.1894	0.1847	0.1784	0.1703	0.1591	0.145	0.1279	0.1094	0.0905	0.0721	0.0553	0.05
R3LifuMd010011	Attack03	0	0.063	0.1141	0.1076	0.0826	0.0237	-0.0852	-0.2691	-0.3928	-0.4846	-0.5446	-0.5661	-0.5678	-0.5585	-0.5435	-0.5225	-0.498	-0.4697	-0.4377	-0.4016	-0.3616	-0.3207	-0.286	-0.2613	-0.2435	-0.2305	-0.2195	-0.2104	-0.2025	-0.196	-0.1903	-0.1849	-0.1793	-0.1729	-0.1707
R3LifuMd010011	Attack04	0	-0.0351	-0.0644	-0.0622	-0.0337	0.0006	0.0419	0.1315	0.2531	0.3541	0.395	0.3861	0.3706	0.3891	0.4153	0.4418	0.4626	0.4773	0.4903	0.5007	0.5082	0.5115	0.5115	0.5077	0.5011	0.4921	0.4822	0.4714	0.4604	0.4497	0.4395	0.4306	0.423	0.4171	0.4122	0.4082	0.4047	0.4017	0.399	0.3972
R3LifuMd010011	Attack11	0	-0.1154	-0.125	-0.0717	-0.0177	0.0402	0.0696	0.072	0.0704	0.0666	0.0623	0.056	0.0482	0.041	0.0348	0.0278	0.0199	0.0121	0.0049	-0.0007	-0.0037	-0.0044	-0.0038	-0.002	0.0006	0.0037	0.007	0.0104	0.0139	0.0139
R3LifuMd010011	Attack21	0	0.0191	0.0598	0.0937	0.1086	0.0408	-0.124	-0.2623	-0.35	-0.4109	-0.456	-0.4864	-0.5072	-0.5189	-0.5272	-0.5337	-0.5386	-0.5425	-0.5435	-0.5379	-0.5254	-0.5046	-0.4777	-0.4454	-0.4109	-0.3756	-0.3412	-0.3197
R3LifuMd010011	Attack31	0	-0.0074	-0.0073	0.0506	0.1259	0.1561	0.1917	0.1877	0.1708	0.1728	0.1796	0.1856	0.1934	0.2043	0.2155	0.2274	0.2402	0.252	0.2613	0.2653	0.2631	0.2538	0.2402	0.2226	0.2031	0.1825	0.162	0.1424	0.1242	0.1081	0.0938	0.0938
R3LifuMd010011	Attack51	0	0.0211	0.0361	0.0183	-0.0046	-0.0056	-0.001	0.0046	0.0089	0.0153	0.023	0.0311	0.0389	0.0453	0.0498	0.051	0.0486	0.0413	0.0239	-0.0156	-0.0621	-0.101	-0.1215	-0.1061	-0.07	-0.0167	0.0461	0.0894	0.108	0.1225	0.1179	0.0607	0.017	0.0038	0.0087	0.009	0.0056	-0.0016	-0.0099	-0.0167	-0.0203	-0.0197	-0.0169	-0.0148	-0.012	0.0001	0.0232	0.053	0.0799	0.0976	0.0733	-0.0077	-0.0686	-0.0699	-0.0434	-0.0231	-0.0277	-0.0358	-0.0141	0.0437	0.0907	0.0864	0.0412	-0.0174	-0.0404	-0.0363	-0.0391	-0.0682	-0.0852	-0.0414	0.0201	0.0511	0.0686	0.0849	0.1044	0.1208	0.1268	0.1239	0.1186	0.0982	0.0581	0.0066	-0.0386	-0.0752	-0.099	-0.1021	-0.0937	-0.0822	-0.072	-0.0622	-0.0538	-0.0475	-0.043	-0.0395	-0.0362	-0.0317	-0.0248	-0.0139	0.0003	0.0155	0.0296	0.0404	0.0464	0.0446	0.0363	0.0223	0.0079	-0.0074	-0.0247	-0.035	-0.0399	-0.0405	-0.0389	-0.0359	-0.0314	-0.0255	-0.0197	-0.0154	-0.013	-0.012	-0.0108	-0.0099	-0.0088	-0.0075	-0.0061	-0.0046	-0.003	-0.0015	-0.0001	0.001	0.0019	0.0027	0.0034	0.0041	0.0048	0.0056	0.0063	0.0065	0.0062	0.0053	0.0041	0.0029	0.0018	0.001	0.0003	0	0
R3LifuMd010011	AttackQte	0	-0.0139	0.0261	0.1021	0.1181	0.08	0.0284	0.0375	0.0604	0.0461	0.0248	0.0148	0.013	0.0152	0.0184	0.0203	0.0133	0.0368	0.0505	0.0454	0.0431	0.0484	0.0549	0.0619	0.0678	0.0711	0.0734	0.0757	0.0781	0.0804	0.0827	0.0848	0.0865	0.0873	0.0869	0.0847	0.0809	0.0755	0.0689	0.0606	0.0511	0.0402	0.0283	0.0164	0.0053	-0.0013
R3LifuMd010011	Behitfly	0	0.193	0.1894	0.1719	0.1962	0.2186	0.2351	0.2432	0.2614	0.2624	0.2102	0.2102
R3LifuMd010011	Born	0	-0.0145	-0.0315	-0.0535	-0.0809	-0.112	-0.1329	-0.1362	-0.1315	-0.1216	-0.1095	-0.0974	-0.0876	-0.0806	-0.0741	-0.0681	-0.0622	-0.0564	-0.0506	-0.0443	-0.0371	-0.028	-0.0171	-0.0045	0.0096	0.0259	0.0441	0.0637	0.083	0.0933	0.0891	0.0692	0.046	0.0284	0.0138	0.0004	-0.0129	-0.026	-0.0388	-0.0508	-0.0615	-0.0698	-0.0756	-0.0772	-0.0749	-0.0693	-0.0621	-0.0544	-0.0473	-0.0419	-0.0371	-0.0321	-0.0273	-0.0227	-0.0184	-0.0144	-0.0109	-0.0078	-0.0049	-0.0021	0.0007	0.0034	0.0061	0.0088	0.0115	0.0144	0.0173	0.0193
R3LifuMd010011	Death	0	0.1297	-0.0508	-0.3009	-0.5098	-0.612	-0.6982	-0.7602	-0.802	-0.8238	-0.833	-0.8294	-0.8194	-0.8051	-0.7906	-0.7796	-0.7735	-0.7241	-0.6739	-0.6335	-0.6071	-0.5853	-0.5697	-0.564	-0.5618	-0.5609	-0.561	-0.562	-0.5635	-0.5654	-0.5676	-0.5698	-0.5719	-0.5736	-0.574
R3LifuMd010011	Falldown	0	-0.2565	-0.4883	-0.6405	-0.7585	-0.837	-0.8955	-0.94	-0.9796	-1.0209	-1.0354
R3LifuMd010011	Hit1	0	0.0294	-0.0467	-0.2599	-0.4489	-0.5267	-0.5915	-0.6391	-0.6736	-0.6998	-0.7253	-0.747	-0.7613	-0.7653	-0.762	-0.7502	-0.7329	-0.71	-0.6833	-0.6537	-0.6224	-0.5887	-0.5529	-0.5149	-0.4768	-0.4402	-0.4284
R3LifuMd010011	Hit2	0	0.0301	-0.0523	-0.2531	-0.4286	-0.5119	-0.5888	-0.6497	-0.6934	-0.7209	-0.7433	-0.7594	-0.7688	-0.7702	-0.7656	-0.7544	-0.7382	-0.717	-0.6918	-0.6624	-0.6302	-0.5947	-0.5568	-0.5172	-0.4778	-0.4405	-0.4285
R3LifuMd010011	Hit3	0	0.0738	-0.1999	-0.5246	-0.7855	-0.8964	-0.9873	-1.0557	-1.1086	-1.1506	-1.19	-1.2248	-1.2521	-1.2681	-1.2748	-1.2709	-1.2601	-1.2422	-1.2189	-1.1888	-1.1544	-1.116	-1.0747	-1.0289	-0.9807	-0.9318	-0.8847	-0.8555
R3LifuMd010011	Hit4	0	0.1218	-0.0895	-0.3949	-0.6433	-0.7504	-0.8429	-0.9147	-0.969	-1.0093	-1.0475	-1.0812	-1.106	-1.1193	-1.1237	-1.119	-1.1097	-1.0967	-1.0806	-1.0608	-1.0384	-1.0122	-0.983	-0.9513	-0.9188	-0.8866	-0.8557	-0.8363
R3LifuMd010011	Hitdown	0	0.1929	0.1889	0.1869	0.2163	0.2101	0.1444	-0.0252	-0.2839	-0.5623	-0.8222	-1.0204	-1.1641	-1.265	-1.3372	-1.389	-1.4317	-1.4711	-1.5136	-1.5136
R3LifuMd010011	Hoverhit	0	0.0155	0.039	0.0568	0.0716	0.0822	0.0883	0.0879	0.0827	0.0723	0.0589	0.0589
R3LifuMd010011	Lieonfloor	0	0	0	0	0	0
R3LifuMd010011	Move1	0	-0.0024	0.1737	0.7868	1.677	2.5208	3.1723	3.6672	4.0479	4.3483	4.6072	4.8228	5.0087	5.1641	5.3007	5.4166	5.5176	5.6014	5.6677	5.7117	5.7399	5.7514	5.7524	5.7426	5.7262	5.7037	5.6785	5.6497	5.6173	5.5807	5.541	5.4988	5.4563	5.4155	5.4022
R3LifuMd010011	Move2	0	0.0309	-0.0361	-0.5269	-1.4289	-2.3456	-2.9945	-3.4765	-3.9013	-4.2425	-4.5293	-4.7696	-4.9743	-5.1365	-5.2679	-5.3679	-5.4496	-5.5151	-5.567	-5.6022	-5.6257	-5.6362	-5.6373	-5.6283	-5.6129	-5.5916	-5.5673	-5.5415	-5.5157	-5.4907	-5.4668	-5.4446	-5.4236	-5.4041	-5.3978
R3LifuMd010011	Run	0	-0.002	-0.003	-0.0042	-0.0052	-0.0055	-0.0048	-0.0023	0.0013	0.0058	0.011	0.0161	0.0207	0.024	0.0259	0.0267	0.0267	0.0263	0.0254	0.0242	0.0228	0.0205	0.0172	0.0134	0.0093	0.0054	0.0019	0
R3LifuMd010011	RunLeanL	0	-0.0135	-0.0281	-0.0431	-0.0552	-0.0659	-0.0748	-0.0813	-0.0869	-0.0898	-0.0871	-0.0768	-0.0613	-0.0444	-0.0283	-0.011	0.0061	0.0207	0.0325	0.0412	0.0456	0.0454	0.042	0.0361	0.0285	0.0192	0.0082	0
R3LifuMd010011	RunLeanR	0	-0.0123	-0.0252	-0.0379	-0.0491	-0.0594	-0.0686	-0.0761	-0.0828	-0.087	-0.0857	-0.0771	-0.0636	-0.0486	-0.034	-0.018	-0.0019	0.0116	0.0222	0.0301	0.0346	0.036	0.0349	0.031	0.0245	0.0161	0.0066	0
R3LifuMd010011	RunStart	0	0.2229	0.4461	0.67	0.8942	1.1186	1.3436	1.5691	1.7955	2.0226	2.2497	2.4763	2.7024	2.9287	3.1553	3.3822	3.6101	3.8386	4.0676	4.2969	4.526	4.755	4.9842	5.1369
R3LifuMd010011	RunStartEnd01	0	0.1382	0.2677	0.3781	0.4799	0.5778	0.6687	0.7485	0.8212	0.8877	0.9471	0.999	1.0437	1.0827	1.1156	1.1405	1.1605	1.1781	1.1943	1.2075	1.2156	1.2206	1.225	1.2277	1.2294	1.2308	1.2321	1.2345	1.2383	1.2424	1.2457	1.2475	1.2486	1.2493
R3LifuMd010011	RunStartEnd02	0	0.1457	0.3095	0.4824	0.6348	0.7653	0.8796	0.9838	1.0835	1.1762	1.2597	1.3343	1.403	1.4649	1.5194	1.5662	1.607	1.6422	1.6696	1.6908	1.7091	1.726	1.7405	1.7504	1.756	1.7608	1.7642	1.7661	1.7675	1.7688	1.7705	1.7738	1.7778	1.7814	1.7836	1.7849	1.786	1.786
R3LifuMd010011	Save	0	-0.0002	-0.0005	-0.0007	-0.001	-0.0013	-0.0016	-0.0019	-0.0022	-0.0025	-0.0028	-0.003	-0.0033	-0.0036	-0.0038	-0.004	-0.0042	-0.0042	-0.0042	-0.0041	-0.004	-0.0037	-0.0035	-0.0031	-0.0026	-0.0023	-0.002	-0.0017	-0.0014	-0.0011	-0.0008	-0.0005	-0.0003	-0.0001	0
R3LifuMd010011	Stand1	0	0.0013	0.0027	0.0042	0.0059	0.0075	0.009	0.0104	0.0116	0.0124	0.013	0.0131	0.0129	0.0123	0.0115	0.0104	0.0093	0.0081	0.007	0.0061	0.0054	0.0045	0.0033	0.0018	0.0003	-0.0012	-0.0024	-0.0036	-0.0048	-0.0059	-0.0067	-0.0069	-0.0068	-0.0062	-0.0054	-0.0045	-0.0036	-0.0026	-0.0016	-0.0007	0	0
R3LifuMd010011	Stand2	0	-0.001	-0.0022	-0.0034	-0.0046	-0.0055	-0.006	-0.006	-0.0054	-0.0043	-0.0031	-0.0017	-0.0004	0.0006	0.0015	0.0027	0.0041	0.0057	0.0071	0.0081	0.0085	0.0082	0.0072	0.0057	0.0041	0.0024	0.0009	0
R3LifuMd010011	Standchange	0	-0.0511	-0.1106	-0.1496	-0.1521	-0.1232	-0.0748	0.0021	0.0987	0.1676	0.1445	0.0938	0.057	0.0293	0.0064	-0.0112	-0.024	-0.035	-0.0445	-0.0509	-0.0539	-0.0512	-0.0442	-0.0346	-0.0254	-0.0185	-0.0127	-0.0075	-0.003	0.001	0.0049	0.0088	0.0128	0.0172	0.0187
R3LifuMd010011	Standup	0	-0.0056	-0.0026	0.0099	0.025	0.0409	0.0588	0.0773	0.0956	0.1096	0.1213	0.1327	0.1438	0.1552	0.1675	0.1799	0.1909	0.2002	0.2081	0.213	0.2156	0.2162	0.2164	0.2178	0.2184
R3LifuMd010011	Stop	0	0.1464	0.3078	0.4741	0.6204	0.7451	0.8635	0.978	1.0848	1.1793	1.2595	1.3306	1.3961	1.4539	1.5037	1.5455	1.5808	1.6088	1.6283	1.6418	1.6535	1.6642	1.67	1.6755	1.6801	1.6846	1.6871	1.6871	1.6854	1.6845	1.686	1.6898	1.6948	1.6995	1.7035	1.707	1.7106	1.7106
R3LifuMd010011	StopR	0	0.1481	0.3136	0.4848	0.6367	0.7665	0.8888	1.007	1.1175	1.2171	1.3008	1.3718	1.4355	1.4913	1.5394	1.579	1.6122	1.6386	1.6574	1.6712	1.6832	1.6941	1.7029	1.7098	1.7151	1.7183	1.7174	1.7146	1.711	1.7078	1.7064	1.7063	1.7076	1.7097	1.7131	1.7174	1.7219	1.7219
R3LifuMd010011	Stun	0	0.0022	0.0043	0.0065	0.0087	0.0111	0.0136	0.0163	0.0193	0.0227	0.0264	0.0304	0.0343	0.0381	0.0415	0.0442	0.0462	0.0471	0.047	0.0458	0.0436	0.0408	0.0379	0.0347	0.0314	0.0281	0.0248	0.0215	0.0182	0.0147	0.0112	0.0078	0.0043	0.0011	0
R3LifuMd010011	Win	0	0.0035	0.0067	0.0106	0.0153	0.0208	0.0271	0.034	0.0406	0.0457	0.049	0.0506	0.0525	0.055	0.0577	0.0602	0.0625	0.0643	0.0656	0.0662	0.066	0.0648	0.0627	0.0598	0.0551	0.0452	0.0362	0.0336	0.0385	0.0537	0.0754	0.1014	0.1266	0.1442	0.1505	0.1407	0.1211	0.0962	0.0705	0.0488	0.036	0.0367	0.0455	0.0562	0.0636	0.0679	0.0699	0.0695	0.0675	0.0645	0.061	0.0576	0.0548	0.053	0.0521	0.0513	0.0506	0.0499	0.0493	0.0487	0.0482	0.0477	0.0473	0.0469	0.0465	0.0462	0.0458	0.0455	0.0451	0.0447	0.0442	0.0435	0.0425	0.0414	0.0401	0.0388	0.0374	0.0361	0.0349	0.0338	0.0327	0.0327
