Role	Animation	OffsetZ[1]	OffsetZ[2]	OffsetZ[3]	OffsetZ[4]	OffsetZ[5]	OffsetZ[6]	OffsetZ[7]	OffsetZ[8]	OffsetZ[9]	OffsetZ[10]	OffsetZ[11]	OffsetZ[12]	OffsetZ[13]	OffsetZ[14]	OffsetZ[15]	OffsetZ[16]	OffsetZ[17]	OffsetZ[18]	OffsetZ[19]	OffsetZ[20]	OffsetZ[21]	OffsetZ[22]	OffsetZ[23]	OffsetZ[24]	OffsetZ[25]	OffsetZ[26]	OffsetZ[27]	OffsetZ[28]	OffsetZ[29]	OffsetZ[30]	OffsetZ[31]	OffsetZ[32]	OffsetZ[33]	OffsetZ[34]	OffsetZ[35]	OffsetZ[36]	OffsetZ[37]	OffsetZ[38]	OffsetZ[39]	OffsetZ[40]	OffsetZ[41]	OffsetZ[42]	OffsetZ[43]	OffsetZ[44]	OffsetZ[45]	OffsetZ[46]	OffsetZ[47]	OffsetZ[48]	OffsetZ[49]	OffsetZ[50]	OffsetZ[51]	OffsetZ[52]	OffsetZ[53]	OffsetZ[54]	OffsetZ[55]	OffsetZ[56]	OffsetZ[57]	OffsetZ[58]	OffsetZ[59]	OffsetZ[60]	OffsetZ[61]	OffsetZ[62]	OffsetZ[63]	OffsetZ[64]	OffsetZ[65]	OffsetZ[66]	OffsetZ[67]	OffsetZ[68]	OffsetZ[69]	OffsetZ[70]	OffsetZ[71]	OffsetZ[72]	OffsetZ[73]	OffsetZ[74]	OffsetZ[75]	OffsetZ[76]	OffsetZ[77]	OffsetZ[78]	OffsetZ[79]	OffsetZ[80]	OffsetZ[81]	OffsetZ[82]	OffsetZ[83]	OffsetZ[84]	OffsetZ[85]	OffsetZ[86]	OffsetZ[87]	OffsetZ[88]	OffsetZ[89]	OffsetZ[90]	OffsetZ[91]	OffsetZ[92]	OffsetZ[93]	OffsetZ[94]	OffsetZ[95]	OffsetZ[96]	OffsetZ[97]	OffsetZ[98]	OffsetZ[99]	OffsetZ[100]	OffsetZ[101]	OffsetZ[102]	OffsetZ[103]	OffsetZ[104]	OffsetZ[105]	OffsetZ[106]	OffsetZ[107]	OffsetZ[108]	OffsetZ[109]	OffsetZ[110]	OffsetZ[111]	OffsetZ[112]	OffsetZ[113]	OffsetZ[114]	OffsetZ[115]	OffsetZ[116]	OffsetZ[117]	OffsetZ[118]	OffsetZ[119]	OffsetZ[120]	OffsetZ[121]	OffsetZ[122]	OffsetZ[123]	OffsetZ[124]	OffsetZ[125]	OffsetZ[126]	OffsetZ[127]	OffsetZ[128]	OffsetZ[129]	OffsetZ[130]	OffsetZ[131]	OffsetZ[132]	OffsetZ[133]	OffsetZ[134]	OffsetZ[135]	OffsetZ[136]	OffsetZ[137]	OffsetZ[138]	OffsetZ[139]	OffsetZ[140]	OffsetZ[141]	OffsetZ[142]	OffsetZ[143]	OffsetZ[144]	OffsetZ[145]	OffsetZ[146]	OffsetZ[147]	OffsetZ[148]	OffsetZ[149]	OffsetZ[150]	OffsetZ[151]	OffsetZ[152]	OffsetZ[153]	OffsetZ[154]	OffsetZ[155]	OffsetZ[156]	OffsetZ[157]	OffsetZ[158]	OffsetZ[159]	OffsetZ[160]	OffsetZ[161]	OffsetZ[162]	OffsetZ[163]	OffsetZ[164]	OffsetZ[165]	OffsetZ[166]	OffsetZ[167]	OffsetZ[168]	OffsetZ[169]	OffsetZ[170]	OffsetZ[171]	OffsetZ[172]	OffsetZ[173]	OffsetZ[174]	OffsetZ[175]	OffsetZ[176]	OffsetZ[177]	OffsetZ[178]	OffsetZ[179]	OffsetZ[180]	OffsetZ[181]	OffsetZ[182]	OffsetZ[183]	OffsetZ[184]	OffsetZ[185]	OffsetZ[186]	OffsetZ[187]	OffsetZ[188]	OffsetZ[189]	OffsetZ[190]	OffsetZ[191]	OffsetZ[192]	OffsetZ[193]	OffsetZ[194]	OffsetZ[195]	OffsetZ[196]	OffsetZ[197]	OffsetZ[198]	OffsetZ[199]	OffsetZ[200]
R3ShenweiMd010011	Attack01	0	-0.0018	-0.0196	-0.112	-0.2035	-0.1112	0.3975	1.0373	1.3503	1.3898	1.4042	1.411	1.4107	1.4111	1.4115	1.412	1.4123	1.4151	1.3695	1.1937	0.9644	0.7398	0.541	0.3491	0.1895	0.0992	0.0367	0
R3ShenweiMd010011	Attack02	0	0.0014	0.5279	1.1561	1.2811	1.3235	1.3611	1.3867	1.395	1.392	1.3841	1.3726	1.3578	1.3399	1.3211	1.3037	1.2885	1.2776	1.2723	1.2707	1.2512	1.2146	1.1686	1.1185	1.0679	1.0177	1.0076
R3ShenweiMd010011	Attack03	0	0.0295	0.1307	0.474	0.8984	1.1864	1.4014	1.6063	2.0116	2.4498	2.9199	2.9383	2.9398	2.9312	2.9192	2.9108	2.909	2.9091	2.9091	2.9091	2.9092	2.9092	2.9091	2.9115	2.8678	2.7909	2.7092	2.6418	2.6049	2.597	2.6049	2.6243	2.6505	2.6784	2.7031	2.7224	2.7499	2.776	2.7866	2.7787	2.768	2.768
R3ShenweiMd010011	Attack04	0	0.4477	0.7383	0.9905	1.2435	1.4494	1.6492	1.8654	2.0659	2.5023	2.4913	2.4881	2.4846	2.4825	2.4824	2.4834	2.4844	2.4836	2.4707	2.437	2.3887	2.3319	2.2755	2.2263	2.2116
R3ShenweiMd010011	Attack05	0	0.1899	0.3865	0.5924	0.788	0.9957	1.2353	1.4944	1.8631	2.5245	2.776	2.9531	3.0347	3.0521	3.0556	3.0595	3.062	3.062	3.06	3.058	3.0558	3.0536	3.0517	3.05	3.049	3.0429	2.9844	2.8442	2.5836	2.3211	2.1527	2.0388	1.9198	1.8131	1.7346	1.6861	1.6518	1.6284
R3ShenweiMd010011	Attack11	0	0.0712	-0.0364	-0.1064	-0.1095	-0.1242	0.0711	0.5707	1.1565	1.5492	1.5086	1.4549	1.3788	1.7775	2.5988	2.57	2.548	2.5383	2.5347	2.5316	2.5304	2.5297	2.5296	2.5298	2.5301	2.53	2.5291	2.5258	2.5207	2.5103	2.4989	2.4891	2.4815	2.4771	2.4762	2.4779
R3ShenweiMd010011	Attack12	0	0.7269	1.1318	1.459	1.8248	2.2405	2.7113	3.1124	3.2645	3.3157	3.3659	3.5638	3.8135	4.0189	4.146	4.3787	4.4178	4.3365	4.2893	4.0011	3.8393	3.8841	4.2467	4.4096	4.4258	4.3092	4.2361	4.1723	4.1065	4.0436	4.0203	4.0402	4.1254	4.3604	4.5002	4.5428	4.5016	4.4764	4.4515	4.4541	4.4989	4.7567	5.1316	5.4402	5.525	5.4436	5.421
R3ShenweiMd010011	Attack21	0	-0.0564	-0.1631	-0.4332	-0.612	-0.6121	-0.3343	0.0006	0.155	0.1816	0.3451	0.5111	0.4999	0.4738	0.4878	0.503	0.5088	0.5131	0.5162	0.5186	0.5204	0.5216	0.5222	0.5235	0.5342	0.5527	0.5702	0.5773	0.5697	0.55	0.5224	0.4946	0.471	0.4568	0.4464	0.4379	0.4312	0.4249	0.4152	0.4055	0.407	0.4098	0.405	0.405
R3ShenweiMd010011	Attack22	0	-0.4514	-0.2737	-0.0587	0.2808	0.7227	1.0029	1.2637	1.4426	1.4665	1.4527	1.4262	1.4121	1.412	1.3563	0.9179	0.858	0.8129	0.7903	0.7675	0.7689	0.7688	0.7123	0.5832	0.4116	0.2309	0.0693	-0.0338	-0.0522	-0.023	0	0
R3ShenweiMd010011	Attack31	0	0.0727	0.4805	0.8233	1.1718	1.4865	1.8159	2.2545	2.6459	2.9782	3.3072	3.6397	3.9645	4.3133	4.751	5.083	5.7596	6.4271	6.5231	6.576	6.5886	6.5929	6.6013	6.6267	6.7052	6.8403	6.8978	6.845	6.7434	6.6371	6.6167
R3ShenweiMd010011	Attack32	0	0.4274	0.8867	1.3331	1.7669	2.2758	2.7814	3.2237	3.7014	4.1352	4.6107	5.116	5.57	6.0392	6.4687	6.9321	7.4441	7.9025	8.3781	8.8515	9.3506	9.7856	10.1468	10.5121	10.9386	11.34	11.5302	11.6814	11.767	11.782	11.7821	11.7752	11.7712	11.7806	11.8002	11.7911	11.7852
R3ShenweiMd010011	Attack41	0	-0.041	0.3088	1.0793	1.3886	1.4323	1.4341	1.4186	1.3867	1.3395	1.0947	0.7555	0.4237	0.07	0
R3ShenweiMd010011	Attack42	0	0.3257	0.3616	0.3678	0.7834	0.9314	1.1416	1.2227	1.322	1.2749	1.244	1.243	1.2493	1.247	1.147	0.9564	0.7122	0.4659	0.2571	0.085	-0.0625
R3ShenweiMd010011	Attack43	0	0.1985	0.2615	0.159	0.0873	0.1209	0.31	0.3164	0.3952	0.6135	1.0287	0.7994	0.6219	0.6597	0.8246	1.0307	1.282	1.6612	1.7836	2.0679	2.2603	2.3354	2.3479	2.3584	2.3622	2.3585	2.3468	2.323	2.2879	2.2485	2.2111	2.1811	2.162	2.1549	2.1539	2.1541	2.1577	2.1631	2.1641
R3ShenweiMd010011	Attack44	0	0.4271	1.1755	1.271	1.2406	1.2672	1.2803	1.2835	1.2834	1.2834	1.2834	1.2834	1.2834	1.2873	1.2171	1.0543	0.8749	0.688	0.4672	0.2451	0.0889	0.0644	0.0825	0.1005	0.102
R3ShenweiMd010011	Attack45	0	0.4479	0.6622	0.6998	0.9805	1.2153	1.4234	1.6474	1.9199	2.1725	2.4086	2.4494	2.4394	2.384	2.3356	2.3454	2.426	2.5368	2.6518	2.7782	2.8167	2.6723	2.499	2.3791	2.3126	2.2697	2.2557
R3ShenweiMd010011	Attack51	0	0.0052	0.0152	0.0496	0.0786	0.0695	0.0535	0.0455	0.038	0.0324	0.0316	0.0605	0.0583	0.0334	0.0351	0.194	0.2492	0.2564	0.2541	0.2468	0.2413	0.2357	0.2255	0.2137	0.2026	0.1946	0.1845	0.174	0.1671	0.1671	0.177	0.2492	0.3195	0.2837	0.1516	0.0955	0.0911	0.0881	0.0875	0.0885	0.0906	0.0933	0.0958	0.0979	0.0988	0.0969	0.0935	0.0931	0.0997	0.1192	0.1607	0.2151	0.2601	0.2766	0.2625	0.2261	0.1745	0.1118	0.0367	-0.0078
R3ShenweiMd010011	AttackQte	0	0	0	0	0	0	0	0	0	0.0156	0.0669	0.1296	0.129	0.1287	0.1281	0.125	0.1219	0.1196	0.1187	0.1163	0.0985	0.0544	-0.1466	-0.2806	-0.3561	-0.2079	0.2569	0.5782	0.6709	0.715	0.9946	1.2847	1.5553	1.9654	2.2961	2.5174	2.816	3.0771	3.3091	3.7096	3.8836	4.1193	4.2534	4.2379	4.2252	4.2268	4.2294	4.2322	4.2348	4.2374	4.2398	4.2407	4.2406	4.2406	4.2405	4.2405	4.2405	4.2609	4.7619	5.5556	6.5622	7.5807	8.6015	9.2778
R3ShenweiMd010011	Behitfly	0	-0.0457	-0.0833	-0.1807	-0.2161	-0.1328	0.0007	0.0847	0.0633	-0.0829	-0.2565	-0.2565
R3ShenweiMd010011	Born	0	-0.0093	-0.007	0.0131	0.0618	0.0555	0.0612	0.0649	0.0653	0.0656	0.0656	0.0652	0.0646	0.0635	0.0622	0.0605	0.0584	0.056	0.0535	0.0511	0.0488	0.0467	0.0452	0.0445	0.0444	0.0442	0.0469	0.0526	0.0562	0.055	0.0432	0.023	-0.0039	-0.0351	-0.0666	-0.0956	-0.1181	-0.1266	-0.135	-0.142	-0.148	-0.1532	-0.1577	-0.1615	-0.1647	-0.1674	-0.1699	-0.1722	-0.1743	-0.1763	-0.177	-0.1746	-0.171	-0.1674	-0.1648	-0.1631	-0.1634	-0.164	-0.1647	-0.1657	-0.1669	-0.168	-0.1689	-0.1695	-0.1701	-0.1703	-0.1702	-0.1699	-0.1696	-0.1695	-0.1695	-0.1697	-0.1698	-0.1699	-0.1699
R3ShenweiMd010011	Death	0	0.1512	0.0318	-0.121	-0.4118	-0.6523	-0.8792	-1.0906	-1.2389	-1.3138	-1.3691	-1.3993	-1.4065	-1.4088	-1.4062	-1.3998	-1.3908	-1.3802	-1.3693	-1.3583	-1.3465	-1.3323	-1.3158	-1.2973	-1.2764	-1.2526	-1.2204	-1.1727	-1.1262	-1.0958	-1.0851	-1.0853	-1.0887	-1.0943	-1.1002	-1.1047	-1.1065	-1.1065
R3ShenweiMd010011	Falldown	0	-0.0005	-0.3323	-0.7421	-1.0528	-1.2129	-1.3339	-1.4267	-1.5029	-1.5375	-1.5505	-1.5625	-1.5681
R3ShenweiMd010011	Hit1	0	0.0301	0.0136	-0.1121	-0.2573	-0.3963	-0.5055	-0.6106	-0.6865	-0.7438	-0.7721	-0.7944	-0.8217	-0.8422	-0.8575	-0.8634	-0.8618	-0.8501	-0.8456	-0.8422	-0.837	-0.8302	-0.8229	-0.8157	-0.8091	-0.8031	-0.7908	-0.7732	-0.7608	-0.751	-0.7439	-0.7378	-0.7326	-0.7277	-0.7212	-0.6975	-0.6659	-0.6341	-0.6102	-0.5831	-0.5748
R3ShenweiMd010011	Hit2	0	-0.0768	-0.323	-0.4558	-0.6117	-0.7442	-0.8728	-1.0011	-1.094	-1.1414	-1.1722	-1.19	-1.2013	-1.2063	-1.2096	-1.2122	-1.2138	-1.2136	-1.2118	-1.2086	-1.2016	-1.1884	-1.1691	-1.1355	-1.0892	-1.0181	-0.9429	-0.8733	-0.813	-0.8049	-0.8213	-0.7859	-0.7223	-0.6736	-0.6553	-0.6553
R3ShenweiMd010011	Hit3	0	0.0191	-0.1432	-0.2966	-0.5717	-0.7856	-0.8917	-0.9194	-0.9686	-1.0387	-1.1123	-1.179	-1.2486	-1.2838	-1.2629	-1.2432	-1.2429	-1.252	-1.2573	-1.26	-1.2616	-1.2621	-1.2627	-1.2636	-1.2658	-1.2689	-1.2715	-1.2725	-1.2715	-1.2674	-1.2596	-1.2448	-1.2283	-1.2103	-1.192	-1.1762	-1.1534	-1.1182	-1.083	-1.0414	-1.0283
R3ShenweiMd010011	Hit4	0	-0.1391	-0.3396	-0.5044	-0.6145	-0.715	-0.836	-0.9679	-1.0992	-1.1725	-1.1924	-1.198	-1.2146	-1.2346	-1.2544	-1.2739	-1.2969	-1.3657	-1.4451	-1.5154	-1.5877	-1.643	-1.6607	-1.6534	-1.6472	-1.6359	-1.6202	-1.5987	-1.5725	-1.5076	-1.4257	-1.3325	-1.2352	-1.1378	-1.0404	-0.9551	-0.852	-0.7585	-0.7236	-0.7467	-0.7735	-0.7735
R3ShenweiMd010011	Hitdown	0	0.1842	0.0662	-0.078	-0.0453	0.0063	-0.0149	-0.1607	-0.3089	-0.2986	-0.5886	-0.9987	-1.3094	-1.4694	-1.5905	-1.6833	-1.7595	-1.7941	-1.8071	-1.819	-1.8247
R3ShenweiMd010011	Hoverhit	0	-0.0596	-0.1247	-0.1564	-0.1419	-0.0983	-0.0688	-0.047	-0.0223	-0.0072	-0.0127	-0.0561	-0.1285	-0.2206	-0.2519
R3ShenweiMd010011	Lieonfloor	0	0	0
R3ShenweiMd010011	Move1	0	-0.3311	0.295	0.9469	1.5395	2.1173	2.7246	3.5275	4.1108	4.493	4.8181	5.0534	5.1397	5.2503	5.4418	5.5766	5.7108
R3ShenweiMd010011	Move2	0	0.0371	-1.0339	-1.5554	-2.0271	-2.4548	-2.8482	-3.2156	-3.5351	-3.7955	-3.9942	-3.9662	-3.9109	-4.083	-4.2905	-4.4108	-4.5011
R3ShenweiMd010011	Run	0	-0.0221	-0.0352	-0.0141	0.0127	0.0243	0.0317	0.0093	-0.0172	-0.0406	-0.0181	0.0028	0.011	0.0034	0.0003	0
R3ShenweiMd010011	RunLeanL	0	-0.0225	-0.0374	-0.0169	0.0098	0.0209	0.0282	0.0061	-0.0206	-0.0427	-0.0187	0.0031	0.0122	0.0043	0.0007	0
R3ShenweiMd010011	RunLeanR	0	-0.0229	-0.0378	-0.017	0.0098	0.021	0.0283	0.0058	-0.0214	-0.044	-0.0202	0.0006	0.0088	0.0016	-0.0001	0
R3ShenweiMd010011	RunStart	0	0.1881	0.3727	0.5663	0.7717	0.991	1.2176	1.479	1.7471	2.0053	2.2356	2.4692	2.6988	2.9307	3.1813	3.4347	3.6571	3.8915	3.9459
R3ShenweiMd010011	RunStartEnd01	0	0.048	0.087	0.1173	0.1337	0.1355	0.1177	0.0979	0.0925	0.0881	0.0831	0.0775	0.0692	0.0545	0.0545	0.0587	0.0632	0.0633	0.0626	0.0624	0.0632	0.0638	0.0655	0.0674	0.0688	0.0698	0.0701	0.0702	0.0701	0.07
R3ShenweiMd010011	RunStartEnd02	0	0.0942	0.1891	0.2607	0.303	0.3463	0.3796	0.4008	0.4066	0.3971	0.3716	0.3653	0.36	0.3559	0.3504	0.3435	0.3276	0.3246	0.328	0.3327	0.3342	0.3336	0.3332	0.3337	0.3343	0.3357	0.3376	0.3392	0.3404	0.3409	0.341	0.3409	0.3408	0.3408
R3ShenweiMd010011	Save	0	0	0.0001	0.0001	0.0001	0.0002	0.0002	0.0002	0.0002	0.0002	0.0002	0.0002	0.0001	0.0001	0	0	-0.0001	-0.0001	-0.0001	-0.0001	-0.0001	-0.0001	-0.0001	-0.0001	-0.0001	-0.0001	0	0	0	0.0001	0.0001	0.0001	0.0001	0.0001	0.0001	0.0001	0.0001	0.0001	0	0	0	0
R3ShenweiMd010011	Stand1	0	0	0	0	-0.0001	-0.0001	-0.0002	-0.0002	-0.0003	-0.0004	-0.0004	-0.0005	-0.0006	-0.0007	-0.0007	-0.0006	-0.0006	-0.0006	-0.0006	-0.0006	-0.0006	-0.0007	-0.0007	-0.0008	-0.0009	-0.001	-0.0011	-0.0013	-0.0014	-0.0015	-0.0016	-0.0015	-0.0014	-0.0011	-0.0008	-0.0005	-0.0003	-0.0002	-0.0001	0	0	0
R3ShenweiMd010011	Stand2	0	0.0001	-0.0001	-0.0004	-0.0009	-0.0015	-0.0023	-0.0031	-0.0041	-0.0052	-0.0063	-0.0074	-0.0086	-0.0097	-0.0109	-0.012	-0.0129	-0.0137	-0.0144	-0.0149	-0.0152	-0.0152	-0.015	-0.0147	-0.0142	-0.0135	-0.0127	-0.0118	-0.0108	-0.0098	-0.0087	-0.0076	-0.0065	-0.0054	-0.0043	-0.0032	-0.0022	-0.0014	-0.0007	-0.0002	0	0
R3ShenweiMd010011	Standchange	0	-0.0506	-0.1091	-0.1692	-0.2277	-0.2841	-0.3325	-0.3642	-0.374	-0.3768	-0.378	-0.3788	-0.3796	-0.3803	-0.3811	-0.3818	-0.3825	-0.3832	-0.3839	-0.3844	-0.3848	-0.3852	-0.3854	-0.3859	-0.3735	-0.3301	-0.2747	-0.2219	-0.1596	-0.0987	-0.0621	-0.0562	-0.0608	-0.0704	-0.0803	-0.0876	-0.0935	-0.0929	-0.0907	-0.0886	-0.0859	-0.0831	-0.08	-0.077	-0.0739	-0.0706	-0.0601	-0.0424	-0.0287	-0.0252	-0.0219	-0.0219
R3ShenweiMd010011	Standup	0	-0.0067	-0.0312	-0.0669	-0.0872	-0.0817	-0.0674	-0.012	0.0572	0.1353	0.2139	0.2927	0.3969	0.4975	0.5271
R3ShenweiMd010011	Stop	0	0.2258	0.4828	0.7674	0.9361	1.0243	1.0548	1.065	1.0575	1.0371	1.0136	0.9947	0.9758	0.963	0.9604	0.9621	0.9692	0.9832	1.002	1.0303	1.0649	1.0932	1.1175	1.1238	1.1266	1.1279	1.1282	1.128	1.1272	1.1255	1.1238	1.1226	1.1221	1.1216	1.1215
R3ShenweiMd010011	StopR	0	0.1177	0.3055	0.6009	0.785	0.83	0.8594	0.8804	0.8869	0.8862	0.8787	0.8656	0.8238	0.7626	0.6756	0.5631	0.4605	0.3605	0.2591	0.1589	0.1135	0.0961	0.0917	0.0936	0.0958	0.0954	0.0945	0.0948	0.0953	0.096	0.0972	0.0989	0.1001	0.1004	0.1004	0.1005	0.1005	0.1006
R3ShenweiMd010011	Stun	0	-0.0001	-0.0005	-0.0012	-0.0021	-0.0031	-0.0042	-0.0053	-0.0065	-0.0075	-0.0086	-0.0097	-0.011	-0.0123	-0.0137	-0.0148	-0.0157	-0.0163	-0.0164	-0.0162	-0.0157	-0.015	-0.0141	-0.013	-0.0119	-0.0107	-0.0094	-0.0079	-0.0063	-0.0046	-0.003	-0.0017	-0.0007	-0.0001	0
R3ShenweiMd010011	Win	0	0.002	0.0043	0.0076	0.0113	0.0148	0.0182	0.0217	0.0252	0.0282	0.0303	0.0319	0.0334	0.0346	0.0354	0.0358	0.0356	0.0356	0.0356	0.0355	0.0351	0.0344	0.0335	0.0326	0.0317	0.0306	0.0293	0.0279	0.0267	0.0259	0.0258	0.0254	0.0244	0.0236	0.0238	0.0257	0.0284	0.0315	0.0346	0.0375	0.0397	0.0412	0.0419	0.0425	0.0431	0.0444	0.0434	0.0432	0.0438	0.0445	0.0448	0.0448
