Role	Animation	OffsetZ[1]	OffsetZ[2]	OffsetZ[3]	OffsetZ[4]	OffsetZ[5]	OffsetZ[6]	OffsetZ[7]	OffsetZ[8]	OffsetZ[9]	OffsetZ[10]	OffsetZ[11]	OffsetZ[12]	OffsetZ[13]	OffsetZ[14]	OffsetZ[15]	OffsetZ[16]	OffsetZ[17]	OffsetZ[18]	OffsetZ[19]	OffsetZ[20]	OffsetZ[21]	OffsetZ[22]	OffsetZ[23]	OffsetZ[24]	OffsetZ[25]	OffsetZ[26]	OffsetZ[27]	OffsetZ[28]	OffsetZ[29]	OffsetZ[30]	OffsetZ[31]	OffsetZ[32]	OffsetZ[33]	OffsetZ[34]	OffsetZ[35]	OffsetZ[36]	OffsetZ[37]	OffsetZ[38]	OffsetZ[39]	OffsetZ[40]	OffsetZ[41]	OffsetZ[42]	OffsetZ[43]	OffsetZ[44]	OffsetZ[45]	OffsetZ[46]	OffsetZ[47]	OffsetZ[48]	OffsetZ[49]	OffsetZ[50]	OffsetZ[51]	OffsetZ[52]	OffsetZ[53]	OffsetZ[54]	OffsetZ[55]	OffsetZ[56]	OffsetZ[57]	OffsetZ[58]	OffsetZ[59]	OffsetZ[60]	OffsetZ[61]	OffsetZ[62]	OffsetZ[63]	OffsetZ[64]	OffsetZ[65]	OffsetZ[66]	OffsetZ[67]	OffsetZ[68]	OffsetZ[69]	OffsetZ[70]	OffsetZ[71]	OffsetZ[72]	OffsetZ[73]	OffsetZ[74]	OffsetZ[75]	OffsetZ[76]	OffsetZ[77]	OffsetZ[78]	OffsetZ[79]	OffsetZ[80]	OffsetZ[81]	OffsetZ[82]	OffsetZ[83]	OffsetZ[84]	OffsetZ[85]	OffsetZ[86]	OffsetZ[87]	OffsetZ[88]	OffsetZ[89]	OffsetZ[90]	OffsetZ[91]	OffsetZ[92]	OffsetZ[93]	OffsetZ[94]	OffsetZ[95]	OffsetZ[96]	OffsetZ[97]	OffsetZ[98]	OffsetZ[99]	OffsetZ[100]	OffsetZ[101]	OffsetZ[102]	OffsetZ[103]	OffsetZ[104]	OffsetZ[105]	OffsetZ[106]	OffsetZ[107]	OffsetZ[108]	OffsetZ[109]	OffsetZ[110]	OffsetZ[111]	OffsetZ[112]	OffsetZ[113]	OffsetZ[114]	OffsetZ[115]	OffsetZ[116]	OffsetZ[117]	OffsetZ[118]	OffsetZ[119]	OffsetZ[120]	OffsetZ[121]	OffsetZ[122]	OffsetZ[123]	OffsetZ[124]	OffsetZ[125]	OffsetZ[126]	OffsetZ[127]	OffsetZ[128]	OffsetZ[129]	OffsetZ[130]	OffsetZ[131]	OffsetZ[132]	OffsetZ[133]	OffsetZ[134]	OffsetZ[135]	OffsetZ[136]	OffsetZ[137]	OffsetZ[138]	OffsetZ[139]	OffsetZ[140]	OffsetZ[141]	OffsetZ[142]	OffsetZ[143]	OffsetZ[144]	OffsetZ[145]	OffsetZ[146]	OffsetZ[147]	OffsetZ[148]	OffsetZ[149]	OffsetZ[150]	OffsetZ[151]	OffsetZ[152]	OffsetZ[153]	OffsetZ[154]	OffsetZ[155]	OffsetZ[156]	OffsetZ[157]	OffsetZ[158]	OffsetZ[159]	OffsetZ[160]	OffsetZ[161]	OffsetZ[162]	OffsetZ[163]	OffsetZ[164]	OffsetZ[165]	OffsetZ[166]	OffsetZ[167]	OffsetZ[168]	OffsetZ[169]	OffsetZ[170]	OffsetZ[171]	OffsetZ[172]	OffsetZ[173]	OffsetZ[174]	OffsetZ[175]	OffsetZ[176]	OffsetZ[177]	OffsetZ[178]	OffsetZ[179]	OffsetZ[180]	OffsetZ[181]	OffsetZ[182]	OffsetZ[183]	OffsetZ[184]	OffsetZ[185]	OffsetZ[186]	OffsetZ[187]	OffsetZ[188]	OffsetZ[189]	OffsetZ[190]	OffsetZ[191]	OffsetZ[192]	OffsetZ[193]	OffsetZ[194]	OffsetZ[195]	OffsetZ[196]	OffsetZ[197]	OffsetZ[198]	OffsetZ[199]	OffsetZ[200]
Mb1LuxiyaMd000003	Attack01	0	0.0194	-0.0254	0.0582	0.3159	0.3368	0.3096	0.2998	0.2984	0.2962	0.2944	0.2943	0.2944	0.2943	0.2941	0.294	0.2939	0.2938	0.2938	0.2938	0.294	0.2928	0.2893	0.2836	0.2763	0.2676	0.2589	0.2516	0.2457	0.2415	0.2387	0.2382	0.2387	0.24	0.2413	0.2422	0.2421	0.2401	0.2356	0.2112	0.1803	0.1653	0.1546	0.1277	0.0989	0.0762	0.0464	0.0115	0
Mb1LuxiyaMd000003	Attack02	0	0.2037	0.7312	0.8477	1.1666	1.2302	1.2595	1.1762	0.9843	1.2148	1.3412	1.3434	1.2539	0.8885	0.8809	0.9054	0.944	0.9863	1.0199	1.034	1.0397	1.0434	1.0453	1.0454	1.0445	1.0427	1.0406	1.0386	1.0369	1.0362	1.0392	1.0543	1.0757	1.095	1.1068	1.1059	1.1029	1.0948	1.0734	1.0403	1.0091	1.0062	0.996	0.9826	0.9722	0.9138	0.6471	0.4013	0.2906	0.2796	0.23	0.166	0.1057	0.1057
Mb1LuxiyaMd000003	Attack03	0	0.3335	0.1783	0.0613	0.2744	0.3012	0.1152	0.0465	0.3309	0.3294	0.2027	0.0429	-0.0233	-0.0349	-0.0299	-0.0165	-0.0046	0.0005	0.0144	0.0451	0.0829	0.118	0.1418	0.1577	0.138	-0.0653	-0.1043	-0.1143	-0.1181	-0.1209	-0.1229	-0.177	-0.4297	-0.6971	-0.8378	-0.9302	-0.9869	-1.0029	-1.0119	-1.0119
Mb1LuxiyaMd000003	Attack04	0	0.1161	0.2284	0.335	0.4423	0.5286	0.6169	0.8575	0.8986	0.8822	0.8478	0.8402	0.8396	0.8399	0.8405	0.8414	0.8423	0.8428	0.8427	0.8415	0.8391	0.8351	0.8426	0.7546	0.5678	0.5691	0.6152	0.6735	0.7042	0.7158	0.7202	0.7166	0.6942	0.6706	0.6679	0.6676	0.6652	0.6608	0.6556	0.65	0.6446	0.6402	0.6374	0.636	0.6312	0.6227	0.6146	0.5987	0.5757	0.5542
Mb1LuxiyaMd000003	Attack05	0	0.1714	0.2293	0.3884	0.6456	0.8312	0.9533	1.0475	1.1174	1.201	1.2502	1.4477	1.5424	1.6953	1.5431	1.3243	1.1177	1.0225	0.9988	0.9895	0.9825	0.9785	0.9765	0.9761	0.9761	0.8518	0.6939	0.6009	0.5053	0.4118	0.3195	0.236	0.1644	0.1691	0.1849	0.194	0.2029	0.2098	0.2141	0.1585	0.0639	-0.0295	-0.0972	-0.1331
Mb1LuxiyaMd000003	Attack06	0	0.0122	0.0174	0.0106	-0.0169	1.4166	6.5876	10.1116	10.3373	10.3723	10.3794	10.3804	10.3803	10.3828	10.3848	10.3851	10.386	10.3872	10.3886	10.39	10.3913	10.3924	10.3931	10.3935	10.3913	10.387	10.3808	10.373	10.3642	10.3559	10.3489	10.3435	10.3396	10.3378	10.3378	10.3386	10.34	10.3413	10.342	10.3414	10.3388	10.3301	10.2999	10.2748	10.2614	10.2465	10.2188	10.1924	10.1704	10.1362	10.1003	10.1003
Mb1LuxiyaMd000003	Attack11	0	0.0595	0.1931	0.1155	-0.2388	-0.3131	-0.3353	-0.3461	-0.3523	-0.3558	-0.3582	-0.3582	-0.3446	-0.333	-0.3372	-0.3447	-0.3525	-0.3569	-0.3443	-0.3384	-0.3576	-0.3384	-0.3371	-0.3524	-0.3659	-0.3778	-0.3911	-0.407	-0.4237	-0.4401	-0.4457
Mb1LuxiyaMd000003	Attack21	0	0.1017	0.0904	0.0698	0.05	0.0122	-0.072	-0.1356	-0.1514	-0.1447	-0.1373	-0.1392	-0.143	-0.1468	-0.1476	-0.1477	-0.1478	-0.1478	-0.1478	-0.1478	-0.1478	-0.1259	-0.1036	-0.0892	-0.0836	-0.0818	-0.0822	-0.0839	-0.086	-0.0879	-0.089	-0.0887	-0.0877	-0.0866	-0.0853	-0.0838	-0.0825	-0.0813	-0.0802	-0.0792	-0.0786	-0.0796	-0.0862	-0.0904	-0.0924	-0.0947	-0.0964	-0.0967	-0.0952	-0.0901	-0.0741	-0.0348	0.0107	0.0433	0.0521	0.0362	0.0128	0
Mb1LuxiyaMd000003	Attack31	0	-0.088	0.0476	1.0644	2.3995	3.1065	3.7165	4.5384	5.4302	5.6272	5.8726	6.1265	6.3791	6.5246	6.5864	6.6131	6.6298	6.6428	6.6521	6.6583	6.6626	6.6651	6.6666	6.6677	6.6691	6.6712	6.7055	6.7954	6.9046	7.0188	7.1201	7.2043	7.2812	7.3383	7.3633	7.3784	7.3903	7.3995	7.4074	7.4144	7.4215	7.4289	7.4374	7.4374
Mb1LuxiyaMd000003	Attack41	0	0.0362	0.143	0.2841	0.2745	0.1474	0.1073	0.0918	0.0793	0.0702	0.0637	0.0605	0.0594	0.0951	0.128	0.0558	-0.0167	-0.0257	-0.0204	-0.0087	0
Mb1LuxiyaMd000003	Attack42	0	0.0093	0.1521	0.1505	0.1266	0.101	0.0763	0.0576	0.0504	0.0474	0.0459	0.0457	0.0462	0.0467	0.0468	0.0457	0.0431	0.0404	0.0346	0.0163	-0.0369	-0.1172	-0.1448	-0.1429	-0.1324	-0.1221	-0.1197
Mb1LuxiyaMd000003	Attack43	0	-0.0531	0.0164	0.1037	0.0602	-0.0961	-0.1623	-0.1702	-0.1748	-0.1761	-0.1754	-0.1731	-0.1702	-0.1673	-0.1653	-0.1575	-0.1265	-0.0984	-0.1112	-0.1824	-0.2353	-0.2442	-0.2489	-0.2484	-0.2453	-0.2403	-0.2352	-0.2312	-0.2293	-0.2293
Mb1LuxiyaMd000003	Attack44	0	0.0719	0.1463	0.2778	0.2758	0.2591	0.2548	0.2549	0.2549	0.2549	0.255	0.255	0.2296	0.1851	0.1394	0.1046	0.0879	0.0528	-0.0074	-0.0611	-0.0795	-0.0855	-0.0867	-0.0841	-0.0797	-0.0746	-0.07	-0.0675	-0.067
Mb1LuxiyaMd000003	Attack45	0	-0.1418	-0.1027	-0.0565	-0.0023	0.055	0.1099	0.2197	0.7929	1.2922	1.444	1.445	1.4468	1.4473	1.447	1.4465	1.4462	1.4465	1.4464	1.4462	1.4458	1.4454	1.445	1.4446	1.4442	1.444	1.444	1.3371	1.2047	1.0852	0.9706	0.8551	0.7522	0.6857	0.6567	0.6485	0.648	0.6484	0.6495	0.6524	0.655	0.6583	0.6619	0.6654	0.668	0.6695	0.6709	0.6717	0.6718	0.6703	0.6713	0.6713	0.6709	0.6695	0.6673	0.6643	0.661	0.6581	0.6561	0.6551	0.6348	0.5701	0.4812	0.3811	0.2865	0.2028	0.1263	0.0686	0.0292	-0.0045	-0.0166
Mb1LuxiyaMd000003	Attack46	0	0.001	-0.0084	-0.0481	-0.1052	-0.0604	0.3093	2.1958	2.4054	2.4263	2.614	2.6369	2.6324	2.6274	2.6248	2.6229	2.6229	2.6229	2.6229	2.6229	2.6229	2.623	2.6041	2.5695	2.5331	2.501	2.4787	2.4693	2.4662	2.469	2.4747	2.4816	2.4889	2.5019	2.5264	2.552	2.5699	2.5826	2.5923	2.5973	2.5868	2.5517	2.5303	2.5187	2.5083	2.4952	2.4782	2.4508	2.4152	2.3915	2.3915
Mb1LuxiyaMd000003	Attack47	0	0.1541	0.1681	0.1906	0.2097	0.3479	0.8281	0.9158	0.9168	0.945	1.0542	1.6189	2.0238	1.9873	1.9967	2.0044	2.0089	2.0091	2.0092	2.0092	2.0092	2.0093	2.0093	2.0131	2.0212	2.0248	2.0278	2.0239	2.0121	1.9992	1.9858	1.9729	1.9571	1.9381	1.9318
Mb1LuxiyaMd000003	Attack48	0	0.0148	0.0773	0.1925	0.2133	0.2133
Mb1LuxiyaMd000003	Attack51	0	0.0289	0.0105	-0.181	-0.4079	-0.4724	-0.493	-0.4868	-0.4674	-0.4429	-0.3998	-0.3358	-0.2433	-0.1416	-0.0247	0.0805	0.1491	0.1796	0.1919	0.1921	0.1923	0.1925	0.1929	0.1933	0.1937	0.1942	0.1947	0.1951	0.1955	0.1957	0.1961	0.1888	0.1724	0.1244	0.1735	0.2872	0.3558	0.2553	0.1577	0.2606	0.3788	0.2518	0.1159	0.186	0.4604	0.4496	0.3814	0.3164	0.4191	0.3806	0.2641	0.1738	0.1243	0.2338	0.4839	0.5041	0.478	0.4344	0.3818	0.3249	0.2491	0.1558	0.0993	0.0692	0.0439	0.0271	0.0186	0.0159	0.1204	1.2887	1.6192	1.6268	1.6232	1.6174	1.6159	1.6163	1.6164	1.6164	1.6164	1.6164	1.6164	1.6164	1.6164	1.6164	1.6164	1.6164	1.6164	1.6164	1.6164	1.6164	1.6164	1.6062	1.5766	1.5198	1.4163	1.2644	1.0932	0.9129	0.7365	0.5273	0.3213	0.2357	0.2106	0.1977	0.1918	0.191	0.1917	0.191	0.1863	0.1992	0.2374	0.2522	0.2665	0.278	0.2851	0.2847	0.2764	0.2559	0.2306	0.2031	0.1718	0.1373	0.1014	0.065	0.0299
Mb1LuxiyaMd000003	Attack55	0	0.1395	0.1328	-0.0568	-0.135	-0.135	-0.135	-0.135	-0.135	-0.135	-0.135	-0.135	-0.135	-0.135
Mb1LuxiyaMd000003	Attack56	0	0	0	0	0	0	0	0
Mb1LuxiyaMd000003	Attack57	0	0.018	0.0356	0.0525	0.0695	0.0875	0.1051	0.1214	0.1348	0.1409	0.1441	0.1362	0.1203	0.121	0.1298	0.135
Mb1LuxiyaMd000003	Attack58	0	0.0128	0.0226	0.0398	0.1004	0.1324	0.1397	0.1509	0.1431	0.1249	0.1186	0.1189	0.1451	0.0572	-0.0849	-0.0658	-0.0236	0.0108	0.134	0.2464	0.446	0.7272	0.8645	0.9604	1.0865	1.2269	1.4164	1.6473	1.9207	2.1581	2.399	2.5983	2.8229	3.2144	3.4374	3.5695	3.7701	4.1735	4.4372	4.7516	4.9406	5.249	5.6234	5.9517	6.3432	6.6742	6.9919	7.1833	7.294	7.3566	7.3964	7.4249	7.4517	7.466	7.4734	7.4789	7.4886	7.5107	7.5394	7.5787	7.6275	7.6816	7.7364	7.7949	7.8636	7.956	8.0684	8.3253	8.3405	8.3471	8.353	8.3531	8.353	8.3527	8.3524	8.3521	8.3519	8.3516	8.3514	8.3511	8.3242	8.2243	8.089	7.9361	7.7556	7.5783	7.4547	7.3938
Mb1LuxiyaMd000003	Attack59	0	-0.1251	0.0476	1.4417	3.2265	4.3783	5.3631	6.3447	7.2939	8.0773	8.6038	8.7953	8.8995	9.062	9.2038	9.2857	9.318	9.3192	9.3208	9.3222	9.3234	9.3241	9.3245	9.3222	9.3062	9.2699	9.2189	9.153	9.0798	9.0032	8.9272	8.855	8.7879	8.7482
Mb1LuxiyaMd000003	AttackQte	0	0.0128	0.0226	0.0398	0.1004	0.1324	0.1397	0.1509	0.1431	0.1249	0.1186	0.1189	0.1451	0.0572	-0.0849	-0.0658	-0.0236	0.0108	0.134	0.2464	0.446	0.7272	0.8645	0.9604	1.0865	1.2269	1.4164	1.6473	1.9207	2.1581	2.399	2.5983	2.8229	3.2144	3.4374	3.5695	3.7701	4.1735	4.4372	4.7516	4.9406	5.249	5.6234	5.9517	6.3432	6.6677	6.9794	7.1673	7.2745	7.3336	7.3706	7.398	7.4262	7.4468	7.462	7.4736	7.485	7.4939
Mb1LuxiyaMd000003	Behitfly	0	0.1424	0.1143	0.042	0.0328	0.0329	0.0472	0.0852	0.1332	0.1839	0.2338	0.2793	0.3189	0.3476	0.3658	0.3691	0.3599	0.3355	0.3001	0.2534	0.1997
Mb1LuxiyaMd000003	Born	0	-0.0076	-0.0154	-0.0228	-0.0292	-0.0351	-0.013	0.0173	0.022	0.0213	0.0175	0.0113	0.004	-0.0039	-0.0113	-0.0185	-0.0298	-0.0372	-0.0343	-0.0029	0.0401	0.0799	0.101	0.1134	0.1228	0.1284	0.1297	0.1294	0.1282	0.1279	0.1279	0.1287	0.129	0.1298	0.1304	0.1308	0.1311	0.1313	0.1314	0.1315	0.1315	0.1313	0.1311	0.1306	0.13	0.1295	0.1294	0.1301	0.1302	0.1301	0.1301	0.1303	0.1304	0.1305	0.1305
Mb1LuxiyaMd000003	Death	0	0.0383	-0.0284	-0.1054	-0.1787	-0.2323	-0.2508	-0.2494	-0.2404	-0.229	-0.2157	-0.1969	-0.1737	-0.1432	-0.0967	-0.0369	0.0245	0.0742	0.0882	0.0891	0.0869	0.0833	0.0802	0.0781	0.076	0.0738	0.0721	0.0712	0.0708	0.0707	0.0708	0.0709	0.0711	0.0711	0.0711
Mb1LuxiyaMd000003	Falldown	0	-0.2909	-0.3547	-0.2424	-0.1687	-0.1583	-0.1672	-0.184	-0.1921	-0.1748	-0.1507	-0.1151	-0.0984	-0.0877	-0.0842
Mb1LuxiyaMd000003	Hit1	0	0.0385	-0.0278	-0.1186	-0.1838	-0.2124	-0.2151	-0.1981	-0.172	-0.147	-0.1255	-0.1045	-0.0677	-0.0167	0
Mb1LuxiyaMd000003	Hit2	0	0.1883	0.0513	-0.0037	-0.0535	-0.077	-0.0829	-0.0724	-0.0581	-0.0462	-0.0316	-0.0078	0.0051	0.0017	0
Mb1LuxiyaMd000003	Hit3	0	-0.0203	-0.3163	-0.5463	-0.57	-0.5483	-0.5105	-0.491	-0.4881	-0.4842	-0.4729	-0.4427	-0.3938	-0.3252	-0.2443	-0.1539	-0.0606	-0.0005
Mb1LuxiyaMd000003	Hit4	0	0.1435	-0.009	-0.2504	-0.4485	-0.6498	-0.8489	-0.9735	-1.0333	-1.067	-1.0836	-1.0756	-1.0325	-0.9259	-0.7669	-0.5513	-0.3216	-0.1655
Mb1LuxiyaMd000003	Hitdown	0	0.1737	0.2009	0.2	0.2247	0.2458	0.2413	0.1979	0.1403	0.122	0.2138	0.2587	0.2135	0.1593	0.1148	0.0809	0.0666	0.0689	0.0755	0.0781
Mb1LuxiyaMd000003	Hoverhit	0	-0.0134	-0.0299	-0.0462	-0.0715	-0.0919	-0.1063	-0.1184	-0.1301	-0.1435	-0.1595
Mb1LuxiyaMd000003	Lieonfloor	0	0	0	0	0	0	0	0
Mb1LuxiyaMd000003	Move1	0	0.0184	1.2306	2.1979	3.0778	3.8923	4.6885	5.483	6.1599	6.7732	7.1794	7.4758	7.5799	7.6032	7.6145
Mb1LuxiyaMd000003	Move2	0	0.1734	-0.2822	-1.0558	-1.8358	-2.6032	-3.344	-3.966	-4.52	-4.8905	-5.205	-5.2824	-5.2489	-5.1758	-5.1497
Mb1LuxiyaMd000003	Run	0	-0.0171	-0.0559	-0.0701	-0.0744	-0.0593	-0.0211	-0.0022	-0.0273	-0.0629	-0.0699	-0.0733	-0.0547	-0.0145	0
Mb1LuxiyaMd000003	Save	0	0.0002	0.0004	0.0006	0.0006	0.0005	0.0004	0.0002	0	-0.0001	-0.0001	0.0002	0.0006	0.0014	0.0022	0.003	0.0036	0.0041	0.0043	0.0041	0.0038	0.0033	0.0029	0.0024	0.0019	0.0016	0.0014	0.0015	0.0017	0.0022	0.0026	0.003	0.0033	0.0035	0.0034	0.0031	0.0026	0.002	0.0013	0.0006	0	0
Mb1LuxiyaMd000003	Stand1	0	0	0.0001	0.0001	0.0001	0.0002	0.0002	0.0002	0.0003	0.0003	0.0003	0.0003	0.0003	0.0003	0.0003	0.0002	0.0002	0.0001	0	-0.0001	-0.0002	-0.0003	-0.0003	-0.0004	-0.0004	-0.0005	-0.0005	-0.0006	-0.0007	-0.0007	-0.0007	-0.0006	-0.0005	-0.0003	-0.0002	-0.0001	0	0	-0.0001	0	0	0
Mb1LuxiyaMd000003	Stand2	0	0.0007	0.0013	0.002	0.0027	0.0034	0.0042	0.0049	0.0056	0.0063	0.0071	0.0078	0.0085	0.0092	0.0098	0.0103	0.0108	0.0111	0.0113	0.0114	0.0115	0.0114	0.0112	0.011	0.0107	0.0103	0.0098	0.0093	0.0087	0.0082	0.0076	0.007	0.0063	0.0055	0.0047	0.0039	0.0031	0.0023	0.0015	0.0007	0	0
Mb1LuxiyaMd000003	Standchange	0	-0.001	-0.0013	-0.0012	-0.0009	-0.0009	-0.0013	-0.0027	-0.005	-0.0088	-0.0138	-0.0245	-0.0405	-0.0659	-0.1086	-0.1528	-0.1868	-0.1905	-0.1589	-0.1093	-0.0574	-0.0136	0.0295	0.0784	0.1296	0.1707	0.1956	0.1999	0.2006	0.203	0.2056	0.2083	0.2103	0.2115	0.2116	0.2111	0.2101	0.2089	0.2078	0.2066	0.2052	0.2036	0.202	0.2003	0.1988	0.1977	0.1972	0.1973	0.1975	0.1976	0.1975	0.1975	0.1976	0.1977	0.1978
Mb1LuxiyaMd000003	Standup	0	-0.0434	-0.0818	-0.1244	-0.1925	-0.2376	-0.2314	-0.1653	-0.0867	-0.0066	0.0838	0.16	0.1126	-0.0301	-0.0778
Mb1LuxiyaMd000003	Stop	0	0.1802	0.3374	0.466	0.6018	0.7849	0.9275	0.9955	1.0246	1.0437	1.0574	1.0642	1.0648	1.0586	1.0427	1.0169	0.9884	0.9702
Mb1LuxiyaMd000003	Stun	0	-0.0002	-0.0004	-0.0007	-0.001	-0.0013	-0.0017	-0.002	-0.0024	-0.0026	-0.0028	-0.003	-0.0032	-0.0034	-0.0035	-0.0037	-0.0039	-0.0039	-0.0039	-0.0038	-0.0036	-0.0033	-0.003	-0.0025	-0.002	-0.0017	-0.0013	-0.0009	-0.0005	-0.0001	0.0001	0.0001	0.0002	0.0003	0.0004	0.0004	0.0004	0.0004	0.0003	0.0002	0	0
Mb1LuxiyaMd000003	Walkb	0	0.0136	0.0273	0.0383	0.0448	0.0373	0.0217	0.0064	-0.0068	-0.0127	-0.0152	-0.0138	-0.0097	-0.001	0.0093	0.0202	0.0282	0.0315	0.029	0.019	0.0061	-0.0067	-0.0165	-0.0241	-0.0272	-0.02	-0.0077	0
Mb1LuxiyaMd000003	Walkl	0	-0.0012	-0.002	-0.0026	-0.0037	-0.0074	-0.0126	-0.0152	-0.0148	-0.0131	-0.0108	-0.0076	-0.006	-0.0047	-0.0047	-0.0067	-0.008	-0.0092	-0.0099	-0.0103	-0.0104	-0.0089	-0.0066	-0.0045	-0.0032	-0.0023	-0.0005	0
Mb1LuxiyaMd000003	Walkr	0	-0.0016	-0.0036	-0.0054	-0.0066	-0.0099	-0.0137	-0.0147	-0.0136	-0.0112	-0.01	-0.0088	-0.0073	-0.0063	-0.0053	-0.0051	-0.0043	-0.006	-0.0076	-0.0107	-0.0124	-0.0112	-0.0089	-0.0075	-0.0059	-0.004	-0.0019	0
Mb1LuxiyaMd000003	Win	0	0.0035	0.0073	0.0099	0.01	0.0081	0.0055	0.0032	0.002	0.0022	0.0026	0.0033	0.0042	0.0053	0.0065	0.0075	0.0084	0.0077	0.0092	0.0121	0.0136	0.0139	0.0144	0.0147	0.0151	0.0158	0.0171	0.0185	0.0197	0.0195	0.0212	0.0214	0.02	0.0189	0.0177	0.0161	0.015	0.0162	0.0168	0.0173	0.0177	0.018	0.0183	0.0186	0.0188	0.0188	0.0187	0.0179	0.0167	0.0154	0.014	0.0129	0.0118	0.0108	0.0101	0.0094	0.0093	0.0089	0.0079	0.0072	0.0057	0.0075	0.0079	0.0087	0.0081	0.0068	0.0053	0.0039	0.0028	0.0025	0.0029	0.0042	0.006	0.0081	0.0112	0.013	0.0145	0.0165	0.0182	0.0189	0.0188	0.0182	0.0172	0.0159	0.015	0.0136	0.0116	0.0102	0.0097	0.0095	0.0131	0.029	0.0522	0.0797	0.1037	0.1211	0.1341	0.1409	0.1426	0.1411	0.1381
