Role	Animation	OffsetZ[1]	OffsetZ[2]	OffsetZ[3]	OffsetZ[4]	OffsetZ[5]	OffsetZ[6]	OffsetZ[7]	OffsetZ[8]	OffsetZ[9]	OffsetZ[10]	OffsetZ[11]	OffsetZ[12]	OffsetZ[13]	OffsetZ[14]	OffsetZ[15]	OffsetZ[16]	OffsetZ[17]	OffsetZ[18]	OffsetZ[19]	OffsetZ[20]	OffsetZ[21]	OffsetZ[22]	OffsetZ[23]	OffsetZ[24]	OffsetZ[25]	OffsetZ[26]	OffsetZ[27]	OffsetZ[28]	OffsetZ[29]	OffsetZ[30]	OffsetZ[31]	OffsetZ[32]	OffsetZ[33]	OffsetZ[34]	OffsetZ[35]	OffsetZ[36]	OffsetZ[37]	OffsetZ[38]	OffsetZ[39]	OffsetZ[40]	OffsetZ[41]	OffsetZ[42]	OffsetZ[43]	OffsetZ[44]	OffsetZ[45]	OffsetZ[46]	OffsetZ[47]	OffsetZ[48]	OffsetZ[49]	OffsetZ[50]	OffsetZ[51]	OffsetZ[52]	OffsetZ[53]	OffsetZ[54]	OffsetZ[55]	OffsetZ[56]	OffsetZ[57]	OffsetZ[58]	OffsetZ[59]	OffsetZ[60]	OffsetZ[61]	OffsetZ[62]	OffsetZ[63]	OffsetZ[64]	OffsetZ[65]	OffsetZ[66]	OffsetZ[67]	OffsetZ[68]	OffsetZ[69]	OffsetZ[70]	OffsetZ[71]	OffsetZ[72]	OffsetZ[73]	OffsetZ[74]	OffsetZ[75]	OffsetZ[76]	OffsetZ[77]	OffsetZ[78]	OffsetZ[79]	OffsetZ[80]	OffsetZ[81]	OffsetZ[82]	OffsetZ[83]	OffsetZ[84]	OffsetZ[85]	OffsetZ[86]	OffsetZ[87]	OffsetZ[88]	OffsetZ[89]	OffsetZ[90]	OffsetZ[91]	OffsetZ[92]	OffsetZ[93]	OffsetZ[94]	OffsetZ[95]	OffsetZ[96]	OffsetZ[97]	OffsetZ[98]	OffsetZ[99]	OffsetZ[100]	OffsetZ[101]	OffsetZ[102]	OffsetZ[103]	OffsetZ[104]	OffsetZ[105]	OffsetZ[106]	OffsetZ[107]	OffsetZ[108]	OffsetZ[109]	OffsetZ[110]	OffsetZ[111]	OffsetZ[112]	OffsetZ[113]	OffsetZ[114]	OffsetZ[115]	OffsetZ[116]	OffsetZ[117]	OffsetZ[118]	OffsetZ[119]	OffsetZ[120]	OffsetZ[121]	OffsetZ[122]	OffsetZ[123]	OffsetZ[124]	OffsetZ[125]	OffsetZ[126]	OffsetZ[127]	OffsetZ[128]	OffsetZ[129]	OffsetZ[130]	OffsetZ[131]	OffsetZ[132]	OffsetZ[133]	OffsetZ[134]	OffsetZ[135]	OffsetZ[136]	OffsetZ[137]	OffsetZ[138]	OffsetZ[139]	OffsetZ[140]	OffsetZ[141]	OffsetZ[142]	OffsetZ[143]	OffsetZ[144]	OffsetZ[145]	OffsetZ[146]	OffsetZ[147]	OffsetZ[148]	OffsetZ[149]	OffsetZ[150]	OffsetZ[151]	OffsetZ[152]	OffsetZ[153]	OffsetZ[154]	OffsetZ[155]	OffsetZ[156]	OffsetZ[157]	OffsetZ[158]	OffsetZ[159]	OffsetZ[160]	OffsetZ[161]	OffsetZ[162]	OffsetZ[163]	OffsetZ[164]	OffsetZ[165]	OffsetZ[166]	OffsetZ[167]	OffsetZ[168]	OffsetZ[169]	OffsetZ[170]	OffsetZ[171]	OffsetZ[172]	OffsetZ[173]	OffsetZ[174]	OffsetZ[175]	OffsetZ[176]	OffsetZ[177]	OffsetZ[178]	OffsetZ[179]	OffsetZ[180]	OffsetZ[181]	OffsetZ[182]	OffsetZ[183]	OffsetZ[184]	OffsetZ[185]	OffsetZ[186]	OffsetZ[187]	OffsetZ[188]	OffsetZ[189]	OffsetZ[190]	OffsetZ[191]	OffsetZ[192]	OffsetZ[193]	OffsetZ[194]	OffsetZ[195]	OffsetZ[196]	OffsetZ[197]	OffsetZ[198]	OffsetZ[199]	OffsetZ[200]
Mb1XiuMd010001	Attack01	0	-0.1067	-0.0966	-0.0693	-0.0444	-0.0294	-0.0203	-0.0271	-0.0563	-0.0766	-0.0864	-0.0193	0.2378	0.5859	0.9707	1.1765	1.186	1.3378	1.5788	1.9064	2.1715	2.7369	3.376	3.4254	3.4218	3.4151	3.467	3.6636	3.8672	4.0717	4.3791	4.596	4.6363	4.8329	5.0679	5.2413	5.6738	6.0295	6.0406	6.0445	6.0327	6.0229	5.9917	5.9033	5.8087	5.7351	5.6902	5.7184	5.9343	6.3041	6.3497	6.3165	6.2976	6.2963	6.3575	6.5377	6.7673	6.9355	6.9818	6.9251	6.9328	7.1337	7.3451	7.3544	7.358	7.3567	7.3528	7.3467	7.3399	7.3332	7.3276	7.3254	7.3146	7.2748	7.226	7.1981	7.2068	7.2512	7.3094	7.3693	7.4211	7.4211
Mb1XiuMd010001	Attack02	0	0.0179	0.0356	0.0502	0.0616	0.0685	0.0715	0.0692	0.0591	0.0466	0.0399	0.2115	0.6245	1.1766	1.6265	1.9985	2.3735	2.5721	2.6274	2.7292	2.9463	3.0064	3.0631	3.1777	3.3248	3.4807	3.5611	3.6149	3.6589	3.694	3.7319	3.7953	3.8597	3.911	3.9762	4.215	4.5236	4.7283	4.7784	4.8335	4.8528	4.8582	4.8649	4.8804	4.9195	5.012	5.1301	5.2578	5.3863	5.495	5.533	5.5154	5.4936	5.4936
Mb1XiuMd010001	Attack03	0	-0.5592	0.0743	1.1841	2.265	3.0778	3.7169	4.2724	4.8191	5.4068	5.9902	6.6192	7.1914	7.4961	7.6393	7.6271	7.5487	7.5487
Mb1XiuMd010001	Attack04	0	0.0641	0.1567	0.2214	0.225	0.1381	0.0577	-0.0052	-0.0511	-0.0398	-0.0203	-0.0394	-0.0429	0.0188	0.1103	0.2693	0.5215	0.7521	0.9094	1.0682	1.3676	1.447	1.4616	1.4496	1.4321	1.4449	1.528	1.6611	1.8139	1.9691	2.1073	2.186	2.1837	2.154	2.1296	2.1296
Mb1XiuMd010001	Attack05	0	-0.0706	0.047	0.1521	0.1866	0.2065	0.2343	0.2815	0.3776	0.4863	0.4536	0.4543	0.4674	0.4632	0.4102	0.3215	0.2762	0.3285	0.4298	0.4352	0.4224	0.4082	0.4042	0.5228	0.7785	1.0674	1.2363	1.4858	1.7	1.7838	1.8922	2.0912	2.3543	2.8592	2.8321	2.7841	2.7736	2.7731	2.7723	2.7711	2.7698	2.7686	2.7677	2.8078	2.9013	3.1284	3.3951	3.6728	3.9229	4.0517
Mb1XiuMd010001	Attack06	0	0.0019	-0.0232	-0.0535	-0.0349	0.0454	0.221	0.4716	0.6916	0.7876	0.9208	1.049	1.1707	1.2417	1.2719	1.2948	1.3112	1.3208	1.3266	1.3294	1.3301	1.3288	1.3263	1.323	1.32	1.3169	1.3134	1.3099	1.3106	1.3171	1.325	1.3261	1.3299	1.3338	1.3349
Mb1XiuMd010001	Attack07	0	-0.0404	-0.095	-0.1555	-0.2096	-0.2428	-0.2792	-0.3207	-0.3564	-0.3723	-0.3628	-0.1243	0.2739	0.4941	0.519	0.5561	0.5892	0.6072	0.6183	0.6265	0.6318	0.6348	0.636	0.6349	0.6321	0.6275	0.6231	0.6187	0.6133	0.6028	0.5844	0.562	0.5378	0.5133	0.5052
Mb1XiuMd010001	Attack08	0	-0.2054	-0.4293	-0.5639	-0.6649	-0.7605	-0.8449	-0.9079	-0.9296	-0.906	-0.7172	-0.2521	0.1337	0.1722	0.1107	-0.1276	-0.223	-0.2748	-0.3232	-0.3567	-0.3781	-0.3895	-0.3929	-0.3863	-0.3707	-0.3453	-0.3047	-0.2436	-0.1741	-0.1097	-0.0583	-0.0139	0
Mb1XiuMd010001	Attack09	0	0.019	0.0375	0.0649	0.1154	0.1758	0.2354	0.2764	0.2917	0.3056	0.3201	0.3378	0.3601	0.385	0.413	0.4193	0.4146	0.407	0.3974	0.3865	0.3741	0.362	0.3517	0.3435	0.3376	0.334	0.3313	0.3281	0.3245	0.3203	0.3163	0.3136	0.3105	0.3074	0.2945	0.278	0.2623	0.2479	0.2337	0.2188	0.2041	0.1903	0.178	0.1679	0.1598	0.1544	0.1524	0.1562	0.1631	0.1712	0.1789	0.1918	0.207	0.2237	0.2405	0.25
Mb1XiuMd010001	Attack11	0	-0.1236	-0.2256	-0.2366	-0.2397	-0.2353	-0.226	-0.211	-0.1903	-0.1619	-0.1282	-0.0904	-0.0476	-0.0106	0
Mb1XiuMd010001	Attack12	0	0.0943	0.1598	0.0943	0	0
Mb1XiuMd010001	Attack13	0	0.0145	-0.0323	-0.0544	-0.0578	-0.0572	-0.0545	-0.051	-0.0482	-0.0483	-0.0522	-0.0922	-0.2247	-0.247	-0.2565	-0.2545	-0.2468	-0.2347	-0.2229	-0.216	-0.2123	-0.2088	-0.204	-0.1992	-0.1954	-0.1938	-0.1822	-0.1598	-0.1324	-0.1007	-0.067	-0.0364	-0.011	0
Mb1XiuMd010001	Attack14	0	0.1133	0.1765	0.254	0.4843	0.727	0.816	0.9654	1.0875	1.1993	1.2493	1.2757	1.2985	1.3145	1.3244	1.3265	1.3237	1.3182	1.3126	1.3119	1.3252	1.328	1.3349	1.3349
Mb1XiuMd010001	Attack15	0	0.0276	0.0557	0.1297	0.2749	0.4885	0.6959	0.8428	0.9258	0.9713	1.0262	1.1702	1.4566	1.8968	2.3106	2.5116	2.6655	2.8735	3.0068	3.0921	3.3039	3.5915	3.8053	4.1385	4.2057	4.2365	4.2481	4.2487	4.2491	4.2506	4.2493	4.2459	4.2429	4.2426	4.2415	4.2316	4.2162	4.197	4.1767	4.1533	4.1274	4.0905	4.0475	4.0057	3.9925
Mb1XiuMd010001	Attack16	0	-0.019	-0.0296	-0.0309	-0.0323	-0.0355	-0.0374	-0.0386	-0.0417	-0.042	-0.0449	-0.0471	-0.0458	-0.0507	-0.0518	-0.0509	-0.0547	-0.0639	-0.0964	-0.131	-0.1567	-0.1618	-0.1607	-0.1586	-0.1556	-0.1519	-0.1477	-0.1432	-0.1388	-0.1346	-0.1307	-0.1274	-0.1244	-0.1219	-0.1195	-0.1175	-0.1158	-0.1144	-0.1131	-0.1121	-0.1111	-0.1101	-0.1091	-0.108	-0.1066	-0.105	-0.103	-0.1	-0.0955	-0.0884	-0.08	-0.0708	-0.0612	-0.0515	-0.042	-0.0325	-0.0229	-0.0138	-0.0049	0
Mb1XiuMd010001	Attack17	0	0.0573	0.2559	0.2444	0.2448	0.2448
Mb1XiuMd010001	Behitfly	0	-0.1729	-0.2003	-0.2494	-0.292	-0.2976	-0.2787	-0.2484	-0.2142	-0.1755	-0.1335	-0.0909	-0.0493	-0.0126	0.01	0.0056	-0.0221	-0.0722	-0.1307	-0.1864	-0.2316	-0.2316
Mb1XiuMd010001	Born	0	0.0064	0.0199	0.0366	0.0505	0.0546	0.0456	0.014	-0.0841	-0.3125	-0.5088	-0.5471	-0.5404	-0.5554	-0.5706	-0.5854	-0.5994	-0.6113	-0.62	-0.6177	-0.6063	-0.5929	-0.5788	-0.5631	-0.5455	-0.525	-0.5015	-0.4711	-0.4345	-0.3945	-0.3549	-0.3198	-0.2895	-0.2605	-0.2319	-0.2042	-0.1777	-0.1528	-0.1295	-0.1085	-0.0896	-0.0833	-0.0881	-0.0935	-0.0882	-0.0414	0.0061	0.0174	0.0207	0.0191	0.0179	0.0172	0.0157	0.0133	0.011	0.0096	0.0094	0.0126	0.0183	0.0234	0.024	0.0206	0.0247	0.0405	0.0595	0.0808	0.1024	0.1223	0.1394	0.1494	0.1468	0.1375	0.1364	0.175	0.1827	0.1625	0.1516	0.1457	0.1411	0.1366	0.1331	0.1342	0.1351	0.1286	0.1111	0.0804	0.0429	0.0005	-0.044	-0.0886	-0.1312	-0.1686	-0.1999	-0.2178	-0.2104	-0.1818	-0.1527	-0.1404	-0.1364	-0.1356	-0.1366	-0.1387	-0.1408	-0.1421	-0.1423
Mb1XiuMd010001	Falldown	0	-0.0066	0.3117	0.3433	0.357	0.3634	0.3678	0.3686	0.3672	0.3672
Mb1XiuMd010001	Hit1	0	-0.264	-0.2985	-0.3027	-0.2931	-0.2664	-0.2271	-0.181	-0.1363	-0.1022	-0.0744	-0.0488	-0.0255	-0.006	0
Mb1XiuMd010001	Hit2	0	-0.1783	-0.2159	-0.2355	-0.24	-0.2246	-0.2	-0.1683	-0.1357	-0.1083	-0.0824	-0.0556	-0.0297	-0.007	0
Mb1XiuMd010001	Hit3	0	-0.1261	-0.4907	-0.7083	-0.9011	-1.044	-1.1159	-1.1409	-1.1431	-1.1184	-1.0612	-0.9741	-0.8806	-0.7973	-0.7726
Mb1XiuMd010001	Hit4	0	-0.1531	-0.6406	-0.9021	-0.9725	-0.9684	-0.9612	-0.9747	-0.9837	-0.9837	-0.975	-0.9481	-0.8931	-0.7766	-0.5773	-0.3475	-0.1262	0
Mb1XiuMd010001	Hitdown	0	0.0152	-0.2314	-0.2303	-0.2486	-0.3249	-0.4845	-0.5233	-0.4316	-0.4393	-0.4555	-0.4733	-0.4905	-0.5089	-0.5151
Mb1XiuMd010001	Hoverhit	0	0.0103	-0.0102	-0.0486	-0.0912	-0.1455	-0.2057	-0.2665	-0.3231	-0.3604	-0.3557	-0.3557
Mb1XiuMd010001	Lieonfloor	0	0	0	0	0
Mb1XiuMd010001	Run	0	-0.023	-0.0509	-0.0586	-0.0759	-0.0303	-0.009	-0.0497	-0.0562	-0.0734	-0.0653	0
Mb1XiuMd010001	Stand2	0	0.0002	0.0004	0.0008	0.0013	0.0018	0.0025	0.0032	0.004	0.0049	0.0058	0.0067	0.0077	0.0085	0.0092	0.0099	0.0105	0.011	0.0114	0.0115	0.0114	0.0111	0.0107	0.0102	0.0097	0.0091	0.0084	0.0077	0.0069	0.0061	0.0053	0.0044	0.0036	0.0028	0.0021	0.0015	0.001	0.0005	0.0002	0	0	0
Mb1XiuMd010001	Standup	0	0.0056	-0.0322	-0.1189	-0.2263	-0.3276	-0.4038	-0.4016	-0.3312	-0.2624	-0.2045	-0.1446	-0.0898	-0.045	-0.0326	-0.0426	-0.0568	-0.0644	-0.0663	-0.0635	-0.0616	-0.0616
Mb1XiuMd010001	Walk	0	-0.0149	-0.0402	-0.0625	-0.083	-0.0824	-0.0673	-0.0453	-0.0277	-0.0174	-0.0104	-0.0068	-0.0087	-0.0201	-0.0382	-0.0555	-0.0657	-0.0616	-0.0476	-0.0288	-0.0128	-0.0015	0.0089	0.0144	0.0142	0.0142
Mb1XiuMd010001	Walkb	0	0.005	0.001	-0.0053	-0.0142	-0.0263	-0.0379	-0.0472	-0.052	-0.0538	-0.0451	-0.0291	-0.0118	0.0009	0.01	0.0095	0.0018	-0.0097	-0.0226	-0.0346	-0.045	-0.0531	-0.0403	-0.0196	0.0001	0.0001
Mb1XiuMd010001	Walkl	0	-0.0075	-0.0129	-0.0133	-0.0134	-0.0136	-0.0143	-0.0145	-0.014	-0.0139	-0.0152	-0.017	-0.0229	-0.0248	-0.0238	-0.0215	-0.0182	-0.0143	-0.0104	-0.0075	-0.0033	-0.0001	0	0
Mb1XiuMd010001	Walkr	0	-0.0027	-0.0063	-0.0078	-0.009	-0.0093	-0.009	-0.0084	-0.0076	-0.0068	-0.0059	-0.0057	-0.0064	-0.0067	-0.0075	-0.0096	-0.0108	-0.0109	-0.0089	-0.0069	-0.0044	-0.0022	-0.0004	0
