Role	Animation	OffsetZ[1]	OffsetZ[2]	OffsetZ[3]	OffsetZ[4]	OffsetZ[5]	OffsetZ[6]	OffsetZ[7]	OffsetZ[8]	OffsetZ[9]	OffsetZ[10]	OffsetZ[11]	OffsetZ[12]	OffsetZ[13]	OffsetZ[14]	OffsetZ[15]	OffsetZ[16]	OffsetZ[17]	OffsetZ[18]	OffsetZ[19]	OffsetZ[20]	OffsetZ[21]	OffsetZ[22]	OffsetZ[23]	OffsetZ[24]	OffsetZ[25]	OffsetZ[26]	OffsetZ[27]	OffsetZ[28]	OffsetZ[29]	OffsetZ[30]	OffsetZ[31]	OffsetZ[32]	OffsetZ[33]	OffsetZ[34]	OffsetZ[35]	OffsetZ[36]	OffsetZ[37]	OffsetZ[38]	OffsetZ[39]	OffsetZ[40]	OffsetZ[41]	OffsetZ[42]	OffsetZ[43]	OffsetZ[44]	OffsetZ[45]	OffsetZ[46]	OffsetZ[47]	OffsetZ[48]	OffsetZ[49]	OffsetZ[50]	OffsetZ[51]	OffsetZ[52]	OffsetZ[53]	OffsetZ[54]	OffsetZ[55]	OffsetZ[56]	OffsetZ[57]	OffsetZ[58]	OffsetZ[59]	OffsetZ[60]	OffsetZ[61]	OffsetZ[62]	OffsetZ[63]	OffsetZ[64]	OffsetZ[65]	OffsetZ[66]	OffsetZ[67]	OffsetZ[68]	OffsetZ[69]	OffsetZ[70]	OffsetZ[71]	OffsetZ[72]	OffsetZ[73]	OffsetZ[74]	OffsetZ[75]	OffsetZ[76]	OffsetZ[77]	OffsetZ[78]	OffsetZ[79]	OffsetZ[80]	OffsetZ[81]	OffsetZ[82]	OffsetZ[83]	OffsetZ[84]	OffsetZ[85]	OffsetZ[86]	OffsetZ[87]	OffsetZ[88]	OffsetZ[89]	OffsetZ[90]	OffsetZ[91]	OffsetZ[92]	OffsetZ[93]	OffsetZ[94]	OffsetZ[95]	OffsetZ[96]	OffsetZ[97]	OffsetZ[98]	OffsetZ[99]	OffsetZ[100]	OffsetZ[101]	OffsetZ[102]	OffsetZ[103]	OffsetZ[104]	OffsetZ[105]	OffsetZ[106]	OffsetZ[107]	OffsetZ[108]	OffsetZ[109]	OffsetZ[110]	OffsetZ[111]	OffsetZ[112]	OffsetZ[113]	OffsetZ[114]	OffsetZ[115]	OffsetZ[116]	OffsetZ[117]	OffsetZ[118]	OffsetZ[119]	OffsetZ[120]	OffsetZ[121]	OffsetZ[122]	OffsetZ[123]	OffsetZ[124]	OffsetZ[125]	OffsetZ[126]	OffsetZ[127]	OffsetZ[128]	OffsetZ[129]	OffsetZ[130]	OffsetZ[131]	OffsetZ[132]	OffsetZ[133]	OffsetZ[134]	OffsetZ[135]	OffsetZ[136]	OffsetZ[137]	OffsetZ[138]	OffsetZ[139]	OffsetZ[140]	OffsetZ[141]	OffsetZ[142]	OffsetZ[143]	OffsetZ[144]	OffsetZ[145]	OffsetZ[146]	OffsetZ[147]	OffsetZ[148]	OffsetZ[149]	OffsetZ[150]	OffsetZ[151]	OffsetZ[152]	OffsetZ[153]	OffsetZ[154]	OffsetZ[155]	OffsetZ[156]	OffsetZ[157]	OffsetZ[158]	OffsetZ[159]	OffsetZ[160]	OffsetZ[161]	OffsetZ[162]	OffsetZ[163]	OffsetZ[164]	OffsetZ[165]	OffsetZ[166]	OffsetZ[167]	OffsetZ[168]	OffsetZ[169]	OffsetZ[170]	OffsetZ[171]	OffsetZ[172]	OffsetZ[173]	OffsetZ[174]	OffsetZ[175]	OffsetZ[176]	OffsetZ[177]	OffsetZ[178]	OffsetZ[179]	OffsetZ[180]	OffsetZ[181]	OffsetZ[182]	OffsetZ[183]	OffsetZ[184]	OffsetZ[185]	OffsetZ[186]	OffsetZ[187]	OffsetZ[188]	OffsetZ[189]	OffsetZ[190]	OffsetZ[191]	OffsetZ[192]	OffsetZ[193]	OffsetZ[194]	OffsetZ[195]	OffsetZ[196]	OffsetZ[197]	OffsetZ[198]	OffsetZ[199]	OffsetZ[200]
Me1BioMd004020	Attack01	0	0.0125	0.0266	0.0402	0.0511	0.0532	0.0529	0.0539	0.0504	0.0448	0.0395	0.0372	0.0401	0.051	0.0721	0.1378	0.4125	0.8089	0.8618	0.8695	0.8691	0.8653	0.8623	0.8621	0.8609	0.9074	0.9976	0.9333	0.8645	0.7919	0.7163	0.6386	0.5595	0.4803	0.394	0.2911	0.1904	0.1137	0.0713	0.0454	0.0299	0.0213	0.0158	0.0099	0	0
Me1BioMd004020	Attack02	0	-0.0621	-0.1413	-0.223	-0.2912	-0.3299	-0.3246	0.3499	0.6277	0.852	0.9798	1.0093	1.2136	1.3058	1.3245	1.3468	1.3641	1.3717	1.3649	1.3373	1.2753	1.1863	1.0914	1.0116	0.9536	0.904	0.8638	0.8369	0.8273	0.8415	0.8768	0.9227	0.9673	0.9915
Me1BioMd004020	Attack03	0	0.0023	0.006	0.01	0.0132	0.0145	0.0129	0.0062	-0.0134	-0.0412	-0.0672	-0.0818	-0.0752	-0.0267	0.0759	0.2432	0.5749	1.1094	1.2547	1.313	1.3329	1.3591	1.3809	1.3792	1.3349	1.2339	1.09	0.9232	0.756	0.6068	0.4621	0.3236	0.2073	0.1449	0.1196	0.0953	0.0735	0.0538	0.0355	0.0177	0	0
Me1BioMd004020	Attack04	0	-0.01	0.16	-0.0195	-0.0089	0.0005	0	0	0	0.0005	-0.0036	-0.0097	-0.0082	-0.0014	0
Me1BioMd004020	Attack05	0	-0.0642	-0.1481	-0.2345	-0.3046	-0.3401	-0.3246	0.4302	0.5731	0.6661	0.7389	0.7697	0.8586	1.2753	1.309	1.3322	1.3534	1.3679	1.3712	1.3587	1.321	1.2475	1.1543	1.0621	0.9904	0.9362	0.8894	0.8531	0.8317	0.8287	0.846	0.8784	0.9184	0.9584	0.9915	0.9915
Me1BioMd004020	Attack06	0	-0.8014	-1.2741	-2.0128	-2.4837	-2.6369	-2.7201	-2.806	-2.9777	-3.0745	-3.1494	-3.2079	-3.2541	-3.2862	-3.3074	-3.3243	-3.3418	-3.3191	-3.2963	-3.2963
Me1BioMd004020	Attack07	0	-0.008	-0.0166	-0.0258	-0.0355	-0.0628	-0.0592	0.1176	0.0421	-0.05	-0.1118	-0.1427	-0.1069	-0.0828	-0.06	0.0489	-0.0929	-0.0751	-0.0091	-0.0965	-0.0721	-0.1015	-0.1466	-0.1374	-0.1224	-0.105	-0.0893	-0.0793	-0.0793	-0.1024	-0.1475	-0.1859	-0.2031	-0.2039	-0.1747	-0.1062	-0.015	0.0738	0.1371	0.158	0.1508	0.1386	0.1371
Me1BioMd004020	Behitfly	0	-0.29	-0.4883	-0.6364	-0.705	-0.7317	-0.7411	-0.7531	-0.7695	-0.7868	-0.8043	-0.8214	-0.8377	-0.8537	-0.8694	-0.8851	-0.9006	-0.916	-0.9313	-0.9466	-0.9619	-0.9619
Me1BioMd004020	Death	0	-0.1207	-0.3433	-0.5524	-0.7449	-0.8501	-0.8762	-0.8834	-0.885	-0.8848	-0.877	-0.8629	-0.8449	-0.8245	-0.7925	-0.7378	-0.6488	-0.5461	-0.4543	-0.3636	-0.2089	-0.1262	-0.1428	-0.1674	-0.2003	-0.2373	-0.2739	-0.3078	-0.3147
Me1BioMd004020	Falldown	0	-0.072	-0.1422	-0.2141	-0.2889	-0.2889	-0.2889	-0.2889	-0.2889
Me1BioMd004020	Hit1	0	-0.4165	-0.571	-0.6973	-0.7691	-0.8014	-0.8194	-0.8253	-0.8215	-0.8104	-0.7943	-0.7761	-0.7451	-0.6743	-0.575	-0.4157	-0.2627	-0.2091	-0.1913	-0.1815	-0.181	-0.1831	-0.1867	-0.1915	-0.1963	-0.1991
Me1BioMd004020	Hit2	0	-0.3036	-0.4902	-0.659	-0.7761	-0.8351	-0.8556	-0.8511	-0.8346	-0.7763	-0.6658	-0.5301	-0.3789	-0.229	-0.0971	-0.0042	0.0414	0.0543	0.0529	0.0457	0.0414	0.0414
Me1BioMd004020	Hit3	0	-0.1679	-0.3771	-0.5579	-0.7377	-0.9136	-1.0829	-1.1589	-1.1765	-1.1912	-1.2015	-1.2083	-1.2108	-1.21	-1.2081	-1.2055	-1.1992	-1.1946	-1.1912	-1.1895	-1.1899	-1.1927	-1.1991	-1.209	-1.2215	-1.2354	-1.2495	-1.2632	-1.2778	-1.2922	-1.2958	-1.2958
Me1BioMd004020	Hit4	0	-0.0553	-0.3954	-0.6459	-0.7302	-0.7977	-0.8606	-0.921	-0.9791	-1.033	-1.0839	-1.1342	-1.1701	-1.1732	-1.1659	-1.1538	-1.1392	-1.1228	-1.1055	-1.0884	-1.0727	-1.0595	-1.0494	-1.0415	-1.0337	-1.0246	-1.0108	-0.9902	-0.9855
Me1BioMd004020	Hitdown	0	-0.3874	-0.6763	-0.7751	-0.8662	-1.1137	-1.3673	-1.4394	-1.5095	-1.5814	-1.6562	-1.6562	-1.6562	-1.6562	-1.6562	-1.6562
Me1BioMd004020	Hoverhit	0	-0.0275	-0.0578	-0.089	-0.1206	-0.1522	-0.1838	-0.2151	-0.2459	-0.276	-0.3052	-0.3052
Me1BioMd004020	Lieonfloor	0	0	0	0	0	0	0	0
Me1BioMd004020	Run	0	0.0201	0.0592	0.1721	0.2116	0.1894	0.0796	-0.0084	0.0219	0.0963	0.2013	0.1973	0.169	0.0317	0
Me1BioMd004020	Stand2	0	-0.0004	-0.0008	-0.0013	-0.0017	-0.0021	-0.0025	-0.003	-0.0036	-0.0042	-0.0048	-0.0056	-0.0064	-0.0074	-0.0084	-0.0094	-0.0103	-0.0113	-0.0121	-0.0127	-0.0132	-0.0135	-0.0135	-0.0132	-0.0126	-0.0116	-0.0105	-0.0093	-0.008	-0.0066	-0.0052	-0.0036	-0.002	-0.0004	0
Me1BioMd004020	Standup	0	-0.0043	-0.0086	-0.0129	-0.0171	-0.0239	-0.0339	-0.0375	-0.025	0.0063	0.0554	0.1258	0.233	0.3837	0.5265	0.6464	0.7645	0.8786	0.9866	1.0861	1.1719	1.2375	1.2937	1.354	1.4332	1.5277	1.5991	1.6313	1.6442	1.6535	1.6562
Me1BioMd004020	Stun	0	0.002	0.0042	0.0061	0.0077	0.009	0.0097	0.0092	0.0078	0.006	0.0039	0.0017	-0.0004	-0.0024	-0.0042	-0.0059	-0.0074	-0.0086	-0.0097	-0.0102	-0.0101	-0.0091	-0.0077	-0.0061	-0.0044	-0.0027	-0.001	0
Me1BioMd004020	Walk	0	0.0064	0.0133	0.0204	0.0275	0.0356	0.0446	0.0518	0.0548	0.0519	0.0449	0.036	0.0275	0.0191	0.0103	0.0026	0	0.0054	0.0124	0.0201	0.0275	0.0356	0.0446	0.0518	0.0548	0.0519	0.0448	0.036	0.0275	0.0191	0.0103	0.0033	0	0
Me1BioMd004020	Walkb	0	-0.027	-0.0447	-0.0558	-0.0607	-0.0595	-0.0549	-0.0481	-0.0401	-0.0295	-0.0162	-0.0037	0.0046	0.0081	0.0084	0.0058	0	-0.0255	-0.0438	-0.055	-0.0598	-0.0584	-0.0537	-0.0468	-0.0388	-0.0283	-0.0151	-0.0028	0.0053	0.0074	0.0056	0.0023	0	0
Me1BioMd004020	Walkl	0	0	0	0	0	0	0	0	0	0	0	0	0	0	0	0	0	0	0	0	0	0	0	0	0	0	0	0	0	0	0	0	0	0
Me1BioMd004020	Walkr	0	0	0	0	0	0	0	0	0	0	0	0	0	0	0	0	0	0	0	0	0	0	0	0	0	0	0	0	0	0	0	0	0	0
