Role	Animation	OffsetZ[1]	OffsetZ[2]	OffsetZ[3]	OffsetZ[4]	OffsetZ[5]	OffsetZ[6]	OffsetZ[7]	OffsetZ[8]	OffsetZ[9]	OffsetZ[10]	OffsetZ[11]	OffsetZ[12]	OffsetZ[13]	OffsetZ[14]	OffsetZ[15]	OffsetZ[16]	OffsetZ[17]	OffsetZ[18]	OffsetZ[19]	OffsetZ[20]	OffsetZ[21]	OffsetZ[22]	OffsetZ[23]	OffsetZ[24]	OffsetZ[25]	OffsetZ[26]	OffsetZ[27]	OffsetZ[28]	OffsetZ[29]	OffsetZ[30]	OffsetZ[31]	OffsetZ[32]	OffsetZ[33]	OffsetZ[34]	OffsetZ[35]	OffsetZ[36]	OffsetZ[37]	OffsetZ[38]	OffsetZ[39]	OffsetZ[40]	OffsetZ[41]	OffsetZ[42]	OffsetZ[43]	OffsetZ[44]	OffsetZ[45]	OffsetZ[46]	OffsetZ[47]	OffsetZ[48]	OffsetZ[49]	OffsetZ[50]	OffsetZ[51]	OffsetZ[52]	OffsetZ[53]	OffsetZ[54]	OffsetZ[55]	OffsetZ[56]	OffsetZ[57]	OffsetZ[58]	OffsetZ[59]	OffsetZ[60]	OffsetZ[61]	OffsetZ[62]	OffsetZ[63]	OffsetZ[64]	OffsetZ[65]	OffsetZ[66]	OffsetZ[67]	OffsetZ[68]	OffsetZ[69]	OffsetZ[70]	OffsetZ[71]	OffsetZ[72]	OffsetZ[73]	OffsetZ[74]	OffsetZ[75]	OffsetZ[76]	OffsetZ[77]	OffsetZ[78]	OffsetZ[79]	OffsetZ[80]	OffsetZ[81]	OffsetZ[82]	OffsetZ[83]	OffsetZ[84]	OffsetZ[85]	OffsetZ[86]	OffsetZ[87]	OffsetZ[88]	OffsetZ[89]	OffsetZ[90]	OffsetZ[91]	OffsetZ[92]	OffsetZ[93]	OffsetZ[94]	OffsetZ[95]	OffsetZ[96]	OffsetZ[97]	OffsetZ[98]	OffsetZ[99]	OffsetZ[100]	OffsetZ[101]	OffsetZ[102]	OffsetZ[103]	OffsetZ[104]	OffsetZ[105]	OffsetZ[106]	OffsetZ[107]	OffsetZ[108]	OffsetZ[109]	OffsetZ[110]	OffsetZ[111]	OffsetZ[112]	OffsetZ[113]	OffsetZ[114]	OffsetZ[115]	OffsetZ[116]	OffsetZ[117]	OffsetZ[118]	OffsetZ[119]	OffsetZ[120]	OffsetZ[121]	OffsetZ[122]	OffsetZ[123]	OffsetZ[124]	OffsetZ[125]	OffsetZ[126]	OffsetZ[127]	OffsetZ[128]	OffsetZ[129]	OffsetZ[130]	OffsetZ[131]	OffsetZ[132]	OffsetZ[133]	OffsetZ[134]	OffsetZ[135]	OffsetZ[136]	OffsetZ[137]	OffsetZ[138]	OffsetZ[139]	OffsetZ[140]	OffsetZ[141]	OffsetZ[142]	OffsetZ[143]	OffsetZ[144]	OffsetZ[145]	OffsetZ[146]	OffsetZ[147]	OffsetZ[148]	OffsetZ[149]	OffsetZ[150]	OffsetZ[151]	OffsetZ[152]	OffsetZ[153]	OffsetZ[154]	OffsetZ[155]	OffsetZ[156]	OffsetZ[157]	OffsetZ[158]	OffsetZ[159]	OffsetZ[160]	OffsetZ[161]	OffsetZ[162]	OffsetZ[163]	OffsetZ[164]	OffsetZ[165]	OffsetZ[166]	OffsetZ[167]	OffsetZ[168]	OffsetZ[169]	OffsetZ[170]	OffsetZ[171]	OffsetZ[172]	OffsetZ[173]	OffsetZ[174]	OffsetZ[175]	OffsetZ[176]	OffsetZ[177]	OffsetZ[178]	OffsetZ[179]	OffsetZ[180]	OffsetZ[181]	OffsetZ[182]	OffsetZ[183]	OffsetZ[184]	OffsetZ[185]	OffsetZ[186]	OffsetZ[187]	OffsetZ[188]	OffsetZ[189]	OffsetZ[190]	OffsetZ[191]	OffsetZ[192]	OffsetZ[193]	OffsetZ[194]	OffsetZ[195]	OffsetZ[196]	OffsetZ[197]	OffsetZ[198]	OffsetZ[199]	OffsetZ[200]
Me1BioMd004050	Attack01	0	0.0434	0.0839	0.1084	0.1302	0.1488	0.1635	0.1743	0.1844	0.1947	0.2043	0.2125	0.2184	0.2212	0.2201	0.2149	0.1938	0.1405	0.0795	0.0405	0.0442	0.0705	0.1052	0.1333	0.1398	0.037	-0.0201	-0.0332	-0.0363	-0.0375	-0.0386	-0.0414	-0.0477	-0.1283	-0.226	-0.2347	-0.19	-0.1348	-0.0832	-0.0499	-0.0311	-0.0195	-0.0115	-0.0025	0
Me1BioMd004050	Attack02	0	-0.0024	-0.0063	-0.0059	-0.0092	-0.0414	-0.118	-0.1933	-0.2499	-0.2756	-0.2811	-0.2826	-0.2808	-0.2773	-0.2738	-0.2716	-0.2718	-0.3146	-0.2894	-0.2229	-0.179	-0.1419	-0.1069	-0.0736	-0.0415	-0.0077	0
Me1BioMd004050	Attack03	0	-0.0345	-0.0494	0.0217	0.1033	0.053	-0.1978	-0.4159	-0.4827	-0.5368	-0.5372	-0.5405	-0.5439	-0.5472	-0.5505	-0.5539	-0.5572	-0.5606	-0.5639	-0.5672	-0.5706	-0.5739	-0.5772	-0.5806	-0.5839	-0.5873	-0.5906	-0.5939	-0.5973	-0.5849	-0.5356	-0.4901	-0.4453	-0.4003	-0.3567	-0.3154	-0.2755	-0.2364	-0.1979	-0.1598	-0.1219	-0.0841	-0.0457	-0.0076	0
Me1BioMd004050	Attack04	0	-0.0086	-0.0181	-0.0247	-0.0292	-0.0298	-0.0256	-0.0203	-0.0145	-0.0082	-0.0017	0.0051	0.0119	0.0189	0.0258	0.0325	0.039	0.2172	0.219	0.2202	0.2182	0.2102	0.1944	0.1719	0.1455	0.1187	0.0947	0.0761	0.0609	0.0477	0.0358	0.0249	0.0143	0.0027	0
Me1BioMd004050	Attack05	0	-0.0441	-0.08	-0.1147	-0.1363	-0.0674	0	0	0	0	0	0	0	0.0029	0.1223	0.2544	0.2362	0.2264	0.2166	0.2275	0.1997	0.1302	0.0399	-0.0335	-0.0985	-0.1389	-0.1339	-0.1003	-0.0545	-0.0089	0
Me1BioMd004050	Behitfly	0	-0.2468	-0.2872	-0.294	-0.3072	-0.3201	-0.3328	-0.3457	-0.3585	-0.3715	-0.3844	-0.3973	-0.4102	-0.4231	-0.4359	-0.4487	-0.4614	-0.474	-0.4866	-0.499	-0.5113
Me1BioMd004050	Death	0	-0.105	-0.4583	-0.5225	-0.4816	-0.4469	-0.4262	-0.4081	-0.3853	-0.3508	-0.2996	-0.2341	-0.159	-0.0788	0.0019	0.0891	0.1953	0.3407	0.5078	0.5598	0.5954	0.6358	0.6819	0.7276	0.7701	0.8092	0.8479	0.891	0.943	1.0167	1.1273	1.3159	1.3161	1.3096	1.3037	1.3167	1.3236	1.3261	1.3276	1.3287
Me1BioMd004050	Falldown	0	-0.0518	-0.1018	-0.1436	-0.1658	-0.1751	-0.1837	-0.1975	-0.2102	-0.2102
Me1BioMd004050	Hit1	0	-0.0869	-0.3808	-0.6601	-0.7793	-0.7802	-0.8048	-0.8245	-0.8357	-0.8459	-0.8514	-0.8239	-0.7372	-0.6024	-0.4494	-0.3098	-0.2034	-0.1185	-0.0506	-0.0028	0.0008	0
Me1BioMd004050	Hit2	0	-0.1292	-0.2368	-0.309	-0.3356	-0.348	-0.3456	-0.3306	-0.3104	-0.2866	-0.2603	-0.233	-0.2037	-0.1691	-0.1326	-0.0987	-0.0697	-0.046	-0.0285	-0.0328	-0.0376	-0.0149
Me1BioMd004050	Hit3	0	-0.0443	-0.1943	-0.2341	-0.2438	-0.3287	-0.4088	-0.4762	-0.546	-0.6139	-0.6759	-0.728	-0.7665	-0.7941	-0.8161	-0.8308	-0.8359	-0.8288	-0.8088	-0.7673	-0.6861	-0.5718	-0.4485	-0.3399	-0.2647	-0.2202	-0.185	-0.185
Me1BioMd004050	Hit4	0	-0.19	-0.4214	-0.5786	-0.715	-0.8428	-0.9693	-1.0863	-1.1803	-1.2355	-1.2604	-1.2791	-1.2935	-1.2933	-1.2825	-1.2692	-1.2526	-1.2289	-1.1942	-1.1446	-1.0771	-0.996	-0.9093	-0.8242	-0.748	-0.6911	-0.6743	-0.6735	-0.6721
Me1BioMd004050	Hitdown	0	-0.2474	-0.2774	-0.3175	-0.4338	-0.5466	-0.6468	-0.7272	-0.7753	-0.8224	-0.8587	-0.8749	-0.8826	-0.8931	-0.9073	-0.9159	-0.9154
Me1BioMd004050	Hoverhit	0	-0.0199	-0.0429	-0.0652	-0.0879	-0.1108	-0.1336	-0.1562	-0.1785	-0.2002	-0.2212	-0.2212
Me1BioMd004050	Lieonfloor	0	0	0	0
Me1BioMd004050	Run	0	-0.0153	-0.026	-0.0315	-0.0273	-0.0159	-0.0041	-0.0031	-0.0184	-0.0269	-0.0299	-0.0221	-0.0106	-0.0017	0
Me1BioMd004050	Stand2	0	0.0005	0.0009	0.0014	0.0019	0.0024	0.0029	0.0035	0.0041	0.0049	0.0056	0.0062	0.0067	0.007	0.007	0.0066	0.0061	0.0055	0.0048	0.0041	0.0035	0.0029	0.0024	0.0019	0.0013	0.0008	0.0003	0
Me1BioMd004050	Standup	0	-0.0113	-0.0247	-0.0427	-0.0673	-0.0902	-0.1058	-0.1066	-0.0712	-0.013	0.066	0.1803	0.3096	0.4068	0.4811	0.5379	0.5667	0.5729	0.5702	0.5608	0.5471	0.5316	0.5165	0.5036	0.5012
Me1BioMd004050	Stun	0	-0.0045	-0.0095	-0.0144	-0.0189	-0.0232	-0.027	-0.0298	-0.0317	-0.0328	-0.0331	-0.0326	-0.0314	-0.0292	-0.0256	-0.0207	-0.0155	-0.0108	-0.0063	-0.0022	0.0002	0.0011	0.0014	0.0013	0.0009	0.0004	0.0001	0
Me1BioMd004050	Walk	0	0.0074	0.0154	0.0207	0.0249	0.0288	0.0319	0.0336	0.0334	0.0294	0.0218	0.0136	0.0073	0.0033	0.0003	-0.0013	-0.0009	0.0047	0.0137	0.0195	0.0237	0.0277	0.0309	0.0327	0.0326	0.0286	0.021	0.0127	0.0065	0.0035	0.0019	0.001	0	0
Me1BioMd004050	Walkb	0	0.001	0.0019	0.0035	0.0065	0.0127	0.021	0.0286	0.0326	0.0327	0.0309	0.0277	0.0237	0.0195	0.0137	0.0047	-0.0009	-0.0013	0.0003	0.0033	0.0073	0.0136	0.0219	0.0294	0.0334	0.0336	0.0319	0.0288	0.0249	0.0207	0.0154	0.0074	0	0
Me1BioMd004050	Walkl	0	0	0	0	0	0	0	0	0	0	0	0	0	0	0	0	0	0	0	0	0	0	0	0	0	0	0	0	0	0	0	0	0	0
Me1BioMd004050	Walkr	0	0	0	0	0	0	0	0	0	0	0	0	0	0	0	0	0	0	0	0	0	0	0	0	0	0	0	0	0	0	0	0	0	0
