Role	Animation	OffsetZ[1]	OffsetZ[2]	OffsetZ[3]	OffsetZ[4]	OffsetZ[5]	OffsetZ[6]	OffsetZ[7]	OffsetZ[8]	OffsetZ[9]	OffsetZ[10]	OffsetZ[11]	OffsetZ[12]	OffsetZ[13]	OffsetZ[14]	OffsetZ[15]	OffsetZ[16]	OffsetZ[17]	OffsetZ[18]	OffsetZ[19]	OffsetZ[20]	OffsetZ[21]	OffsetZ[22]	OffsetZ[23]	OffsetZ[24]	OffsetZ[25]	OffsetZ[26]	OffsetZ[27]	OffsetZ[28]	OffsetZ[29]	OffsetZ[30]	OffsetZ[31]	OffsetZ[32]	OffsetZ[33]	OffsetZ[34]	OffsetZ[35]	OffsetZ[36]	OffsetZ[37]	OffsetZ[38]	OffsetZ[39]	OffsetZ[40]	OffsetZ[41]	OffsetZ[42]	OffsetZ[43]	OffsetZ[44]	OffsetZ[45]	OffsetZ[46]	OffsetZ[47]	OffsetZ[48]	OffsetZ[49]	OffsetZ[50]	OffsetZ[51]	OffsetZ[52]	OffsetZ[53]	OffsetZ[54]	OffsetZ[55]	OffsetZ[56]	OffsetZ[57]	OffsetZ[58]	OffsetZ[59]	OffsetZ[60]	OffsetZ[61]	OffsetZ[62]	OffsetZ[63]	OffsetZ[64]	OffsetZ[65]	OffsetZ[66]	OffsetZ[67]	OffsetZ[68]	OffsetZ[69]	OffsetZ[70]	OffsetZ[71]	OffsetZ[72]	OffsetZ[73]	OffsetZ[74]	OffsetZ[75]	OffsetZ[76]	OffsetZ[77]	OffsetZ[78]	OffsetZ[79]	OffsetZ[80]	OffsetZ[81]	OffsetZ[82]	OffsetZ[83]	OffsetZ[84]	OffsetZ[85]	OffsetZ[86]	OffsetZ[87]	OffsetZ[88]	OffsetZ[89]	OffsetZ[90]	OffsetZ[91]	OffsetZ[92]	OffsetZ[93]	OffsetZ[94]	OffsetZ[95]	OffsetZ[96]	OffsetZ[97]	OffsetZ[98]	OffsetZ[99]	OffsetZ[100]	OffsetZ[101]	OffsetZ[102]	OffsetZ[103]	OffsetZ[104]	OffsetZ[105]	OffsetZ[106]	OffsetZ[107]	OffsetZ[108]	OffsetZ[109]	OffsetZ[110]	OffsetZ[111]	OffsetZ[112]	OffsetZ[113]	OffsetZ[114]	OffsetZ[115]	OffsetZ[116]	OffsetZ[117]	OffsetZ[118]	OffsetZ[119]	OffsetZ[120]	OffsetZ[121]	OffsetZ[122]	OffsetZ[123]	OffsetZ[124]	OffsetZ[125]	OffsetZ[126]	OffsetZ[127]	OffsetZ[128]	OffsetZ[129]	OffsetZ[130]	OffsetZ[131]	OffsetZ[132]	OffsetZ[133]	OffsetZ[134]	OffsetZ[135]	OffsetZ[136]	OffsetZ[137]	OffsetZ[138]	OffsetZ[139]	OffsetZ[140]	OffsetZ[141]	OffsetZ[142]	OffsetZ[143]	OffsetZ[144]	OffsetZ[145]	OffsetZ[146]	OffsetZ[147]	OffsetZ[148]	OffsetZ[149]	OffsetZ[150]	OffsetZ[151]	OffsetZ[152]	OffsetZ[153]	OffsetZ[154]	OffsetZ[155]	OffsetZ[156]	OffsetZ[157]	OffsetZ[158]	OffsetZ[159]	OffsetZ[160]	OffsetZ[161]	OffsetZ[162]	OffsetZ[163]	OffsetZ[164]	OffsetZ[165]	OffsetZ[166]	OffsetZ[167]	OffsetZ[168]	OffsetZ[169]	OffsetZ[170]	OffsetZ[171]	OffsetZ[172]	OffsetZ[173]	OffsetZ[174]	OffsetZ[175]	OffsetZ[176]	OffsetZ[177]	OffsetZ[178]	OffsetZ[179]	OffsetZ[180]	OffsetZ[181]	OffsetZ[182]	OffsetZ[183]	OffsetZ[184]	OffsetZ[185]	OffsetZ[186]	OffsetZ[187]	OffsetZ[188]	OffsetZ[189]	OffsetZ[190]	OffsetZ[191]	OffsetZ[192]	OffsetZ[193]	OffsetZ[194]	OffsetZ[195]	OffsetZ[196]	OffsetZ[197]	OffsetZ[198]	OffsetZ[199]	OffsetZ[200]
Me1RocketMd002002	Attack01	0	-0.1917	-0.411	-0.5676	-0.6233	-0.6586	-0.6857	-0.7057	-0.7197	-0.7285	-0.7333	-0.7352	-0.735	-0.7339	-0.7329	-0.733	-0.7352	-0.6571	-1.1604	-1.9515	-2.8321	-3.435	-3.7875	-4.06	-4.3336	-4.7699	-5.2537	-5.8444	-6.1863	-6.382	-6.4916	-6.5379	-6.5435	-6.5303	-6.5028	-6.4609	-6.4066	-6.3421	-6.2692	-6.1901	-6.1068	-6.0213	-5.9358	-5.8521	-5.7724	-5.6954	-5.6223	-5.5589	-5.511	-5.4844	-5.4794	-5.4804	-5.4842	-5.4892	-5.4933	-5.4951	-5.4961	-5.4969	-5.4977	-5.4984	-5.4991	-5.4995
Me1RocketMd002002	Attack02	0	-0.1318	-0.2553	-0.2971	-0.3162	-0.3228	-0.3292	-0.3353	-0.3412	-0.347	-0.3526	-0.3581	-0.3635	-0.3691	-0.3752	-0.3819	-0.3894	-0.3979	-0.4076	-0.4143	-0.5015	-0.9419	-1.8854	-1.9438	-1.8859	-1.8642	-1.8407	-1.8147	-1.7856	-1.7527	-1.7153	-1.6727	-1.6243	-1.5713	-1.5159	-1.4592	-1.4021	-1.3457	-1.2889	-1.2291	-1.1727	-1.1276	-1.1123	-1.1341	-1.1394	-1.1315	-1.1237	-1.118	-1.1143	-1.1126	-1.1126
Me1RocketMd002002	Attack04	0	-0.0517	-0.112	-0.152	-0.1622	-0.168	-0.1732	-0.1778	-0.1819	-0.1854	-0.1884	-0.1909	-0.1931	-0.1949	-0.1964	-0.1976	-0.1986	-0.1994	-0.2001	-0.2006	-0.2011	-0.2016	-0.2021	-0.2027	-0.2034	-0.2042	-0.2052	-0.2065	-0.2081	-0.2099	-0.2122	-0.2148	-0.218	-0.2215	-0.2286	-0.2459	-0.2691	-0.2925	-0.3103	-0.3167	-0.3063	-0.1474	0.1684	0.3025	0.3066	0.3034	0.2953	0.2884	0.2808	0.2707	0.2593	0.2477	0.237	0.2269	0.2167	0.2052	0.1917	0.1746	0.15	0.1218	0.0965	0.0801	0.0681	0.0573	0.0478	0.0391	0.0311	0.0235	0.0159	0.0082	0	0
Me1RocketMd002002	Attack05	0	-0.1279	-0.2553	-0.307	-0.3232	-0.3334	-0.3432	-0.3528	-0.3623	-0.3717	-0.3811	-0.3907	-0.4004	-0.4105	-0.4209	-0.4318	-0.4432	-0.4553	-0.4681	-0.478	-0.5554	-0.9726	-1.812	-1.9068	-1.9051	-1.9032	-1.8945	-1.8774	-1.8506	-1.8125	-1.7619	-1.7018	-1.6371	-1.5689	-1.4982	-1.4259	-1.353	-1.2806	-1.2105	-1.1456	-1.09	-1.0533	-1.039	-1.038	-1.0438	-1.0553	-1.0578
Me1RocketMd002002	Attack06	0	-0.1372	-0.1957	-0.2031	-0.1955	-0.1886	-0.1824	-0.1768	-0.1712	-0.1653	-0.1588	-0.1513	-0.1424	-0.1317	-0.119	-0.1038	-0.0858	-0.0672	0.0015	0.143	0.1748	0.1097	0.0237	-0.0148	-0.025	-0.0007	0.039	0.0659	0.0642	0.0486	0.0252	-0.0012	-0.0257	-0.045	-0.0644	-0.0851	-0.1054	-0.1237	-0.1383	-0.1477	-0.1501	-0.1442	-0.1304	-0.1112	-0.0889	-0.0655	-0.0434	-0.0248	-0.0119	-0.0073	-0.0108	-0.0183	-0.0257	-0.0301	-0.0337	-0.034	-0.0252	-0.0092	0.0057	0.0124	0.0118	0.0073	0.0021	0
Me1RocketMd002002	Attack07	0	-0.0571	-0.1247	-0.1897	-0.238	-0.2595	-0.2721	-0.2836	-0.2936	-0.3019	-0.3083	-0.3126	-0.3147	-0.3143	-0.3111	-0.3051	-0.296	-0.2835	-0.2676	-0.2081	0.0559	0.3398	0.5389	0.7261	0.9584	1.0151	1.0326	1.0328	1.0264	1.0144	0.9988	0.9817	0.9676	0.9536	0.9351	0.9075	0.8662	0.8048	0.7197	0.6138	0.4973	0.3808	0.2739	0.1701	0.0771	0.0234	0.0076	0.0101	0.0114	0.0073	0.0045	0.0022	0	0
Me1RocketMd002002	Death	0	0.0123	-0.0859	-0.2129	-0.2768	-0.3143	-0.3417	-0.3688	-0.405	-0.4792	-0.52	-0.4358	-0.4633	-0.4995	-0.5439	-0.5837	-0.6004	-0.6013	-0.5962	-0.592	-0.5911
Me1RocketMd002002	Run	0	0.0459	0.0595	0.0519	0.0153	0.0012	-0.0017	0.0461	0.0602	0.0527	0.016	0.0013	0	0
Me1RocketMd002002	Stand2	0	-0.0009	-0.0022	-0.0036	-0.005	-0.0064	-0.0079	-0.0092	-0.0105	-0.0117	-0.0127	-0.0136	-0.0142	-0.0145	-0.0146	-0.0144	-0.0141	-0.0136	-0.0131	-0.0124	-0.0116	-0.0108	-0.0099	-0.009	-0.008	-0.007	-0.006	-0.005	-0.0041	-0.0032	-0.0024	-0.0016	-0.0009	-0.0004	0.0001	0.0004	0.0005	0.0006	0.0006	0.0005	0.0004	0.0004
Me1RocketMd002002	Stun	0	0.0001	0.0002	0.0004	0.0006	0.0007	0.0009	0.0012	0.0014	0.0016	0.0018	0.002	0.0022	0.0024	0.0025	0.0025	0.0025	0.0025	0.0023	0.0022	0.0019	0.0017	0.0014	0.0011	0.0008	0.0004	0.0001	-0.0001
Me1RocketMd002002	Walk	0	-0.0059	-0.0126	-0.0192	-0.025	-0.0283	-0.0279	-0.0248	-0.02	-0.0145	-0.0092	-0.0044	-0.0007	0.001	-0.0064	-0.0153	-0.0206	-0.0242	-0.0249	-0.0227	-0.0194	-0.0161	-0.0122	-0.0078	-0.0028	0.0003	0.0003	0
Me1RocketMd002002	Walkb	0	-0.0059	-0.0126	-0.0192	-0.025	-0.0283	-0.0279	-0.0248	-0.0213	-0.0166	-0.0093	0.0079	0.022	0.0067	-0.0078	-0.0152	-0.0206	-0.0242	-0.0259	-0.0254	-0.0194	-0.0019	0.0198	0.0263	0.0095	-0.002	-0.0011	0
Me1RocketMd002002	Walkl	0	-0.0059	-0.0126	-0.0192	-0.025	-0.0283	-0.0279	-0.0248	-0.02	-0.0145	-0.0092	-0.0044	-0.0007	0.001	-0.0064	-0.0153	-0.0206	-0.0242	-0.0249	-0.0227	-0.0194	-0.0161	-0.0122	-0.0078	-0.0028	0.0003	0.0004	0
Me1RocketMd002002	Walkr	0	-0.0059	-0.0126	-0.0192	-0.025	-0.0283	-0.0279	-0.0248	-0.02	-0.0145	-0.0092	-0.0044	-0.0007	0.001	-0.0064	-0.0153	-0.0206	-0.0242	-0.0249	-0.0227	-0.0194	-0.0161	-0.0122	-0.0078	-0.0028	0.0003	0.0004	0
