Role	Animation	OffsetZ[1]	OffsetZ[2]	OffsetZ[3]	OffsetZ[4]	OffsetZ[5]	OffsetZ[6]	OffsetZ[7]	OffsetZ[8]	OffsetZ[9]	OffsetZ[10]	OffsetZ[11]	OffsetZ[12]	OffsetZ[13]	OffsetZ[14]	OffsetZ[15]	OffsetZ[16]	OffsetZ[17]	OffsetZ[18]	OffsetZ[19]	OffsetZ[20]	OffsetZ[21]	OffsetZ[22]	OffsetZ[23]	OffsetZ[24]	OffsetZ[25]	OffsetZ[26]	OffsetZ[27]	OffsetZ[28]	OffsetZ[29]	OffsetZ[30]	OffsetZ[31]	OffsetZ[32]	OffsetZ[33]	OffsetZ[34]	OffsetZ[35]	OffsetZ[36]	OffsetZ[37]	OffsetZ[38]	OffsetZ[39]	OffsetZ[40]	OffsetZ[41]	OffsetZ[42]	OffsetZ[43]	OffsetZ[44]	OffsetZ[45]	OffsetZ[46]	OffsetZ[47]	OffsetZ[48]	OffsetZ[49]	OffsetZ[50]	OffsetZ[51]	OffsetZ[52]	OffsetZ[53]	OffsetZ[54]	OffsetZ[55]	OffsetZ[56]	OffsetZ[57]	OffsetZ[58]	OffsetZ[59]	OffsetZ[60]	OffsetZ[61]	OffsetZ[62]	OffsetZ[63]	OffsetZ[64]	OffsetZ[65]	OffsetZ[66]	OffsetZ[67]	OffsetZ[68]	OffsetZ[69]	OffsetZ[70]	OffsetZ[71]	OffsetZ[72]	OffsetZ[73]	OffsetZ[74]	OffsetZ[75]	OffsetZ[76]	OffsetZ[77]	OffsetZ[78]	OffsetZ[79]	OffsetZ[80]	OffsetZ[81]	OffsetZ[82]	OffsetZ[83]	OffsetZ[84]	OffsetZ[85]	OffsetZ[86]	OffsetZ[87]	OffsetZ[88]	OffsetZ[89]	OffsetZ[90]	OffsetZ[91]	OffsetZ[92]	OffsetZ[93]	OffsetZ[94]	OffsetZ[95]	OffsetZ[96]	OffsetZ[97]	OffsetZ[98]	OffsetZ[99]	OffsetZ[100]	OffsetZ[101]	OffsetZ[102]	OffsetZ[103]	OffsetZ[104]	OffsetZ[105]	OffsetZ[106]	OffsetZ[107]	OffsetZ[108]	OffsetZ[109]	OffsetZ[110]	OffsetZ[111]	OffsetZ[112]	OffsetZ[113]	OffsetZ[114]	OffsetZ[115]	OffsetZ[116]	OffsetZ[117]	OffsetZ[118]	OffsetZ[119]	OffsetZ[120]	OffsetZ[121]	OffsetZ[122]	OffsetZ[123]	OffsetZ[124]	OffsetZ[125]	OffsetZ[126]	OffsetZ[127]	OffsetZ[128]	OffsetZ[129]	OffsetZ[130]	OffsetZ[131]	OffsetZ[132]	OffsetZ[133]	OffsetZ[134]	OffsetZ[135]	OffsetZ[136]	OffsetZ[137]	OffsetZ[138]	OffsetZ[139]	OffsetZ[140]	OffsetZ[141]	OffsetZ[142]	OffsetZ[143]	OffsetZ[144]	OffsetZ[145]	OffsetZ[146]	OffsetZ[147]	OffsetZ[148]	OffsetZ[149]	OffsetZ[150]	OffsetZ[151]	OffsetZ[152]	OffsetZ[153]	OffsetZ[154]	OffsetZ[155]	OffsetZ[156]	OffsetZ[157]	OffsetZ[158]	OffsetZ[159]	OffsetZ[160]	OffsetZ[161]	OffsetZ[162]	OffsetZ[163]	OffsetZ[164]	OffsetZ[165]	OffsetZ[166]	OffsetZ[167]	OffsetZ[168]	OffsetZ[169]	OffsetZ[170]	OffsetZ[171]	OffsetZ[172]	OffsetZ[173]	OffsetZ[174]	OffsetZ[175]	OffsetZ[176]	OffsetZ[177]	OffsetZ[178]	OffsetZ[179]	OffsetZ[180]	OffsetZ[181]	OffsetZ[182]	OffsetZ[183]	OffsetZ[184]	OffsetZ[185]	OffsetZ[186]	OffsetZ[187]	OffsetZ[188]	OffsetZ[189]	OffsetZ[190]	OffsetZ[191]	OffsetZ[192]	OffsetZ[193]	OffsetZ[194]	OffsetZ[195]	OffsetZ[196]	OffsetZ[197]	OffsetZ[198]	OffsetZ[199]	OffsetZ[200]
Mo1KuroMd1001	Attack01	0	0	0	0	0	0	0	0	0	0	0	0	0	0	0	0	0	0	-0.0683	-0.3385	-0.6332	-0.7782	-0.8518	-0.902	-0.939	-0.9584	-0.9718	-0.9754	-0.9768	-0.4546	0.6821	2.1261	3.4472	4.1538	4.0932	3.6068	3.3399	3.1985	3.0843	2.966	2.8321	2.698	2.5552	2.3817	2.139	1.7967	1.5664	1.392	1.2539	1.134	1.0656	1.023	0.9804	0.9435	0.918	0.8924	0.8669	0.862	0.8572	0.8523	0.8474	0.8451	0.8481	0.8514	0.8545	0.8566	0.8575	0.8573	0.8568	0.8562	0.8555	0.855	0.8543	0.8536	0.853	0.8525	0.8523	0.8523
Mo1KuroMd1001	Behitfly	0	-0.0356	-0.0684	-0.0892	-0.101	-0.1106	-0.1193	-0.1273	-0.1347	-0.1418	-0.1487	-0.1556	-0.1617	-0.1671	-0.1721	-0.1774	-0.1832	-0.1901	-0.1985	-0.2051
Mo1KuroMd1001	Born	0	0.0192	0.0479	0.0654	0.0803	0.0925	0.1009	0.103	0.1029	0.1029	0.1029	0.1029	0.1029	0.1029	0.1029	0.1029	0.1029	0.1029	0.1029	0.1029	0.1029	0.1029	0.1029	0.1029	0.1029	0.1029	0.1029	0.1029	0.1029	0.1029	0.1029	0.1029	0.1029	0.1029	0.1029	0.1029	0.1029	0.1029	0.1029	0.1029	0.1029	0.1029	0.1029	0.1029	0.1029	0.1029	0.1029	0.1029	0.1029	0.1029	0.1029	0.1029	0.1029	0.1029	0.1029	0.1029	0.1029	0.1029	0.1029	0.1029	0.1029	0.1029
Mo1KuroMd1001	Death	0	-0.2287	-0.3352	-0.3567	-0.3716	-0.3929	-0.4133	-0.4304	-0.4432	-0.4505	-0.4539	-0.4544	-0.4526	-0.449	-0.4446	-0.4418	-0.4411	-0.4419	-0.4434	-0.4455	-0.4482	-0.4515	-0.4552	-0.4593	-0.4638	-0.4687	-0.4741	-0.4808	-0.4884	-0.4967	-0.5054	-0.5142	-0.5228	-0.5301	-0.5361	-0.5423	-0.5498	-0.5599	-0.5741	-0.5992	-0.6622	-0.7103	-0.7252	-0.7359	-0.7453	-0.7539	-0.7613	-0.7648	-0.7655	-0.765	-0.7647
Mo1KuroMd1001	Falldown	0	-0.006	-0.0127	-0.0214	-0.0272	-0.0308	-0.0333	-0.0349	-0.0354	-0.0353	-0.035	-0.0349
Mo1KuroMd1001	Hit1	0	-0.1973	-0.2852	-0.3506	-0.3542	-0.3319	-0.2987	-0.2616	-0.2155	-0.1618	-0.1072	-0.0584	-0.0209	-0.0018	0
Mo1KuroMd1001	Hit2	0	-0.1971	-0.284	-0.3503	-0.3544	-0.3326	-0.3	-0.2631	-0.2168	-0.1629	-0.108	-0.0588	-0.0211	-0.0018	0
Mo1KuroMd1001	Hit3	0	-0.3051	-0.5444	-0.7095	-0.7885	-0.8387	-0.8729	-0.8961	-0.9135	-0.9299	-0.9455	-0.9594	-0.9715	-0.9817	-0.9897	-0.9956	-0.999	-0.9999
Mo1KuroMd1001	Hit4	0	-0.3038	-0.5423	-0.7089	-0.7895	-0.8408	-0.8757	-0.8992	-0.9166	-0.9328	-0.9479	-0.9614	-0.973	-0.9827	-0.9903	-0.9958	-0.999	-0.9999
Mo1KuroMd1001	Hitdown	0	-0.072	-0.1082	-0.1308	-0.1533	-0.1778	-0.2051	-0.2435	-0.2576	-0.2621	-0.2714	-0.278	-0.2823	-0.2851	-0.287	-0.2877	-0.2877	-0.2875	-0.2874	-0.2874
Mo1KuroMd1001	Hoverhit	0	-0.0139	-0.0265	-0.0378	-0.0477	-0.0563	-0.0634	-0.069	-0.0732	-0.0758	-0.0769
Mo1KuroMd1001	Lieonfloor	0	0	0	0	0	0	0	0	0	0
Mo1KuroMd1001	Run	0	0.0013	0.0047	0.0092	0.014	0.0182	0.021	0.0214	0.0193	0.0155	0.0108	0.0061	0.0022	0.0002	0.0006	0.0034	0.0076	0.0124	0.0169	0.0203	0.0216	0.0203	0.0169	0.0124	0.0076	0.0034	0.0006	0
Mo1KuroMd1001	Stand1	0	0	0	0	0	0	0	0	0	0	0	0	0	0	0	0	0	0	0	0	0	0	0	0	0	0	0	0	0	0	0	0	0	0	0	0	0	0	0	0	0	0
Mo1KuroMd1001	Stand2	0	0	0	0	0	0	0	0	0	0	0	0	0	0	0	0	0	0	0	0	0	0	0	0	0	0	0	0	0	0	0	0	0	0	0	0	0	0	0	0	0	0
Mo1KuroMd1001	Standup	0	-0.0015	0.0241	0.1091	0.176	0.2187	0.2535	0.2793	0.3008	0.3193	0.3338	0.3433	0.3467	0.3433	0.3349	0.3238	0.3123	0.3021	0.2909	0.2874
Mo1KuroMd1001	Walk	0	0.0006	0.0022	0.0047	0.0076	0.0108	0.014	0.0169	0.0193	0.021	0.0215	0.0209	0.0193	0.0169	0.014	0.0108	0.0076	0.0047	0.0022	0.0006	0	0.0006	0.0022	0.0047	0.0076	0.0108	0.014	0.0169	0.0193	0.021	0.0215	0.0209	0.0193	0.0169	0.014	0.0108	0.0076	0.0047	0.0022	0.0006	0	0
Mo1KuroMd1001	Walkb	0	-0.0008	-0.003	-0.0063	-0.0102	-0.0146	-0.0189	-0.0229	-0.0261	-0.0283	-0.0291	-0.0283	-0.0261	-0.0229	-0.0189	-0.0146	-0.0102	-0.0063	-0.003	-0.0008	0	-0.0009	-0.0032	-0.0067	-0.0109	-0.0155	-0.0201	-0.0243	-0.0278	-0.0302	-0.031	-0.0301	-0.0278	-0.0243	-0.0201	-0.0155	-0.0109	-0.0067	-0.0032	-0.0009	0	0
Mo1KuroMd1001	Walkl	0	0	0.0001	0.0001	0.0002	0.0003	0.0003	0.0004	0.0005	0.0005	0.0005	0.0005	0.0005	0.0004	0.0003	0.0003	0.0002	0.0001	0.0001	0	0	0	0.0001	0.0001	0.0002	0.0003	0.0003	0.0004	0.0005	0.0005	0.0005	0.0005	0.0005	0.0004	0.0003	0.0003	0.0002	0.0001	0.0001	0	0	0
Mo1KuroMd1001	Walkr	0	-0.0009	-0.0032	-0.0067	-0.0109	-0.0155	-0.0201	-0.0243	-0.0278	-0.0302	-0.031	-0.0301	-0.0278	-0.0243	-0.0201	-0.0155	-0.0109	-0.0067	-0.0032	-0.0009	0	-0.0009	-0.0032	-0.0067	-0.0109	-0.0155	-0.0201	-0.0243	-0.0278	-0.0302	-0.031	-0.0301	-0.0278	-0.0243	-0.0201	-0.0155	-0.0109	-0.0067	-0.0032	-0.0009	0	0
