Role	Animation	OffsetZ[1]	OffsetZ[2]	OffsetZ[3]	OffsetZ[4]	OffsetZ[5]	OffsetZ[6]	OffsetZ[7]	OffsetZ[8]	OffsetZ[9]	OffsetZ[10]	OffsetZ[11]	OffsetZ[12]	OffsetZ[13]	OffsetZ[14]	OffsetZ[15]	OffsetZ[16]	OffsetZ[17]	OffsetZ[18]	OffsetZ[19]	OffsetZ[20]	OffsetZ[21]	OffsetZ[22]	OffsetZ[23]	OffsetZ[24]	OffsetZ[25]	OffsetZ[26]	OffsetZ[27]	OffsetZ[28]	OffsetZ[29]	OffsetZ[30]	OffsetZ[31]	OffsetZ[32]	OffsetZ[33]	OffsetZ[34]	OffsetZ[35]	OffsetZ[36]	OffsetZ[37]	OffsetZ[38]	OffsetZ[39]	OffsetZ[40]	OffsetZ[41]	OffsetZ[42]	OffsetZ[43]	OffsetZ[44]	OffsetZ[45]	OffsetZ[46]	OffsetZ[47]	OffsetZ[48]	OffsetZ[49]	OffsetZ[50]	OffsetZ[51]	OffsetZ[52]	OffsetZ[53]	OffsetZ[54]	OffsetZ[55]	OffsetZ[56]	OffsetZ[57]	OffsetZ[58]	OffsetZ[59]	OffsetZ[60]	OffsetZ[61]	OffsetZ[62]	OffsetZ[63]	OffsetZ[64]	OffsetZ[65]	OffsetZ[66]	OffsetZ[67]	OffsetZ[68]	OffsetZ[69]	OffsetZ[70]	OffsetZ[71]	OffsetZ[72]	OffsetZ[73]	OffsetZ[74]	OffsetZ[75]	OffsetZ[76]	OffsetZ[77]	OffsetZ[78]	OffsetZ[79]	OffsetZ[80]	OffsetZ[81]	OffsetZ[82]	OffsetZ[83]	OffsetZ[84]	OffsetZ[85]	OffsetZ[86]	OffsetZ[87]	OffsetZ[88]	OffsetZ[89]	OffsetZ[90]	OffsetZ[91]	OffsetZ[92]	OffsetZ[93]	OffsetZ[94]	OffsetZ[95]	OffsetZ[96]	OffsetZ[97]	OffsetZ[98]	OffsetZ[99]	OffsetZ[100]	OffsetZ[101]	OffsetZ[102]	OffsetZ[103]	OffsetZ[104]	OffsetZ[105]	OffsetZ[106]	OffsetZ[107]	OffsetZ[108]	OffsetZ[109]	OffsetZ[110]	OffsetZ[111]	OffsetZ[112]	OffsetZ[113]	OffsetZ[114]	OffsetZ[115]	OffsetZ[116]	OffsetZ[117]	OffsetZ[118]	OffsetZ[119]	OffsetZ[120]	OffsetZ[121]	OffsetZ[122]	OffsetZ[123]	OffsetZ[124]	OffsetZ[125]	OffsetZ[126]	OffsetZ[127]	OffsetZ[128]	OffsetZ[129]	OffsetZ[130]	OffsetZ[131]	OffsetZ[132]	OffsetZ[133]	OffsetZ[134]	OffsetZ[135]	OffsetZ[136]	OffsetZ[137]	OffsetZ[138]	OffsetZ[139]	OffsetZ[140]	OffsetZ[141]	OffsetZ[142]	OffsetZ[143]	OffsetZ[144]	OffsetZ[145]	OffsetZ[146]	OffsetZ[147]	OffsetZ[148]	OffsetZ[149]	OffsetZ[150]	OffsetZ[151]	OffsetZ[152]	OffsetZ[153]	OffsetZ[154]	OffsetZ[155]	OffsetZ[156]	OffsetZ[157]	OffsetZ[158]	OffsetZ[159]	OffsetZ[160]	OffsetZ[161]	OffsetZ[162]	OffsetZ[163]	OffsetZ[164]	OffsetZ[165]	OffsetZ[166]	OffsetZ[167]	OffsetZ[168]	OffsetZ[169]	OffsetZ[170]	OffsetZ[171]	OffsetZ[172]	OffsetZ[173]	OffsetZ[174]	OffsetZ[175]	OffsetZ[176]	OffsetZ[177]	OffsetZ[178]	OffsetZ[179]	OffsetZ[180]	OffsetZ[181]	OffsetZ[182]	OffsetZ[183]	OffsetZ[184]	OffsetZ[185]	OffsetZ[186]	OffsetZ[187]	OffsetZ[188]	OffsetZ[189]	OffsetZ[190]	OffsetZ[191]	OffsetZ[192]	OffsetZ[193]	OffsetZ[194]	OffsetZ[195]	OffsetZ[196]	OffsetZ[197]	OffsetZ[198]	OffsetZ[199]	OffsetZ[200]
R1LuxiyaMd010011	Attack01	0	0.0906	0.4662	0.9552	1.114	1.0989	1.0853	1.0765	1.0668	1.0601	1.0553	1.0528	1.0504	1.0501	1.0543	1.0673	1.1074	1.1688	1.2609	1.3638	1.4104	1.3363	1.2506	1.1989	1.172	1.1585	1.1581	1.1676	1.1733	1.171	1.1682	1.1644	1.1603	1.1569	1.1558
R1LuxiyaMd010011	Attack02	0	-0.0707	0.0695	0.6933	1.0145	1.1422	1.236	1.3383	1.9037	2.016	2.0391	2.0433	2.0398	2.0311	2.022	2.0161	2.009	1.9984	1.9834	1.9604	1.9288	1.8879	1.84	1.7931	1.7526	1.7225	1.6995	1.6864	1.6799	1.6797	1.6835	1.6906	1.6991	1.7072	1.7133	1.7161
R1LuxiyaMd010011	Attack03	0	0.001	0.2982	0.6649	0.8057	0.8019	0.7946	0.7857	0.7773	0.7716	0.7696	0.7727	0.7841	0.812	0.8687	0.9466	1.0446	1.1944	1.3737	1.5121	1.5576	1.5695	1.5716	1.5708	1.5678	1.5626	1.5569	1.551	1.5454	1.5418
R1LuxiyaMd010011	Attack04	0	0.1382	0.3955	0.6948	1.0859	1.4426	1.4508	1.4368	1.4217	1.4134	1.4108	1.4106	1.412	1.4248	1.452	1.496	1.5647	1.6716	1.7857	1.8961	1.9452	1.9499	1.9366	1.9204	1.9043	1.8907	1.8831	1.8745	1.8657	1.8575	1.8505	1.8469
R1LuxiyaMd010011	Attack05	0	-0.0845	-0.0077	-0.0548	-0.2033	0.0112	-0.0818	-0.2029	-0.2404	-0.2433	-0.2388	-0.2266	-0.2115	-0.1938	-0.1663	-0.1045	0.0021	0.1145	0.2522	0.3953	0.4615	0.4769	0.4806	0.4797	0.4703	0.456	0.4483	0.4438	0.4396	0.4368	0.4359	0.4359
R1LuxiyaMd010011	Attack06	0	-0.0614	-0.1525	-0.221	-0.2194	0.4652	2.6633	4.3069	4.4273	4.5039	4.538	4.5589	4.5815	4.5942	4.6082	4.6233	4.6393	4.6846	4.7324	4.797	4.8808	4.9756	5.0151	5.0212	5.0135	5.0027	4.9828	4.9584	4.9398	4.9163	4.8915	4.8753
R1LuxiyaMd010011	Attack07	0	0.1603	0.2992	0.4007	0.4906	0.5715	0.6771	1.0317	1.1658	1.1803	1.1796	1.1778	1.1732	1.1651	1.1525	1.1347	1.111	1.0424	0.9416	0.8022	0.6162	0.4536	0.3256	0.2592	0.2174	0.1883	0.1661	0.1439	0.1195	0.0887	0.062	0.0563	0.0537	0.0521	0.0502	0.0484	0.0465	0.0458	0.0478	0.0527	0.0627	0.0843	0.109	0.141	0.1607	0.171	0.177	0.1823	0.1868	0.1911	0.1955	0.1955
R1LuxiyaMd010011	Attack11	0	0.1029	0.5627	2.323	4.5788	5.6353	5.7395	5.7414	5.7296	5.6867	5.6116	5.5004	5.4198	5.4086	5.4341	5.4843	5.5549	5.6578	5.7466	5.8377	5.9526	6.1008	6.1781	6.2074	6.2186	6.2185	6.2023	6.1792	6.1664	6.1499	6.1319	6.1147	6.0995	6.0995
R1LuxiyaMd010011	Attack21	0	-0.0315	-0.0714	-0.0735	-0.046	-0.044	-0.0463	-0.0509	-0.0575	-0.0674	-0.0779	-0.0869	-0.0923	-0.0875	-0.081	-0.0734	-0.0598	-0.0424	-0.0227	-0.0185	-0.0139	-0.0096	-0.0055	-0.0014	0
R1LuxiyaMd010011	Attack31	0	0.2113	0.4529	1.024	1.4282	1.5465	1.584	1.6122	1.6411	1.6808	1.7622	1.8775	1.9993	2.0766	2.1572	2.2046	2.2182	2.2136	2.2008	2.1804	2.1568	2.1325	2.1064	2.0782	2.049	2.0198	1.9917	1.9917
R1LuxiyaMd010011	Attack41	0	0.0353	0.0825	0.1348	0.2083	0.4594	0.8904	1.0901	1.0931	1.0733	1.0658	1.0599	1.0572	1.0592	1.0611	1.0668	1.0821	1.12	1.1795	1.2511	1.3412	1.4444	1.5497	1.652	1.6984	1.7137	1.7255	1.7271	1.7139	1.7007	1.6895	1.676	1.6628	1.6442	1.6248	1.6075	1.6023
R1LuxiyaMd010011	Attack42	0	-0.0177	0.075	0.2587	0.476	0.8739	1.0183	1.0273	1.0211	1.0117	0.9995	0.9855	0.9725	0.9557	0.9327	0.8942	0.8454	0.8091	0.7725	0.7376	0.7044	0.6777	0.6619	0.6498	0.6445	0.6479	0.6529	0.6552	0.6559	0.6597	0.664	0.6681	0.6719	0.6743
R1LuxiyaMd010011	Attack43	0	-0.0232	-0.0492	-0.0315	0.0186	0.2643	0.6534	0.7556	0.8361	0.9057	0.9533	1.0103	1.0465	1.101	1.2256	1.2709	1.2556	1.2421	1.2316	1.2215	1.2133	1.2088	1.2072	1.209	1.2127	1.2236	1.2477	1.2736	1.3038	1.3293	1.3371	1.368	1.4001	1.4304	1.4555	1.47	1.47	1.4676	1.4639	1.4596	1.4558	1.4558
R1LuxiyaMd010011	Attack44	0	-0.2047	0.209	1.6268	2.3323	2.4886	2.5538	2.5482	2.539	2.5248	2.51	2.5033	2.5078	2.5664	2.6359	2.7233	2.8343	2.9464	3.0016	3.0008	2.9925	2.9772	2.9696	2.9608	2.9465	2.9279	2.9081	2.8958
R1LuxiyaMd010011	Attack51	0	0.2118	0.4432	0.6166	0.7102	0.814	0.8243	0.7862	0.7685	0.7599	0.7491	0.7373	0.7247	0.7117	0.6987	0.6863	0.6748	0.6647	0.6566	0.6506	0.6475	0.6474	0.6508	0.6408	0.9513	3.7189	5.6593	5.6593	5.6593	5.6593	5.6593	5.6593	5.6593	5.6593	5.6593	5.6593	5.6593	5.6593	5.6593	5.6593	5.6593	5.6593	5.6593	5.6593	5.6593	5.6593	5.6593	5.5933	5.5212	5.5243	5.524	5.5248	5.5261	5.5275	5.5284	5.3017	5.5142	5.5982	5.5848	5.5769	5.5735	5.5731	5.5735	5.5753	5.5778	5.5807	5.5834	5.5859	5.5882	5.6061	5.6221	5.6454	5.6756	5.7416	5.8113	5.8911	5.9851	6.0867	6.1896	6.2899	6.3135	6.2986	6.2751	6.2479	6.2301	6.2153	6.1997	6.184	6.1805
R1LuxiyaMd010011	AttackQte	0	0.1225	0.2585	0.2662	0.2741	0.2851	0.2984	0.3134	0.3433	0.3952	0.4684	0.7195	1.1505	1.3502	1.3534	1.3313	1.3187	1.3001	1.3935	1.5773	1.7946	2.1925	2.3368	2.3462	2.3397	2.3168	2.2905	2.3082	2.3582	2.6039	2.993	3.0953	3.1758	3.2453	3.2929	3.35	3.3862	3.4406	3.5653	3.6104	3.5947	3.5819	3.583	3.5858	3.5748	3.4652	3.3189	4.1738	5.7627	5.9381	6.0812	6.1021	6.0939	6.0838	6.0688	6.0561	6.0521	6.0754	6.1373	6.2105	6.3091	6.421	6.5325	6.5514	6.5485	6.5361	6.5195	6.5155	6.5064	6.493	6.4772	6.4607	6.4451	6.4451
R1LuxiyaMd010011	Behitfly	0	0.0014	-0.0078	0.0548	0.0673	0.0734	0.0707	0.0744	0.0915	0.0937	0.0577
R1LuxiyaMd010011	Born	0	-0.0135	-0.0444	-0.1234	-0.1888	-0.1993	-0.2048	-0.2058	-0.2056	-0.2059	-0.2067	-0.207	-0.2069	-0.2065	-0.206	-0.2051	-0.2042	-0.203	-0.2016	-0.1999	-0.1981	-0.1963	-0.1944	-0.1925	-0.1906	-0.1835	-0.167	-0.1489	-0.1253	-0.0969	-0.0583	-0.0154	0.0278	0.0713	0.0915	0.1024	0.1075	0.107	0.1069	0.1051	0.1027	0.1	0.0981	0.0988	0.1014	0.097	0.0938	0.0938	0.0934	0.0926	0.0919	0.0915	0.0912	0.0911	0.091	0.0912	0.0918	0.0896	0.0765	0.0649	0.0588	0.0606	0.0636	0.0675	0.0713	0.0747	0.0775	0.0792	0.0804	0.0808	0.0805	0.08	0.0794	0.0792	0.0792
R1LuxiyaMd010011	Death	0	0.1022	0.0251	-0.1447	-0.2889	-0.3781	-0.4298	-0.4793	-0.5247	-0.5397	-0.5609	-0.5824	-0.6014	-0.6183	-0.6234	-0.6224	-0.6213	-0.6207	-0.6203	-0.6196	-0.6187	-0.6176	-0.6166	-0.6156	-0.6149	-0.6068	-0.6017	-0.6041	-0.6116	-0.6102	-0.6044	-0.602	-0.6006	-0.599	-0.5984
R1LuxiyaMd010011	Falldown	0	-0.3693	-0.5904	-0.8448	-1.335	-1.5494	-1.7317	-1.8952	-2.0141	-2.1766	-2.4314	-2.7834	-2.9356	-2.9921	-3.0315	-3.0677	-3.081
R1LuxiyaMd010011	Hit1	0	0.1257	-0.0422	-0.3531	-0.5949	-0.7233	-0.7539	-0.7874	-0.8183	-0.8264	-0.8352	-0.8399	-0.8417	-0.8439	-0.8485	-0.8593	-0.9202	-1.0101	-1.0993	-1.1807	-1.2552	-1.3223	-1.3837	-1.408	-1.4309	-1.4532	-1.4748	-1.4957	-1.5165	-1.5371	-1.5578	-1.5578
R1LuxiyaMd010011	Hit2	0	0.1014	0.0116	-0.1707	-0.3161	-0.4042	-0.4548	-0.5027	-0.5472	-0.5628	-0.573	-0.576	-0.5759	-0.5723	-0.5661	-0.5568	-0.5452	-0.5318	-0.5176	-0.4992	-0.4781	-0.4557	-0.4327	-0.4127	-0.3981	-0.3928	-0.3992	-0.4188	-0.4441	-0.4701	-0.492	-0.492
R1LuxiyaMd010011	Hit3	0	0.0942	0.0313	-0.1751	-0.4836	-0.7584	-0.9534	-1.1062	-1.1789	-1.2092	-1.2237	-1.2293	-1.2339	-1.2361	-1.2358	-1.2314	-1.2232	-1.2105	-1.1954	-1.1747	-1.1509	-1.1258	-1.1002	-1.0776	-1.061	-1.056	-1.0611	-1.0791	-1.1033	-1.1294	-1.1539	-1.1539
R1LuxiyaMd010011	Hit4	0	0.0942	0.0313	-0.1751	-0.4836	-0.7584	-0.9534	-1.1062	-1.1789	-1.2092	-1.2237	-1.2293	-1.2338	-1.236	-1.2356	-1.2312	-1.2231	-1.2107	-1.1957	-1.1749	-1.151	-1.1258	-1.1002	-1.0776	-1.061	-1.056	-1.0611	-1.0791	-1.1033	-1.1294	-1.1539	-1.1539
R1LuxiyaMd010011	Hitdown	0	0.0014	-0.0708	-0.0604	-0.0196	-0.0113	-0.0294	-0.1122	-0.3391	-0.7134	-0.9288	-1.1831	-1.6732	-1.8876	-2.0699	-2.2334	-2.3523	-2.5148	-2.7696	-3.1216	-3.2737	-3.3303	-3.3697	-3.4059	-3.4192
R1LuxiyaMd010011	Hoverhit	0	0.0538	0.0794	0.1015	0.1203	0.135	0.1462	0.1524	0.1541	0.1484	0.1355	0.1355
R1LuxiyaMd010011	Lieonfloor	0	0	0	0
R1LuxiyaMd010011	Move1	0	0.4663	1.5764	2.4321	3.2119	3.902	4.4301	4.7146	4.9081	5.0635	5.206	5.2559	5.2867	5.3112	5.3317	5.3491	5.3625	5.3744	5.3778	5.3718	5.3624	5.3505	5.3362	5.3201	5.3036	5.2866	5.2828
R1LuxiyaMd010011	Move2	0	-0.3651	-1.2719	-1.7681	-2.177	-2.5383	-2.9009	-3.1851	-3.4163	-3.6187	-3.8112	-3.9228	-4.016	-4.0636	-4.0934	-4.1117	-4.1247	-4.1244	-4.1188	-4.1111	-4.1003	-4.0869	-4.071	-4.0537	-4.0356	-4.0174	-4.0134
R1LuxiyaMd010011	Run	0	-0.0003	0.0115	0.0103	0.0388	0.0232	-0.0021	-0.0113	0.0012	0	0.0194	0.0423	0.0262	0.0053	0
R1LuxiyaMd010011	RunLeanL	0	-0.0028	0.0052	0.0068	0.0295	0.0094	-0.0176	-0.0254	-0.0105	-0.009	0.0202	0.0443	0.0268	0.0056	0.0001
R1LuxiyaMd010011	RunLeanR	0	0.0511	0.0136	0.0134	0.0357	0.026	-0.0013	-0.0116	-0.0002	-0.0028	0.0195	0.0396	0.0262	0.0052	0.0001
R1LuxiyaMd010011	RunStart	0	0.1752	0.3522	0.5444	0.7476	0.9688	1.2315	1.4952	1.718	1.958	2.1907	2.4357	2.6825	2.9168	3.1489	3.2906
R1LuxiyaMd010011	RunStartEnd01	0	0.0894	0.1822	0.2755	0.36	0.4176	0.4472	0.4645	0.4769	0.4849	0.4894	0.4905	0.488	0.4824	0.4587	0.3966	0.3151	0.2426	0.1854	0.1547	0.1335	0.1129	0.0955	0.0833	0.0733	0.0661	0.0622	0.0612	0.0605	0.0605
R1LuxiyaMd010011	Save	0	0	0	0.0001	0.0001	0.0001	0.0002	0.0002	0.0003	0.0003	0.0004	0.0005	0.0006	0.0007	0.0008	0.0009	0.0011	0.0012	0.0013	0.0014	0.0014	0.0013	0.0012	0.001	0.0008	0.0006	0.0005	0.0004	0.0003	0.0003	0.0002	0.0002	0.0001	0	0
R1LuxiyaMd010011	Stand1	0	-0.0002	-0.0004	-0.0006	-0.0009	-0.0012	-0.0015	-0.0018	-0.0021	-0.0023	-0.0026	-0.0028	-0.0031	-0.0032	-0.0034	-0.0034	-0.0035	-0.0034	-0.0034	-0.0033	-0.0032	-0.003	-0.0029	-0.0027	-0.0025	-0.0023	-0.0022	-0.0019	-0.0016	-0.0013	-0.0011	-0.001	-0.001	-0.0009	-0.0007	-0.0005	-0.0004	-0.0003	-0.0002	-0.0001	0	0
R1LuxiyaMd010011	Stand2	0	0.0012	0.0024	0.0037	0.005	0.0063	0.0076	0.0088	0.0099	0.0108	0.0116	0.0123	0.013	0.0135	0.0138	0.0134	0.0126	0.0115	0.0103	0.0091	0.0081	0.0071	0.0059	0.0046	0.0033	0.002	0.0008	0
R1LuxiyaMd010011	Standchange	0	-0.0094	-0.0215	-0.0605	-0.1	-0.1395	-0.177	-0.1813	-0.1798	-0.1622	-0.1227	-0.0802	-0.0376	-0.0067	0.0021	0.0091	0.0142	0.0175	0.0213	0.0244	0.0277	0.0277
R1LuxiyaMd010011	Standup	0	0.0671	0.1428	0.2345	0.3652	0.4948	0.6561	0.8272	0.9107	0.9421	0.962	0.9669	0.9597	0.9456	0.9247	0.8997	0.8754	0.862
R1LuxiyaMd010011	Stop	0	0.2543	0.4758	0.638	0.7131	0.75	0.7682	0.7798	0.7877	0.7887	0.7877	0.7862	0.7626	0.7145	0.6486	0.5631	0.4736	0.4034	0.3484	0.3105	0.2857	0.2783	0.2737	0.2704	0.2696	0.2702	0.271	0.2722	0.2736	0.2753	0.277	0.2786	0.2801	0.2801
R1LuxiyaMd010011	Stun	0	-0.0025	-0.005	-0.0077	-0.0104	-0.013	-0.0154	-0.0178	-0.0204	-0.0232	-0.026	-0.0286	-0.0306	-0.0316	-0.0314	-0.0299	-0.0277	-0.0248	-0.0218	-0.0188	-0.0162	-0.0139	-0.0114	-0.0089	-0.0064	-0.0039	-0.0015	0
R1LuxiyaMd010011	Win	0	-0.0003	-0.0012	-0.0014	-0.0017	-0.0024	-0.0032	-0.0041	-0.005	-0.0058	-0.0067	-0.0076	-0.0085	-0.0093	-0.0101	-0.0107	-0.0112	-0.0117	-0.0115	-0.0114	-0.0115	-0.0117	-0.0117	-0.0116	-0.0114	-0.0111	-0.0108	-0.0105	-0.0102	-0.0099	-0.0096	-0.0093	-0.009	-0.0087	-0.0084	-0.0081	-0.0078	-0.0093	-0.0137	-0.018	-0.0226	-0.0266	-0.0286	-0.0271	-0.0249	-0.0226	-0.0212	-0.0205	-0.0196	-0.0184	-0.0176	-0.0168	-0.0156	-0.0136	-0.0205	-0.0303	-0.0232	-0.0089	-0.0016	0.0007	0.0023	0.0026	0.0018	0.0008	0.0001	-0.0012	-0.0014	-0.0011	-0.001	-0.0011	-0.0012	-0.0014	-0.0016	-0.0017	-0.0017
