Role	Animation	OffsetZ[1]	OffsetZ[2]	OffsetZ[3]	OffsetZ[4]	OffsetZ[5]	OffsetZ[6]	OffsetZ[7]	OffsetZ[8]	OffsetZ[9]	OffsetZ[10]	OffsetZ[11]	OffsetZ[12]	OffsetZ[13]	OffsetZ[14]	OffsetZ[15]	OffsetZ[16]	OffsetZ[17]	OffsetZ[18]	OffsetZ[19]	OffsetZ[20]	OffsetZ[21]	OffsetZ[22]	OffsetZ[23]	OffsetZ[24]	OffsetZ[25]	OffsetZ[26]	OffsetZ[27]	OffsetZ[28]	OffsetZ[29]	OffsetZ[30]	OffsetZ[31]	OffsetZ[32]	OffsetZ[33]	OffsetZ[34]	OffsetZ[35]	OffsetZ[36]	OffsetZ[37]	OffsetZ[38]	OffsetZ[39]	OffsetZ[40]	OffsetZ[41]	OffsetZ[42]	OffsetZ[43]	OffsetZ[44]	OffsetZ[45]	OffsetZ[46]	OffsetZ[47]	OffsetZ[48]	OffsetZ[49]	OffsetZ[50]	OffsetZ[51]	OffsetZ[52]	OffsetZ[53]	OffsetZ[54]	OffsetZ[55]	OffsetZ[56]	OffsetZ[57]	OffsetZ[58]	OffsetZ[59]	OffsetZ[60]	OffsetZ[61]	OffsetZ[62]	OffsetZ[63]	OffsetZ[64]	OffsetZ[65]	OffsetZ[66]	OffsetZ[67]	OffsetZ[68]	OffsetZ[69]	OffsetZ[70]	OffsetZ[71]	OffsetZ[72]	OffsetZ[73]	OffsetZ[74]	OffsetZ[75]	OffsetZ[76]	OffsetZ[77]	OffsetZ[78]	OffsetZ[79]	OffsetZ[80]	OffsetZ[81]	OffsetZ[82]	OffsetZ[83]	OffsetZ[84]	OffsetZ[85]	OffsetZ[86]	OffsetZ[87]	OffsetZ[88]	OffsetZ[89]	OffsetZ[90]	OffsetZ[91]	OffsetZ[92]	OffsetZ[93]	OffsetZ[94]	OffsetZ[95]	OffsetZ[96]	OffsetZ[97]	OffsetZ[98]	OffsetZ[99]	OffsetZ[100]	OffsetZ[101]	OffsetZ[102]	OffsetZ[103]	OffsetZ[104]	OffsetZ[105]	OffsetZ[106]	OffsetZ[107]	OffsetZ[108]	OffsetZ[109]	OffsetZ[110]	OffsetZ[111]	OffsetZ[112]	OffsetZ[113]	OffsetZ[114]	OffsetZ[115]	OffsetZ[116]	OffsetZ[117]	OffsetZ[118]	OffsetZ[119]	OffsetZ[120]	OffsetZ[121]	OffsetZ[122]	OffsetZ[123]	OffsetZ[124]	OffsetZ[125]	OffsetZ[126]	OffsetZ[127]	OffsetZ[128]	OffsetZ[129]	OffsetZ[130]	OffsetZ[131]	OffsetZ[132]	OffsetZ[133]	OffsetZ[134]	OffsetZ[135]	OffsetZ[136]	OffsetZ[137]	OffsetZ[138]	OffsetZ[139]	OffsetZ[140]	OffsetZ[141]	OffsetZ[142]	OffsetZ[143]	OffsetZ[144]	OffsetZ[145]	OffsetZ[146]	OffsetZ[147]	OffsetZ[148]	OffsetZ[149]	OffsetZ[150]	OffsetZ[151]	OffsetZ[152]	OffsetZ[153]	OffsetZ[154]	OffsetZ[155]	OffsetZ[156]	OffsetZ[157]	OffsetZ[158]	OffsetZ[159]	OffsetZ[160]	OffsetZ[161]	OffsetZ[162]	OffsetZ[163]	OffsetZ[164]	OffsetZ[165]	OffsetZ[166]	OffsetZ[167]	OffsetZ[168]	OffsetZ[169]	OffsetZ[170]	OffsetZ[171]	OffsetZ[172]	OffsetZ[173]	OffsetZ[174]	OffsetZ[175]	OffsetZ[176]	OffsetZ[177]	OffsetZ[178]	OffsetZ[179]	OffsetZ[180]	OffsetZ[181]	OffsetZ[182]	OffsetZ[183]	OffsetZ[184]	OffsetZ[185]	OffsetZ[186]	OffsetZ[187]	OffsetZ[188]	OffsetZ[189]	OffsetZ[190]	OffsetZ[191]	OffsetZ[192]	OffsetZ[193]	OffsetZ[194]	OffsetZ[195]	OffsetZ[196]	OffsetZ[197]	OffsetZ[198]	OffsetZ[199]	OffsetZ[200]
R2DubianMd010011	Attack01	0	0.0994	0.1326	0.295	0.6274	1.0003	1.3994	1.4323	1.4522	1.462	1.4704	1.4844	1.4983	1.5027	1.5059	1.5787	1.6949	1.8311	1.9517	2.0296	2.0771	2.0822	2.0703	2.0543	2.0453	2.0458	2.0462
R2DubianMd010011	Attack02	0	-0.0481	0.0269	0.0389	0.0329	0.2704	0.3693	0.4398	0.5512	0.5716	0.5699	0.5658	0.5455	0.5212	0.5093	0.5437	0.6458	0.8089	0.9712	1.0667	1.1145	1.126	1.1305	1.131	1.1225	1.1154
R2DubianMd010011	Attack03	0	0.2825	0.8072	1.1094	1.2271	1.2175	1.2261	1.2409	1.2944	1.3734	1.4082	1.4047	1.3937	1.3926	1.3943	1.4024	1.4125	1.4229	1.434	1.4428	1.4488	1.4659	1.4865	1.5049	1.5208	1.5296
R2DubianMd010011	Attack04	0	0.1713	0.5707	0.7785	0.7779	0.8133	0.8026	0.8225	0.8297	0.8034	0.8167	0.8759	0.9188	0.9192	0.9214	0.9215	0.919	0.9153	0.9114	0.9074	0.9036	0.9036
R2DubianMd010011	Attack05	0	0.3355	0.7362	0.8788	0.8893	0.8963	0.9003	0.8998	0.8973	0.8943	0.8912	0.8753	0.9007	1.6299	2.0005	2.0216	2.0236	2.0175	2.0089	2.0002	1.9919	1.9807	1.971	1.9673	1.9718	1.9942	2.0317	2.077	2.1172	2.1401	2.1426	2.1293	2.1136	2.1134	2.1214	2.1364	2.1504	2.1574	2.1584	2.1584
R2DubianMd010011	Attack11	0	-0.0699	0.0872	0.1828	0.4884	0.9072	1.2534	1.5609	1.6664	1.88	2.1893	2.6344	3.001	3.0882	3.1271	3.132	3.1305	3.1279	3.1246	3.1206	3.1164	3.1137	3.1464	3.1993	3.2542	3.3179	3.4054	3.4841	3.5466	3.5349	3.4979	3.4372	3.3629	3.3088	3.2896	3.2904	3.2948	3.2964	3.2968	3.2938	3.2883	3.2843	3.2803	3.2784
R2DubianMd010011	Attack13	0	0.0141	0.1654	0.3294	0.6641	0.8845	1.1306	1.128	1.2553	1.5785	2.0334	2.2084	2.2083	2.2282	2.2637	2.4211	2.5286	2.7822	3.0959	3.2641	3.2848	3.3022	3.3178	3.3329	3.3485	3.3594	3.3739	3.3946	3.4125	3.4269	3.4412	3.4594	3.4801	3.5035	3.5199	3.529	3.5365	3.5454	3.5596	3.5793	3.5971	3.6144	3.6269	3.6323	3.6341	3.6341	3.6343
R2DubianMd010011	Attack21	0	0.0282	0.0599	1.9061	3.7506	3.8289	3.8377	3.8314	3.8237	3.8212	3.6533	3.4974	3.4933	3.5006	3.5151	3.5368	3.5623	3.5994	3.6717	3.7229	3.7487	3.7635	3.7808	3.7979	3.8029	3.8021	3.8015	3.8024	3.8064	3.8141	3.8216	3.8216
R2DubianMd010011	Attack31	0	-0.0828	0.2465	0.6457	2.6128	4.711	5.0256	5.1877	5.2703	5.2901	5.2928	5.273	5.2292	5.1503	5.0565	4.9251	4.7848	4.6801	4.6249	4.5868	4.5525	4.5235	4.4999	4.483	4.4683	4.4626	4.4673	4.4721	4.4758	4.4792	4.4794	4.4786	4.478	4.477
R2DubianMd010011	Attack51	0	0.0069	0.0142	0.0174	0.0162	0.0141	0.0121	0.0097	0.0115	0.0185	0.0238	0.0231	0.0218	0.02	0.0181	0.0161	0.0139	0.0117	0.0095	0.0075	0.0057	0.0042	0.003	0.0012	0.0155	0.0029	-0.0128	-0.0218	-0.0234	-0.0143	0.029	0.0954	0.1558	0.1671	0.2102	0.3227	0.8268	1.1016	1.1274	1.2023	1.2531	1.2614	1.251	1.2288	1.2313	1.6309	1.9566	2.0537	2.0982	2.1191	2.1208	2.119	2.1164	2.1151	2.1173	2.1224	2.1908	2.1978	2.128	2.137	2.1469	2.1535	2.1556	2.1574	2.1591	2.1606	2.1618	2.1628	2.1636	2.1642	2.1646	2.1648	2.1649	2.1648	2.1647	2.1644	2.1637	2.1628	2.1616	2.1602	2.1587	2.1571	2.1555	2.1538	2.1521	2.1504	2.1488	2.1471	2.1467	1.7265	1.6028	1.6709	1.789	1.9343	2.0596	2.1404	2.1965	2.2561	2.3309	2.4194	2.4964	2.5413	2.5485	2.4877	2.4099	2.3306	2.2519	2.1887	2.1506	2.2154	2.2596	2.2769	2.279	2.2812	2.2817
R2DubianMd010011	AttackQte	0	0.0025	0.0151	0.0352	0.0475	0.2701	0.2906	0.2855	0.2826	0.2801	0.2788	0.278	0.2769	0.2753	0.2727	0.2713	0.2962	0.3415	0.3793	0.3792	0.3649	0.347	0.3296	0.3135	0.2997	0.2886	0.2788	0.269	0.2584	0.2535	0.2503	0.2503	0.2526	0.2545	0.2544	0.255	0.2555	0.2555
R2DubianMd010011	Behitfly	0	-0.1444	-0.2758	-0.2637	-0.2014	-0.1484	-0.1259	-0.131	-0.1414	-0.1606	-0.1867
R2DubianMd010011	Born	0	-0.7207	-0.5897	-0.357	-0.1979	-0.2422	-0.2597	-0.2738	-0.282	-0.2888	-0.2945	-0.2986	-0.3025	-0.3063	-0.3101	-0.3133	-0.3155	-0.3163	-0.3154	-0.3128	-0.3089	-0.3019	-0.2879	-0.2746	-0.254	-0.2258	-0.1829	-0.1193	-0.0543	-0.0039	0.0218	0.0263	0.0222	0.0172	0.0052	-0.0079	-0.0117	-0.007	-0.006	-0.0036	-0.0005	0.0012	0.0013	0.001	0.0005	0.0002	0.0009	0.002	0.003	0.0049	0.0055	0.0098	0.0132	0.0141	0.0146	0.0145	0.0139	0.0126	0.0118	0.0116
R2DubianMd010011	Death	0	-0.1287	-0.5937	-0.9153	-0.9221	-0.8911	-0.8629	-0.8312	-0.7926	-0.7531	-0.7147	-0.6584	-0.5926	-0.5973	-0.5862	-0.5794	-0.5803	-0.5835	-0.5873	-0.5907	-0.5936	-0.5955	-0.5967	-0.5972	-0.5974	-0.5979	-0.5981
R2DubianMd010011	Falldown	0	-0.2154	-0.5037	-1.0009	-1.3445	-1.5614	-1.8201	-2.1	-2.3951	-2.713	-2.9672	-3.1846	-3.3961	-3.6118	-3.8202	-3.9899	-4.1088	-4.1716	-4.211	-4.2446	-4.2568
R2DubianMd010011	Hit1	0	-0.2163	-0.4847	-0.6539	-0.7294	-0.7796	-0.8068	-0.849	-0.9239	-1.02	-1.1068	-1.1494	-1.1672	-1.1795	-1.1887	-1.1956	-1.2004	-1.203	-1.2035	-1.2007	-1.1962	-1.192	-1.1907
R2DubianMd010011	Hit2	0	-0.1349	-0.2663	-0.3562	-0.4674	-0.5935	-0.7019	-0.7505	-0.7883	-0.8463	-0.8785	-0.9027	-0.92	-0.9298	-0.9376	-0.9377	-0.9352	-0.9319	-0.9325	-0.9084	-0.8626	-0.8082	-0.7602	-0.7323	-0.7026	-0.6736	-0.6645
R2DubianMd010011	Hit3	0	-0.4028	-0.6077	-0.6983	-0.785	-0.8791	-1.0082	-1.1757	-1.3003	-1.4606	-1.7474	-1.9156	-2.0385	-2.0492	-2.0538	-2.0553	-2.0573	-2.0659	-2.0813	-2.0973	-2.1246	-2.1805	-2.2751	-2.4265	-2.5906	-2.7246	-2.7784	-2.7718	-2.7637	-2.765	-2.7656	-2.765
R2DubianMd010011	Hit4	0	-0.4915	-0.8678	-1.0967	-1.3046	-1.5651	-1.6555	-1.6913	-1.7106	-1.7241	-1.7345	-1.7434	-1.7522	-1.7616	-1.7714	-1.7816	-1.7863	-1.7731	-1.7829	-1.841	-1.9341	-2.0534	-2.1894	-2.3141	-2.4101	-2.4422	-2.4337	-2.4139	-2.3926	-2.3787	-2.3745
R2DubianMd010011	Hitdown	0	-0.0885	-0.0588	0.0069	0.0523	0.0619	0.0538	0.0328	0.0028	-0.1353	-0.2136	-0.466	-0.7829	-0.9119	-0.9756	-1.1383	-1.3145	-1.5398	-1.7941	-1.993	-2.1984	-2.4023	-2.617	-2.8125	-2.9666	-3.0506	-3.0929	-3.1146	-3.1378	-3.1378
R2DubianMd010011	Hoverhit	0	0.0286	-0.0027	-0.0424	-0.0927	-0.1338	-0.176	-0.2195	-0.2604	-0.3029	-0.3524	-0.3524
R2DubianMd010011	Lieonfloor	0	0	0	0	0
R2DubianMd010011	Move1	0	0.0202	0.1256	0.7942	1.5762	2.5778	3.3505	3.7583	3.9914	4.1756	4.2495	4.2523	4.2559	4.3088	4.4033	4.5235	4.723	4.9392	5.0507	5.0644	5.0671	5.072	5.0734
R2DubianMd010011	Move2	0	0.2729	0.0054	-0.721	-1.9535	-2.5584	-3.016	-3.3819	-3.6848	-3.8433	-3.8239	-3.7622	-3.6824	-3.6133	-3.558	-3.4965	-3.4384	-3.3891	-3.3506	-3.3388	-3.3353	-3.3388
R2DubianMd010011	Run	0	-0.0049	-0.002	0.0197	0.0317	0.0036	-0.0049	-0.0132	-0.0229	-0.0156	0.0266	0.034	0.0131	0.0031	0
R2DubianMd010011	RunLeanL	0	-0.005	0.0008	0.0264	0.0349	0.0041	-0.0129	-0.0233	-0.0315	-0.0166	0.0266	0.0324	0.0143	0.0032	0
R2DubianMd010011	RunLeanR	0	-0.0051	0.0082	0.0344	0.0357	0.0131	0.0006	-0.0086	-0.0102	0.003	0.0382	0.0436	0.0183	0.0039	0
R2DubianMd010011	RunStart	0	0.1776	0.357	0.5535	0.7632	0.9804	1.2271	1.4842	1.7189	1.9461	2.1635	2.4022	2.6509	2.867	3.0545	3.2128
R2DubianMd010011	RunStartEnd01	0	0.1025	0.1955	0.2601	0.2953	0.3176	0.3348	0.3475	0.3563	0.3602	0.3605	0.3599	0.3432	0.3033	0.2028	0.0971	0.0261	-0.0077	-0.0244	-0.028	-0.0336	-0.0369	-0.0378	-0.0362	-0.0331	-0.0283	-0.0239	-0.0223	-0.022	-0.0222	-0.0223
R2DubianMd010011	Save	0	-0.0001	-0.0003	-0.0004	-0.0005	-0.0007	-0.0008	-0.0009	-0.0011	-0.0012	-0.0013	-0.0014	-0.0014	-0.0015	-0.0016	-0.0016	-0.0016	-0.0016	-0.0015	-0.0014	-0.0013	-0.0012	-0.0011	-0.001	-0.0009	-0.0008	-0.0007	-0.0006	-0.0005	-0.0004	-0.0003	-0.0002	-0.0001	0	0
R2DubianMd010011	Stand1	0	-0.0001	-0.0003	-0.0005	-0.0007	-0.001	-0.0012	-0.0014	-0.0016	-0.0017	-0.0018	-0.0018	-0.0018	-0.0017	-0.0015	-0.0013	-0.0012	-0.0012	-0.0012	-0.001	-0.0008	-0.0005	-0.0003	-0.0001	0.0001	0.0004	0.0005	0.0007	0.0009	0.001	0.001	0.001	0.001	0.0009	0.0008	0.0007	0.0006	0.0004	0.0002	0.0001	0	0
R2DubianMd010011	Stand2	0	0.0007	0.0016	0.0025	0.0034	0.0042	0.0048	0.0052	0.0054	0.0051	0.0045	0.0039	0.0031	0.0024	0.0016	0.0009	0.0002	-0.0005	-0.0011	-0.0015	-0.0018	-0.0018	-0.002	-0.002	-0.0014	-0.0008	-0.0003	0
R2DubianMd010011	Standchange	0	0.0113	0.0243	0.0284	0.0309	0.0349	0.0389	0.0454	0.0506	0.0526	0.0543	0.0543	0.0493	0.0176	-0.0172	-0.0295	-0.027	-0.0184	0.0024	0.0338	0.0621	0.0694	0.0751	0.081	0.0829
R2DubianMd010011	Standup	0	-0.0366	-0.128	-0.2523	-0.3304	-0.3299	-0.2451	-0.1	0.0538	0.1854	0.2935	0.3425	0.3955	0.4353	0.4615	0.4674	0.4635	0.4543	0.4463	0.4463
R2DubianMd010011	Stop	0	0.2032	0.4312	0.6389	0.8281	0.9388	0.9623	0.9713	0.975	0.9665	0.9551	0.9297	0.882	0.8151	0.7392	0.6594	0.5779	0.5237	0.4671	0.4329	0.4056	0.3957	0.3867	0.3805	0.3785	0.3774	0.3768	0.3767	0.3767	0.3771	0.3776	0.3781	0.3785	0.3785
R2DubianMd010011	Stun	0	-0.0007	-0.0014	-0.0023	-0.0033	-0.0043	-0.0054	-0.0064	-0.0069	-0.0072	-0.0074	-0.0074	-0.0073	-0.0073	-0.0079	-0.0091	-0.0107	-0.0122	-0.0134	-0.0139	-0.0136	-0.0125	-0.0109	-0.0087	-0.0062	-0.0036	-0.0013	0
R2DubianMd010011	Win	0	0.0013	0.0094	0.0183	0.0242	0.0271	0.0279	0.0282	0.0281	0.0277	0.0267	0.0253	0.024	0.0237	0.0261	0.0306	0.0336	0.0331	0.0201	0.0069	-0.0047	-0.0063	-0.0087	-0.0158	-0.0168	-0.0102	-0.0055	-0.0056	-0.0051	-0.0041	-0.0035	-0.0032	-0.0032	-0.0035	-0.0039	-0.0043	-0.0048	-0.0051	-0.0053	-0.0064	0.0135	0.0331	0.0183	0.026	0.0375	0.0483	0.0564	0.0718	0.0903	0.1016	0.1158	0.1133	0.1099	0.1066	0.1011	0.0907	0.0824	0.0781	0.0748	0.0682	0.0632	0.0621	0.0643	0.0673	0.0728	0.0792	0.083	0.0845	0.0855	0.0858	0.0855	0.085	0.0843	0.0836	0.0832	0.0829	0.0827	0.0825	0.0823	0.0822	0.0822	0.0822
