Role	Animation	OffsetZ[1]	OffsetZ[2]	OffsetZ[3]	OffsetZ[4]	OffsetZ[5]	OffsetZ[6]	OffsetZ[7]	OffsetZ[8]	OffsetZ[9]	OffsetZ[10]	OffsetZ[11]	OffsetZ[12]	OffsetZ[13]	OffsetZ[14]	OffsetZ[15]	OffsetZ[16]	OffsetZ[17]	OffsetZ[18]	OffsetZ[19]	OffsetZ[20]	OffsetZ[21]	OffsetZ[22]	OffsetZ[23]	OffsetZ[24]	OffsetZ[25]	OffsetZ[26]	OffsetZ[27]	OffsetZ[28]	OffsetZ[29]	OffsetZ[30]	OffsetZ[31]	OffsetZ[32]	OffsetZ[33]	OffsetZ[34]	OffsetZ[35]	OffsetZ[36]	OffsetZ[37]	OffsetZ[38]	OffsetZ[39]	OffsetZ[40]	OffsetZ[41]	OffsetZ[42]	OffsetZ[43]	OffsetZ[44]	OffsetZ[45]	OffsetZ[46]	OffsetZ[47]	OffsetZ[48]	OffsetZ[49]	OffsetZ[50]	OffsetZ[51]	OffsetZ[52]	OffsetZ[53]	OffsetZ[54]	OffsetZ[55]	OffsetZ[56]	OffsetZ[57]	OffsetZ[58]	OffsetZ[59]	OffsetZ[60]	OffsetZ[61]	OffsetZ[62]	OffsetZ[63]	OffsetZ[64]	OffsetZ[65]	OffsetZ[66]	OffsetZ[67]	OffsetZ[68]	OffsetZ[69]	OffsetZ[70]	OffsetZ[71]	OffsetZ[72]	OffsetZ[73]	OffsetZ[74]	OffsetZ[75]	OffsetZ[76]	OffsetZ[77]	OffsetZ[78]	OffsetZ[79]	OffsetZ[80]	OffsetZ[81]	OffsetZ[82]	OffsetZ[83]	OffsetZ[84]	OffsetZ[85]	OffsetZ[86]	OffsetZ[87]	OffsetZ[88]	OffsetZ[89]	OffsetZ[90]	OffsetZ[91]	OffsetZ[92]	OffsetZ[93]	OffsetZ[94]	OffsetZ[95]	OffsetZ[96]	OffsetZ[97]	OffsetZ[98]	OffsetZ[99]	OffsetZ[100]	OffsetZ[101]	OffsetZ[102]	OffsetZ[103]	OffsetZ[104]	OffsetZ[105]	OffsetZ[106]	OffsetZ[107]	OffsetZ[108]	OffsetZ[109]	OffsetZ[110]	OffsetZ[111]	OffsetZ[112]	OffsetZ[113]	OffsetZ[114]	OffsetZ[115]	OffsetZ[116]	OffsetZ[117]	OffsetZ[118]	OffsetZ[119]	OffsetZ[120]	OffsetZ[121]	OffsetZ[122]	OffsetZ[123]	OffsetZ[124]	OffsetZ[125]	OffsetZ[126]	OffsetZ[127]	OffsetZ[128]	OffsetZ[129]	OffsetZ[130]	OffsetZ[131]	OffsetZ[132]	OffsetZ[133]	OffsetZ[134]	OffsetZ[135]	OffsetZ[136]	OffsetZ[137]	OffsetZ[138]	OffsetZ[139]	OffsetZ[140]	OffsetZ[141]	OffsetZ[142]	OffsetZ[143]	OffsetZ[144]	OffsetZ[145]	OffsetZ[146]	OffsetZ[147]	OffsetZ[148]	OffsetZ[149]	OffsetZ[150]	OffsetZ[151]	OffsetZ[152]	OffsetZ[153]	OffsetZ[154]	OffsetZ[155]	OffsetZ[156]	OffsetZ[157]	OffsetZ[158]	OffsetZ[159]	OffsetZ[160]	OffsetZ[161]	OffsetZ[162]	OffsetZ[163]	OffsetZ[164]	OffsetZ[165]	OffsetZ[166]	OffsetZ[167]	OffsetZ[168]	OffsetZ[169]	OffsetZ[170]	OffsetZ[171]	OffsetZ[172]	OffsetZ[173]	OffsetZ[174]	OffsetZ[175]	OffsetZ[176]	OffsetZ[177]	OffsetZ[178]	OffsetZ[179]	OffsetZ[180]	OffsetZ[181]	OffsetZ[182]	OffsetZ[183]	OffsetZ[184]	OffsetZ[185]	OffsetZ[186]	OffsetZ[187]	OffsetZ[188]	OffsetZ[189]	OffsetZ[190]	OffsetZ[191]	OffsetZ[192]	OffsetZ[193]	OffsetZ[194]	OffsetZ[195]	OffsetZ[196]	OffsetZ[197]	OffsetZ[198]	OffsetZ[199]	OffsetZ[200]
R2LiangMd010011	Attack01	0	-0.1049	-0.0895	0.0066	0.0899	0.0251	-0.0582	-0.0638	-0.0632	-0.0658	-0.0679	-0.0685	-0.0687	-0.069	-0.0677	-0.0617	-0.0546	-0.0428	-0.0285	-0.018	-0.0072	-0.0013	0.0007	0.0001	0	0
R2LiangMd010011	Attack02	0	0.251	0.4823	0.4375	0.1251	0.1114	0.1342	0.1312	0.0938	0.146	0.1319	0.1655	0.2025	0.2124	0.2176	0.192	0.1605	0.1482	0.1487	0.1468	0.1442	0.143	0.1428	0.1435	0.144	0.1443	0.1448	0.1448
R2LiangMd010011	Attack03	0	0.2093	0.3845	0.7065	1.095	1.2187	1.5454	1.8849	2.0551	2.2477	2.3144	2.3047	2.2896	2.2901	2.2901	2.2901	2.2901	2.29	2.2899	2.2899	2.274	2.2201	2.1551	2.1058	2.0857	2.0935	2.1114	2.1349	2.179	2.2284	2.2758	2.3061
R2LiangMd010011	Attack04	0	-0.1359	0.0361	-0.01	-0.0425	-0.0503	-0.1125	-0.128	-0.0541	-0.0722	-0.0802	0.0579	0.1011	0.0913	0.074	0.0667	0.0648	0.0655	0.0668	0.0653	0.0659	0.0668	0.0701	0.0728	0.0547	0.0281	0.0087	0.0011	-0.0011	0.0006	0.0039	0.0061	0.0065	0.008	0.0109	0.0138	0.016	0.017
R2LiangMd010011	Attack05	0	-0.028	0.3266	0.3265	0.3266	0.3266	-0.5473	-1.1161	-1.6133	-2.0353	-2.3658	-2.4782	-2.4844	-2.4842	-2.4862	-2.4819	-2.4614	-2.4273	-2.3887	-2.3519	-2.3222	-2.2945	-2.283	-2.2921	-2.308	-2.3262	-2.3319
R2LiangMd010011	Attack11	0	0.0063	0.0459	0.065	0.034	0.021	0.0091	-0.0018	-0.0102	-0.0185	-0.0217	-0.028	-0.004	0	-0.0066	-0.0206	-0.029	-0.0367	-0.0392	-0.0298	-0.0112	0
R2LiangMd010011	Attack12	0	0.0063	0.0459	0.065	0.034	0.021	0.0091	-0.0018	-0.0102	-0.0183	-0.0217	-0.0286	-0.0038	0.0332	0.0681	0.0483	0.0237	0.0137	-0.0019	-0.006	-0.0173	-0.0206	-0.0276	-0.0162	-0.0006	-0.003	-0.0175	-0.0264	-0.0348	-0.0388	-0.0352	-0.0179	0	0
R2LiangMd010011	Attack13	0	0.0063	0.0459	0.065	0.034	0.021	0.0091	-0.0018	-0.0102	-0.0184	-0.0217	-0.0286	-0.0038	0.0332	0.0681	0.0483	0.0237	0.0137	-0.0019	-0.006	-0.0173	-0.0206	-0.0277	-0.0167	0.0195	0.0575	0.0624	0.029	0.0184	0.0036	-0.0018	-0.0138	-0.0196	-0.0246	-0.0284	-0.0023	0.0007	-0.0121	-0.0237	-0.0319	-0.0385	-0.0372	-0.0245	-0.0056	0
R2LiangMd010011	Attack21	0	0.0022	-0.0622	-0.2199	-0.293	-0.3017	-0.3027	-0.3035	-0.3062	-0.3079	-0.756	-1.0736	-1.2685	-1.3396	-1.3448	-1.3297	-1.3061	-1.2769	-1.2499	-1.2289	-1.2091	-1.1945	-1.1898	-1.1901	-1.1875	-1.1879	-1.1983	-1.2101	-1.2135
R2LiangMd010011	Attack31	0	0.03	0.1067	0.1364	0.3644	0.7293	0.7636	0.7665	0.7656	0.7639	0.4606	-0.0945	-0.4004	-0.5344	-0.6091	-0.631	-0.633	-0.5978	-0.5433	-0.4243	-0.3243	-0.2404	-0.1705	-0.1118	-0.0606	-0.0195	0.0135	0.0103	-0.0012	-0.0012
R2LiangMd010011	Attack51	0	-0.0425	-0.0533	-0.0927	-0.1416	-0.186	-0.216	-0.2185	-0.2107	-0.198	-0.1802	-0.1562	-0.127	-0.0908	-0.0492	-0.0015	0.1376	0.2934	0.361	0.4047	0.4384	0.4594	0.4701	0.473	0.4751	0.4772	0.4791	0.4809	0.4825	0.484	0.4854	0.6976	2.4165	2.9628	3.3418	3.944	3.944	4.0982	4.2524	4.3685	4.7501	4.8044	4.8586	4.9881	5.4737	5.4611	5.4412	5.8588	6.0097	6.1419	6.2016	6.2016	6.2473	6.4239	6.5218	6.0894	5.6529	5.6368	5.6168	5.6049	5.6794	5.6794	5.6794	5.6794	5.6794	6.1145	6.1145	6.1145	6.1145	5.5808	5.5808	5.5808	5.5808	5.7321	5.8835	5.8835	5.8835	5.4331	4.8818	4.8171	4.7987	4.8053	4.8171	4.769	4.7581	4.5968	4.5096	4.4237	4.3693	4.3504	4.3503	4.3573	4.3671	4.3794	4.4014	4.4447	4.5241	4.6262	4.8455	5.0536	5.2513	5.2511	5.2513	5.2513	5.2513	5.2513	5.2513	5.2513	5.2513	5.2513	5.2513
R2LiangMd010011	AttackQte	0	0.0433	0.1014	0.0686	0.0037	-0.0501	-0.0875	-0.0166	0.0618	0.0288	0.2429	0.2091	0.2226	0.2622	0.2684	0.2192	0.2027	0.1576	0.1303	0.1784	0.1593	0.1921	0.1399	0.1082	0.1435	0.1604	0.1288	0.1061	0.093	0.0856	0.0756	0.0636	0.0537	0.0449	0.0361	0.0276	0.0187	0.0096	-0.0002	-0.0064	-0.0125	-0.0152	-0.0161	-0.0157	-0.0151	-0.0106	-0.0006	0.0147	0.0272	0.03	0.0332	0.0378	0.0421	0.0453
R2LiangMd010011	Behitfly	0	-0.1505	-0.1851	-0.2343	-0.2659	-0.1817	-0.0445	0.0454	0.0303	-0.1125	-0.2863	-0.2863
R2LiangMd010011	Born	0	0.0275	0.0194	0.0112	-0.0005	0.0208	-0.0456	-0.082	-0.0969	-0.1036	-0.1055	-0.1064	-0.1067	-0.1061	-0.1045	-0.1019	-0.0982	-0.0934	-0.0889	-0.0756	-0.0497	-0.0214	-0.0065	-0.012	-0.0315	-0.0459	-0.063	-0.0834	-0.1032	-0.1191	-0.1258	-0.125	-0.124	-0.1221	-0.1198	-0.1173	-0.1148	-0.1123	-0.11	-0.1081	-0.1067	-0.1061	-0.1034	-0.0962	-0.0903	-0.0966	-0.1167	-0.139	-0.1503	-0.1512	-0.1512	-0.1502	-0.1487	-0.1468	-0.1446	-0.1421	-0.1377	-0.1288	-0.1129	-0.1104	-0.1083	-0.1083
R2LiangMd010011	Death	0	0.1773	0.1135	-0.1815	-0.2652	-0.3205	-0.3608	-0.378	-0.3816	-0.3831	-0.3841	-0.3775	-0.3609	-0.3231	-0.2573	-0.1872	-0.1341	-0.1566	-0.1733	-0.1705	-0.1655	-0.1634	-0.162	-0.1602	-0.1585	-0.1574	-0.1569	-0.1577	-0.1591	-0.16	-0.16
R2LiangMd010011	Falldown	0	-0.0029	-0.3456	-0.7769	-1.1479	-1.3271	-1.4541	-1.5425	-1.6246	-1.688	-1.7362	-1.7811	-1.7964
R2LiangMd010011	Hit1	0	0.1777	0.0842	-0.1216	-0.2061	-0.2502	-0.3207	-0.4122	-0.5142	-0.6118	-0.7241	-0.7969	-0.8433	-0.8414	-0.8397	-0.8429	-0.8483	-0.8551	-0.8604	-0.8606	-0.8542	-0.8403	-0.8221	-0.803	-0.7863	-0.7621	-0.7164	-0.6638	-0.6079	-0.5517	-0.4825	-0.4303	-0.4012	-0.3934	-0.3836	-0.3751	-0.3692	-0.3677	-0.3696	-0.3739	-0.3789	-0.3842	-0.3887	-0.3887
R2LiangMd010011	Hit2	0	0.0725	-0.1853	-0.4121	-0.5015	-0.5326	-0.5518	-0.5691	-0.5776	-0.5794	-0.5786	-0.5764	-0.5741	-0.5724	-0.5718	-0.5719	-0.5731	-0.5754	-0.5775	-0.5789	-0.5792	-0.5776	-0.5739	-0.5661	-0.5525	-0.5201	-0.4704	-0.4213	-0.3837	-0.3644	-0.3546	-0.3621	-0.3741	-0.389	-0.4048	-0.4187	-0.4324	-0.4411	-0.4428	-0.4434	-0.4438	-0.4438
R2LiangMd010011	Hit3	0	0.1594	-0.2826	-0.7728	-0.9421	-1.0554	-1.1902	-1.3263	-1.4191	-1.4235	-1.4213	-1.4264	-1.431	-1.4336	-1.43	-1.4252	-1.4223	-1.42	-1.4176	-1.4147	-1.4111	-1.406	-1.3986	-1.3787	-1.3228	-1.2502	-1.183	-1.1265	-1.0756	-1.0315	-0.9777	-0.9421	-0.928	-0.9153	-0.9051	-0.8989	-0.9011	-0.9141	-0.9375	-0.9662	-0.9749
R2LiangMd010011	Hit4	0	-0.0872	-0.3456	-0.5727	-0.7985	-0.9781	-1.0911	-1.1873	-1.2765	-1.3626	-1.427	-1.4747	-1.51	-1.5267	-1.5362	-1.5412	-1.5441	-1.5463	-1.548	-1.5479	-1.5452	-1.5391	-1.5298	-1.5074	-1.4529	-1.3771	-1.298	-1.2286	-1.1704	-1.1459	-1.1128	-1.0694	-1.0247	-0.9853	-0.9545	-0.9506	-0.9497	-0.9514	-0.9541	-0.9566	-0.9581	-0.9581
R2LiangMd010011	Hitdown	0	0.1301	-0.0026	-0.1432	-0.0938	-0.0514	-0.0676	-0.1133	-0.184	-0.322	-0.6926	-1.1656	-1.6773	-2.1722	-2.5301	-2.873	-3.2175	-3.5458	-3.7832	-3.8443	-3.8504	-3.8452	-3.8463
R2LiangMd010011	Hoverhit	0	-0.0561	-0.1177	-0.1464	-0.1292	-0.0843	-0.0542	-0.0303	-0.0033	0.0139	0.0105	-0.0311	-0.102	-0.1935	-0.2248
R2LiangMd010011	Lieonfloor	0	0
R2LiangMd010011	Move1	0	0.0716	1.4745	2.3921	3.1029	3.7258	4.2587	4.6906	4.9361	5.0897	5.2148	5.3493	5.5116	5.627	5.6463
R2LiangMd010011	Move2	0	-0.526	-1.4741	-2.3073	-3.0922	-3.7807	-4.3499	-4.8277	-5.1968	-5.3145	-5.3484	-5.3297	-5.3557	-5.4212	-5.4441
R2LiangMd010011	Run	0	-0.0236	-0.0388	-0.0393	-0.0138	-0.0109	-0.0267	-0.0471	-0.0588	-0.0333	-0.0023	0.0192	0.0216	0.0061	0
R2LiangMd010011	RunLeanL	0	-0.0225	-0.0374	-0.0338	-0.0092	-0.0086	-0.0274	-0.0491	-0.0583	-0.0324	-0.0018	0.0197	0.0218	0.0062	0
R2LiangMd010011	RunLeanR	0	-0.0254	-0.0365	-0.0366	-0.0097	-0.0068	-0.0228	-0.0418	-0.0525	-0.0258	-0.0006	0.0219	0.0239	0.0068	0
R2LiangMd010011	RunStart	0	0.1772	0.3541	0.5467	0.7596	0.9828	1.2224	1.4905	1.7313	1.9576	2.1913	2.4377	2.6961	2.9083	3.1117	3.2613
R2LiangMd010011	RunStartEnd01	0	0.0978	0.1861	0.2458	0.2764	0.2941	0.3079	0.3173	0.324	0.3274	0.3274	0.3267	0.3031	0.2472	0.1731	0.1066	0.0533	0.0173	0.0037	-0.0008	-0.0039	-0.0036	0.0014	0.0063	0.0074	0.0086	0.0095	0.0095
R2LiangMd010011	Save	0	0.0003	0.0005	0.0008	0.001	0.0012	0.0014	0.0015	0.0016	0.0016	0.0017	0.0017	0.0017	0.0017	0.0016	0.0016	0.0016	0.0016	0.0016	0.0016	0.0016	0.0017	0.0017	0.0018	0.0018	0.0017	0.0016	0.0015	0.0013	0.0011	0.0008	0.0006	0.0003	0.0001	0
R2LiangMd010011	Stand1	0	0.0001	0.0002	0.0004	0.0006	0.0009	0.0012	0.0014	0.0017	0.0019	0.0021	0.0022	0.0024	0.0025	0.0026	0.0027	0.0027	0.0028	0.0027	0.0026	0.0025	0.0023	0.0021	0.0019	0.0017	0.0015	0.0013	0.0012	0.0011	0.0011	0.001	0.0009	0.0008	0.0007	0.0005	0.0004	0.0003	0.0002	0.0001	0	0	0
R2LiangMd010011	Stand2	0	0.0006	0.0012	0.0018	0.0024	0.0031	0.0038	0.0045	0.0053	0.0063	0.0071	0.0078	0.0084	0.009	0.0096	0.0101	0.0106	0.011	0.0113	0.0114	0.0113	0.0111	0.0109	0.0106	0.0103	0.0098	0.0093	0.0087	0.008	0.0073	0.0066	0.0058	0.0051	0.0045	0.0039	0.0032	0.0026	0.0019	0.0012	0.0006	0	0
R2LiangMd010011	Standchange	0	-0.0117	-0.0237	-0.0416	-0.0715	-0.1026	-0.1255	-0.1324	-0.1308	-0.1289	-0.1276	-0.126	-0.1248	-0.1244	-0.1234	-0.1236	-0.124	-0.123	-0.1227
R2LiangMd010011	Standup	0	0.0452	0.0837	0.1152	0.1477	0.1865	0.2072	0.2164	0.2268	0.2334
R2LiangMd010011	Stop	0	0.2554	0.4466	0.6007	0.6879	0.7272	0.7417	0.7503	0.7545	0.7488	0.7419	0.7181	0.6541	0.5588	0.4697	0.408	0.3676	0.3481	0.3521	0.3573	0.3627	0.3714	0.3804	0.3873	0.3914	0.3945	0.3959	0.3964	0.3969	0.3974	0.3976	0.3979	0.3982	0.3982
R2LiangMd010011	Stun	0	0.0009	0.0017	0.0025	0.0033	0.0039	0.0046	0.0052	0.0058	0.0063	0.0066	0.0067	0.0066	0.0065	0.0064	0.0063	0.0062	0.0062	0.0063	0.0068	0.0075	0.0083	0.0091	0.01	0.0108	0.0114	0.0119	0.0121	0.012	0.0117	0.0112	0.0105	0.0097	0.0087	0.0076	0.0064	0.0052	0.0039	0.0025	0.0012	0	0
R2LiangMd010011	Win	0	-0.0004	0.0047	0.0135	0.0232	0.0301	0.0297	0.0202	0.0065	-0.0028	-0.0064	-0.0042	0.0013	0.001	0.0003	0.0005	-0.0001	-0.0008	-0.0014	-0.0016	-0.002	-0.0024	-0.0027	-0.0029	-0.0028	-0.0022	-0.0029	0.0043	0.0087	0.0082	0.0067	0.006	0.0063	0.0062	0.0059	0.0057	0.0056	0.0056	0.0056	0.0056	0.0056	0.0056
