Role	Animation	OffsetZ[1]	OffsetZ[2]	OffsetZ[3]	OffsetZ[4]	OffsetZ[5]	OffsetZ[6]	OffsetZ[7]	OffsetZ[8]	OffsetZ[9]	OffsetZ[10]	OffsetZ[11]	OffsetZ[12]	OffsetZ[13]	OffsetZ[14]	OffsetZ[15]	OffsetZ[16]	OffsetZ[17]	OffsetZ[18]	OffsetZ[19]	OffsetZ[20]	OffsetZ[21]	OffsetZ[22]	OffsetZ[23]	OffsetZ[24]	OffsetZ[25]	OffsetZ[26]	OffsetZ[27]	OffsetZ[28]	OffsetZ[29]	OffsetZ[30]	OffsetZ[31]	OffsetZ[32]	OffsetZ[33]	OffsetZ[34]	OffsetZ[35]	OffsetZ[36]	OffsetZ[37]	OffsetZ[38]	OffsetZ[39]	OffsetZ[40]	OffsetZ[41]	OffsetZ[42]	OffsetZ[43]	OffsetZ[44]	OffsetZ[45]	OffsetZ[46]	OffsetZ[47]	OffsetZ[48]	OffsetZ[49]	OffsetZ[50]	OffsetZ[51]	OffsetZ[52]	OffsetZ[53]	OffsetZ[54]	OffsetZ[55]	OffsetZ[56]	OffsetZ[57]	OffsetZ[58]	OffsetZ[59]	OffsetZ[60]	OffsetZ[61]	OffsetZ[62]	OffsetZ[63]	OffsetZ[64]	OffsetZ[65]	OffsetZ[66]	OffsetZ[67]	OffsetZ[68]	OffsetZ[69]	OffsetZ[70]	OffsetZ[71]	OffsetZ[72]	OffsetZ[73]	OffsetZ[74]	OffsetZ[75]	OffsetZ[76]	OffsetZ[77]	OffsetZ[78]	OffsetZ[79]	OffsetZ[80]	OffsetZ[81]	OffsetZ[82]	OffsetZ[83]	OffsetZ[84]	OffsetZ[85]	OffsetZ[86]	OffsetZ[87]	OffsetZ[88]	OffsetZ[89]	OffsetZ[90]	OffsetZ[91]	OffsetZ[92]	OffsetZ[93]	OffsetZ[94]	OffsetZ[95]	OffsetZ[96]	OffsetZ[97]	OffsetZ[98]	OffsetZ[99]	OffsetZ[100]	OffsetZ[101]	OffsetZ[102]	OffsetZ[103]	OffsetZ[104]	OffsetZ[105]	OffsetZ[106]	OffsetZ[107]	OffsetZ[108]	OffsetZ[109]	OffsetZ[110]	OffsetZ[111]	OffsetZ[112]	OffsetZ[113]	OffsetZ[114]	OffsetZ[115]	OffsetZ[116]	OffsetZ[117]	OffsetZ[118]	OffsetZ[119]	OffsetZ[120]	OffsetZ[121]	OffsetZ[122]	OffsetZ[123]	OffsetZ[124]	OffsetZ[125]	OffsetZ[126]	OffsetZ[127]	OffsetZ[128]	OffsetZ[129]	OffsetZ[130]	OffsetZ[131]	OffsetZ[132]	OffsetZ[133]	OffsetZ[134]	OffsetZ[135]	OffsetZ[136]	OffsetZ[137]	OffsetZ[138]	OffsetZ[139]	OffsetZ[140]	OffsetZ[141]	OffsetZ[142]	OffsetZ[143]	OffsetZ[144]	OffsetZ[145]	OffsetZ[146]	OffsetZ[147]	OffsetZ[148]	OffsetZ[149]	OffsetZ[150]	OffsetZ[151]	OffsetZ[152]	OffsetZ[153]	OffsetZ[154]	OffsetZ[155]	OffsetZ[156]	OffsetZ[157]	OffsetZ[158]	OffsetZ[159]	OffsetZ[160]	OffsetZ[161]	OffsetZ[162]	OffsetZ[163]	OffsetZ[164]	OffsetZ[165]	OffsetZ[166]	OffsetZ[167]	OffsetZ[168]	OffsetZ[169]	OffsetZ[170]	OffsetZ[171]	OffsetZ[172]	OffsetZ[173]	OffsetZ[174]	OffsetZ[175]	OffsetZ[176]	OffsetZ[177]	OffsetZ[178]	OffsetZ[179]	OffsetZ[180]	OffsetZ[181]	OffsetZ[182]	OffsetZ[183]	OffsetZ[184]	OffsetZ[185]	OffsetZ[186]	OffsetZ[187]	OffsetZ[188]	OffsetZ[189]	OffsetZ[190]	OffsetZ[191]	OffsetZ[192]	OffsetZ[193]	OffsetZ[194]	OffsetZ[195]	OffsetZ[196]	OffsetZ[197]	OffsetZ[198]	OffsetZ[199]	OffsetZ[200]
R3BiankaMd010011	Attack01	0	0.0034	0.0847	0.2034	0.2232	0.2027	0.195	0.1925	0.1975	0.2048	0.2124	0.2187	0.2218	0.2196	0.2106	0.1956	0.1764	0.1555	0.1336	0.1119	0.0922	0.075	0.0515	0.0253	0.0032	-0.0069	-0.0067	0.0005	0.0052	0.0037	0.0026	0.0016	0.0006	0
R3BiankaMd010011	Attack02	0	-0.0145	-0.0754	-0.2375	-0.6161	-0.9704	-1.2182	-1.3196	-1.2801	-1.246	-1.2271	-1.2151	-1.2118	-1.2132	-1.2168	-1.2196	-1.2192	-1.2013	-1.174	-1.1407	-1.1062	-1.0748	-1.0521	-1.0417	-1.0431	-1.053	-1.0717	-1.0956	-1.1139	-1.1284	-1.1404	-1.148	-1.1512	-1.1525	-1.1521	-1.1507	-1.1507	-1.1501	-1.1495	-1.1494	-1.1492	-1.1483
R3BiankaMd010011	Attack03	0	-0.0115	0	0.1243	0.468	0.9079	1.1964	1.4899	1.8376	2.0333	2.3432	2.4268	2.4648	2.5001	2.533	2.5119	2.3791	2.2269	2.1379	2.0586	1.9772	1.888	1.7979	1.74	1.7116	1.6966	1.6865	1.6759	1.6655	1.6552	1.6452	1.6355	1.6258	1.6158	1.6054	1.5796	1.5449	1.5059	1.4685	1.436	1.4138	1.4104	1.4092	1.4095	1.4105	1.4113	1.4121	1.4123
R3BiankaMd010011	Attack04	0	-0.0208	-0.0439	-0.0611	-0.5187	-0.472	-0.5049	-0.8	-1.0158	-0.7537	-0.9654	-1.1403	-1.3111	-1.4898	-1.6753	-1.8595	-2.1551	-2.4957	-2.908	-2.888	-2.869	-2.8717	-2.8761	-2.8806	-2.8842	-2.8869	-2.8895	-2.892	-2.8939	-2.8957	-2.8972	-2.8996	-2.9028	-2.9063	-2.9082	-2.9104	-2.9152	-2.9282	-2.963	-3.0006	-3.0264	-3.0468	-3.0624	-3.0729	-3.0754	-3.0769	-3.0778	-3.0783	-3.0785	-3.0788
R3BiankaMd010011	Attack05	0	-0.0819	-0.146	-0.1996	-0.2511	-0.3091	-0.3813	-0.5709	-0.7812	-0.835	-0.8963	-1.0396	-1.2863	-1.4625	-1.4952	-1.5294	-1.5362	-1.5348	-1.5312	-1.5267	-1.5225	-1.5186	-1.5145	-1.5102	-1.5047	-1.4964	-1.4845	-1.4656	-1.4419	-1.417	-1.3955	-1.3828	-1.3845	-1.4004	-1.4278	-1.4589	-1.4876	-1.511	-1.5488	-1.5899	-1.6337	-1.6641	-1.6716	-1.6708	-1.6668	-1.6628	-1.6609	-1.6608	-1.661	-1.6612	-1.6613	-1.6614	-1.6614	-1.6612	-1.6611	-1.6611
R3BiankaMd010011	Attack11	0	0.617	1.1247	1.2007	1.2058	1.21	1.2075	1.1965	1.1817	1.1648	1.1466	1.128	1.1099	1.0923	1.0755	1.0602	1.047	1.0368	1.0302	0.8101	-0.3031	-0.7586	-1.0538	-1.2807	-1.4826	-1.6772	-1.8399	-1.9311	-2.0053	-2.063	-2.0909	-2.109	-2.1232	-2.1286	-2.1337	-2.1485	-2.182	-2.2531	-2.321	-2.3818	-2.4287	-2.4511	-2.4693	-2.4969	-2.5197	-2.5321	-2.5323	-2.5287	-2.5254	-2.5209	-2.517	-2.5145	-2.5118	-2.5099	-2.5083	-2.5068	-2.5054	-2.5041	-2.5037
R3BiankaMd010011	Attack21	0	0.0313	0.195	0.228	0.2444	0.2674	0.2796	0.279	0.2769	0.2737	0.2702	0.2669	0.2706	0.2881	0.3109	0.3375	0.3696	0.4121	0.4644	0.5127	0.5486	0.569	0.5824	0.5932	0.6039	0.6119	0.6188	0.626	0.6331	0.6396	0.6451	0.6468	0.646	0.6455	0.6456	0.645	0.6448	0.6445	0.6438	0.6433	0.6427	0.6427
R3BiankaMd010011	Attack31	0	-0.312	-0.4115	-0.4646	-0.5672	-0.6379	-0.7342	-0.8297	-0.8952	-0.9143	-0.9334	-0.948	-0.9465	-0.949	-0.9501	-0.9498	-0.948	-0.9438	-0.9355	-0.9242	-0.9123	-0.9031	-0.8926	-0.8776	-0.862	-0.8472	-0.8339	-0.8204	-0.8071	-0.7947	-0.7835	-0.775	-0.7699	-0.7713	-0.7769	-0.7867	-0.7986	-0.8105	-0.8209	-0.8285	-0.8335	-0.8368	-0.8391	-0.8431	-0.8497	-0.8568	-0.8627	-0.8675	-0.8708	-0.872	-0.8726	-0.873	-0.8732	-0.8733	-0.8733	-0.8733	-0.8731	-0.873	-0.873
R3BiankaMd010011	Attack41	0	-0.0121	-0.0244	-0.0582	-0.1098	-0.0949	-0.0912	-0.0931	-0.0964	-0.1026	-0.1141	-0.1579	-0.1698	-0.1654	-0.1555	-0.1461	-0.1371	-0.1278	-0.1195	-0.1197	-0.1211	-0.1242	-0.1288	-0.1328	-0.137	-0.14	-0.1347	-0.1141	-0.0816	-0.0478	-0.0223	-0.0154	-0.0118	-0.009	-0.0072	-0.0063	-0.0052	-0.0047	-0.0037	-0.0023	0	0
R3BiankaMd010011	Attack42	0	0.0089	0.0128	0.0131	0.0111	0.007	0.0038	0.0004	-0.0027	-0.0426	-0.0546	-0.0508	-0.0409	-0.0311	-0.0196	-0.0076	-0.0048	-0.0055	-0.0081	-0.0124	-0.0158	-0.0175	-0.0186	-0.0161	-0.0005	0.028	0.0621	0.0912	0.103	0.1065	0.1094	0.1111	0.1124	0.1138	0.1148	0.1166	0.1188	0.1211	0.1216
R3BiankaMd010011	Attack51	0	-0.1782	-0.2998	-0.4013	-0.5966	-0.8278	-1.0705	-1.2761	-1.3803	-1.393	-1.4074	-1.4427	-1.4881	-1.5196	-1.5481	-1.5797	-1.5898	-1.5955	-1.6021	-1.6098	-1.6179	-1.6258	-1.6333	-1.6404	-1.6477	-1.6549	-1.6622	-1.6693	-1.6762	-1.6827	-1.6923	-2.4086	-3.351	-4.1178	-4.2539	-4.3389	-4.4124	-4.4707	-4.4969	-4.5005	-4.4883	-4.4703	-4.4554	-4.4375	-4.4132	-4.39	-4.372	-4.3647	-4.3651	-4.3686	-4.3721	-4.3742	-4.3804	-4.3838	-4.384	-4.3806	-4.3679	-4.3506	-4.3311	-4.3088	-4.2851	-4.2622	-4.2457	-4.2385	-4.2336	-4.228	-4.2235	-4.2197	-4.2162	-4.2131	-4.2102	-4.2076	-4.2051	-4.2022	-4.2016
R3BiankaMd010011	AttackQte	0	-0.0035	0.0211	0.0207	0.0357	0.0233	0.0059	0.0211	0.0398	0.048	0.0343	-0.0381	-0.0537	0.1012	0.134	0.1433	0.1492	0.1593	0.1664	0.1684	0.1647	0.16	0.161	0.128	0.0462	0.0197	0.0038	-0.0093	-0.024	-0.0426	-0.0671	-0.0796	-0.0848	-0.0831	-0.0822	-0.081	-0.0795	-0.0783	-0.0775	-0.0769	-0.0769	-0.0733	-0.0573	-0.0424	-0.0295	-0.019	-0.0108	-0.005	-0.0004	0.0044	0.0101	0.0164	0.0214	0.0248	0.0277	0.0312	0.034	0.0368	0.0376	0.0369	0.0348	0.0324	0.0305	0.0298	0.0298
R3BiankaMd010011	Behitfly	0	-0.3156	-0.4101	-0.3895	-0.3781	-0.3675	-0.3489	-0.3228	-0.2975	-0.2754	-0.2587	-0.2473	-0.2373	-0.2307	-0.2334	-0.2524	-0.2591
R3BiankaMd010011	Born	0	-0.0089	-0.1035	-0.1454	-0.1661	-0.1733	-0.1808	-0.1602	-0.14	-0.1199	-0.0996	-0.0656	-0.0548	-0.0682	-0.0135	0.0313	-0.0681	-0.1091	-0.0959	-0.0637	-0.03	-0.0094	-0.005	-0.0042	-0.004	-0.0059	-0.0087	-0.0124	-0.0126	0.0035	0.023	0.0417	0.0616	0.0776	0.0885	0.0976	0.1039	0.1082	0.1106	0.1113	0.1107	0.1092	0.1072	0.105	0.1028	0.0987	0.0913	0.0845	0.0789	0.0747	0.0718	0.0689	0.0673	0.0662	0.0655	0.065	0.0648	0.0645	0.0642	0.0639	0.0636	0.0632	0.0628	0.0622	0.0621
R3BiankaMd010011	Death	0	-0.2193	-0.4025	-0.5553	-0.6789	-0.8013	-0.9266	-1.0498	-1.1554	-1.2881	-1.4948	-1.6606	-1.7179	-1.7443	-1.7601	-1.7658	-1.7654	-1.7611	-1.7529	-1.7383	-1.7169	-1.6933	-1.6709	-1.6548	-1.6537	-1.6442	-1.6202	-1.5959	-1.5911	-1.593	-1.5947	-1.5957	-1.5962	-1.5961	-1.5954	-1.5941	-1.5923	-1.5904	-1.5885	-1.5873
R3BiankaMd010011	Falldown	0	-0.1386	-0.2743	-0.3888	-0.5718	-1.0983	-1.4967	-1.8535	-1.9061	-2.0282	-2.2337	-2.3019	-2.3713	-2.4192
R3BiankaMd010011	Hit1	0	-0.2215	-0.3514	-0.4323	-0.4651	-0.4901	-0.5019	-0.5083	-0.512	-0.5135	-0.5139	-0.5113	-0.5071	-0.4997	-0.4882	-0.4701	-0.4411	-0.4097	-0.3802	-0.3544	-0.3427	-0.3373	-0.3344	-0.332	-0.3292	-0.3292
R3BiankaMd010011	Hit2	0	-0.0847	-0.168	-0.2519	-0.2991	-0.3025	-0.2987	-0.2958	-0.2937	-0.2899	-0.3088	-0.344	-0.351	-0.351	-0.3498	-0.348	-0.3445	-0.3372	-0.3202	-0.303	-0.2829	-0.2548	-0.2258	-0.2091
R3BiankaMd010011	Hit3	0	-0.0058	-0.1123	-0.2829	-0.4364	-0.6334	-0.8092	-0.9447	-0.9952	-1.0257	-1.0534	-1.0729	-1.079	-1.0741	-1.0642	-1.0551	-1.0532	-1.0581	-1.0691	-1.0929	-1.13	-1.1702	-1.2041	-1.2286	-1.2471	-1.2594	-1.2659	-1.2693	-1.2705	-1.2705	-1.271	-1.271
R3BiankaMd010011	Hit4	0	-0.1857	-0.5856	-0.8681	-0.9537	-1.016	-1.1029	-1.1779	-1.2438	-1.2852	-1.3035	-1.3182	-1.3309	-1.3421	-1.3509	-1.3579	-1.3625	-1.3642	-1.3622	-1.3537	-1.338	-1.3153	-1.2904	-1.246	-1.1955	-1.1556	-1.1355	-1.1268	-1.1242	-1.1252	-1.1277	-1.1288	-1.1278	-1.1278
R3BiankaMd010011	Hitdown	0	-0.1805	-0.4292	-0.4869	-0.5004	-0.7469	-0.9666	-1.1521	-1.3073	-1.4534	-1.5842	-1.9397	-2.4102	-2.8209	-3.1332	-3.0954	-3.3088	-3.4063	-3.4315	-3.4653	-3.4736
R3BiankaMd010011	Hoverhit	0	0.0038	0.0292	0.0575	0.0762	0.0914	0.1041	0.1113	0.1114	0.1029	0.0855
R3BiankaMd010011	Lieonfloor	0	0	0	0	0	0
R3BiankaMd010011	Move1	0	-0.0146	0.2052	1.2619	1.7217	2.392	3.1034	3.8055	4.4054	4.7917	4.936	4.9381	5.0109	5.0494	5.0706	5.1104	5.1825	5.2609	5.3427	5.4121	5.4377	5.4618	5.4829	5.5001	5.5135	5.5243	5.533	5.5404	5.5473	5.5529
R3BiankaMd010011	Move2	0	0.0348	-0.421	-1.0582	-1.452	-2.0757	-2.5511	-2.9291	-3.294	-3.763	-4.1027	-4.2337	-4.2959	-4.3267	-4.3427	-4.366	-4.4129	-4.4492	-4.4748	-4.4884	-4.4805	-4.4706	-4.4567	-4.4408	-4.4245	-4.4076	-4.3925	-4.3925
R3BiankaMd010011	Run	0	0.0031	0.0069	0.0148	0.0468	0.0429	0.0208	0.002	0.0111	0.0155	0.0287	0.0491	0.0165	0.0016	0
R3BiankaMd010011	RunLeanL	0	-0.0032	0.0042	0.0187	0.0517	0.0428	0.0202	0.0037	0.0125	0.0127	0.0244	0.0466	0.0174	0.0029	0
R3BiankaMd010011	RunLeanR	0	0.0173	0.0139	0.0492	0.0626	0.0412	0.0229	0.0132	0.0309	0.0374	0.0559	0.0322	0.0062	0
R3BiankaMd010011	RunStart	0	0.1677	0.3485	0.5405	0.74	0.9665	1.2408	1.5053	1.716	1.9487	2.1698	2.4109	2.6597	2.8952	3.1613	3.2711
R3BiankaMd010011	RunStartEnd01	0	0.1063	0.208	0.2852	0.3472	0.3907	0.4132	0.4292	0.4369	0.4424	0.447	0.4534	0.4615	0.4642	0.4491	0.4281	0.407	0.3903	0.3765	0.3686	0.3648	0.3625	0.3622	0.3631	0.3647	0.3654	0.3672	0.3697	0.3726	0.3762	0.377
R3BiankaMd010011	RunStartEnd02	0	0.0952	0.2035	0.2911	0.3348	0.3807	0.4608	0.5512	0.6285	0.6972	0.7514	0.7831	0.808	0.8277	0.8427	0.8547	0.8631	0.8678	0.8679	0.8503	0.8258	0.8008	0.783	0.7727	0.7676	0.7646	0.7613	0.7582	0.7557	0.754	0.7528	0.7516	0.7501	0.7486	0.7473	0.7466
R3BiankaMd010011	Save	0	0.0003	0.0006	0.0009	0.0012	0.0016	0.0019	0.0023	0.0026	0.0029	0.0033	0.0036	0.0038	0.004	0.0042	0.0043	0.0043	0.0043	0.0042	0.004	0.0038	0.0035	0.0032	0.0029	0.0026	0.0024	0.0021	0.0018	0.0015	0.0012	0.0009	0.0006	0.0003	0.0001	0
R3BiankaMd010011	Stand1	0	-0.0001	-0.0002	-0.0003	-0.0004	-0.0005	-0.0005	-0.0006	-0.0007	-0.0008	-0.0009	-0.001	-0.0011	-0.0012	-0.0012	-0.0013	-0.0014	-0.0014	-0.0015	-0.0015	-0.0015	-0.0015	-0.0015	-0.0015	-0.0015	-0.0014	-0.0014	-0.0013	-0.0013	-0.0012	-0.0011	-0.001	-0.0009	-0.0008	-0.0007	-0.0006	-0.0005	-0.0004	-0.0002	-0.0001	0	0
R3BiankaMd010011	Stand2	0	0.0001	0.0002	0.0003	0.0004	0.0005	0.0006	0.0007	0.0008	0.0008	0.0008	0.0008	0.0007	0.0007	0.0007	0.0008	0.0007	0.0006	0.0005	0.0003	0.0001	-0.0001	-0.0004	-0.0006	-0.0009	-0.0011	-0.0012	-0.0013	-0.0013	-0.0012	-0.0012	-0.0012	-0.0013	-0.0013	-0.0012	-0.0011	-0.0009	-0.0006	-0.0004	-0.0001	0	0
R3BiankaMd010011	Standchange	0	-0.0065	-0.0203	-0.0383	-0.0483	-0.0539	-0.0561	-0.0549	-0.0504	-0.039	-0.0315	-0.0238	-0.0173	-0.0151	-0.0133	-0.0112	-0.0089	-0.0088	-0.0093	-0.0103	-0.012	-0.0136	-0.0144	-0.0146	-0.0147	-0.0146	-0.0145
R3BiankaMd010011	Standup	0	-0.0451	-0.0916	-0.106	-0.0758	-0.0393	0.0256	0.1165	0.1924	0.2113	0.2183	0.2241	0.227	0.2265	0.2259	0.2264	0.2276	0.2288
R3BiankaMd010011	Stop	0	0.1953	0.3786	0.5064	0.5985	0.656	0.6899	0.7111	0.7217	0.7269	0.726	0.7143	0.6932	0.6608	0.6154	0.5669	0.5276	0.5152	0.5057	0.5007	0.4955	0.4941	0.4929	0.4916	0.4914	0.4918	0.4921	0.4932	0.4946	0.4961	0.4972	0.4981	0.4983
R3BiankaMd010011	StopR	0	0.1926	0.4045	0.5903	0.6772	0.7155	0.7331	0.7455	0.7549	0.7632	0.7709	0.7783	0.7808	0.7803	0.769	0.7403	0.7215	0.7	0.6799	0.6695	0.6737	0.6767	0.6772	0.6786	0.6784	0.6779	0.6784	0.679	0.6796	0.6803	0.6813	0.6825	0.684	0.686	0.6865
R3BiankaMd010011	Stun	0	0.0009	0.0018	0.0027	0.0037	0.0047	0.0056	0.0067	0.0081	0.0098	0.0115	0.0128	0.0139	0.0146	0.0148	0.0142	0.0129	0.0112	0.0094	0.0077	0.0064	0.0054	0.0044	0.0034	0.0024	0.0015	0.0006	0
