Role	Animation	OffsetZ[1]	OffsetZ[2]	OffsetZ[3]	OffsetZ[4]	OffsetZ[5]	OffsetZ[6]	OffsetZ[7]	OffsetZ[8]	OffsetZ[9]	OffsetZ[10]	OffsetZ[11]	OffsetZ[12]	OffsetZ[13]	OffsetZ[14]	OffsetZ[15]	OffsetZ[16]	OffsetZ[17]	OffsetZ[18]	OffsetZ[19]	OffsetZ[20]	OffsetZ[21]	OffsetZ[22]	OffsetZ[23]	OffsetZ[24]	OffsetZ[25]	OffsetZ[26]	OffsetZ[27]	OffsetZ[28]	OffsetZ[29]	OffsetZ[30]	OffsetZ[31]	OffsetZ[32]	OffsetZ[33]	OffsetZ[34]	OffsetZ[35]	OffsetZ[36]	OffsetZ[37]	OffsetZ[38]	OffsetZ[39]	OffsetZ[40]	OffsetZ[41]	OffsetZ[42]	OffsetZ[43]	OffsetZ[44]	OffsetZ[45]	OffsetZ[46]	OffsetZ[47]	OffsetZ[48]	OffsetZ[49]	OffsetZ[50]	OffsetZ[51]	OffsetZ[52]	OffsetZ[53]	OffsetZ[54]	OffsetZ[55]	OffsetZ[56]	OffsetZ[57]	OffsetZ[58]	OffsetZ[59]	OffsetZ[60]	OffsetZ[61]	OffsetZ[62]	OffsetZ[63]	OffsetZ[64]	OffsetZ[65]	OffsetZ[66]	OffsetZ[67]	OffsetZ[68]	OffsetZ[69]	OffsetZ[70]	OffsetZ[71]	OffsetZ[72]	OffsetZ[73]	OffsetZ[74]	OffsetZ[75]	OffsetZ[76]	OffsetZ[77]	OffsetZ[78]	OffsetZ[79]	OffsetZ[80]	OffsetZ[81]	OffsetZ[82]	OffsetZ[83]	OffsetZ[84]	OffsetZ[85]	OffsetZ[86]	OffsetZ[87]	OffsetZ[88]	OffsetZ[89]	OffsetZ[90]	OffsetZ[91]	OffsetZ[92]	OffsetZ[93]	OffsetZ[94]	OffsetZ[95]	OffsetZ[96]	OffsetZ[97]	OffsetZ[98]	OffsetZ[99]	OffsetZ[100]	OffsetZ[101]	OffsetZ[102]	OffsetZ[103]	OffsetZ[104]	OffsetZ[105]	OffsetZ[106]	OffsetZ[107]	OffsetZ[108]	OffsetZ[109]	OffsetZ[110]	OffsetZ[111]	OffsetZ[112]	OffsetZ[113]	OffsetZ[114]	OffsetZ[115]	OffsetZ[116]	OffsetZ[117]	OffsetZ[118]	OffsetZ[119]	OffsetZ[120]	OffsetZ[121]	OffsetZ[122]	OffsetZ[123]	OffsetZ[124]	OffsetZ[125]	OffsetZ[126]	OffsetZ[127]	OffsetZ[128]	OffsetZ[129]	OffsetZ[130]	OffsetZ[131]	OffsetZ[132]	OffsetZ[133]	OffsetZ[134]	OffsetZ[135]	OffsetZ[136]	OffsetZ[137]	OffsetZ[138]	OffsetZ[139]	OffsetZ[140]	OffsetZ[141]	OffsetZ[142]	OffsetZ[143]	OffsetZ[144]	OffsetZ[145]	OffsetZ[146]	OffsetZ[147]	OffsetZ[148]	OffsetZ[149]	OffsetZ[150]	OffsetZ[151]	OffsetZ[152]	OffsetZ[153]	OffsetZ[154]	OffsetZ[155]	OffsetZ[156]	OffsetZ[157]	OffsetZ[158]	OffsetZ[159]	OffsetZ[160]	OffsetZ[161]	OffsetZ[162]	OffsetZ[163]	OffsetZ[164]	OffsetZ[165]	OffsetZ[166]	OffsetZ[167]	OffsetZ[168]	OffsetZ[169]	OffsetZ[170]	OffsetZ[171]	OffsetZ[172]	OffsetZ[173]	OffsetZ[174]	OffsetZ[175]	OffsetZ[176]	OffsetZ[177]	OffsetZ[178]	OffsetZ[179]	OffsetZ[180]	OffsetZ[181]	OffsetZ[182]	OffsetZ[183]	OffsetZ[184]	OffsetZ[185]	OffsetZ[186]	OffsetZ[187]	OffsetZ[188]	OffsetZ[189]	OffsetZ[190]	OffsetZ[191]	OffsetZ[192]	OffsetZ[193]	OffsetZ[194]	OffsetZ[195]	OffsetZ[196]	OffsetZ[197]	OffsetZ[198]	OffsetZ[199]	OffsetZ[200]
R3ShenweiMd019031	Attack01	0	-0.0021	-0.02	-0.112	-0.204	-0.1116	0.397	1.0377	1.35	1.3899	1.404	1.4109	1.411	1.411	1.411	1.412	1.412	1.4147	1.369	1.1935	0.964	0.7401	0.541	0.3487	0.189	0.099	0.037	0
R3ShenweiMd019031	Attack02	0	0.0018	0.528	1.1565	1.281	1.3238	1.361	1.3875	1.395	1.3923	1.384	1.3727	1.358	1.34	1.322	1.3044	1.289	1.2777	1.273	1.271	1.252	1.2145	1.169	1.119	1.068	1.0182	1.008
R3ShenweiMd019031	Attack03	0	0.029	0.13	0.4735	0.898	1.1861	1.401	1.6059	2.011	2.4497	2.919	2.9379	2.939	2.9307	2.919	2.9101	2.909	2.909	2.909	2.909	2.909	2.909	2.909	2.9111	2.867	2.7903	2.709	2.6413	2.605	2.5966	2.604	2.6236	2.65	2.6782	2.703	2.722	2.749	2.7754	2.786	2.7781	2.768	2.768
R3ShenweiMd019031	Attack04	0	0.4475	0.738	0.99	1.243	1.449	1.649	1.865	2.065	2.5015	2.491	2.4875	2.484	2.482	2.482	2.483	2.484	2.4835	2.47	2.4365	2.388	2.3315	2.275	2.2255	2.211
R3ShenweiMd019031	Attack05	0	0.1901	0.387	0.5931	0.788	0.9962	1.236	1.4949	1.864	2.5248	2.777	2.9533	3.035	3.0523	3.056	3.0601	3.062	3.0626	3.06	3.0585	3.056	3.054	3.052	3.0505	3.049	3.0434	2.985	2.8447	2.584	2.3218	2.153	2.0393	1.92	1.8134	1.735	1.6862	1.652	1.629
R3ShenweiMd019031	Attack11	0	0.0714	-0.036	-0.1057	-0.109	-0.1237	0.072	0.5707	1.157	1.5496	1.509	1.4552	1.379	1.7775	2.599	2.5706	2.548	2.5387	2.535	2.5324	2.531	2.53	2.53	2.53	2.531	2.53	2.53	2.5266	2.521	2.5111	2.499	2.4899	2.482	2.4778	2.477	2.478
R3ShenweiMd019031	Attack12	0	0.727	1.132	1.459	1.825	2.2405	2.711	3.1125	3.265	3.316	3.366	3.5635	3.814	4.019	4.146	4.3785	4.418	4.3365	4.289	4.001	3.839	3.884	4.247	4.4095	4.426	4.309	4.236	4.1725	4.107	4.0435	4.02	4.0405	4.125	4.36	4.5	4.543	4.502	4.4765	4.452	4.454	4.499	4.7565	5.132	5.4405	5.525	5.4435	5.421
R3ShenweiMd019031	Attack21	0	-0.0562	-0.163	-0.4331	-0.612	-0.6114	-0.334	0.001	0.155	0.1824	0.346	0.5118	0.5	0.4738	0.488	0.503	0.509	0.5136	0.517	0.519	0.521	0.522	0.523	0.524	0.535	0.5535	0.571	0.5778	0.57	0.5504	0.523	0.4948	0.471	0.4573	0.447	0.4384	0.432	0.4257	0.416	0.4059	0.407	0.4104	0.405	0.405
R3ShenweiMd019031	Attack22	0	-0.4515	-0.274	-0.0589	0.281	0.723	1.003	1.2636	1.443	1.4666	1.453	1.4263	1.412	1.4121	1.356	0.918	0.858	0.8127	0.79	0.7677	0.769	0.7686	0.712	0.5834	0.412	0.2309	0.069	-0.0337	-0.052	-0.0232	0	0
R3ShenweiMd019031	Attack31	0	0.0724	0.48	0.8232	1.172	1.4862	1.816	2.2541	2.646	2.9782	3.307	3.6399	3.964	4.3136	4.751	5.0829	5.76	6.4272	6.523	6.5757	6.589	6.5928	6.601	6.6266	6.705	6.8403	6.898	6.8447	6.743	6.6371	6.617
R3ShenweiMd019031	Attack32	0	0.427	0.886	1.3325	1.766	2.2755	2.781	3.223	3.701	4.1345	4.61	5.116	5.57	6.039	6.468	6.932	7.444	7.902	8.378	8.851	9.35	9.7855	10.146	10.5115	10.938	11.3395	11.53	11.6805	11.767	11.782	11.782	11.775	11.771	11.7805	11.8	11.791	11.785
R3ShenweiMd019031	Attack41	0	-0.0412	0.309	1.0796	1.389	1.4323	1.434	1.4184	1.387	1.34	1.095	0.7551	0.424	0.07	0
R3ShenweiMd019031	Attack42	0	0.326	0.362	0.368	0.784	0.9315	1.142	1.223	1.322	1.275	1.244	1.2435	1.249	1.247	1.147	0.9565	0.712	0.466	0.257	0.085	-0.062
R3ShenweiMd019031	Attack43	0	0.199	0.262	0.1593	0.088	0.1209	0.31	0.3165	0.396	0.6141	1.029	0.7996	0.622	0.6599	0.825	1.031	1.282	1.6613	1.784	2.0686	2.261	2.3355	2.348	2.3589	2.362	2.3589	2.347	2.3231	2.288	2.2489	2.211	2.1814	2.162	2.1557	2.154	2.1543	2.158	2.1634	2.164
R3ShenweiMd019031	Attack44	0	0.4271	1.176	1.2715	1.241	1.2672	1.281	1.2842	1.284	1.284	1.284	1.284	1.284	1.2876	1.217	1.0549	0.875	0.6884	0.468	0.2453	0.089	0.0646	0.083	0.1007	0.102
R3ShenweiMd019031	Attack45	0	0.4475	0.662	0.6995	0.98	1.215	1.423	1.647	1.92	2.1725	2.408	2.449	2.439	2.384	2.335	2.345	2.426	2.537	2.652	2.7775	2.816	2.672	2.499	2.379	2.312	2.269	2.255
R3ShenweiMd019031	Attack51	0	0.0052	0.015	0.0498	0.079	0.0699	0.054	0.0455	0.038	0.0327	0.032	0.0607	0.059	0.0335	0.035	0.1943	0.249	0.257	0.254	0.2474	0.242	0.2358	0.226	0.214	0.203	0.1946	0.185	0.1743	0.167	0.1669	0.177	0.2496	0.32	0.2838	0.152	0.0956	0.091	0.0884	0.088	0.0884	0.091	0.094	0.096	0.0981	0.099	0.0971	0.094	0.0936	0.1	0.1193	0.161	0.215	0.26	0.2767	0.263	0.2269	0.175	0.1122	0.037	-0.008
R3ShenweiMd019031	AttackQte	0	0	0	0	0	0	0	0	0	0.0155	0.067	0.1295	0.129	0.1285	0.128	0.125	0.122	0.1194	0.118	0.1159	0.098	0.0542	-0.147	-0.2807	-0.357	-0.2081	0.257	0.5782	0.67	0.7144	0.994	1.2846	1.555	1.9654	2.296	2.5167	2.816	3.0766	3.309	3.7096	3.883	4.1191	4.253	4.2378	4.225	4.2264	4.229	4.232	4.234	4.237	4.239	4.2401	4.24	4.24	4.24	4.24	4.24	4.2603	4.762	5.5551	6.562	7.5803	8.601	9.277
R3ShenweiMd019031	Behitfly	0	-0.0455	-0.083	-0.1805	-0.216	-0.133	0.001	0.0845	0.063	-0.083	-0.257	-0.257
R3ShenweiMd019031	Born	0	-0.0091	-0.007	0.0134	0.062	0.0558	0.062	0.0657	0.066	0.066	0.066	0.066	0.065	0.064	0.063	0.0605	0.059	0.0565	0.054	0.0515	0.049	0.0475	0.046	0.045	0.045	0.0448	0.047	0.0531	0.057	0.0556	0.044	0.0234	-0.004	-0.0345	-0.066	-0.0954	-0.118	-0.126	-0.135	-0.1416	-0.147	-0.1525	-0.157	-0.161	-0.164	-0.167	-0.17	-0.172	-0.174	-0.1756	-0.177	-0.1741	-0.171	-0.167	-0.164	-0.1629	-0.163	-0.1635	-0.164	-0.165	-0.166	-0.1675	-0.168	-0.169	-0.17	-0.17	-0.17	-0.1695	-0.169	-0.169	-0.169	-0.169	-0.169	-0.169	-0.169
R3ShenweiMd019031	Death	0	0.151	0.032	-0.1208	-0.412	-0.6523	-0.879	-1.091	-1.239	-1.3141	-1.369	-1.3993	-1.407	-1.4088	-1.406	-1.3996	-1.391	-1.3805	-1.369	-1.3586	-1.347	-1.3321	-1.316	-1.2976	-1.276	-1.253	-1.22	-1.1729	-1.126	-1.0959	-1.085	-1.0853	-1.089	-1.094	-1.1	-1.1052	-1.107	-1.107
R3ShenweiMd019031	Falldown	0	0	-0.332	-0.7415	-1.052	-1.2125	-1.334	-1.4265	-1.503	-1.537	-1.55	-1.562	-1.568
R3ShenweiMd019031	Hit1	0	0.03	0.013	-0.1125	-0.258	-0.3965	-0.506	-0.611	-0.687	-0.744	-0.773	-0.795	-0.822	-0.843	-0.858	-0.8635	-0.862	-0.8505	-0.846	-0.8425	-0.837	-0.8305	-0.823	-0.816	-0.81	-0.804	-0.791	-0.7735	-0.761	-0.7515	-0.744	-0.738	-0.733	-0.728	-0.722	-0.698	-0.666	-0.6345	-0.611	-0.5835	-0.575
R3ShenweiMd019031	Hit2	0	-0.0765	-0.323	-0.4555	-0.612	-0.744	-0.873	-1.001	-1.094	-1.1415	-1.172	-1.19	-1.201	-1.206	-1.21	-1.212	-1.214	-1.2135	-1.212	-1.2085	-1.202	-1.1885	-1.169	-1.1355	-1.089	-1.0185	-0.943	-0.8735	-0.813	-0.805	-0.821	-0.786	-0.722	-0.674	-0.655	-0.655
R3ShenweiMd019031	Hit3	0	0.0195	-0.143	-0.2965	-0.572	-0.7855	-0.892	-0.919	-0.968	-1.0385	-1.112	-1.179	-1.248	-1.2835	-1.263	-1.243	-1.243	-1.252	-1.257	-1.26	-1.262	-1.262	-1.263	-1.2635	-1.265	-1.269	-1.271	-1.272	-1.271	-1.267	-1.259	-1.2445	-1.228	-1.21	-1.192	-1.176	-1.153	-1.118	-1.083	-1.041	-1.028
R3ShenweiMd019031	Hit4	0	-0.1395	-0.34	-0.505	-0.615	-0.715	-0.836	-0.9685	-1.1	-1.173	-1.193	-1.1985	-1.215	-1.235	-1.255	-1.274	-1.297	-1.366	-1.446	-1.5155	-1.588	-1.643	-1.661	-1.6535	-1.648	-1.6365	-1.621	-1.599	-1.573	-1.508	-1.426	-1.333	-1.236	-1.138	-1.041	-0.9555	-0.852	-0.759	-0.724	-0.7475	-0.774	-0.774
R3ShenweiMd019031	Hitdown	0	0.184	0.066	-0.078	-0.045	0.006	-0.015	-0.161	-0.309	-0.2985	-0.589	-0.9985	-1.309	-1.4695	-1.591	-1.6835	-1.76	-1.794	-1.807	-1.819	-1.825
R3ShenweiMd019031	Hoverhit	0	-0.059	-0.124	-0.156	-0.142	-0.098	-0.069	-0.047	-0.022	-0.007	-0.012	-0.056	-0.128	-0.2205	-0.252
R3ShenweiMd019031	Lieonfloor	0	0	0
R3ShenweiMd019031	Move1	0	-0.3317	0.295	0.9468	1.539	2.1174	2.725	3.5272	4.111	4.4932	4.818	5.0533	5.14	5.25	5.442	5.5765	5.711
R3ShenweiMd019031	Move2	0	0.0371	-1.034	-1.5553	-2.027	-2.4549	-2.848	-3.2157	-3.535	-3.7954	-3.994	-3.966	-3.911	-4.083	-4.291	-4.4107	-4.501
R3ShenweiMd019031	Run	0	-0.0225	-0.035	-0.0143	0.013	0.0242	0.032	0.0092	-0.017	-0.041	-0.018	0.0027	0.011	0.0032	0	0
R3ShenweiMd019031	RunLeanL	0	-0.0224	-0.037	-0.0168	0.01	0.0207	0.028	0.0063	-0.021	-0.0426	-0.019	0.0032	0.012	0.0043	0.001	0
R3ShenweiMd019031	RunLeanR	0	-0.023	-0.038	-0.0168	0.01	0.0212	0.028	0.0058	-0.021	-0.0441	-0.02	0.0007	0.009	0.0017	0	0
R3ShenweiMd019031	RunStart	0	0.1877	0.373	0.5663	0.772	0.9906	1.218	1.4791	1.747	2.0056	2.236	2.4692	2.699	2.931	3.181	3.4347	3.657	3.8915	3.946
R3ShenweiMd019031	RunStartEnd01	0	0.0475	0.087	0.1168	0.133	0.1351	0.117	0.0972	0.092	0.088	0.083	0.0772	0.069	0.0537	0.054	0.0585	0.063	0.063	0.062	0.062	0.063	0.0634	0.065	0.067	0.068	0.0695	0.07	0.07	0.07	0.07
R3ShenweiMd019031	RunStartEnd02	0	0.094	0.189	0.2606	0.303	0.3461	0.379	0.4004	0.406	0.3969	0.371	0.365	0.36	0.3556	0.35	0.3435	0.327	0.3241	0.328	0.3327	0.334	0.3335	0.333	0.3335	0.334	0.3355	0.337	0.3385	0.34	0.341	0.341	0.341	0.341	0.341
R3ShenweiMd019031	Save	0	0	0	0	0	0	0	0	0	0	0	0	0	0	0	0	0	0	0	0	0	0	0	0	0	0	0	0	0	0	0	0	0	0	0	0	0	0	0	0	0	0
R3ShenweiMd019031	Stand1	0	0	0	0	0	0	0	0	0	0	0	0	0	-0.001	-0.001	0	0	0	0	0	0	-0.001	-0.001	-0.001	-0.001	-0.001	-0.001	-0.001	-0.001	-0.001	-0.001	-0.001	-0.001	-0.001	-0.001	0	0	0	0	0	0	0
R3ShenweiMd019031	Stand2	0	0	0	-0.0005	-0.001	-0.0015	-0.002	-0.0035	-0.004	-0.0055	-0.006	-0.0075	-0.009	-0.0095	-0.011	-0.012	-0.013	-0.014	-0.014	-0.015	-0.015	-0.015	-0.015	-0.015	-0.014	-0.0135	-0.013	-0.012	-0.011	-0.0095	-0.009	-0.0075	-0.007	-0.0055	-0.004	-0.0035	-0.002	-0.0015	-0.001	0	0	0
R3ShenweiMd019031	Standchange	0	-0.0506	-0.109	-0.1691	-0.228	-0.2839	-0.333	-0.3642	-0.374	-0.3766	-0.378	-0.3785	-0.38	-0.3805	-0.381	-0.382	-0.382	-0.383	-0.384	-0.3845	-0.385	-0.385	-0.385	-0.3857	-0.373	-0.3302	-0.275	-0.222	-0.16	-0.0992	-0.062	-0.0564	-0.061	-0.0705	-0.08	-0.0876	-0.093	-0.0926	-0.091	-0.0885	-0.086	-0.083	-0.08	-0.077	-0.074	-0.0704	-0.06	-0.0423	-0.029	-0.025	-0.022	-0.022
R3ShenweiMd019031	Standup	0	-0.0065	-0.031	-0.0665	-0.087	-0.0815	-0.067	-0.012	0.057	0.1355	0.214	0.293	0.397	0.4975	0.527
R3ShenweiMd019031	Stop	0	0.2253	0.482	0.7669	0.936	1.0242	1.054	1.0645	1.057	1.0367	1.013	0.9945	0.975	0.9624	0.96	0.9617	0.969	0.9827	1.002	1.0301	1.065	1.0927	1.117	1.1237	1.126	1.1276	1.128	1.1275	1.127	1.125	1.123	1.1225	1.122	1.121	1.121
R3ShenweiMd019031	StopR	0	0.1181	0.306	0.6012	0.785	0.8304	0.86	0.8808	0.887	0.8864	0.879	0.8661	0.824	0.7629	0.676	0.5635	0.461	0.3606	0.259	0.1589	0.114	0.0963	0.092	0.094	0.096	0.0955	0.095	0.095	0.096	0.0965	0.098	0.0995	0.1	0.101	0.101	0.101	0.101	0.101
R3ShenweiMd019031	Stun	0	0	0	-0.001	-0.002	-0.003	-0.004	-0.0055	-0.006	-0.0075	-0.008	-0.0095	-0.011	-0.0125	-0.013	-0.0145	-0.016	-0.016	-0.016	-0.016	-0.015	-0.015	-0.014	-0.0125	-0.012	-0.0105	-0.009	-0.0075	-0.006	-0.0045	-0.003	-0.0015	-0.001	0	0
R3ShenweiMd019031	Win	0	0.0025	0.005	0.008	0.012	0.015	0.019	0.022	0.026	0.0286	0.031	0.0325	0.034	0.035	0.036	0.036	0.036	0.036	0.036	0.036	0.035	0.0345	0.034	0.033	0.032	0.031	0.03	0.0285	0.027	0.026	0.026	0.0255	0.025	0.0239	0.024	0.026	0.029	0.032	0.035	0.038	0.04	0.0415	0.042	0.043	0.043	0.0446	0.044	0.044	0.044	0.045	0.045	0.045
