Id	Type	Priority	PrefixRoot	Root
100020	OnFrame	3	2	107
100026	OnFrame	3	2	723
100033	OnFrame	3	930	932
100046	OnBeforeDamage	3	938	948
100051	OnBeforeDamage	3	991	996
100052	OnFrame	3	1022	1023
100053	OnSkill	3	1022	1062
100054	OnFrame	3	1069	1144
100055	OnSkill	3	1022	1156
100056	OnBeHit	3	1022	1186
100057	OnNpcWillDie	3	1022	1190
100058	OnSwitchNpc	3	1022	1193
100062	OnFrame	3	1199	1201
100063	OnBeHit	3	1022	1208
100074	OnSkill	3	1212	1214
100086	OnBeforeDamage	3	1022	1228
100089	OnFrame	3	1230	1235
199900	OnFrame	3	1022	1356
100201	OnSkill	3	1022	1375
100202	OnSwitchNpc	3	1390	1391
100203	OnFrame	3	1406	0
100219	OnFrame	3	1438	1441
100243	OnBeforeDamage	3	931	1456
100251	OnBeHit	3	1022	1479
100268	OnFrame	3	1484	1488
100290	OnBeforeDamage	3	1022	1491
100292	OnBeforeDamage	3	1022	1493
101853	OnFrame	3	1022	1495
101854	OnFrame	3	1502	1503
101861	OnSkill	3	1529	1535
101862	OnSkill	3	1022	1578
101863	OnSwitchNpc	3	931	1623
101864	OnFrame	3	1630	1633
100940	OnFrame	3	1635	1638
100942	OnBeforeDamage	3	1022	1640
100949	OnSkill	3	1022	1654
100957	OnSwitchNpc	3	931	1671
100406	OnFrame	3	1676	1677
100423	OnFrame	3	1687	1688
100424	OnFrame	3	1713	1714
100425	OnFrame	3	1713	1736
100433	OnBeforeDamage	3	1764	1766
100440	OnSkill	3	1790	1791
100446	OnBeforeDamage	3	931	1817
100450	OnFrame	3	1820	1825
100462	OnFrame	3	1937	1940
100463	OnSwitchNpc	3	931	1942
100489	OnFrame	3	1947	0
100490	OnBeforeDamage	3	931	1955
100492	OnFrame	3	931	1957
100494	OnBeforeDamage	3	931	1959
101641	OnBeforeDamage	3	931	1961
101660	OnSwitchNpc	3	931	1983
101661	OnFrame	3	1988	1991
101667	OnSkill	3	1022	1993
101669	OnFrame	3	1999	2001
101670	OnFrame	3	2010	2012
101680	OnFrame	3	2025	0
101690	OnFrame	3	1022	2050
101692	OnBeforeDamage	3	1022	2057
101694	OnFrame	3	1022	2070
101726	OnFrame	3	2074	2082
101727	OnFrame	3	1022	2152
101728	OnFrame	3	2168	2169
101741	OnFrame	3	2172	2176
101744	OnBeHit	3	1022	2224
101748	OnBeforeDamage	3	2226	2227
101752	OnFrame	3	2168	2271
101758	OnNpcWillDie	3	2168	2273
101759	OnFrame	3	2168	2271
101773	OnFrame	3	2274	0
101784	OnFrame	3	1022	2322
101786	OnBeforeDamage	3	1022	2328
101788	OnBeforeDamage	3	1022	2331
101790	OnSwitchNpc	3	931	2333
102339	OnFrame	3	931	2338
102340	OnAfterDamage	3	2374	2376
102348	OnSkill	3	2419	2422
102350	OnFrame	3	2426	2432
102360	OnFrame	3	2449	2452
102362	OnSwitchNpc	3	931	2454
102371	OnBeforeDamage	3	2168	2459
102380	OnFrame	3	2462	0
102382	OnBeforeDamage	3	931	2470
102384	OnBeforeDamage	3	931	2472
102386	OnSkill	3	931	2477
100633	OnBeforeDamage	3	2491	2494
100634	OnFrame	3	2168	2517
100638	OnSkill	3	1022	2538
100639	OnFrame	3	2542	2544
100643	OnFrame	3	2583	2585
100650	OnSwitchNpc	3	931	2633
100677	OnFrame	3	2638	2640
100690	OnFrame	3	1022	2653
100692	OnSkill	3	2168	2665
100694	OnFrame	3	931	2668
100698	OnFrame	3	931	2677
101139	OnBeforeDamage	3	2687	2690
101140	OnSkill	3	1022	2751
101144	OnFrame	3	2168	2759
101150	OnFrame	3	2767	2768
101153	OnFrame	3	2780	2786
101154	OnFrame	3	2802	2804
101163	OnBeHit	3	1022	2823
101166	OnSwitchNpc	3	931	2825
101167	OnFrame	3	2830	2833
101190	OnFrame	3	2835	0
101194	OnBeforeDamage	3	1022	2852
101196	OnBeforeDamage	3	1022	2855
101198	OnSkill	3	1022	2858
100323	OnBeforeDamage	3	931	2870
100330	OnFrame	3	2872	2875
100331	OnFrame	3	930	2904
100334	OnFrame	3	2920	0
100337	OnSwitchNpc	3	931	2928
100338	OnFrame	3	2933	2937
100340	OnSkill	3	1022	2951
100348	OnFrame	3	2959	2963
100356	OnFrame	3	2993	2997
100390	OnSkill	3	1022	3016
100392	OnFrame	3	2168	3018
100394	OnSkill	3	1022	3030
100396	OnFrame	3	3032	3035
102640	OnBeforeDamage	3	1676	3037
102648	OnFrame	3	3055	3058
102650	OnFrame	3	3065	3067
102665	OnSkill	3	3072	3082
102680	OnSwitchNpc	3	931	3132
101240	OnBeforeDamage	3	3137	3138
101244	OnBeforeDamage	3	3157	3159
101252	OnFrame	3	3174	3178
101261	OnSwitchNpc	3	931	3186
101262	OnFrame	3	3191	0
101268	OnFrame	3	3207	3210
101273	OnFrame	3	3212	3220
101290	OnFrame	3	1022	3221
101292	OnBeforeDamage	3	1022	3227
101294	OnSkill	3	1022	3230
100100	OnBeforeDamage	3	930	3232
100114	OnBeforeDamage	3	3262	3263
100115	OnBeforeDamage	3	3262	3271
100116	OnBeforeDamage	3	3262	3275
100128	OnSkill	3	1022	3279
100150	OnFrame	3	3293	0
100156	OnSwitchNpc	3	931	3308
100165	OnBeforeDamage	3	3262	3313
100171	OnFrame	3	3318	3321
100190	OnBeforeDamage	3	1022	3323
100192	OnBeforeDamage	3	1022	3325
100194	OnBeforeDamage	3	1022	3332
100541	OnSkill	3	1022	3343
100570	OnFrame	3	3351	0
100573	OnSwitchNpc	3	931	3358
100574	OnFrame	3	3363	3366
100590	OnBeforeDamage	3	1022	3368
100592	OnSkill	3	1022	3370
100595	OnSkill	3	1022	3372
100774	OnFrame	3	3374	0
100750	OnFrame	3	3394	3397
100760	OnSkill	3	3401	3402
100770	OnSwitchNpc	3	931	3428
100771	OnBeforeDamage	3	1022	3433
100773	OnBeforeDamage	3	931	3437
100782	OnFrame	3	3449	3452
100785	OnFrame	3	3454	3456
100790	OnBeforeDamage	3	1022	3473
100792	OnBeforeDamage	3	1022	3479
100794	OnBeforeDamage	3	1022	3482
100826	OnBeforeDamage	3	1022	3484
100855	OnFrame	3	3501	3504
100860	OnBeforeDamage	3	1022	3506
100870	OnSwitchNpc	3	931	3521
100875	OnFrame	3	3526	0
100890	OnBeforeDamage	3	1022	3537
100892	OnBeforeDamage	3	1022	3539
100894	OnBeforeDamage	3	1022	3542
101340	OnBeforeDamage	3	3544	3547
101356	OnFrame	3	3594	3595
101361	OnSwitchNpc	3	931	3601
101362	OnFrame	3	3606	0
101364	OnFrame	3	3623	3626
101392	OnBeforeDamage	3	1022	3628
101394	OnAfterDamage	3	1022	3633
101426	OnBeforeDamage	3	3643	3645
101427	OnBeforeDamage	3	3732	3734
101437	OnBeforeDamage	3	3594	3750
101440	OnSkill	3	3762	3764
101445	OnFrame	3	3781	3783
101449	OnFrame	3	3804	3806
101452	OnSwitchNpc	3	931	3842
101453	OnFrame	3	1713	3847
102223	OnBeforeDamage	3	1022	3848
102224	OnBeforeDamage	3	1022	3855
102225	OnBeforeDamage	3	1022	3858
102242	OnSwitchNpc	3	931	3861
102246	OnFrame	3	3866	3868
102256	OnBeHit	3	1022	3890
102261	OnFrame	3	3892	3894
102262	OnFrame	3	3919	3924
102263	OnFrame	3	1022	3941
102264	OnFrame	3	1022	3944
102285	OnFrame	3	3948	0
102292	OnSkill	3	1022	3965
102295	OnFrame	3	1022	3967
101528	OnFrame	3	1022	3982
101542	OnSwitchNpc	3	931	3997
101553	OnFrame	3	4002	4008
101558	OnFrame	3	4021	4024
101590	OnFrame	3	4026	0
101593	OnAfterDamage	3	4035	4036
101595	OnSkill	3	1022	4041
101597	OnSkill	3	1022	4043
101588	OnFrame	3	4045	4047
900004	OnAfterDamage	3	0	4051
900011	OnFrame	3	931	4057
900012	OnFrame	3	4065	4066
900014	OnFrame	3	4074	4076
900015	OnFrame	3	4089	4091
900016	OnFrame	3	4101	4102
900019	OnFrame	3	4118	4122
900020	OnBeHit	3	930	4135
900022	OnFrame	3	4138	4139
900033	OnFrame	3	930	4172
900050	OnAfterDamage	3	4181	4184
900051	OnAfterDamage	3	4193	4194
900053	OnFrame	3	931	4198
980001	OnFrame	3	4206	4207
821080	OnFrame	3	4210	4218
821230	OnFrame	3	4295	4305
821231	OnFrame	3	4338	4340
821232	OnFrame	3	4343	4345
821237	OnFrame	3	4348	4349
821241	OnFrame	3	4370	4371
821245	OnFrame	3	1390	4374
821256	OnNpcWillDie	3	0	4376
821269	OnFrame	3	930	4385
980003	OnFrame	3	4388	4390
821270	OnFrame	3	930	4521
821308	OnFrame	3	4529	4556
821301	OnFrame	3	4676	4678
821305	OnFrame	3	4733	4736
821311	OnFrame	3	4749	4750
821313	OnFrame	3	4790	4792
821316	OnFrame	3	4799	4809
821319	OnNpcWillDie	3	1022	4848
900201	OnFrame	3	1390	4850
900202	OnFrame	3	4855	4975
900203	OnAfterDamage	3	5067	5068
900204	OnFrame	3	5246	5247
900205	OnSkill	3	5260	5285
900206	OnFrame	3	5422	5423
900207	OnFrame	3	5435	5436
900208	OnFrame	3	5437	5438
900209	OnFrame	3	5448	5449
900211	OnSkill	3	5485	5486
900214	OnFrame	3	5498	5528
900062	OnFrame	3	5780	5815
900027	OnFrame	3	6380	6381
821530	OnNpcWillDie	3	1022	6417
900026	OnFrame	3	930	6419
900063	OnFrame	3	0	6422
900102	OnFrame	3	1212	6423
900066	OnFrame	3	6435	6436
900068	OnFrame	3	6445	6446
900083	OnFrame	3	6455	6465
900085	OnFrame	3	6520	6521
900105	OnFrame	3	6525	6526
900080	OnFrame	3	6535	6575
900081	OnFrame	3	6682	6690
900034	OnFrame	3	7198	7199
900096	OnFrame	3	0	7209
900107	OnFrame	3	7214	7215
870101	OnFrame	3	930	7259
870201	OnFrame	3	930	7262
870202	OnFrame	3	7264	7274
870301	OnFrame	3	7337	7344
870302	OnNpcWillDie	3	1022	7392
870308	OnFrame	3	6525	7396
870248	OnFrame	3	1022	7401
870249	OnFrame	3	1022	7403
870250	OnFrame	3	7405	7434
870255	OnFrame	3	1022	7558
870119	OnFrame	3	1022	7562
870139	OnNpcWillDie	3	1022	7569
870143	OnNpcWillDie	3	1022	7571
873104	OnFrame	3	7574	7588
873107	OnFrame	3	7632	7635
873108	OnFrame	3	7643	7652
873162	OnFrame	3	7672	7674
873163	OnFrame	3	7702	7703
873164	OnFrame	3	7702	7716
873165	OnFrame	3	7702	7724
873166	OnFrame	3	7725	7743
873170	OnFrame	3	7854	7878
902196	OnFrame	3	1022	7957
700001	OnBall	3	1022	7961
700002	OnBall	3	1022	7963
700003	OnBall	3	1022	7964
700005	OnAfterDamage	3	1022	7966
700007	OnNpcWillDie	3	1022	7970
700026	OnNpcWillDie	3	1022	7973
700009	OnFrame	3	1022	7976
700011	OnFrame	3	7977	7980
700027	OnFrame	3	7989	7990
700031	OnFrame	3	7989	8001
700036	OnFrame	3	8015	8018
700041	OnFrame	3	8022	8023
700047	OnFrame	3	1022	8031
700208	OnFrame	3	8037	8038
700271	OnFrame	3	0	8040
700209	OnFrame	3	8042	8043
700235	OnFrame	3	931	8060
700236	OnFrame	3	931	8068
700237	OnFrame	3	1212	8071
700268	OnFrame	3	6435	8079
700269	OnFrame	3	8084	8085
700270	OnFrame	3	8084	8094
700923	OnBeforeDamage	3	1022	8100
700925	OnBeforeDamage	3	8102	8103
700926	OnFrame	3	8103	1022
700927	OnBeforeDamage	3	8103	8103
700928	OnBeforeDamage	3	8103	8103
700929	OnFrame	3	1022	1022
700931	OnFrame	3	8103	1022
700932	OnFrame	3	8103	1022
701007	OnFrame	3	8104	8105
701008	OnBeforeDamage	3	7989	8115
701009	OnBeforeDamage	3	8127	8128
701024	OnFrame	3	8136	8137
701025	OnFrame	3	8136	8159
701026	OnFrame	3	8136	8193
701027	OnFrame	3	8136	8223
701028	OnFrame	3	8136	8241
701029	OnFrame	3	8136	8260
701030	OnFrame	3	8136	8279
709001	OnFrame	3	8298	8300
709002	OnFrame	3	8309	8310
709003	OnFrame	3	8321	8324
700046	OnFrame	3	8330	8332
790001	OnFrame	3	8022	8336
991205	OnFrame	3	8339	8350
710001	OnFrame	3	8411	8412
710051	OnAfterDamage	3	8473	8474
710053	OnFrame	3	8475	8476
710055	OnFrame	3	8475	8480
710057	OnFrame	3	8498	8499
710059	OnFrame	3	8535	8539
710069	OnFrame	3	8475	8662
710071	OnFrame	3	8475	8665
710072	OnFrame	3	8669	8671
710074	OnFrame	3	1022	8689
710079	OnFrame	3	1022	8692
710081	OnAfterDamage	3	8473	8694
710083	OnAfterDamage	3	8473	8696
710100	OnFrame	3	8698	8714
710169	OnFrame	3	9193	9194
711102	OnAfterDamage	3	9205	9215
711202	OnFrame	3	9244	3220
711203	OnAfterDamage	3	8022	9246
711302	OnFrame	3	9249	9250
711304	OnAfterDamage	3	8022	9281
711403	OnFrame	3	9286	9288
711404	OnFrame	3	9293	9295
715001	OnFrame	3	1022	9329
715002	OnFrame	3	1022	9331
715003	OnFrame	3	1022	9335
715004	OnFrame	3	1022	9338
715010	OnFrame	3	8473	9341
715018	OnAfterDamage	3	8473	9386
715022	OnFrame	3	8473	9395
715024	OnFrame	3	8473	9400
715027	OnFrame	3	9402	9404
715030	OnFrame	3	1022	9412
715042	OnFrame	3	1022	9414
715049	OnAfterDamage	3	1022	9417
715058	OnAfterDamage	3	8473	9419
715063	OnAfterDamage	3	1022	9421
715067	OnAfterDamage	3	1022	9424
715069	OnAfterDamage	3	1022	9433
715071	OnFrame	3	1022	9440
715072	OnFrame	3	1022	9448
715075	OnFrame	3	9459	9461
715076	OnFrame	3	1022	9474
715084	OnAfterDamage	3	8473	9487
715086	OnAfterDamage	3	8473	9488
715088	OnFrame	3	9489	9491
715092	OnAfterDamage	3	8022	9494
715096	OnFrame	3	9515	9517
715101	OnAfterDamage	3	8473	9518
715106	OnAfterDamage	3	1022	9521
715108	OnAfterDamage	3	1022	9528
715121	OnAfterDamage	3	8473	9534
715125	OnAfterDamage	3	8473	9537
715134	OnFrame	3	9193	9552
715138	OnAfterDamage	3	8473	9554
715146	OnAfterDamage	3	8473	9557
715150	OnFrame	3	1022	9560
715155	OnFrame	3	8473	9562
715179	OnAfterDamage	3	8473	9565
715191	OnFrame	3	1022	9591
715198	OnAfterDamage	3	1022	9593
715204	OnFrame	3	9596	9599
715208	OnFrame	3	9596	9638
715210	OnFrame	3	9596	9659
720004	OnFrame	3	0	9662
720005	OnFrame	3	9664	9666
720007	OnFrame	3	9670	9686
720009	OnBeforeDamage	3	9745	9757
720010	OnBeforeDamage	3	9831	9832
720011	OnFrame	3	0	9836
720012	OnFrame	3	0	9838
720013	OnFrame	3	0	9840
720020	OnFrame	3	0	9842
720203	OnFrame	3	8022	9846
720209	OnFrame	3	9848	9856
720214	OnFrame	3	7989	9867
720220	OnFrame	3	7989	9881
720014	OnAfterDamage	3	0	9892
720029	OnFrame	3	0	9896
720038	OnFrame	3	8136	9902
720041	OnFrame	3	0	9916
730002	OnFrame	3	9930	9933
730004	OnFrame	3	9937	0
730007	OnFrame	3	9939	0
730008	OnFrame	3	9942	9944
730009	OnFrame	3	9950	9952
730010	OnFrame	3	9942	9967
730011	OnFrame	3	9942	9969
730013	OnFrame	3	9942	9973
730014	OnFrame	3	9942	9976
730015	OnFrame	3	9942	9978
730021	OnFrame	3	9980	0
730025	OnFrame	3	9983	9984
730027	OnFrame	3	9990	9992
730031	OnFrame	3	10005	10007
730039	OnBeHit	3	8022	10009
730036	OnFrame	3	10012	0
730037	OnFrame	3	10013	10014
730041	OnFrame	3	10022	0
730044	OnFrame	3	8022	10024
730045	OnFrame	3	8022	10025
730046	OnFrame	3	10031	10032
730047	OnFrame	3	10037	10038
730048	OnFrame	3	10051	0
730055	OnFrame	3	9983	10052
730056	OnFrame	3	10054	10058
730057	OnFrame	3	10072	10073
730061	OnFrame	3	10075	0
730062	OnFrame	3	10078	0
730064	OnFrame	3	10081	10082
730066	OnFrame	3	10108	0
730022	OnFrame	3	10110	10114
730023	OnFrame	3	10129	0
730067	OnFrame	3	10130	10132
730071	OnFrame	3	10139	10140
730075	OnFrame	3	10169	0
730076	OnFrame	3	10170	10172
730077	OnFrame	3	10178	10179
730080	OnFrame	3	10182	10183
730083	OnFrame	3	1022	10187
730090	OnFrame	3	1022	10194
730100	OnFrame	3	10197	10200
730097	OnFrame	3	10212	10215
730098	OnFrame	3	10236	10238
730099	OnFrame	3	10245	10200
730102	OnFrame	3	0	10246
730107	OnFrame	3	10249	10252
730105	OnFrame	3	0	10426
730112	OnFrame	3	10427	10430
730113	OnFrame	3	10437	10438
730103	OnFrame	3	10442	10215
730106	OnFrame	3	10443	10446
730123	OnFrame	3	0	10447
730125	OnFrame	3	10236	10452
730127	OnBeforeDamage	3	0	10454
730128	OnBeforeDamage	3	0	10459
740003	OnBeforeDamage	3	0	10461
740010	OnNpcWillDie	3	0	10464
740020	OnNpcWillDie	3	0	10467
740012	OnAfterDamage	3	10470	10472
741001	OnFrame	3	10476	10496
741002	OnFrame	3	0	10502
740021	OnFrame	3	10512	10513
740022	OnFrame	3	10178	10519
740026	OnAfterDamage	3	0	10523
740027	OnFrame	3	0	10530
750001	OnFrame	3	10533	10534
750006	OnFrame	3	10549	10550
750023	OnNpcWillDie	3	10549	10552
750025	OnFrame	3	10554	10556
750026	OnFrame	3	10590	10592
750027	OnFrame	3	10590	10604
750028	OnFrame	3	10618	10620
750029	OnFrame	3	10618	10628
750030	OnFrame	3	10633	10634
750032	OnFrame	3	1022	10635
750034	OnFrame	3	10637	10638
750037	OnFrame	3	10640	10641
750039	OnFrame	3	10649	10650
750040	OnFrame	3	10633	10652
750043	OnFrame	3	10633	10656
750046	OnFrame	3	10660	10674
750047	OnAfterDamage	3	10709	10713
750048	OnFrame	3	10718	10720
750049	OnFrame	3	10733	10739
750051	OnFrame	3	10791	10795
750052	OnFrame	3	10826	10828
750053	OnFrame	3	10833	10838
750056	OnFrame	3	10853	10856
750057	OnFrame	3	10864	10866
750058	OnFrame	3	10869	10871
750062	OnFrame	3	10633	10881
750066	OnFrame	3	10883	10885
750067	OnBeforeDamage	3	10889	10890
750068	OnBeforeDamage	3	10889	10895
750069	OnFrame	3	10897	10899
750070	OnBeHit	3	10905	10906
750071	OnFrame	3	1022	10915
750073	OnFrame	3	10916	10918
750076	OnFrame	3	10922	10923
750085	OnFrame	3	10937	10938
750088	OnFrame	3	2168	10947
750091	OnFrame	3	8473	10950
750096	OnFrame	3	10953	10955
750102	OnFrame	3	10958	10960
750106	OnFrame	3	10962	10964
750107	OnFrame	3	10970	10972
750108	OnFrame	3	10984	10985
750109	OnFrame	3	10984	11042
750110	OnFrame	3	11051	11053
750111	OnFrame	3	11146	11148
750112	OnFrame	3	11146	11168
750113	OnFrame	3	11146	11183
750114	OnFrame	3	11194	11196
750115	OnFrame	3	11203	11205
750116	OnFrame	3	11212	11214
750117	OnAfterDamage	3	10470	11228
750118	OnAfterDamage	3	10470	11229
750119	OnAfterDamage	3	10470	11230
750123	OnFrame	3	0	11236
750124	OnFrame	3	0	11246
750125	OnFrame	3	0	11251
750129	OnFrame	3	0	11256
750130	OnFrame	3	0	11261
750131	OnFrame	3	0	11266
750134	OnFrame	3	0	11267
750135	OnFrame	3	0	11270
750139	OnFrame	3	11280	11281
750142	OnFrame	3	11292	11293
750143	OnFrame	3	11305	11307
750144	OnFrame	3	11340	11341
750145	OnFrame	3	0	11360
750146	OnFrame	3	0	11361
750150	OnFrame	3	11364	11366
750151	OnFrame	3	11396	11397
750152	OnFrame	3	11401	11403
750154	OnFrame	3	11412	11413
750155	OnFrame	3	11422	11424
750158	OnFrame	3	11435	11437
750159	OnFrame	3	11473	11474
750160	OnFrame	3	11475	11477
750161	OnFrame	3	11396	11483
750162	OnFrame	3	11489	11534
750163	OnFrame	3	11559	11571
750164	OnFrame	3	11577	11584
750166	OnFrame	3	11601	11617
750167	OnFrame	3	11396	11619
750169	OnFrame	3	11628	11630
750170	OnAfterDamage	3	0	11638
750173	OnFrame	3	11641	11651
750176	OnFrame	3	0	11677
750178	OnFrame	3	0	11680
750183	OnFrame	3	11396	11682
750186	OnFrame	3	11690	11693
501001	OnBeforeDamage	3	931	11725
501101	OnFrame	3	11729	11731
501201	OnFrame	3	931	11762
501301	OnBeforeDamage	3	931	11769
501306	OnFrame	3	11773	11775
501308	OnFrame	3	931	11779
501315	OnFrame	3	3594	11782
502001	OnBeforeDamage	3	1022	11793
502101	OnBeforeDamage	3	11796	11798
502103	OnFrame	3	11804	11805
502201	OnFrame	3	931	11814
502301	OnSkill	3	931	11820
502303	OnBeforeDamage	3	931	11824
502308	OnSkill	3	931	11826
502320	OnFrame	3	2168	11838
503001	OnBeforeDamage	3	931	11853
503101	OnFrame	3	1676	11855
503201	OnFrame	3	931	11870
503301	OnBeforeDamage	3	931	11885
503303	OnFrame	3	931	11893
503311	OnFrame	3	11899	11900
503313	OnBeforeDamage	3	11899	11911
503317	OnBeforeDamage	3	2168	11914
504001	OnBeforeDamage	3	11929	11930
504101	OnFrame	3	11943	11945
504201	OnFrame	3	931	11950
504301	OnBeforeDamage	3	1022	11956
504310	OnFrame	3	1022	11961
504314	OnBeforeDamage	3	1022	11965
505001	OnBeforeDamage	3	1022	11967
505101	OnBeforeDamage	3	1022	11979
505201	OnFrame	3	931	11983
505301	OnBeforeDamage	3	1022	11989
505304	OnBeforeDamage	3	1022	11997
505310	OnBeforeDamage	3	12000	12004
505316	OnSkill	3	1022	12015
505317	OnFrame	3	1022	12017
506001	OnBeforeDamage	3	12023	12024
506101	OnBeforeDamage	3	12028	12029
506201	OnFrame	3	1022	12031
506210	OnFrame	3	12037	12039
506301	OnSkill	3	12042	12045
506304	OnSkill	3	1022	12061
506305	OnFrame	3	2168	12077
506306	OnBeforeDamage	3	1022	12086
506311	OnFrame	3	2168	12090
507001	OnBeforeDamage	3	1022	12095
507101	OnFrame	3	1022	12097
507201	OnFrame	3	1022	12103
507301	OnFrame	3	1022	12109
507303	OnBeforeDamage	3	1022	12112
507307	OnSkill	3	1022	12114
508001	OnFrame	3	931	12117
508101	OnFrame	3	11804	12125
508201	OnFrame	3	931	12132
508301	OnAfterDamage	3	1022	12138
508304	OnBeforeDamage	3	1022	12141
508310	OnBeforeDamage	3	4035	12146
508313	OnFrame	3	3594	12149
531001	OnSkill	3	1022	12157
531101	OnBeforeDamage	3	2168	12160
531301	OnFrame	3	2168	12163
531307	OnFrame	3	2168	12173
509001	OnBeforeDamage	3	12180	12182
509101	OnSkill	3	2168	12185
509103	OnSkill	3	1022	12189
509201	OnFrame	3	4035	12193
509301	OnBeforeCure	3	4035	12197
509303	OnBeforeDamage	3	12204	12206
509401	OnBeforeCure	3	4035	12211
509501	OnNpcWillDie	3	4035	12214
509601	OnBeforeDamage	3	3594	12218
509701	OnAfterDamage	3	3594	12222
509801	OnFrame	3	4035	12226
509803	OnBeforeDamage	3	12228	12231
509901	OnSkill	3	4035	12235
509904	OnBeforeDamage	3	12238	12241
510001	OnFrame	3	4035	12247
510003	OnFrame	3	12250	12252
510005	OnFrame	3	12259	12260
510101	OnBeforeDamage	3	2168	12270
510201	OnAfterDamage	3	12274	12278
510301	OnAfterDamage	3	1676	12300
510401	OnBeforeDamage	3	1676	12306
510501	OnBeforeCure	3	2168	12310
510601	OnBeforeCure	3	12312	12315
510604	OnNpcWillDie	3	1022	12319
510701	OnFrame	3	12326	12327
510801	OnSkill	3	3594	12338
510901	OnFrame	3	2168	12344
511001	OnFrame	3	12350	12351
600103	OnFrame	3	3594	12370
600301	OnBeforeDamage	3	931	12374
600303	OnBeforeDamage	3	931	12377
600401	OnBeforeDamage	3	931	12379
600403	OnBeforeDamage	3	931	12382
600504	OnBeforeDamage	3	12384	12386
600506	OnFrame	3	1230	12390
600602	OnSkill	3	12406	12409
600603	OnFrame	3	12421	12427
600617	OnFrame	3	4035	12440
610101	OnBeforeDamage	3	2168	12463
610107	OnBeforeDamage	3	4035	12469
610108	OnBeforeDamage	3	1022	12478
610202	OnBeforeCure	3	2168	12482
610301	OnBeforeDamage	3	1022	12489
610303	OnFrame	3	931	12501
610402	OnBeforeDamage	3	931	12503
610403	OnSkill	3	2168	12505
610404	OnBeforeDamage	3	931	12507
620101	OnFrame	3	2168	12509
620103	OnFrame	3	2168	12511
620201	OnBeforeCure	3	2168	12513
620207	OnBeforeCure	3	2168	12518
620301	OnBeforeCure	3	2168	12520
620304	OnFrame	3	3594	12522
620401	OnBeforeDamage	3	3594	12527
620406	OnBeforeDamage	3	2168	12533
620411	OnFrame	3	4035	12535
620501	OnBeforeDamage	3	2168	12537
620503	OnBeforeDamage	3	1022	12540
620606	OnAfterDamage	3	3594	12543
620701	OnFrame	3	931	12560
620705	OnFrame	3	4035	12567
620801	OnBeforeDamage	3	931	12570
620803	OnBeforeDamage	3	1022	12572
620807	OnFrame	3	1022	12579
620901	OnBeforeDamage	3	12586	12588
620904	OnBeforeDamage	3	12591	12595
630101	OnBeforeCure	3	931	12619
630111	OnAfterCure	3	2168	12628
630123	OnFrame	3	12650	12652
630125	OnFrame	3	12729	12731
630201	OnBeforeCure	3	931	12738
630205	OnAfterCure	3	2168	12741
630214	OnFrame	3	12650	12763
630217	OnFrame	3	12729	12767
630301	OnAfterDamage	3	2168	12771
630306	OnBeforeDamage	3	2168	12782
630401	OnAfterDamage	3	2168	12792
630403	OnBeforeDamage	3	2168	12794
630408	OnFrame	3	2168	12800
630501	OnSkill	3	3594	12803
630508	OnSkill	3	12810	12814
630517	OnFrame	3	1713	12851
630601	OnFrame	3	3594	12882
630605	OnSkill	3	931	12930
630607	OnFrame	3	12933	12935
630701	OnBeforeDamage	3	1022	12939
630703	OnFrame	3	4035	12941
630801	OnFrame	3	931	12946
630804	OnFrame	3	12953	12955
630809	OnFrame	3	1022	12967
630907	OnBeforeDamage	3	11804	12973
631007	OnBeforeDamage	3	12982	12984
631013	OnFrame	3	12996	12998
631017	OnBeforeDamage	3	4035	13001
631018	OnFrame	3	13003	13005
631020	OnFrame	3	13013	13014
631107	OnBeforeDamage	3	11804	13027
631207	OnAfterDamage	3	4035	13035
631301	OnSkill	3	3594	13046
631306	OnFrame	3	2168	13051
631401	OnBeforeDamage	3	1022	13056
631403	OnSkill	3	2168	13058
631404	OnBeforeDamage	3	1022	13061
631503	OnAfterDamage	3	13063	13065
631508	OnFrame	3	13073	13074
760051	OnFrame	3	1022	13088
760052	OnFrame	3	1022	13094
760053	OnFrame	3	1022	13100
760091	OnFrame	3	1022	13106
760092	OnFrame	3	1022	13116
760093	OnFrame	3	1022	13126
760101	OnFrame	3	1022	13136
760102	OnFrame	3	1022	13139
760103	OnFrame	3	1022	13142
760104	OnBeforeDamage	3	1022	13145
760105	OnBeforeDamage	3	1022	13151
760106	OnBeforeDamage	3	1022	13153
760111	OnFrame	3	1022	13155
760112	OnFrame	3	1022	13158
760113	OnFrame	3	1022	13161
760114	OnBeforeDamage	3	1022	13164
760115	OnBeforeDamage	3	1022	13170
760116	OnBeforeDamage	3	1022	13172
760121	OnFrame	3	1022	13174
760122	OnFrame	3	1022	13177
760123	OnFrame	3	1022	13180
760124	OnBeforeDamage	3	1022	13183
760125	OnBeforeDamage	3	1022	13189
760126	OnBeforeDamage	3	1022	13191
760191	OnFrame	3	1022	13193
760192	OnFrame	3	1022	13199
760193	OnFrame	3	1022	13205
760211	OnFrame	3	2168	13211
760212	OnFrame	3	1022	13253
760213	OnFrame	3	1022	13264
760221	OnFrame	3	1022	13275
760231	OnFrame	3	2168	13280
760232	OnFrame	3	2168	13282
760233	OnFrame	3	2168	13284
760241	OnFrame	3	2168	13286
760242	OnFrame	3	2168	13289
760243	OnFrame	3	2168	13291
760248	OnBeforeDamage	3	2168	13293
760251	OnFrame	3	1022	13300
760252	OnFrame	3	1022	13306
760253	OnFrame	3	1022	13313
760254	OnBeforeDamage	3	1022	13317
760255	OnBeforeDamage	3	1022	13323
760256	OnBeforeDamage	3	1022	13324
760261	OnNpcWillDie	3	1022	13325
760262	OnNpcWillDie	3	1022	13328
760263	OnNpcWillDie	3	1022	13330
760271	OnFrame	3	1022	13332
760272	OnFrame	3	1022	13336
760273	OnFrame	3	1022	13339
760274	OnAfterDamage	3	13342	13344
760275	OnAfterDamage	3	13342	13351
760276	OnAfterDamage	3	13342	13354
760278	OnFrame	3	13342	13357
760281	OnFrame	3	13364	13366
760282	OnFrame	3	13377	13379
760283	OnFrame	3	13386	13388
760528	OnBeforeDamage	3	11804	13395
760291	OnFrame	3	11804	13398
760292	OnFrame	3	11804	13401
760293	OnFrame	3	11804	13403
760298	OnFrame	3	3594	13405
760301	OnFrame	3	4035	13410
760302	OnFrame	3	4035	13412
760303	OnFrame	3	4035	13414
760307	OnBeforeDamage	3	4035	13416
760308	OnBeforeDamage	3	4035	13420
760309	OnBeforeDamage	3	4035	13422
760311	OnFrame	3	4035	13424
760312	OnFrame	3	4035	13426
760313	OnFrame	3	4035	13428
760317	OnFrame	3	2168	13430
760321	OnFrame	3	13435	13437
760322	OnFrame	3	13435	13448
760323	OnFrame	3	13435	13455
760331	OnFrame	3	1676	13462
760332	OnFrame	3	1676	13465
760333	OnFrame	3	1676	13466
760341	OnFrame	3	4035	13467
760342	OnFrame	3	4035	13469
760343	OnFrame	3	4035	13471
760347	OnBeforeDamage	3	11804	13473
760348	OnBeforeDamage	3	4035	13476
760349	OnBeforeDamage	3	4035	13478
760351	OnFrame	3	1022	13481
760352	OnFrame	3	1022	13484
760353	OnFrame	3	1022	13487
760357	OnBeforeDamage	3	13489	13492
760358	OnBeforeDamage	3	13489	13505
760359	OnBeforeDamage	3	13489	13508
760361	OnFrame	3	4035	13510
760371	OnFrame	3	1022	13513
760372	OnFrame	3	1022	13516
760373	OnFrame	3	1022	13519
760377	OnBeforeDamage	3	11804	13522
760378	OnBeforeDamage	3	11804	13530
760379	OnBeforeDamage	3	11804	13533
760381	OnFrame	3	13536	13538
760382	OnFrame	3	13536	13549
760383	OnFrame	3	13536	13553
760386	OnBeforeDamage	3	13559	13561
760391	OnFrame	3	13567	13571
760392	OnFrame	3	13567	13601
760393	OnFrame	3	13567	13607
760394	OnFrame	3	13613	13617
760395	OnFrame	3	13613	13628
760396	OnFrame	3	13613	13630
760397	OnBeforeDamage	3	13631	13635
760401	OnFrame	3	1022	13656
760402	OnFrame	3	1022	13659
760403	OnFrame	3	1022	13662
760404	OnNpcWillDie	3	13665	13666
760405	OnNpcWillDie	3	13665	13680
760406	OnNpcWillDie	3	13665	13685
760411	OnFrame	3	13686	13687
760412	OnFrame	3	13686	13691
760413	OnFrame	3	13686	13693
760421	OnFrame	3	13695	13696
760422	OnFrame	3	13695	13706
760423	OnFrame	3	13695	13708
760431	OnFrame	3	1022	13710
760432	OnFrame	3	1022	13712
760433	OnFrame	3	1022	13714
760437	OnBeforeDamage	3	1022	13716
760438	OnBeforeDamage	3	1022	13720
760439	OnBeforeDamage	3	1022	13723
760451	OnFrame	3	1022	13726
760452	OnFrame	3	1022	13728
760453	OnFrame	3	1022	13730
760463	OnBeforeDamage	3	1022	13732
760464	OnBeforeDamage	3	1022	13740
760465	OnBeforeDamage	3	1022	13744
760467	OnFrame	3	2168	13748
760471	OnFrame	3	1022	13753
760472	OnFrame	3	1022	13755
760473	OnFrame	3	1022	13757
760480	OnBeforeDamage	3	1022	13759
760481	OnBeforeDamage	3	1022	13763
760482	OnBeforeDamage	3	1022	13766
760491	OnFrame	3	1022	13769
760492	OnFrame	3	1022	13771
760493	OnFrame	3	1022	13773
760497	OnFrame	3	1713	13775
760498	OnFrame	3	1713	13785
760499	OnFrame	3	1713	13791
760500	OnBeforeDamage	3	13797	13799
760501	OnBeforeDamage	3	13797	13806
760502	OnBeforeDamage	3	13797	13809
760515	OnFrame	3	2168	13812
760601	OnFrame	3	13836	13839
760602	OnFrame	3	13836	13846
760603	OnFrame	3	13836	13848
760607	OnFrame	3	13850	13852
760608	OnFrame	3	13875	13876
760609	OnFrame	3	13875	13884
760619	OnFrame	3	2168	13892
760623	OnFrame	3	3594	13897
760626	OnFrame	3	13900	13902
761011	OnFrame	3	1022	13936
761012	OnBeforeDamage	3	1022	13938
761021	OnFrame	3	1022	13944
761022	OnBeforeDamage	3	1022	13946
761031	OnFrame	3	13948	13949
761051	OnFrame	3	13951	13953
761061	OnFrame	3	13965	13966
761071	OnFrame	3	13965	13967
761081	OnFrame	3	13965	13968
761091	OnFrame	3	13969	13970
761101	OnFrame	3	13980	13982
761111	OnFrame	3	13993	13995
761113	OnFrame	3	1022	13997
761121	OnFrame	3	2168	14000
762007	OnFrame	3	2168	14002
762010	OnBeforeDamage	3	1022	14011
762012	OnBeforeDamage	3	1022	14014
762013	OnFrame	3	2168	14016
762018	OnFrame	3	1022	14021
762019	OnBeforeDamage	3	1022	14025
762021	OnFrame	3	1022	14026
762022	OnFrame	3	1022	14030
762024	OnFrame	3	4035	14034
762026	OnFrame	3	1022	14054
762027	OnNpcWillDie	3	14058	14060
762034	OnFrame	3	1022	14072
762035	OnNpcWillDie	3	4035	14075
762038	OnFrame	3	14077	14078
762039	OnFrame	3	14079	14084
762101	OnFrame	3	2168	14091
762301	OnSkill	3	1022	14096
763001	OnFrame	3	14103	14106
763006	OnFrame	3	14116	14119
763008	OnFrame	3	14141	14142
960003	OnFrame	3	14148	14151
960404	OnSkill	3	14180	14181
901405	OnNpcWillDie	3	4035	14189
901907	OnFrame	3	14193	14194
901908	OnFrame	3	14196	14197
901910	OnNpcWillDie	3	1022	14207
901911	OnFrame	3	9942	14208
901912	OnFrame	3	9942	14210
901914	OnFrame	3	1022	14213
901915	OnFrame	3	14215	14219
901917	OnBeforeDamage	3	14232	14233
910300	OnFrame	3	0	14247
910900	OnFrame	3	0	14253
911000	OnFrame	3	0	14253
911100	OnFrame	3	0	14255
911200	OnFrame	3	0	14255
911300	OnFrame	3	0	14255
911400	OnFrame	3	0	14256
911500	OnFrame	3	0	14257
911600	OnFrame	3	0	14260
911700	OnFrame	3	0	14261
911800	OnFrame	3	0	14264
911900	OnFrame	3	0	14265
912000	OnFrame	3	0	14267
912100	OnFrame	3	0	14268
912500	OnFrame	3	0	14267
912600	OnFrame	3	0	14267
913300	OnFrame	3	0	14267
913400	OnFrame	3	0	14267
913500	OnFrame	3	0	14267
913600	OnFrame	3	0	14267
913700	OnFrame	3	0	14267
913800	OnFrame	3	0	14267
913900	OnFrame	3	0	14267
914000	OnFrame	3	0	14269
914100	OnFrame	3	0	14267
914200	OnFrame	3	0	14271
914300	OnFrame	3	0	14267
920300	OnFrame	3	0	14272
920900	OnFrame	3	0	14273
921000	OnFrame	3	0	14273
921100	OnFrame	3	0	14272
921200	OnFrame	3	0	14272
921300	OnFrame	3	0	14272
921400	OnFrame	3	0	14274
921500	OnFrame	3	0	14275
921600	OnFrame	3	0	14276
921700	OnFrame	3	0	14277
921800	OnFrame	3	0	14278
921900	OnFrame	3	0	14279
922000	OnFrame	3	0	14267
922100	OnFrame	3	0	14280
922500	OnFrame	3	0	14267
922600	OnFrame	3	0	14267
923300	OnFrame	3	0	14267
923400	OnFrame	3	0	14267
923500	OnFrame	3	0	14267
923600	OnFrame	3	0	14267
923700	OnFrame	3	0	14267
923800	OnFrame	3	0	14267
923900	OnFrame	3	0	14267
924000	OnFrame	3	0	14269
924100	OnFrame	3	0	14267
924200	OnFrame	3	0	14267
924300	OnFrame	3	0	14267
914600	OnFrame	3	0	14281
924600	OnFrame	3	0	14283
914500	OnFrame	3	0	14271
924500	OnFrame	3	0	14267
904501	OnFrame	3	0	14284
904504	OnFrame	3	8022	14289
904505	OnFrame	3	10182	14291
904506	OnFrame	3	14328	14329
904509	OnFrame	3	0	14347
904510	OnFrame	3	14349	14357
904530	OnFrame	3	10437	14374
904531	OnFrame	3	14383	14385
904532	OnFrame	3	14391	14393
904533	OnFrame	3	14383	14401
904535	OnFrame	3	14328	3220
904601	OnFrame	3	14405	14406
904607	OnFrame	3	10437	14440
904608	OnFrame	3	14383	14447
904609	OnFrame	3	14383	14451
904610	OnFrame	3	14383	14455
904611	OnBeHit	3	0	14459
903321	OnFrame	3	0	14473
903322	OnFrame	3	0	14481
903323	OnFrame	3	0	14485
903324	OnFrame	3	0	14489
903325	OnFrame	3	14495	14497
903412	OnFrame	3	14505	14506
995501	OnFrame	3	0	14517
995502	OnFrame	3	14519	14521
995506	OnFrame	3	14530	14532
995507	OnFrame	3	14546	14547
995512	OnSkill	3	14557	14561
995533	OnFrame	3	14624	14626
999903	OnFrame	3	4206	14630
999904	OnFrame	3	4206	14633
995538	OnFrame	3	0	14635
995539	OnFrame	3	0	14637
995540	OnFrame	3	0	14639
995541	OnFrame	3	0	14641
995542	OnFrame	3	0	14643
995543	OnFrame	3	0	14645
995544	OnFrame	3	0	14647
995545	OnFrame	3	0	14655
995546	OnFrame	3	0	14657
995547	OnFrame	3	0	14659
813050	OnFrame	3	0	14661
813051	OnFrame	3	0	14663
813052	OnFrame	3	0	14666
813053	OnFrame	3	0	14673
813054	OnFrame	3	0	14676
813055	OnFrame	3	14681	14682
813056	OnFrame	3	14681	14705
813057	OnFrame	3	14681	14711
995201	OnBeHit	3	0	14716
815050	OnFrame	3	0	14763
815054	OnFrame	3	0	14767
815055	OnFrame	3	0	14769
995901	OnFrame	3	0	14771
995902	OnFrame	3	0	14773
995903	OnFrame	3	0	14775
995904	OnFrame	3	0	14782
995913	OnFrame	3	0	14787
995914	OnFrame	3	0	14789
995958	OnFrame	3	0	14791
995959	OnFrame	3	0	14793
995960	OnFrame	3	0	14795
995961	OnFrame	3	0	14797
995962	OnFrame	3	0	14799
995963	OnFrame	3	0	14801
995964	OnFrame	3	0	14803
995965	OnFrame	3	0	14805
817050	OnFrame	3	0	14807
817051	OnFrame	3	0	14812
817052	OnFrame	3	0	14816
817053	OnFrame	3	0	14818
817054	OnFrame	3	0	14820
817055	OnFrame	3	0	14822
817058	OnFrame	3	14824	14826
817064	OnFrame	3	14847	14849
817065	OnFrame	3	14824	14857
817066	OnFrame	3	14824	14863
817067	OnFrame	3	0	14869
831550	OnFrame	3	0	14871
831551	OnFrame	3	0	14872
831552	OnFrame	3	0	14873
831553	OnFrame	3	0	14875
831554	OnFrame	3	0	14877
831555	OnFrame	3	0	14878
831556	OnFrame	3	0	14879
831557	OnFrame	3	0	14880
831558	OnFrame	3	0	14881
831559	OnFrame	3	0	14882
831560	OnFrame	3	0	14883
831561	OnFrame	3	0	14885
831562	OnFrame	3	0	14887
831564	OnFrame	3	0	14889
831592	OnFrame	3	0	14891
995917	OnBeHit	3	1022	14893
995918	OnBeHit	3	14909	14913
995920	OnNpcWillDie	3	14933	14937
995921	OnFrame	3	14951	1022
995922	OnFrame	3	14953	1022
995923	OnFrame	3	14955	1022
995926	OnFrame	3	14957	14959
995929	OnBeforeDamage	3	14971	14975
995936	OnFrame	3	1022	14981
902251	OnFrame	3	14985	14989
902252	OnFrame	3	0	15015
902253	OnFrame	3	15017	15018
902254	OnFrame	3	15017	15039
902255	OnSkill	3	15017	15054
902262	OnFrame	3	15017	15059
902263	OnFrame	3	15017	15073
902264	OnFrame	3	15017	15083
902266	OnFrame	3	15017	15092
902269	OnFrame	3	0	15101
301009	OnAfterDamage	3	1022	15106
110501	OnFrame	3	15115	15117
110502	OnFrame	3	15115	15230
110503	OnFrame	3	15115	15264
110510	OnBeHit	3	15280	15287
903701	OnFrame	3	15299	15325
903702	OnFrame	3	0	15340
903703	OnFrame	3	0	15341
902290	OnFrame	3	15343	15345
996403	OnFrame	3	15354	15355
999504	OnFrame	3	15357	15358
999505	OnFrame	3	15357	15360
999506	OnFrame	3	15357	15362
999507	OnNpcWillDie	3	15364	15367
999501	OnFrame	3	15354	15370
999508	OnFrame	3	15381	1022
999509	OnFrame	3	15354	15382
999510	OnFrame	3	15395	1022
999514	OnFrame	3	0	15397
999515	OnFrame	3	0	15399
999516	OnFrame	3	0	15401
999517	OnFrame	3	0	15403
999518	OnFrame	3	0	15405
999520	OnFrame	3	0	15407
999521	OnFrame	3	0	15409
999526	OnAfterDamage	3	1022	15411
999536	OnFrame	3	15413	15414
903505	OnFrame	3	1022	15418
903535	OnFrame	3	8473	15422
201601	OnFrame	3	15430	15433
201606	OnFrame	3	15447	15449
991891	OnFrame	3	8022	15459
991541	OnFrame	3	8022	15463
991542	OnFrame	3	8022	15470
991543	OnFrame	3	8022	15474
991544	OnFrame	3	8022	15479
991511	OnFrame	3	15481	15482
991752	OnFrame	3	15487	15488
991530	OnAfterDamage	3	15491	15492
991881	OnFrame	3	15495	15500
991512	OnFrame	3	15481	15532
992060	OnFrame	3	15533	15535
991519	OnFrame	3	15430	15561
997200	OnFrame	3	15563	15325
997121	OnSkill	3	15584	15585
997122	OnFrame	3	8103	15590
997123	OnSkill	3	15592	15594
997124	OnSkill	3	15592	15637
997125	OnSkill	3	15639	15641
997126	OnSkill	3	15592	15644
997127	OnSkill	3	15639	15646
997128	OnSkill	3	15592	15648
997129	OnSkill	3	15639	15650
997150	OnFrame	3	15652	15669
970714	OnNpcWillDie	3	15677	15678
971101	OnBeforeDamage	3	0	15680
811011	OnFrame	3	15687	15689
811012	OnFrame	3	0	15692
811013	OnFrame	3	0	15695
811014	OnFrame	3	0	15697
811015	OnFrame	3	0	15699
811016	OnFrame	3	0	15701
811017	OnFrame	3	0	15703
811018	OnFrame	3	0	15705
811019	OnFrame	3	0	15707
811020	OnFrame	3	0	15709
811021	OnFrame	3	0	15711
811022	OnFrame	3	0	15713
811023	OnFrame	3	0	15715
811024	OnFrame	3	0	15717
811025	OnFrame	3	0	15719
811026	OnFrame	3	0	15721
811027	OnFrame	3	0	15723
811028	OnFrame	3	0	15725
811029	OnFrame	3	0	15727
811030	OnFrame	3	0	15729
811102	OnFrame	3	15687	15739
811101	OnNpcWillDie	3	0	15741
813002	OnFrame	3	0	15743
813003	OnFrame	3	0	15744
813008	OnFrame	3	14681	15745
813009	OnFrame	3	0	15750
813011	OnFrame	3	0	15751
814001	OnFrame	3	15753	15755
814103	OnFrame	3	15753	15760
814021	OnFrame	3	14681	15763
814022	OnFrame	3	14681	15765
814023	OnFrame	3	14681	15775
814024	OnFrame	3	14681	15777
812021	OnFrame	3	15357	15779
813031	OnFrame	3	15357	15782
814112	OnFrame	3	15357	15784
814100	OnFrame	3	15787	15325
814105	OnFrame	3	15804	15806
814106	OnFrame	3	15804	15806
814107	OnFrame	3	15804	15806
814108	OnFrame	3	15804	15806
814109	OnFrame	3	15804	15806
814011	OnFrame	3	0	15812
814012	OnFrame	3	0	15814
814013	OnFrame	3	0	15818
814101	OnFrame	3	0	15821
815100	OnFrame	3	15829	15325
815006	OnFrame	3	15357	15845
816017	OnFrame	3	15357	15847
817019	OnFrame	3	15357	15849
818024	OnFrame	3	15357	15851
819049	OnFrame	3	15357	15853
831010	OnFrame	3	15357	15855
815101	OnFrame	3	15857	15858
816001	OnFrame	3	0	15866
816011	OnFrame	3	15868	15870
816005	OnFrame	3	14681	15879
816006	OnFrame	3	14681	15881
816012	OnFrame	3	15882	15883
816013	OnSkill	3	15893	15895
816100	OnFrame	3	15902	15325
817002	OnFrame	3	15920	15925
817004	OnFrame	3	10633	16037
817007	OnFrame	3	1022	16053
817012	OnFrame	3	16056	16057
817100	OnFrame	3	16058	16079
817101	OnFrame	3	0	16199
817103	OnFrame	3	0	16205
900294	OnFrame	3	14957	16209
900293	OnBeforeDamage	3	16224	16225
900292	OnFrame	3	16230	16231
900291	OnFrame	3	16283	16284
818005	OnFrame	3	16292	16294
819001	OnSkill	3	16306	16308
819002	OnBeforeDamage	3	0	16319
819006	OnFrame	3	0	16325
819011	OnBeHit	3	0	16343
831001	OnSkill	3	16413	16414
831003	OnBeforeDamage	3	0	16418
831012	OnFrame	3	0	16424
831031	OnBeHit	3	0	16437
831013	OnFrame	3	0	16446
831051	OnFrame	3	0	16447
831052	OnFrame	3	0	16459
831053	OnFrame	3	0	16461
831061	OnSkill	3	16463	16465
831062	OnBeHit	3	0	16481
831063	OnFrame	3	0	16486
831072	OnFrame	3	16487	16489
831100	OnFrame	3	16507	16513
831103	OnFrame	3	0	16658
831200	OnFrame	3	16664	16673
832022	OnFrame	3	0	16685
832223	OnFrame	3	0	16692
832210	OnSkill	3	16413	16694
832212	OnBeforeDamage	3	0	16718
832213	OnBeHit	3	0	16726
800001	OnBeforeDamage	3	16728	16729
800006	OnBeforeDamage	3	16732	16739
800007	OnBeforeDamage	3	0	16743
800012	OnBeforeDamage	3	0	16746
800013	OnBeforeDamage	3	0	16749
800014	OnBeforeDamage	3	16765	16768
800019	OnFrame	3	1022	16781
800061	OnNpcWillDie	3	0	16784
800062	OnNpcWillDie	3	0	16785
800063	OnNpcWillDie	3	0	16786
800064	OnNpcWillDie	3	0	16787
800065	OnNpcWillDie	3	0	16788
800066	OnNpcWillDie	3	0	16789
800067	OnNpcWillDie	3	0	16789
800093	OnFrame	3	16790	16793
800094	OnFrame	3	16805	16793
800095	OnFrame	3	16807	16793
800096	OnFrame	3	16809	16793
800097	OnFrame	3	16811	16793
800201	OnFrame	3	16813	0
800202	OnFrame	3	16814	0
800203	OnFrame	3	16815	0
800204	OnFrame	3	16816	0
800205	OnFrame	3	16817	0
800206	OnFrame	3	16818	0
800207	OnFrame	3	16819	0
800208	OnFrame	3	16820	0
800209	OnFrame	3	16821	0
800211	OnFrame	3	16822	0
800212	OnFrame	3	16823	0
800213	OnFrame	3	16824	0
800214	OnFrame	3	16825	0
800215	OnFrame	3	16826	0
800216	OnFrame	3	16827	0
800217	OnFrame	3	16828	0
800218	OnFrame	3	16829	0
800219	OnFrame	3	16830	0
800221	OnFrame	3	16831	0
800222	OnFrame	3	16832	0
800223	OnFrame	3	16833	0
800224	OnFrame	3	16834	0
800225	OnFrame	3	16835	0
800226	OnFrame	3	16836	0
800227	OnFrame	3	16837	0
800228	OnFrame	3	16838	0
800229	OnFrame	3	16839	0
800301	OnFrame	3	3	16840
800302	OnFrame	3	3	16844
800303	OnFrame	3	3	16848
800304	OnFrame	3	3	16852
800305	OnFrame	3	3	16856
800306	OnFrame	3	3	16860
800307	OnFrame	3	3	16864
800308	OnFrame	3	3	16868
800309	OnFrame	3	3	16872
800310	OnFrame	3	3	16876
800601	OnNpcWillDie	3	0	16880
800602	OnNpcWillDie	3	0	16881
800603	OnNpcWillDie	3	0	16882
800604	OnNpcWillDie	3	0	16883
800605	OnNpcWillDie	3	0	16884
800606	OnNpcWillDie	3	0	16885
800607	OnNpcWillDie	3	0	16886
800608	OnNpcWillDie	3	0	16887
800609	OnNpcWillDie	3	0	16888
800610	OnNpcWillDie	3	0	16889
950108	OnFrame	3	16728	16890
950110	OnBeforeDamage	3	0	16893
950131	OnFrame	3	0	16902
833011	OnBeforeDamage	3	0	16942
833012	OnFrame	3	0	16958
20000101	OnFrame	1	16960	16978
20000102	OnFrame	1	17022	17028
20000103	OnFrame	1	17029	17036
20000104	OnFrame	1	17037	17036
20000201	OnFrame	1	17043	17049
20000202	OnFrame	1	17080	17081
20000203	OnFrame	1	17080	17081
20000204	OnFrame	1	17080	17081
20000301	OnFrame	1	17082	17083
20000302	OnFrame	1	17094	17095
20000303	OnFrame	1	17094	17095
20000304	OnFrame	1	17094	17095
20000401	OnFrame	1	17096	17098
20000402	OnFrame	1	17117	17118
20000403	OnFrame	1	17117	17118
20000404	OnFrame	1	17117	17118
99999957	OnFrame	1	17119	17120
99999956	OnFrame	1	17133	17134
99999970	OnFrame	1	17138	17140
99999969	OnFrame	1	17149	17153
99999968	OnFrame	1	17164	17167
99999967	OnFrame	1	17179	17185
99999960	OnFrame	1	17189	17191
99999959	OnFrame	1	17228	17229
99999958	OnFrame	1	17237	17239
10010001	OnFrame	1	17257	17267
10010002	OnFrame	1	17436	17444
10010003	OnFrame	1	17578	17590
10010101	OnFrame	1	17784	17818
10010102	OnFrame	1	17896	17909
10010103	OnFrame	1	18113	18134
10010104	OnFrame	1	18254	18262
10010201	OnFrame	1	18332	18349
10010202	OnFrame	1	18451	18465
10010203	OnFrame	1	18571	18585
10010204	OnFrame	1	18675	18684
10010301	OnFrame	1	18803	18811
10010302	OnFrame	1	18833	18840
10010303	OnFrame	1	18864	18869
10010304	OnFrame	1	18897	18902
10020101	OnFrame	1	18933	18947
10020102	OnFrame	1	19039	19048
10020103	OnFrame	1	19093	19105
10020104	OnFrame	1	19202	19208
10020201	OnFrame	1	19224	19237
10020202	OnFrame	1	19303	19321
10020203	OnFrame	1	19393	19401
10020204	OnFrame	1	19462	19477
10020301	OnFrame	1	19576	19588
10020302	OnFrame	1	19628	19646
10020303	OnFrame	1	19674	19678
10020304	OnFrame	1	19698	19706
10030101	OnFrame	1	19792	19801
10030102	OnFrame	1	19828	19843
10030103	OnFrame	1	19980	19990
10030104	OnFrame	1	20020	20028
10030201	OnFrame	1	20064	20082
10030202	OnFrame	1	20112	20124
10030203	OnFrame	1	20387	20399
10030204	OnFrame	1	20463	20468
10030301	OnFrame	1	20478	20494
10030302	OnFrame	1	20738	20745
10030303	OnFrame	1	20829	20832
10030304	OnFrame	1	20851	20855
10030401	OnFrame	1	20880	20884
10030402	OnFrame	1	20887	19843
10030403	OnFrame	1	20889	19990
10030404	OnFrame	1	20893	20028
10030501	OnFrame	1	20897	20082
10030502	OnFrame	1	20900	20904
10030503	OnFrame	1	20908	20912
10030504	OnFrame	1	20919	20468
10030601	OnFrame	1	20921	20925
10030602	OnFrame	1	20933	20745
10030603	OnFrame	1	20936	20832
10030604	OnFrame	1	20940	20855
10040101	OnFrame	1	20945	20955
10040102	OnFrame	1	20987	20991
10040103	OnFrame	1	21018	21023
10040104	OnFrame	1	21040	21047
10040201	OnFrame	1	21088	21094
10040202	OnFrame	1	21104	21108
10040203	OnFrame	1	21121	21125
10040204	OnFrame	1	21137	21144
10040301	OnFrame	1	21181	21188
10040302	OnFrame	1	21281	21285
10040303	OnFrame	1	21294	21304
10040304	OnFrame	1	21337	21340
10040401	OnFrame	1	21366	21370
10040402	OnFrame	1	21375	20991
10040403	OnFrame	1	21378	21023
10040404	OnFrame	1	21382	21047
10040501	OnFrame	1	21386	21094
10040502	OnFrame	1	21389	21108
10040503	OnFrame	1	21392	21125
10040504	OnFrame	1	21396	21144
10040601	OnFrame	1	21400	21188
10040602	OnFrame	1	21403	21285
10040603	OnFrame	1	21406	21304
10040604	OnFrame	1	21410	21340
10050101	OnFrame	1	21413	21418
10050102	OnFrame	1	21443	21454
10050103	OnFrame	1	21469	21487
10050104	OnFrame	1	21571	21580
10050201	OnFrame	1	21608	21617
10050202	OnFrame	1	21626	21630
10050203	OnFrame	1	21663	21669
10050204	OnFrame	1	21731	21741
10050301	OnFrame	1	21762	21768
10050302	OnFrame	1	21780	21783
10050303	OnFrame	1	21799	21803
10050304	OnFrame	1	21817	21822
10060101	OnFrame	1	21852	21861
10060102	OnFrame	1	21883	21889
10060103	OnFrame	1	21919	21923
10060104	OnFrame	1	21933	21937
10060201	OnFrame	1	21954	21960
10060202	OnFrame	1	21969	21973
10060203	OnFrame	1	22007	22021
10060204	OnFrame	1	22108	22115
10060301	OnFrame	1	22127	22133
10060302	OnFrame	1	22140	22144
10060303	OnFrame	1	22155	22159
10060304	OnFrame	1	22171	22175
10070101	OnFrame	1	22194	22201
10070102	OnFrame	1	22229	22233
10070103	OnFrame	1	22247	22252
10070104	OnFrame	1	22303	22309
10070201	OnFrame	1	22333	22340
10070202	OnFrame	1	22377	22384
10070203	OnFrame	1	22406	22410
10070204	OnFrame	1	22423	22429
10070301	OnFrame	1	22445	22452
10070302	OnFrame	1	22494	22510
10070303	OnFrame	1	22724	22729
10070304	OnFrame	1	22742	22745
10080101	OnFrame	1	22762	22776
10080102	OnFrame	1	22812	22824
10080103	OnFrame	1	22844	22852
10080104	OnFrame	1	23023	23032
10080201	OnFrame	1	23052	23063
10080202	OnFrame	1	23089	23106
10080203	OnFrame	1	23171	23182
10080204	OnFrame	1	23223	23227
10080301	OnFrame	1	23257	23268
10080302	OnFrame	1	23301	23307
10080303	OnFrame	1	23328	23335
10080304	OnFrame	1	23357	23361
99970010	OnFrame	1	23371	23375
99970020	OnFrame	1	23376	23375
99970030	OnFrame	1	23378	23375
99970040	OnFrame	1	23380	23375
99970050	OnFrame	1	23382	23375
99970060	OnFrame	1	23384	23375
99970070	OnFrame	1	23386	23375
99970080	OnFrame	1	23388	23375
99970120	OnFrame	1	23390	23375
99970130	OnFrame	1	23392	23375
99981100	OnFrame	1	23394	23375
99981110	OnFrame	1	23396	23375
99981200	OnFrame	1	23398	23375
99981300	OnFrame	1	23400	23375
99981310	OnFrame	1	23402	23375
99981400	OnFrame	1	23404	23375
99981401	OnFrame	1	23406	23375
99981410	OnFrame	1	23408	23375
99981420	OnFrame	1	23410	23375
99981430	OnFrame	1	23412	23375
99981500	OnFrame	1	23414	23375
99981600	OnFrame	1	23416	23375
99981700	OnFrame	1	23418	23375
99981800	OnFrame	1	23420	23375
99981900	OnFrame	1	23422	23375
99982100	OnFrame	1	23424	23375
99920100	OnFrame	1	23426	23375
99920110	OnFrame	1	23428	23375
99982130	OnFrame	1	23430	23375
99982140	OnFrame	1	23432	23375
99982150	OnFrame	1	23434	23375
99982160	OnFrame	1	23436	23375
99983100	OnFrame	1	23438	23375
99983110	OnFrame	1	23440	23375
99983111	OnFrame	1	23442	23375
99983102	OnFrame	1	23444	23375
99987010	OnFrame	1	23446	23375
99987020	OnFrame	1	23448	23375
99987030	OnFrame	1	23450	23375
99987050	OnFrame	1	23452	23375
99990000	OnFrame	1	23454	23375
99990001	OnFrame	1	23456	23375
99990002	OnFrame	1	23458	23375
99990020	OnFrame	1	23460	23375
99990040	OnFrame	1	23462	23375
99990060	OnFrame	1	23464	23375
99990230	OnFrame	1	23466	23375
99990030	OnFrame	1	23468	23375
99990090	OnFrame	1	23470	23375
99990100	OnFrame	1	23472	23375
99990110	OnFrame	1	23474	23375
99990120	OnFrame	1	23476	23375
99990130	OnFrame	1	23478	23375
99990140	OnFrame	1	23480	23375
99990150	OnFrame	1	23482	23375
99990160	OnFrame	1	23484	23375
99990170	OnFrame	1	23486	23375
99990180	OnFrame	1	23488	23375
99990190	OnFrame	1	23490	23375
99990200	OnFrame	1	23492	23375
99990210	OnFrame	1	23494	23375
99990220	OnFrame	1	23496	23375
99990250	OnFrame	1	23498	23375
99990260	OnFrame	1	23500	23375
99990330	OnFrame	1	23502	23375
99990340	OnFrame	1	23504	23375
99990350	OnFrame	1	23506	23375
99990360	OnFrame	1	23508	23375
99990370	OnFrame	1	23510	23375
99990380	OnFrame	1	23512	23375
99990390	OnFrame	1	23514	23375
99990400	OnFrame	1	23516	23375
99990410	OnFrame	1	23518	23375
99990420	OnFrame	1	23520	23375
99990430	OnFrame	1	23522	23375
99990440	OnFrame	1	23524	23375
99991030	OnFrame	1	23526	23375
99991090	OnFrame	1	23528	23375
99991100	OnFrame	1	23530	23375
99991110	OnFrame	1	23532	23375
99991120	OnFrame	1	23534	23375
99991130	OnFrame	1	23536	23375
99991140	OnFrame	1	23538	23375
99991150	OnFrame	1	23540	23375
99991160	OnFrame	1	23542	23375
99991170	OnFrame	1	23544	23375
99991180	OnFrame	1	23546	23375
99991190	OnFrame	1	23548	23375
99991200	OnFrame	1	23550	23375
99991210	OnFrame	1	23552	23375
99991250	OnFrame	1	23554	23375
99991260	OnFrame	1	23556	23375
99991330	OnFrame	1	23558	23375
99991340	OnFrame	1	23560	23375
99991350	OnFrame	1	23562	23375
99991360	OnFrame	1	23564	23375
99991370	OnFrame	1	23566	23375
99991380	OnFrame	1	23568	23375
99991390	OnFrame	1	23570	23375
99991400	OnFrame	1	23572	23375
99991410	OnFrame	1	23574	23375
99991420	OnFrame	1	23576	23375
99991430	OnFrame	1	23578	23375
99991440	OnFrame	1	23580	23375
99992030	OnFrame	1	23582	23375
99992090	OnFrame	1	23584	23375
99992100	OnFrame	1	23586	23375
99992110	OnFrame	1	23588	23375
99992120	OnFrame	1	23590	23375
99992130	OnFrame	1	23592	23375
99992140	OnFrame	1	23594	23375
99992150	OnFrame	1	23596	23375
99992160	OnFrame	1	23598	23375
99992170	OnFrame	1	23600	23375
99992180	OnFrame	1	23602	23375
99992190	OnFrame	1	23604	23375
99992200	OnFrame	1	23606	23375
99992210	OnFrame	1	23608	23375
99992250	OnFrame	1	23610	23375
99992260	OnFrame	1	23612	23375
99992330	OnFrame	1	23614	23375
99992340	OnFrame	1	23616	23375
99992350	OnFrame	1	23618	23375
99992360	OnFrame	1	23620	23375
99992370	OnFrame	1	23622	23375
99992380	OnFrame	1	23624	23375
99992390	OnFrame	1	23626	23375
99992400	OnFrame	1	23628	23375
99992410	OnFrame	1	23630	23375
99992420	OnFrame	1	23632	23375
99992430	OnFrame	1	23634	23375
99992440	OnFrame	1	23636	23375
99997110	OnFrame	1	23638	23375
99997610	OnFrame	1	23640	23375
99997620	OnFrame	1	23642	23375
99997120	OnFrame	1	23644	23375
99996080	OnFrame	1	23646	23375
99991031	OnFrame	1	23648	23375
99991111	OnFrame	1	23650	23375
99832001	OnFrame	1	23652	23655
99832002	OnFrame	1	23656	23655
99832003	OnFrame	1	23658	23655
99832004	OnFrame	1	23660	23655
99832005	OnFrame	1	23662	23655
99832006	OnFrame	1	23664	23655
99832007	OnFrame	1	23666	23655
99832008	OnFrame	1	23668	23655
99832009	OnFrame	1	23670	23655
99832011	OnFrame	1	23672	23655
99832012	OnFrame	1	23674	23655
99832016	OnFrame	1	23676	23655
99832017	OnFrame	1	23678	23655
99832018	OnFrame	1	23680	23655
99832019	OnFrame	1	23682	23655
99832021	OnFrame	1	23684	23655
99832022	OnFrame	1	23686	23655
99832023	OnFrame	1	23688	23655
99832024	OnFrame	1	23690	23655
99832031	OnFrame	1	23692	23655
99832032	OnFrame	1	23694	23655
99832033	OnFrame	1	23696	23655
99832034	OnFrame	1	23698	23655
99832201	OnFrame	1	23700	23655
99832202	OnFrame	1	23703	23655
99832203	OnFrame	1	23705	23655
99832204	OnFrame	1	23707	23655
99832205	OnFrame	1	23709	23655
99832206	OnFrame	1	23711	23655
99832207	OnFrame	1	23713	23655
99832208	OnFrame	1	23715	23655
99832209	OnFrame	1	23717	23655
99832211	OnFrame	1	23719	23655
99832212	OnFrame	1	23721	23655
99832213	OnFrame	1	23723	23655
99832214	OnFrame	1	23725	23655
99832215	OnFrame	1	23727	23655
99832216	OnFrame	1	23729	23655
99990450	OnFrame	1	23731	23375
99990460	OnFrame	1	23733	23375
99991450	OnFrame	1	23735	23375
99991460	OnFrame	1	23737	23375
99992450	OnFrame	1	23739	23375
99992460	OnFrame	1	23741	23375
99990101	OnFrame	1	23743	23744
99990102	OnFrame	1	23743	23744
99999922	OnFrame	1	23751	23753
99999923	OnFrame	1	23751	23763
99996001	OnFrame	1	23770	23771
99990104	OnFrame	1	23751	23797
99960001	OnFrame	1	23809	23833
99960002	OnFrame	1	23953	23956
99960010	OnFrame	1	24002	24006
99960011	OnFrame	1	24002	24011
99980001	OnFrame	1	24022	24032
99980002	OnFrame	1	24077	24091
99980003	OnFrame	1	24482	24486
99980004	OnFrame	1	24491	24497
99919037	OnFrame	1	24513	24515
99919919	OnFrame	1	24568	24576
99919917	OnFrame	1	24635	24642
99919916	OnFrame	1	24682	24684
99919902	OnFrame	1	24635	24805
99919903	OnFrame	1	24635	24823
99919918	OnFrame	1	24834	24874
99919911	OnFrame	1	24984	24995
99919912	OnFrame	1	25001	25005
99919913	OnFrame	1	25008	25010
99919914	OnFrame	1	25014	25016
99919915	OnFrame	1	25019	25021
99919901	OnFrame	1	25027	25107
99919904	OnFrame	1	25379	25380
99919905	OnFrame	1	25389	25394
99919906	OnFrame	1	25495	25497
99950001	OnFrame	1	25505	25515
99950002	OnFrame	1	25534	25538
99950003	OnFrame	1	25541	25542
99950004	OnFrame	1	25545	25546
99950005	OnFrame	1	25551	25565
99950006	OnFrame	1	25612	25628
99950008	OnFrame	1	25545	25713
99950009	OnFrame	1	25545	25716
99950010	OnFrame	1	25545	25719
99950011	OnFrame	1	25545	25722
99950012	OnFrame	1	25541	25727
99950013	OnFrame	1	25541	25732
99950014	OnFrame	1	25541	25735
99950015	OnFrame	1	25541	25738
99950016	OnFrame	1	25541	25741
99950017	OnFrame	1	25541	25745
99950018	OnFrame	1	25748	25757
99950019	OnFrame	1	25545	25758
99950020	OnFrame	1	25545	25762
99950021	OnFrame	1	25765	25768
99950022	OnFrame	1	25772	25774
99950023	OnFrame	1	25779	25782
99950024	OnFrame	1	25791	25794
99950025	OnFrame	1	25797	25804
99950026	OnFrame	1	25817	25819
99950027	OnFrame	1	25827	25838
99950028	OnFrame	1	25954	25958
99950029	OnFrame	1	25990	25995
99950030	OnFrame	1	26051	26058
99940001	OnFrame	1	26111	26130
99940003	OnFrame	1	26165	26166
99940002	OnFrame	1	26174	26177
99940004	OnFrame	1	26197	26198
99940005	OnFrame	1	26165	26204
99940006	OnFrame	1	26165	26205
99940007	OnFrame	1	26165	26208
99940008	OnFrame	1	26165	26211
99940009	OnFrame	1	26165	26214
99940010	OnFrame	1	26217	26218
99940011	OnFrame	1	26217	26385
99940012	OnFrame	1	26217	26508
99940013	OnFrame	1	26567	26571
99940014	OnFrame	1	26696	26699
99940015	OnFrame	1	26696	26772
99940020	OnFrame	1	26792	26204
99940021	OnFrame	1	26792	26204
99940022	OnFrame	1	26792	26204
99940023	OnFrame	1	26792	26204
99940024	OnFrame	1	26792	26204
99940025	OnFrame	1	26792	26204
99940026	OnFrame	1	26792	26204
99940027	OnFrame	1	26792	26204
99940028	OnFrame	1	26792	26204
99940029	OnFrame	1	26792	26204
99940030	OnFrame	1	26792	26204
99940031	OnFrame	1	26792	26204
99940032	OnFrame	1	26792	26204
99940033	OnFrame	1	26792	26204
99940034	OnFrame	1	26792	26204
99940035	OnFrame	1	26792	26204
99940037	OnFrame	1	26792	26204
99940038	OnFrame	1	26792	26204
99940039	OnFrame	1	26792	26204
99940040	OnFrame	1	26792	26204
99940041	OnFrame	1	26792	26204
99940043	OnFrame	1	26792	26204
99940044	OnFrame	1	26792	26204
99940045	OnFrame	1	26792	26204
99940046	OnFrame	1	26792	26204
99940047	OnFrame	1	26792	26204
99940048	OnFrame	1	26792	26204
99940049	OnFrame	1	26792	26204
99940050	OnFrame	1	26792	26204
99940051	OnFrame	1	26792	26204
99940052	OnFrame	1	26792	26204
99940053	OnFrame	1	26792	26204
99940054	OnFrame	1	26792	26204
99940056	OnFrame	1	26792	26204
99940057	OnFrame	1	26792	26204
99940058	OnFrame	1	26792	26204
99940059	OnFrame	1	26792	26204
99940060	OnFrame	1	26792	26204
99940061	OnFrame	1	26792	26204
99940062	OnFrame	1	26792	26204
99940063	OnFrame	1	26792	26204
99940064	OnFrame	1	26792	26204
99940065	OnFrame	1	26792	26204
99940066	OnFrame	1	26792	26204
99940067	OnFrame	1	26792	26204
99940068	OnFrame	1	26792	26204
99940069	OnFrame	1	26792	26204
99940070	OnFrame	1	26792	26204
99940071	OnFrame	1	26792	26204
99940072	OnFrame	1	26792	26204
99940073	OnFrame	1	26792	26204
99940074	OnFrame	1	26792	26204
99940075	OnFrame	1	26792	26204
99940077	OnFrame	1	26792	26204
99940078	OnFrame	1	26792	26204
99940079	OnFrame	1	26792	26204
99940080	OnFrame	1	26792	26204
99940081	OnFrame	1	26792	26204
99940082	OnFrame	1	26792	26204
99940083	OnFrame	1	26792	26204
99940084	OnFrame	1	26792	26204
99940085	OnFrame	1	26792	26204
99940086	OnFrame	1	26792	26204
99940087	OnFrame	1	26792	26204
99940088	OnFrame	1	26792	26204
99940089	OnFrame	1	26792	26204
99940090	OnFrame	1	26792	26204
99940091	OnFrame	1	26792	26204
99940092	OnFrame	1	26792	26204
99940093	OnFrame	1	26792	26204
99940094	OnFrame	1	26792	26204
99940095	OnFrame	1	26792	26204
99940096	OnFrame	1	26792	26204
99940097	OnFrame	1	26792	26204
99940098	OnFrame	1	26792	26204
99940099	OnFrame	1	26792	26204
99940100	OnFrame	1	26792	26204
99940101	OnFrame	1	26792	26204
99940102	OnFrame	1	26792	26204
99940103	OnFrame	1	26792	26204
99940104	OnFrame	1	26792	26204
99940105	OnFrame	1	26792	26204
99940106	OnFrame	1	26792	26204
99940107	OnFrame	1	26792	26204
99940108	OnFrame	1	26792	26204
99940111	OnFrame	1	26792	26204
99940112	OnFrame	1	26792	26204
99940113	OnFrame	1	26792	26204
99940114	OnFrame	1	26792	26204
99940115	OnFrame	1	26792	26204
99940116	OnFrame	1	26792	26204
99940117	OnFrame	1	26792	26204
99940118	OnFrame	1	26792	26204
99940120	OnFrame	1	26792	26204
99940121	OnFrame	1	26792	26204
99940122	OnFrame	1	26792	26204
99940123	OnFrame	1	26792	26204
99940124	OnFrame	1	26792	26204
99940125	OnFrame	1	26792	26204
99940126	OnFrame	1	26792	26204
99940127	OnFrame	1	26792	26204
99940128	OnFrame	1	26792	26204
99940129	OnFrame	1	26793	26797
99940130	OnFrame	1	26792	26204
99940150	OnFrame	1	26804	26807
99940152	OnFrame	1	26804	27058
99940151	OnFrame	1	27065	27110
99940160	OnFrame	1	27123	27139
99940161	OnFrame	1	27142	27139
99940162	OnFrame	1	27165	27139
99940163	OnFrame	1	27181	27139
99940164	OnFrame	1	27191	27139
95000001	OnFrame	1	26792	26204
95000002	OnFrame	1	26792	26204
95000003	OnFrame	1	26792	26204
95000004	OnFrame	1	26792	26204
95000005	OnFrame	1	26792	26204
95000006	OnFrame	1	26792	26204
95000007	OnFrame	1	26792	26204
95000008	OnFrame	1	26792	26204
95000009	OnFrame	1	26792	26204
95000010	OnFrame	1	26792	26204
95000011	OnFrame	1	26792	26204
95000012	OnFrame	1	26792	26204
95000013	OnFrame	1	26792	26204
95000014	OnFrame	1	26792	26204
95000015	OnFrame	1	26792	26204
95000016	OnFrame	1	26792	26204
95000018	OnFrame	1	26792	26204
95000019	OnFrame	1	26792	26204
95000020	OnFrame	1	26792	26204
95000021	OnFrame	1	26792	26204
95000022	OnFrame	1	26792	26204
95000024	OnFrame	1	26792	26204
95000025	OnFrame	1	26792	26204
95000026	OnFrame	1	26792	26204
95000027	OnFrame	1	26792	26204
95000028	OnFrame	1	26792	26204
95000029	OnFrame	1	26792	26204
95000030	OnFrame	1	26792	26204
95000031	OnFrame	1	26792	26204
95000032	OnFrame	1	26792	26204
95000033	OnFrame	1	26792	26204
95000034	OnFrame	1	26792	26204
95000035	OnFrame	1	26792	26204
95000037	OnFrame	1	26792	26204
95000038	OnFrame	1	26792	26204
95000039	OnFrame	1	26792	26204
95000040	OnFrame	1	26792	26204
95000041	OnFrame	1	26792	26204
95000042	OnFrame	1	26792	26204
95000043	OnFrame	1	26792	26204
95000044	OnFrame	1	26792	26204
95000045	OnFrame	1	26792	26204
95000046	OnFrame	1	26792	26204
95000047	OnFrame	1	26792	26204
95000048	OnFrame	1	26792	26204
95000049	OnFrame	1	26792	26204
95000050	OnFrame	1	26792	26204
95000051	OnFrame	1	26792	26204
95000052	OnFrame	1	26792	26204
95000053	OnFrame	1	26792	26204
95000054	OnFrame	1	26792	26204
95000055	OnFrame	1	26792	26204
95000056	OnFrame	1	26792	26204
95000058	OnFrame	1	26792	26204
95000059	OnFrame	1	26792	26204
95000060	OnFrame	1	26792	26204
95000061	OnFrame	1	26792	26204
95000062	OnFrame	1	26792	26204
95000063	OnFrame	1	26792	26204
95000064	OnFrame	1	26792	26204
95000065	OnFrame	1	26792	26204
95000066	OnFrame	1	26792	26204
95000067	OnFrame	1	26792	26204
95000068	OnFrame	1	26792	26204
95000069	OnFrame	1	26792	26204
95000070	OnFrame	1	26792	26204
95000071	OnFrame	1	26792	26204
95000072	OnFrame	1	26792	26204
95000073	OnFrame	1	26792	26204
95000074	OnFrame	1	26792	26204
95000075	OnFrame	1	26792	26204
95000076	OnFrame	1	26792	26204
95000077	OnFrame	1	26792	26204
95000078	OnFrame	1	26792	26204
95000079	OnFrame	1	26792	26204
95000080	OnFrame	1	26792	26204
95000081	OnFrame	1	26792	26204
95000082	OnFrame	1	26792	26204
95000083	OnFrame	1	26792	26204
95000084	OnFrame	1	26792	26204
95000085	OnFrame	1	26792	26204
95000086	OnFrame	1	26792	26204
95000087	OnFrame	1	26792	26204
95000088	OnFrame	1	26792	26204
95000089	OnFrame	1	26792	26204
95000092	OnFrame	1	26792	26204
95000093	OnFrame	1	26792	26204
95000094	OnFrame	1	26792	26204
95000095	OnFrame	1	26792	26204
95000096	OnFrame	1	26792	26204
95000097	OnFrame	1	26792	26204
95000098	OnFrame	1	26792	26204
95000099	OnFrame	1	26792	26204
95000101	OnFrame	1	26792	26204
95000102	OnFrame	1	26792	26204
95000103	OnFrame	1	26792	26204
95000104	OnFrame	1	26792	26204
95000105	OnFrame	1	26792	26204
95000106	OnFrame	1	26792	26204
95000107	OnFrame	1	26792	26204
95000108	OnFrame	1	26792	26204
95000109	OnFrame	1	26792	26204
95000110	OnFrame	1	26792	27211
95000111	OnFrame	1	26792	26204
95000116	OnFrame	1	26792	26204
95000122	OnFrame	1	26792	26204
13010101	OnFrame	1	27212	27213
13010102	OnFrame	1	27219	27223
13010103	OnFrame	1	27225	27226
13010115	OnFrame	1	27230	27233
13010116	OnFrame	1	27402	27417
13010201	OnFrame	1	27574	27575
13010202	OnFrame	1	27579	27580
13010203	OnFrame	1	27225	27583
13010214	OnFrame	1	27587	27597
13010216	OnFrame	1	27798	27816
13010301	OnFrame	1	27823	27824
13010302	OnFrame	1	27828	27829
13010303	OnFrame	1	27225	27226
13010314	OnFrame	1	27832	27835
13010316	OnFrame	1	27842	27850
13010401	OnFrame	1	27574	28017
13010402	OnFrame	1	27574	28020
13010403	OnFrame	1	27574	27583
13010412	OnFrame	1	28023	28028
13010415	OnFrame	1	28038	28051
13010501	OnFrame	1	27574	28172
13010502	OnFrame	1	28176	28177
13010503	OnFrame	1	27574	27226
13010514	OnFrame	1	28180	28202
13010516	OnFrame	1	28326	28330
13010601	OnFrame	1	27828	28532
13010602	OnFrame	1	27828	28535
13010603	OnFrame	1	27225	27583
13010614	OnFrame	1	28538	28541
13010615	OnFrame	1	28546	28554
13010701	OnFrame	1	27828	28904
13010702	OnFrame	1	27828	28908
13010703	OnFrame	1	27574	27226
13010715	OnFrame	1	28911	28914
13010716	OnFrame	1	28924	28943
13010801	OnFrame	1	27828	29131
13010802	OnFrame	1	27574	29135
13010803	OnFrame	1	27574	29139
13010814	OnFrame	1	29142	29143
13010815	OnFrame	1	29148	29153
13010914	OnFrame	1	29285	29297
13010915	OnFrame	1	29353	29367
13011013	OnFrame	1	29425	29449
13011015	OnFrame	1	29661	29698
13011020	OnFrame	1	29881	29892
30000101	OnFrame	1	29929	29933
30000102	OnFrame	1	29935	29937
30000103	OnFrame	1	29938	29937
30000104	OnFrame	1	29940	29937
30000105	OnFrame	1	29942	29937
30000201	OnFrame	1	29943	29945
30000202	OnFrame	1	29946	29945
30000203	OnFrame	1	29947	29945
30000204	OnFrame	1	29948	29945
30000205	OnFrame	1	29949	29945
30000301	OnFrame	1	29950	29953
30000302	OnFrame	1	29954	29953
30000303	OnFrame	1	29955	29953
30000304	OnFrame	1	29956	29953
30000305	OnFrame	1	29957	29953
30000401	OnFrame	1	29958	25757
30000402	OnFrame	1	29959	25757
30000403	OnFrame	1	29960	25757
30000404	OnFrame	1	29961	25757
30000405	OnFrame	1	25748	25757
30000501	OnFrame	1	29962	29964
30000502	OnFrame	1	29965	29964
30000503	OnFrame	1	29966	29964
30000504	OnFrame	1	29967	29964
30000505	OnFrame	1	29968	29964
30000601	OnFrame	1	29969	29971
30000602	OnFrame	1	29972	29971
30000603	OnFrame	1	29973	29971
30000604	OnFrame	1	29974	29971
30000605	OnFrame	1	29975	29971
30000701	OnFrame	1	29976	29978
30000702	OnFrame	1	29979	29978
30000703	OnFrame	1	29980	29978
30000704	OnFrame	1	29981	29978
30000705	OnFrame	1	29982	29978
30000801	OnFrame	1	29983	29986
30000802	OnFrame	1	29987	29986
30000803	OnFrame	1	29988	29986
30000804	OnFrame	1	29989	29986
30000805	OnFrame	1	29990	29986
30000901	OnFrame	1	29991	29992
30000902	OnFrame	1	29991	29992
30000903	OnFrame	1	30048	29992
30000904	OnFrame	1	30052	29992
30000905	OnFrame	1	30052	30055
30000906	OnFrame	1	30058	29992
30000907	OnFrame	1	30059	29992
30000908	OnFrame	1	30060	29992
30000909	OnFrame	1	30061	29992
30000910	OnFrame	1	30062	30055
30000911	OnFrame	1	30059	29992
30000912	OnFrame	1	30059	29992
30000913	OnFrame	1	30064	29992
30000914	OnFrame	1	30062	29992
30000915	OnFrame	1	30065	30055
30001001	OnFrame	1	30066	30068
30001002	OnFrame	1	30115	30116
30001003	OnFrame	1	30117	30116
30001004	OnFrame	1	30118	30116
30001005	OnFrame	1	30119	30116
30010101	OnFrame	1	30120	30163
30010102	OnFrame	1	30164	30163
30010103	OnFrame	1	30189	30163
30010104	OnFrame	1	30196	30163
30010201	OnFrame	1	30202	30244
30010202	OnFrame	1	30245	30244
30010203	OnFrame	1	30248	30244
30010204	OnFrame	1	30251	30244
30010301	OnFrame	1	30254	30280
30010302	OnFrame	1	30281	30280
30010303	OnFrame	1	30283	30280
30010304	OnFrame	1	30285	30280
30010401	OnFrame	1	30287	30290
30010402	OnFrame	1	30291	30290
30010403	OnFrame	1	30292	30290
30010404	OnFrame	1	30294	30290
30010701	OnFrame	1	30296	30307
30010702	OnFrame	1	30308	30307
30010703	OnFrame	1	30314	30307
30010704	OnFrame	1	30315	30307
30010801	OnFrame	1	30316	30322
30010802	OnFrame	1	30323	30322
30010803	OnFrame	1	30325	30322
30010804	OnFrame	1	30327	30322
30020100	OnFrame	1	0	30329
30020101	OnFrame	1	30370	30381
30020102	OnFrame	1	30465	30492
30020103	OnFrame	1	30562	30565
30020104	OnFrame	1	30591	30598
30020105	OnFrame	1	30746	30749
30020106	OnFrame	1	30785	30791
30020107	OnFrame	1	30814	30817
30020108	OnFrame	1	30846	30849
30020109	OnFrame	1	30864	30871
30020110	OnFrame	1	30887	30893
30020111	OnFrame	1	30954	30958
30020200	OnFrame	1	0	31028
30020201	OnFrame	1	31062	31070
30020202	OnFrame	1	31118	31133
30020203	OnFrame	1	31254	31263
30020204	OnFrame	1	31289	31293
30020205	OnFrame	1	31328	31339
30020206	OnFrame	1	31386	31403
30020207	OnFrame	1	31492	31502
30020208	OnFrame	1	31540	31553
30020209	OnFrame	1	31641	31681
30030301	OnFrame	1	31848	31851
30030302	OnFrame	1	31872	31873
30030303	OnFrame	1	31881	31883
30030401	OnFrame	1	31896	31899
30030402	OnFrame	1	31914	31915
30030403	OnFrame	1	31926	31929
30030501	OnFrame	1	31934	31939
30030601	OnFrame	1	32366	32370
30030602	OnFrame	1	32366	32380
30030603	OnFrame	1	32366	32388
30030604	OnFrame	1	32366	32401
30030605	OnFrame	1	32366	32407
30030701	OnFrame	1	32416	32417
30030702	OnFrame	1	32416	32576
30030703	OnFrame	1	32416	32735
30030704	OnFrame	1	32416	32878
30030705	OnFrame	1	32416	33023
30030801	OnFrame	1	33151	33153
30031001	OnFrame	1	33204	33211
30050101	OnFrame	1	33557	33559
30050102	OnFrame	1	33582	33583
30050103	OnFrame	1	33585	26058
30050104	OnFrame	1	33586	26058
30050109	OnFrame	1	33590	33591
30050110	OnFrame	1	33590	33591
30050201	OnFrame	1	33598	33603
30050202	OnFrame	1	33625	33629
30050203	OnFrame	1	33640	33644
30050204	OnFrame	1	33665	33669
30050205	OnFrame	1	33684	33689
30050206	OnFrame	1	33694	33696
30050105	OnFrame	1	33702	33703
30050106	OnFrame	1	33590	33708
30050107	OnFrame	1	33716	33717
30050108	OnFrame	1	33738	33739
30050207	OnFrame	1	33761	33763
30050208	OnFrame	1	33767	33769
30060101	OnFrame	1	33777	33803
30060102	OnFrame	1	33777	34004
30060103	OnFrame	1	34005	34004
30060201	OnFrame	1	34006	34031
30060202	OnFrame	1	34006	34079
30060203	OnFrame	1	34006	34079
30060301	OnFrame	1	34080	34112
30060302	OnFrame	1	34193	34195
30060303	OnFrame	1	34199	34201
30060401	OnFrame	1	34212	34233
30060402	OnFrame	1	34284	34285
30060403	OnFrame	1	34290	34292
30060501	OnFrame	1	34295	34323
30060502	OnFrame	1	34379	34380
30060503	OnFrame	1	34383	34380
30060601	OnFrame	1	34384	34414
30060602	OnFrame	1	34499	34500
30060603	OnFrame	1	34513	34515
30060701	OnFrame	1	34530	34552
30060702	OnFrame	1	34530	34599
30060703	OnFrame	1	34530	34615
30060801	OnFrame	1	34622	34644
30060802	OnFrame	1	34622	34686
30060803	OnFrame	1	34622	34695
30060901	OnFrame	1	34706	34726
30060902	OnFrame	1	34753	34755
30060903	OnFrame	1	34766	34768
30061001	OnFrame	1	34771	34795
30061002	OnFrame	1	34835	34836
30061003	OnFrame	1	34835	34848
30061101	OnFrame	1	34861	34881
30061102	OnFrame	1	34907	34910
30061103	OnFrame	1	34915	34916
30061201	OnFrame	1	34918	34940
30061202	OnFrame	1	34953	34956
30061203	OnFrame	1	34962	34964
30061301	OnFrame	1	34972	34993
30061302	OnFrame	1	34994	34993
30061303	OnFrame	1	35000	34993
30070101	OnFrame	1	35003	35011
30070102	OnFrame	1	35055	35062
30070103	OnFrame	1	35088	35097
30070104	OnFrame	1	35109	35115
30070105	OnFrame	1	35157	35164
30070106	OnFrame	1	35198	35206
30070107	OnFrame	1	35239	35246
30070108	OnFrame	1	35264	35272
30070109	OnFrame	1	35281	35290
30070110	OnFrame	1	35305	35313
30080101	OnFrame	1	35351	35354
30080102	OnFrame	1	35356	35358
30080103	OnFrame	1	35382	35386
30080201	OnFrame	1	35413	35414
30080202	OnFrame	1	35356	35416
30080203	OnFrame	1	35420	35386
30080301	OnFrame	1	35413	35414
30080302	OnFrame	1	35356	35421
30080303	OnFrame	1	35423	35386
30080401	OnFrame	1	35413	35354
30080402	OnFrame	1	35356	35421
30080403	OnFrame	1	35420	35424
30080501	OnFrame	1	35426	35414
30080502	OnFrame	1	35356	35421
30080503	OnFrame	1	35427	35386
30090101	OnFrame	1	35428	35431
30090102	OnFrame	1	35461	35468
30090103	OnFrame	1	35604	35607
30090104	OnFrame	1	35787	35790
30090105	OnFrame	1	35829	35832
30090201	OnFrame	1	35844	35845
30090202	OnFrame	1	30115	35855
30090203	OnFrame	1	30117	35855
30090204	OnFrame	1	30118	35855
30090205	OnFrame	1	30119	35855
30090211	OnFrame	1	35856	35855
30090212	OnFrame	1	35857	35855
30090213	OnFrame	1	35858	35855
30090214	OnFrame	1	35859	35855
30090215	OnFrame	1	35860	35855
30090221	OnFrame	1	35856	35855
30090222	OnFrame	1	35857	35855
30090223	OnFrame	1	35858	35855
30090224	OnFrame	1	35859	35855
30090225	OnFrame	1	35860	35855
30090301	OnFrame	1	35861	35863
30090302	OnFrame	1	35879	35880
30090303	OnFrame	1	35604	35899
30090304	OnFrame	1	35787	35914
30090305	OnFrame	1	35924	35926
30100101	OnFrame	1	35934	35937
30100102	OnFrame	1	35985	35986
30100201	OnFrame	1	36013	36014
30100202	OnFrame	1	36049	36050
30100301	OnFrame	1	35985	36107
30100302	OnFrame	1	35985	36142
30100401	OnFrame	1	36173	36174
30100501	OnFrame	1	36198	36199
30100502	OnFrame	1	36227	36229
30100701	OnFrame	1	36258	36259
30100702	OnFrame	1	36290	36294
30100703	OnFrame	1	36325	36326
30100103	OnFrame	1	36366	36380
30100203	OnFrame	1	36431	36440
30100303	OnFrame	1	36521	36527
30100513	OnFrame	1	36627	36634
30100503	OnFrame	1	36729	36733
30100504	OnFrame	1	36898	36904
30100704	OnFrame	1	36974	36978
30100801	OnFrame	1	37032	37034
30100802	OnFrame	1	37051	37055
30100803	OnFrame	1	37051	37064
30100804	OnFrame	1	37071	37072
30100805	OnFrame	1	37071	37085
30100806	OnFrame	1	37096	37097
30100807	OnFrame	1	37071	37112
30100808	OnFrame	1	37071	37124
30100809	OnFrame	1	37071	37138
30100810	OnFrame	1	37071	37149
30100811	OnFrame	1	37159	37161
30100812	OnFrame	1	37197	37198
30100813	OnFrame	1	37051	37228
30100814	OnFrame	1	37071	37236
30100815	OnFrame	1	37051	37244
30100816	OnFrame	1	37071	37254
30110101	OnFrame	1	37265	37267
30110104	OnFrame	1	37299	37303
30110105	OnFrame	1	37462	37465
30110106	OnFrame	1	37489	37492
30110108	OnFrame	1	37506	37509
30110110	OnFrame	1	37534	37539
30110111	OnFrame	1	37664	37676
30110112	OnFrame	1	37795	37798
30020300	OnFrame	1	0	37809
30020301	OnFrame	1	37843	37850
30020302	OnFrame	1	37864	37871
30020303	OnFrame	1	37951	37957
30020304	OnFrame	1	38034	38042
30020305	OnFrame	1	38108	38122
30020306	OnFrame	1	38201	38210
30020307	OnFrame	1	38399	38491
30020308	OnFrame	1	38771	38788
30020309	OnFrame	1	38963	38972
30020310	OnFrame	1	39033	39051
30020311	OnFrame	1	39137	39152
30020400	OnFrame	1	0	39285
30020401	OnFrame	1	39319	39326
30020402	OnFrame	1	39342	39349
30020403	OnFrame	1	39410	39416
30020404	OnFrame	1	39485	39496
30020405	OnFrame	1	39573	39582
30020406	OnFrame	1	39615	39623
30020407	OnFrame	1	39700	39707
30020408	OnFrame	1	39775	39790
30020409	OnFrame	1	39869	39877
30130103	OnFrame	1	39945	39951
30130104	OnFrame	1	39992	40016
30130107	OnFrame	1	40280	40289
30130109	OnFrame	1	40597	40605
30030101	OnFrame	1	40649	40652
30030102	OnFrame	1	40653	40655
30030103	OnFrame	1	40663	40665
30030104	OnFrame	1	40666	40667
30030105	OnFrame	1	40668	40672
30030106	OnFrame	1	40676	40667
30030201	OnFrame	1	40677	40682
30030202	OnFrame	1	40689	40690
30030203	OnFrame	1	40693	40697
30030204	OnFrame	1	40698	40699
30030205	OnFrame	1	40700	40697
30030206	OnFrame	1	40704	40699
11010101	OnFrame	1	40705	40720
11010102	OnFrame	1	40805	40823
11010103	OnFrame	1	40957	40970
11010104	OnFrame	1	41065	41081
11010105	OnFrame	1	41288	41322
11010106	OnFrame	1	41476	41500
11020101	OnFrame	1	41668	41677
11020102	OnFrame	1	41757	41778
11020103	OnFrame	1	41857	41882
11020104	OnFrame	1	41943	41959
11020105	OnFrame	1	42121	42138
11020106	OnFrame	1	42307	42322
11030101	OnFrame	1	42428	42438
11030102	OnFrame	1	42498	42522
11030103	OnFrame	1	42560	42588
11030104	OnFrame	1	42827	42840
11030105	OnFrame	1	42889	42904
11030106	OnFrame	1	43050	43067
11040101	OnFrame	1	43173	43185
11040102	OnFrame	1	43241	43250
11040103	OnFrame	1	43284	43292
11040104	OnFrame	1	43387	43407
11040105	OnFrame	1	43488	43495
11040106	OnFrame	1	43548	43564
11060101	OnFrame	1	43632	43640
11060102	OnFrame	1	43681	43689
11060103	OnFrame	1	43899	43910
11060104	OnFrame	1	43942	43953
11060105	OnFrame	1	44017	44024
11060106	OnFrame	1	44103	44119
11050101	OnFrame	1	44268	44270
11050102	OnFrame	1	44291	44299
11050103	OnFrame	1	44374	44375
11050104	OnFrame	1	44420	44424
11050105	OnFrame	1	44482	44499
11050106	OnFrame	1	44677	44682
11070101	OnFrame	1	44782	44793
11070102	OnFrame	1	45045	45053
11070103	OnFrame	1	45094	45098
11070104	OnFrame	1	45126	45131
11070105	OnFrame	1	45144	45151
11070106	OnFrame	1	45212	45218
11080102	OnFrame	1	45281	45287
11080103	OnFrame	1	45348	45354
11080104	OnFrame	1	45382	45388
11080105	OnFrame	1	45438	45441
11080101	OnFrame	1	45515	45519
11080106	OnFrame	1	45526	45531
12010101	OnFrame	1	45542	45546
12010102	OnFrame	1	45564	45565
12010201	OnFrame	1	45575	45576
12010202	OnFrame	1	45586	45587
12010301	OnFrame	1	45593	45594
12010302	OnFrame	1	45564	45605
12020101	OnFrame	1	45613	45616
12020102	OnFrame	1	45622	45623
12020103	OnFrame	1	45613	45630
12020201	OnFrame	1	45638	45642
12020202	OnFrame	1	45648	45649
12020203	OnFrame	1	45656	45657
12020301	OnFrame	1	45664	45665
12020302	OnFrame	1	45664	45669
12020303	OnFrame	1	45664	45675
12030101	OnFrame	1	45684	45688
12030102	OnFrame	1	45697	45698
12030103	OnFrame	1	45684	45708
12030201	OnFrame	1	45713	45714
12030202	OnFrame	1	45719	45720
12030203	OnFrame	1	45728	45729
12030301	OnFrame	1	45737	45741
12030302	OnFrame	1	45737	45748
12030303	OnFrame	1	45737	45753
12040101	OnFrame	1	45758	45762
12040102	OnFrame	1	45758	45772
12040103	OnFrame	1	45779	45780
12040201	OnFrame	1	45788	45792
12040202	OnFrame	1	45799	45800
12040203	OnFrame	1	45804	45805
12040301	OnFrame	1	45811	45812
12040302	OnFrame	1	45811	45823
12040303	OnFrame	1	45811	45831
12050101	OnFrame	1	45838	45842
12050102	OnFrame	1	45838	45848
12050103	OnFrame	1	45862	45863
12050201	OnFrame	1	45838	45867
12050202	OnFrame	1	45838	45876
12050203	OnFrame	1	45838	45880
12050301	OnFrame	1	45838	45885
12050302	OnFrame	1	45890	45891
12050303	OnFrame	1	45900	45901
12060101	OnFrame	1	45907	45911
12060102	OnFrame	1	45916	45917
12060103	OnFrame	1	45925	45926
12060201	OnFrame	1	45933	45937
12060202	OnFrame	1	45942	45943
12060203	OnFrame	1	45948	45949
12060301	OnFrame	1	45948	45955
12060302	OnFrame	1	45948	45959
12060303	OnFrame	1	45965	45966
12070101	OnFrame	1	45970	45974
12070102	OnFrame	1	45970	45980
12070103	OnFrame	1	45970	45986
12070201	OnFrame	1	45992	45993
12070202	OnFrame	1	46001	46002
12070203	OnFrame	1	46006	46007
12070301	OnFrame	1	46013	46017
12070302	OnFrame	1	46013	46021
12070303	OnFrame	1	46013	46028
12080101	OnFrame	1	46036	46040
12080102	OnFrame	1	46036	46049
12080103	OnFrame	1	46036	46058
12080201	OnFrame	1	46064	46065
12080202	OnFrame	1	46064	46070
12080203	OnFrame	1	46064	46077
12080301	OnFrame	1	46036	46091
12080302	OnFrame	1	46036	46101
12080303	OnFrame	1	46036	46110
80008110	OnFrame	1	46115	46118
80008130	OnFrame	1	46115	46123
80009609	OnFrame	1	46115	46127
80008131	OnFrame	1	46130	46131
80008140	OnFrame	1	46135	46144
80008150	OnFrame	1	46147	46149
80008151	OnFrame	1	46155	46156
80008160	OnFrame	1	46158	46159
80008170	OnFrame	1	46155	46167
80008180	OnFrame	1	46174	46176
80008181	OnFrame	1	46158	46183
80008215	OnFrame	1	46186	46188
80008183	OnFrame	1	46192	46193
80008190	OnFrame	1	46158	46196
80008310	OnFrame	1	46203	46205
80008311	OnFrame	1	46211	46212
80008312	OnFrame	1	46211	46225
80008313	OnFrame	1	46211	46230
80008320	OnFrame	1	46147	46236
80008321	OnFrame	1	46147	46254
80008322	OnFrame	1	46257	46258
80010205	OnFrame	1	46270	46271
80010206	OnFrame	1	46289	46290
80010209	OnFrame	1	46307	46308
80010301	OnFrame	1	46313	46320
80010302	OnFrame	1	46376	46378
80010303	OnFrame	1	46387	46388
80010401	OnFrame	1	46393	46407
80010402	OnFrame	1	46421	46440
80020101	OnFrame	1	46211	46469
80020102	OnFrame	1	46487	46491
97900301	OnFrame	1	46593	23655
97900302	OnFrame	1	46595	23655
97900303	OnFrame	1	46597	23655
97900304	OnFrame	1	46599	23655
97900305	OnFrame	1	46601	23655
97900306	OnFrame	1	46603	23655
97900901	OnFrame	1	46605	23655
97900902	OnFrame	1	46607	23655
97901001	OnFrame	1	46609	23655
97901002	OnFrame	1	46611	23655
97901101	OnFrame	1	46613	23655
97901102	OnFrame	1	46615	23655
97901103	OnFrame	1	46617	23655
97901201	OnFrame	1	46619	23655
97901202	OnFrame	1	46621	23655
97901203	OnFrame	1	46623	23655
97901301	OnFrame	1	46625	23655
97901302	OnFrame	1	46627	23655
97901303	OnFrame	1	46629	23655
97901304	OnFrame	1	46631	23655
97901401	OnFrame	1	46633	23655
97901402	OnFrame	1	46635	23655
97901501	OnFrame	1	46637	23655
97901502	OnFrame	1	46639	23655
97901503	OnFrame	1	46641	23655
97901504	OnFrame	1	46643	23655
97901505	OnFrame	1	46645	23655
97901601	OnFrame	1	46647	23655
97901602	OnFrame	1	46649	23655
97901701	OnFrame	1	46651	23655
97901702	OnFrame	1	46653	23655
97901703	OnFrame	1	46655	23655
97901704	OnFrame	1	46657	23655
97901705	OnFrame	1	46659	23655
97901706	OnFrame	1	46661	23655
97901801	OnFrame	1	46663	23655
97901802	OnFrame	1	46665	23655
97901803	OnFrame	1	46667	23655
97901804	OnFrame	1	46669	23655
97901901	OnFrame	1	46671	23655
97901902	OnFrame	1	46673	23655
97901903	OnFrame	1	46675	23655
97901904	OnFrame	1	46677	23655
97901905	OnFrame	1	46679	23655
97901906	OnFrame	1	46681	23655
97901907	OnFrame	1	46683	23655
97901908	OnFrame	1	46685	23655
97901909	OnFrame	1	46687	23655
97901910	OnFrame	1	46689	23655
97901911	OnFrame	1	46691	23655
97901912	OnFrame	1	46693	23655
97902001	OnFrame	1	46695	23655
97902002	OnFrame	1	46697	23655
97902003	OnFrame	1	46699	23655
97902101	OnFrame	1	46701	23655
97902102	OnFrame	1	46703	23655
97902103	OnFrame	1	46705	23655
97902104	OnFrame	1	46707	23655
97902105	OnFrame	1	46709	23655
97902106	OnFrame	1	46711	23655
97902107	OnFrame	1	46713	23655
97902108	OnFrame	1	46715	23655
97902109	OnFrame	1	46717	23655
97902110	OnFrame	1	46719	23655
97902501	OnFrame	1	46721	23655
97902502	OnFrame	1	46723	23655
97902503	OnFrame	1	46725	23655
97902504	OnFrame	1	46727	23655
97902505	OnFrame	1	46729	23655
97902506	OnFrame	1	46731	23655
97902507	OnFrame	1	46733	23655
97903601	OnFrame	1	46735	23655
97903602	OnFrame	1	46737	23655
97903603	OnFrame	1	46739	23655
97903604	OnFrame	1	46741	23655
97903605	OnFrame	1	46743	23655
97903606	OnFrame	1	46745	23655
97903607	OnFrame	1	46747	23655
97903608	OnFrame	1	46749	23655
97971401	OnFrame	1	46751	23655
97971402	OnFrame	1	46753	23655
97971403	OnFrame	1	46755	23655
97971404	OnFrame	1	46757	23655
97971405	OnFrame	1	46759	23655
97971406	OnFrame	1	46761	23655
97903501	OnFrame	1	46763	23655
97903502	OnFrame	1	46765	23655
97903503	OnFrame	1	46767	23655
97903504	OnFrame	1	46769	23655
97903505	OnFrame	1	46771	23655
97903506	OnFrame	1	46773	23655
97903507	OnFrame	1	46775	23655
97903508	OnFrame	1	46777	23655
97903509	OnFrame	1	46779	23655
97903510	OnFrame	1	46781	23655
97903511	OnFrame	1	46783	23655
97903512	OnFrame	1	46785	23655
97903513	OnFrame	1	46787	23655
97904001	OnFrame	1	46789	23655
97904002	OnFrame	1	46791	23655
97904003	OnFrame	1	46793	23655
97904004	OnFrame	1	46795	23655
97904005	OnFrame	1	46797	23655
97904006	OnFrame	1	46799	23655
97904007	OnFrame	1	46801	23655
97904008	OnFrame	1	46803	23655
97904009	OnFrame	1	46805	23655
97904010	OnFrame	1	46807	23655
97904011	OnFrame	1	46809	23655
97904012	OnFrame	1	46811	23655
97904013	OnFrame	1	46813	23655
97904101	OnFrame	1	46815	23655
97904102	OnFrame	1	46817	23655
97904103	OnFrame	1	46819	23655
97904104	OnFrame	1	46821	23655
97904105	OnFrame	1	46823	23655
97904106	OnFrame	1	46825	23655
97904107	OnFrame	1	46827	23655
97904108	OnFrame	1	46829	23655
97904109	OnFrame	1	46831	23655
97904110	OnFrame	1	46833	23655
97904401	OnFrame	1	46835	23655
97904402	OnFrame	1	46837	23655
97904403	OnFrame	1	46839	23655
97904404	OnFrame	1	46841	23655
97904405	OnFrame	1	46843	23655
97904406	OnFrame	1	46845	23655
97904407	OnFrame	1	46847	23655
97904408	OnFrame	1	46849	23655
97904409	OnFrame	1	46851	23655
97904410	OnFrame	1	46853	23655
97904411	OnFrame	1	46855	23655
97904412	OnFrame	1	46857	23655
97904413	OnFrame	1	46859	23655
97904414	OnFrame	1	46861	23655
97902201	OnFrame	1	46863	23655
97902202	OnFrame	1	46865	23655
97902203	OnFrame	1	46867	23655
97902204	OnFrame	1	46869	23655
97902205	OnFrame	1	46871	23655
97902206	OnFrame	1	46873	23655
97902207	OnFrame	1	46875	23655
97902208	OnFrame	1	46877	23655
97902209	OnFrame	1	46879	23655
97902210	OnFrame	1	46881	23655
97902211	OnFrame	1	46883	23655
97903301	OnFrame	1	46885	23655
97903302	OnFrame	1	46886	23655
97903303	OnFrame	1	46888	23655
97903304	OnFrame	1	46890	23655
97903305	OnFrame	1	46892	23655
97903306	OnFrame	1	46894	23655
97903307	OnFrame	1	46896	23655
97903308	OnFrame	1	46898	23655
97903309	OnFrame	1	46900	23655
97903401	OnFrame	1	46902	23655
97903402	OnFrame	1	46904	23655
97903403	OnFrame	1	46906	23655
97903404	OnFrame	1	46908	23655
97903405	OnFrame	1	46910	23655
97903406	OnFrame	1	46912	23655
97903407	OnFrame	1	46914	23655
97902601	OnFrame	1	46916	23655
97902602	OnFrame	1	46918	23655
97902603	OnFrame	1	46920	23655
97902604	OnFrame	1	46922	23655
97902605	OnFrame	1	46924	23655
97902606	OnFrame	1	46926	23655
97819006	OnFrame	1	46928	23655
97819007	OnFrame	1	46930	23655
97819008	OnFrame	1	46932	23655
97819009	OnFrame	1	46934	23655
97819010	OnFrame	1	46936	23655
97819011	OnFrame	1	46938	23655
97819012	OnFrame	1	46940	23655
97819013	OnFrame	1	46942	23655
97819014	OnFrame	1	46944	23655
97819015	OnFrame	1	46946	23655
97819016	OnFrame	1	46948	23655
97819017	OnFrame	1	46950	23655
97819018	OnFrame	1	46952	23655
97819019	OnFrame	1	46954	23655
97819020	OnFrame	1	46956	23655
97819021	OnFrame	1	46958	23655
97819022	OnFrame	1	46960	23655
97819023	OnFrame	1	46962	23655
97819024	OnFrame	1	46964	23655
97819025	OnFrame	1	46966	23655
97903801	OnFrame	1	46968	23655
97903802	OnFrame	1	46970	23655
97903803	OnFrame	1	46972	23655
97903804	OnFrame	1	46974	23655
97903805	OnFrame	1	46976	23655
97903806	OnFrame	1	46978	23655
97903807	OnFrame	1	46980	23655
97903808	OnFrame	1	46982	23655
97903809	OnFrame	1	46984	23655
97903810	OnFrame	1	46986	23655
97903811	OnFrame	1	46988	23655
97903812	OnFrame	1	46990	23655
97903813	OnFrame	1	46992	23655
97954701	OnFrame	1	46994	23655
97954702	OnFrame	1	46996	23655
97903711	OnFrame	1	46998	23655
97903712	OnFrame	1	47000	23655
97903713	OnFrame	1	47002	23655
97903714	OnFrame	1	47004	23655
97903715	OnFrame	1	47006	23655
97812001	OnFrame	1	47008	23655
97812002	OnFrame	1	47010	23655
97812003	OnFrame	1	47012	23655
97812004	OnFrame	1	47014	23655
97812005	OnFrame	1	47016	23655
97812006	OnFrame	1	47018	23655
97812007	OnFrame	1	47020	23655
97812008	OnFrame	1	47022	23655
97812009	OnFrame	1	47024	23655
97812010	OnFrame	1	47026	23655
97812011	OnFrame	1	47028	23655
97812012	OnFrame	1	47030	23655
97812013	OnFrame	1	47032	23655
97812014	OnFrame	1	47034	23655
97811001	OnFrame	1	47036	23655
97811002	OnFrame	1	47038	23655
97811003	OnFrame	1	47040	23655
97811004	OnFrame	1	47042	23655
97811005	OnFrame	1	47044	23655
97811011	OnFrame	1	47046	23655
97811012	OnFrame	1	47048	23655
97811013	OnFrame	1	47050	23655
97811014	OnFrame	1	47052	23655
97811015	OnFrame	1	47054	23655
97811021	OnFrame	1	47056	23655
97811022	OnFrame	1	47058	23655
97811023	OnFrame	1	47060	23655
97811024	OnFrame	1	47062	23655
97811025	OnFrame	1	47064	23655
97811026	OnFrame	1	47066	23655
97811027	OnFrame	1	47068	23655
97811028	OnFrame	1	47070	23655
97811029	OnFrame	1	47072	23655
97812021	OnFrame	1	47074	23655
97812022	OnFrame	1	47076	23655
97812023	OnFrame	1	47078	23655
97812024	OnFrame	1	47080	23655
97812025	OnFrame	1	47082	23655
97812026	OnFrame	1	47084	23655
97812027	OnFrame	1	47086	23655
97812028	OnFrame	1	47088	23655
97812029	OnFrame	1	47090	23655
97812031	OnFrame	1	47092	23655
97812032	OnFrame	1	47094	23655
97812033	OnFrame	1	47096	23655
97821501	OnFrame	1	47098	23655
97821502	OnFrame	1	47100	23655
97821503	OnFrame	1	47102	23655
97821504	OnFrame	1	47104	23655
97821505	OnFrame	1	47106	23655
97821506	OnFrame	1	47108	23655
97821507	OnFrame	1	47110	23655
97821508	OnFrame	1	47112	23655
97821509	OnFrame	1	47114	23655
97821510	OnFrame	1	47116	23655
97821511	OnFrame	1	47118	23655
97821512	OnFrame	1	47120	23655
97821513	OnFrame	1	47122	23655
97821301	OnFrame	1	47124	23655
97821302	OnFrame	1	47126	23655
97821303	OnFrame	1	47128	23655
97821304	OnFrame	1	47130	23655
97821305	OnFrame	1	47132	23655
97821001	OnFrame	1	47134	23655
97821002	OnFrame	1	47136	23655
97821003	OnFrame	1	47138	23655
97821004	OnFrame	1	47140	23655
97821005	OnFrame	1	47142	23655
97821006	OnFrame	1	47144	23655
97821007	OnFrame	1	47146	23655
97821008	OnFrame	1	47148	23655
97821009	OnFrame	1	47150	23655
97821010	OnFrame	1	47152	23655
97821011	OnFrame	1	47154	23655
97821012	OnFrame	1	47156	23655
97821013	OnFrame	1	47158	23655
97821014	OnFrame	1	47160	23655
97821015	OnFrame	1	47162	23655
97813000	OnFrame	1	47164	23655
97813001	OnFrame	1	47166	23655
97813002	OnFrame	1	47168	23655
97813003	OnFrame	1	47170	23655
97813004	OnFrame	1	47172	23655
97813010	OnFrame	1	47174	23655
97813011	OnFrame	1	47176	23655
97813012	OnFrame	1	47178	23655
97813013	OnFrame	1	47180	23655
97813014	OnFrame	1	47182	23655
97813015	OnFrame	1	47184	23655
97813016	OnFrame	1	47186	23655
97813017	OnFrame	1	47188	23655
97813018	OnFrame	1	47190	23655
97813020	OnFrame	1	47192	23655
97813021	OnFrame	1	47194	23655
97813022	OnFrame	1	47196	23655
97813023	OnFrame	1	47198	23655
97813024	OnFrame	1	47200	23655
97813025	OnFrame	1	47202	23655
97813026	OnFrame	1	47204	23655
97813027	OnFrame	1	47206	23655
97813033	OnFrame	1	47208	23655
97813034	OnFrame	1	47210	23655
97815001	OnFrame	1	47212	23655
97815002	OnFrame	1	47214	23655
97815003	OnFrame	1	47216	23655
97815004	OnFrame	1	47218	23655
97815005	OnFrame	1	47220	23655
97815006	OnFrame	1	47222	23655
97815007	OnFrame	1	47224	23655
97815008	OnFrame	1	47226	23655
97815011	OnFrame	1	47228	23655
97815012	OnFrame	1	47230	23655
97815013	OnFrame	1	47232	23655
97815014	OnFrame	1	47234	23655
97815015	OnFrame	1	47236	23655
97815022	OnFrame	1	47238	23655
97815026	OnFrame	1	47240	23655
97815027	OnFrame	1	47242	23655
97815028	OnFrame	1	47244	23655
97816001	OnFrame	1	47246	23655
97816002	OnFrame	1	47248	23655
97816003	OnFrame	1	47250	23655
97816004	OnFrame	1	47252	23655
97816005	OnFrame	1	47254	23655
97816006	OnFrame	1	47256	23655
97816007	OnFrame	1	47258	23655
97816008	OnFrame	1	47260	23655
97816009	OnFrame	1	47262	23655
97816011	OnFrame	1	47264	23655
97816012	OnFrame	1	47266	23655
97816013	OnFrame	1	47268	23655
97816014	OnFrame	1	47270	23655
97816015	OnFrame	1	47272	23655
97816016	OnFrame	1	47274	23655
97816017	OnFrame	1	47276	23655
97816018	OnFrame	1	47278	23655
97816019	OnFrame	1	47280	23655
97816020	OnFrame	1	47282	23655
97817001	OnFrame	1	47284	23655
97817002	OnFrame	1	47286	23655
97817003	OnFrame	1	47288	23655
97817004	OnFrame	1	47290	23655
97817005	OnFrame	1	47292	23655
97817011	OnFrame	1	47294	23655
97817012	OnFrame	1	47296	23655
97817013	OnFrame	1	47298	23655
97817014	OnFrame	1	47300	23655
97817015	OnFrame	1	47302	23655
97817016	OnFrame	1	47304	23655
97817017	OnFrame	1	47306	23655
97817018	OnFrame	1	47308	23655
97817019	OnFrame	1	47310	23655
97817020	OnFrame	1	47312	23655
97818001	OnFrame	1	47314	23655
97818002	OnFrame	1	47316	23655
97818003	OnFrame	1	47318	23655
97818004	OnFrame	1	47320	23655
97818005	OnFrame	1	47322	23655
97818006	OnFrame	1	47324	23655
97818007	OnFrame	1	47326	23655
97818008	OnFrame	1	47328	23655
97818009	OnFrame	1	47330	23655
97818011	OnFrame	1	47332	23655
97818012	OnFrame	1	47334	23655
97818013	OnFrame	1	47336	23655
97831001	OnFrame	1	47338	23655
97831002	OnFrame	1	47340	23655
97831003	OnFrame	1	47342	23655
97831004	OnFrame	1	47344	23655
97831005	OnFrame	1	47346	23655
97831006	OnFrame	1	47348	23655
97831007	OnFrame	1	47350	23655
97831008	OnFrame	1	47352	23655
97831009	OnFrame	1	47354	23655
97831011	OnFrame	1	47356	23655
97831012	OnFrame	1	47358	23655
97831013	OnFrame	1	47360	23655
97831014	OnFrame	1	47362	23655
97831015	OnFrame	1	47364	23655
97831016	OnFrame	1	47366	23655
90090001	OnFrame	1	47368	47370
90090002	OnFrame	1	47376	47380
90090004	OnFrame	1	47403	47404
90095462	OnFrame	1	47410	47411
90093453	OnFrame	1	47435	47454
90099912	OnFrame	1	47517	47518
99999914	OnFrame	1	47517	47524
90090010	OnFrame	1	47517	47526
90090011	OnFrame	1	47517	47565
90090012	OnFrame	1	47403	47580
90090013	OnFrame	1	47403	47597
90090014	OnFrame	1	47403	47604
90090015	OnFrame	1	47403	47608
90090016	OnFrame	1	47403	47615
90090017	OnFrame	1	47403	47621
90090018	OnFrame	1	47403	47627
90090019	OnFrame	1	47403	47633
90090020	OnFrame	1	47403	47640
90090021	OnFrame	1	47403	47647
90090022	OnFrame	1	47403	47653
90090023	OnFrame	1	47403	47659
90090024	OnFrame	1	47403	47662
90090025	OnFrame	1	47403	47674
90090026	OnFrame	1	47403	47678
90090027	OnFrame	1	47403	47681
90090028	OnFrame	1	47403	47686
90090029	OnFrame	1	47690	47691
1002	OnFrame	1	47694	47728
1018	OnFrame	1	48953	48988
1028	OnFrame	1	49015	49018
1009	OnFrame	1	49052	49081
1004	OnFrame	1	49120	49149
1016	OnFrame	1	49195	49225
1023	OnFrame	1	49499	49526
1017	OnFrame	1	49572	49599
1117	OnFrame	1	49772	49783
1217	OnFrame	1	3594	49940
1317	OnFrame	1	49944	49954
1006	OnFrame	1	50158	50186
1011	OnFrame	1	50261	50289
1003	OnFrame	1	50360	50388
1026	OnFrame	1	50441	50467
1012	OnFrame	1	50524	50553
1001	OnFrame	1	50821	50848
1005	OnFrame	1	50959	50988
1007	OnFrame	1	51062	51087
1008	OnFrame	1	51169	51197
1013	OnFrame	1	51318	51345
1014	OnFrame	1	51379	51406
1022	OnFrame	1	51468	51498
1015	OnFrame	1	51650	51678
9039	OnFrame	1	53567	53582
8215	OnFrame	1	53681	53705
8213	OnFrame	1	53977	53979
2013	OnFrame	1	1022	54015
2014	OnFrame	1	930	54017
8701	OnFrame	1	54022	54051
8731	OnFrame	1	54399	54412
8733	OnFrame	1	54607	54624
7001	OnFrame	1	54883	54922
7002	OnFrame	1	54926	54955
7003	OnFrame	1	54957	54980
7005	OnFrame	1	54982	55007
7008	OnFrame	1	55009	55027
7007	OnFrame	1	55029	55046
7012	OnFrame	1	55048	54955
7006	OnFrame	1	55067	55085
7004	OnFrame	1	55087	55104
7023	OnFrame	1	55106	54980
9003	OnFrame	1	55123	55132
9009	OnFrame	1	55151	55161
9010	OnFrame	1	55174	55177
9011	OnFrame	1	55189	55192
9012	OnFrame	1	55210	55212
9013	OnFrame	1	55228	55231
9014	OnFrame	1	55253	55254
9015	OnFrame	1	55265	55272
9016	OnFrame	1	55290	55293
9017	OnFrame	1	55305	55312
9018	OnFrame	1	55348	55362
9019	OnFrame	1	55434	55435
9020	OnFrame	1	55460	55462
9021	OnFrame	1	55482	55484
9601	OnFrame	1	55507	55508
9602	OnFrame	1	55597	55598
9603	OnFrame	1	55597	55627
9604	OnFrame	1	55647	55648
9605	OnFrame	1	55659	55660
9606	OnFrame	1	55659	55691
9607	OnFrame	1	55659	55713
9025	OnFrame	1	55735	55739
9610	OnFrame	1	55760	55772
9611	OnFrame	1	55805	55809
9612	OnFrame	1	55817	55819
9613	OnFrame	1	55824	55826
9614	OnFrame	1	55831	55834
9615	OnFrame	1	55861	55864
9036	OnFrame	1	55868	55871
9042	OnFrame	1	55895	55908
9943	OnFrame	1	55994	55996
9944	OnFrame	1	56008	56009
9040	OnFrame	1	56022	56031
9941	OnFrame	1	56116	56117
9041	OnFrame	1	56137	56138
9945	OnFrame	1	56166	56168
9045	OnFrame	1	56196	56197
9046	OnFrame	1	56230	56232
9951	OnFrame	1	56273	56278
9952	OnFrame	1	56316	56323
9044	OnFrame	1	56418	56419
9026	OnFrame	1	56447	56448
9033	OnFrame	1	56474	56482
9038	OnFrame	1	56550	56551
9960	OnFrame	1	56575	56582
9037	OnFrame	1	56649	56654
9034	OnFrame	1	56733	56739
9022	OnFrame	1	56766	56768
9043	OnFrame	1	56802	56812
9964	OnFrame	1	56850	56881
9956	OnFrame	1	57046	57047
9957	OnFrame	1	57048	15414
9965	OnFrame	1	57049	57058
9966	OnFrame	1	57049	57058
9967	OnFrame	1	57049	57058
9968	OnFrame	1	57049	57058
9969	OnFrame	1	57049	57167
9970	OnFrame	1	57172	57182
9922	OnFrame	1	57233	57236
9923	OnFrame	1	57271	57272
9035	OnFrame	1	57303	57308
2008	OnFrame	1	9193	57391
9972	OnFrame	1	57405	57432
9971	OnFrame	1	57624	57630
9023	OnFrame	1	58393	58404
8110	OnFrame	1	58408	58466
8111	OnFrame	1	58541	58572
8112	OnFrame	1	58624	58647
8113	OnFrame	1	58660	58681
8120	OnFrame	1	58693	58705
8130	OnFrame	1	58865	58926
8140	OnFrame	1	59089	59114
8141	OnFrame	1	59183	59185
8150	OnFrame	1	59195	59204
8160	OnFrame	1	59324	59329
8170	OnFrame	1	59384	59399
8180	OnFrame	1	59524	59528
9002	OnFrame	1	59590	59591
8190	OnFrame	1	59640	59647
8310	OnFrame	1	59741	59746
8311	OnFrame	1	59849	59865
8320	OnFrame	1	59958	59963
8322	OnFrame	1	60043	60053
8330	OnFrame	1	60247	60249
9501	OnFrame	1	63469	63471
