Id	Name	Shape	SizeX	SizeY	OffsetX	OffsetY	Speed	HitSpeed	Direction	TargetType	TrackTarget	LiveTime	FillTime	DeadExplosion	HitCount	RepeatDamage	HitEffect[1]	HitEffect[2]	DamageInterval	StartJoint	Effect	WaitTime	DamageCount	DamageRange	ExplosionEffect	LineType	LineParams[1]	LineParams[2]	LineParams[3]	LineParams[4]	LineParams[5]	LineParams[6]	LineParams[7]	BornPosition	ChildDelay	ChildInterval	ChildCountLimit	ChildId	BornChildWhileDead	SwitchTargetOnHit	BornDirectionType	BeHitCenter	HitShakeDirection	HitShakeDuration	HitShakeIntensity	BeHitState	Magic[1]	Magic[2]	Magic[3]	Magic[4]	Magic[5]	MagicLauncherNpc[1]	MagicLauncherNpc[3]	MagicLauncherNpc[2]	EffectHeight	HitOnJoint	ResizeEffect	BindLauncher	LockLauncherFightTarget	BindSkill	ActiveDelayTime	ExplodeOnFloor	DodgeLimitMark	HitEffectUseMissileDirection	IgnoreNpcTimeScale	ScaleTimeOnHit	TimeScale	TimeScaleDuration
10010101	红球1消-1	2	0.3			0.2	65			4		0.2			1		FxR2LiangAttack11Shouji			WeaponCase1			1			1					0	0	0	0							0	3	330	0.2	0.1	100101011	100101							100101012	1.2			0					1	1				
10010102	红球1消-2	2	0.3			0.2	65			4		0.2			1		FxR2LiangAttack11Shouji			WeaponCase2			1			1					0	0	0	0							0	3	30	0.2	0.1	100101021	100101							100101022	1.2			0					1	1				
10010103	红球1消-3	2	0.3			0.2	65			4		0.2			1		FxR2LiangAttack11Shouji			WeaponCase1			1			1					0	0	0	0							0	3	330	0.2	0.1	100101031	100101							100101032	1.2			0					1	1				
10010104	红球1消-4	2	0.3			0.2	65			4		0.2			1		FxR2LiangAttack11Shouji			WeaponCase2			1			1					0	0	0	0							0	3	30	0.2	0.1	100101041	100101							100101042	1.2			0					1	1				
10010105	红球1消-5	2	0.3			0.2	65			4		0.2			1		FxR2LiangAttack11Shouji			WeaponCase1			1			1					0	0	0	0							0	3	330	0.2	0.1	100101051	100101							100101052	1.2			0					1	1				
10010106	红球1消-6	2	0.3			0.2	65			4		0.2			1		FxR2LiangAttack11Shouji			WeaponCase2			1			1					0	0	0	0							0	3	30	0.2	0.1	100101061	100101							100101062	1.2			0					1	1				
10010107	红球1消-7	2	0.3			0.2	65			4		0.2			1		FxR2LiangAttack11Shouji			WeaponCase1			1			1					0	0	0	0							0	3	330	0.2	0.1	100101071	100101							100101072	1.2			0					1	1				
10010108	红球1消-8	2	0.3			0.2	65			4		0.2			1		FxR2LiangAttack11Shouji			WeaponCase2			1			1					0	0	0	0							0	3	30	0.2	0.1	100101081	100101							100101082	1.2			0					1	1				
10010109	红球1消-9	2	0.3			0.2	65			4		0.2			1		FxR2LiangAttack11Shouji			WeaponCase1			1			1					0	0	0	0							0	3	330	0.2	0.1	100101091	100101							100101092	1.2			0					1	1				
10010110	红球1消-10	2	0.3			0.2	65			4		0.2			1		FxR2LiangAttack11Shouji			WeaponCase2			1			1					0	0	0	0							0	3	30	0.2	0.1	100101101	100101							100101102	1.2			0					1	1				
10010111	红球1消-11	2	0.3			0.2	65			4		0.2			1		FxR2LiangAttack11Shouji			WeaponCase1			1			1					0	0	0	0							0	3	330	0.2	0.1	100101111	100101							100101112	1.2			0					1	1				
10010112	红球1消-12	2	0.3			0.2	65			4		0.2			1		FxR2LiangAttack11Shouji			WeaponCase2			1			1					0	0	0	0							0	3	30	0.2	0.1	100101121	100101							100101122	1.2			0					1	1				
10010113	红球1消-13	2	0.3			0.2	65			4		0.2			1		FxR2LiangAttack11Shouji			WeaponCase1			1			1					0	0	0	0							0	3	330	0.2	0.1	100101131	100101							100101132	1.2			0					1	1				
10010114	红球1消-14	2	0.3			0.2	65			4		0.2			1		FxR2LiangAttack11Shouji			WeaponCase2			1			1					0	0	0	0							0	3	30	0.2	0.1	100101141	100101							100101142	1.2			0					1	1				
10010115	红球1消-15	2	0.3			0.2	65			4		0.2			1		FxR2LiangAttack11Shouji			WeaponCase1			1			1					0	0	0	0							0	3	330	0.2	0.1	100101151	100101							100101152	1.2			0					1	1				
10010201	红球2消-1	2	0.3			0.2	65			4		0.2			1		FxR2LiangAttack11Shouji			WeaponCase1			1			1					0	0	0	0							0	3	330	0.2	0.1	100102011	100102							100102012	1.2			0					1	1				
10010202	红球2消-2	2	0.3			0.2	65			4		0.2			1		FxR2LiangAttack11Shouji			WeaponCase2			1			1					0	0	0	0							0	3	30	0.2	0.1	100102021	100102							100102022	1.2			0					1	1				
10010203	红球2消-3	2	0.3			0.2	65			4		0.2			1		FxR2LiangAttack11Shouji			WeaponCase1			1			1					0	0	0	0							0	3	330	0.2	0.1	100102031	100102							100102032	1.2			0					1	1				
10010204	红球2消-4	2	0.3			0.2	65			4		0.2			1		FxR2LiangAttack11Shouji			WeaponCase2			1			1					0	0	0	0							0	3	30	0.2	0.1	100102041	100102							100102042	1.2			0					1	1				
10010205	红球2消-5	2	0.3			0.2	65			4		0.2			1		FxR2LiangAttack11Shouji			WeaponCase1			1			1					0	0	0	0							0	3	330	0.2	0.1	100102051	100102							100102052	1.2			0					1	1				
10010206	红球2消-6	2	0.3			0.2	65			4		0.2			1		FxR2LiangAttack11Shouji			WeaponCase2			1			1					0	0	0	0							0	3	30	0.2	0.1	100102061	100102							100102062	1.2			0					1	1				
10010207	红球2消-7	2	0.3			0.2	65			4		0.2			1		FxR2LiangAttack11Shouji			WeaponCase1			1			1					0	0	0	0							0	3	330	0.2	0.1	100102071	100102							100102072	1.2			0					1	1				
10010208	红球2消-8	2	0.3			0.2	65			4		0.2			1		FxR2LiangAttack11Shouji			WeaponCase2			1			1					0	0	0	0							0	3	30	0.2	0.1	100102081	100102							100102082	1.2			0					1	1				
10010209	红球2消-9	2	0.3			0.2	65			4		0.2			1		FxR2LiangAttack11Shouji			WeaponCase1			1			1					0	0	0	0							0	3	330	0.2	0.1	100102091	100102							100102092	1.2			0					1	1				
10010210	红球2消-10	2	0.3			0.2	65			4		0.2			1		FxR2LiangAttack11Shouji			WeaponCase2			1			1					0	0	0	0							0	3	30	0.2	0.1	100102101	100102							100102102	1.2			0					1	1				
10010211	红球2消-11	2	0.3			0.2	65			4		0.2			1		FxR2LiangAttack11Shouji			WeaponCase1			1			1					0	0	0	0							0	3	330	0.2	0.1	100102111	100102							100102112	1.2			0					1	1				
10010212	红球2消-12	2	0.3			0.2	65			4		0.2			1		FxR2LiangAttack11Shouji			WeaponCase2			1			1					0	0	0	0							0	3	30	0.2	0.1	100102121	100102							100102122	1.2			0					1	1				
10010213	红球2消-13	2	0.3			0.2	65			4		0.2			1		FxR2LiangAttack11Shouji			WeaponCase1			1			1					0	0	0	0							0	3	330	0.2	0.1	100102131	100102							100102132	1.2			0					1	1				
10010214	红球2消-14	2	0.3			0.2	65			4		0.2			1		FxR2LiangAttack11Shouji			WeaponCase2			1			1					0	0	0	0							0	3	30	0.2	0.1	100102141	100102							100102142	1.2			0					1	1				
10010215	红球2消-15	2	0.3			0.2	65			4		0.2			1		FxR2LiangAttack11Shouji			WeaponCase1			1			1					0	0	0	0							0	3	330	0.2	0.1	100102151	100102							100102152	1.2			0					1	1				
10010301	红球3消-1	2	0.3			0.2	65			4		0.2			1		FxR2LiangAttack11Shouji			WeaponCase1			1			1					0	0	0	0							0	3	330	0.2	0.1	100103011	100103							100103012	1.2			0					1	1				
10010302	红球3消-2	2	0.3			0.2	65			4		0.2			1		FxR2LiangAttack11Shouji			WeaponCase2			1			1					0	0	0	0							0	3	30	0.2	0.1	100103021	100103							100103022	1.2			0					1	1				
10010303	红球3消-3	2	0.3			0.2	65			4		0.2			1		FxR2LiangAttack11Shouji			WeaponCase1			1			1					0	0	0	0							0	3	330	0.2	0.1	100103031	100103							100103032	1.2			0					1	1				
10010304	红球3消-4	2	0.3			0.2	65			4		0.2			1		FxR2LiangAttack11Shouji			WeaponCase2			1			1					0	0	0	0							0	3	30	0.2	0.1	100103041	100103							100103042	1.2			0					1	1				
10010305	红球3消-5	2	0.3			0.2	65			4		0.2			1		FxR2LiangAttack11Shouji			WeaponCase1			1			1					0	0	0	0							0	3	330	0.2	0.1	100103051	100103							100103052	1.2			0					1	1				
10010306	红球3消-6	2	0.3			0.2	65			4		0.2			1		FxR2LiangAttack11Shouji			WeaponCase2			1			1					0	0	0	0							0	3	30	0.2	0.1	100103061	100103							100103062	1.2			0					1	1				
10010307	红球3消-7	2	0.3			0.2	65			4		0.2			1		FxR2LiangAttack11Shouji			WeaponCase1			1			1					0	0	0	0							0	3	330	0.2	0.1	100103071	100103							100103072	1.2			0					1	1				
10010308	红球3消-8	2	0.3			0.2	65			4		0.2			1		FxR2LiangAttack11Shouji			WeaponCase2			1			1					0	0	0	0							0	3	30	0.2	0.1	100103081	100103							100103082	1.2			0					1	1				
10010309	红球3消-9	2	0.3			0.2	65			4		0.2			1		FxR2LiangAttack11Shouji			WeaponCase1			1			1					0	0	0	0							0	3	330	0.2	0.1	100103091	100103							100103092	1.2			0					1	1				
10010310	红球3消-10	2	0.3			0.2	65			4		0.2			1		FxR2LiangAttack11Shouji			WeaponCase2			1			1					0	0	0	0							0	3	30	0.2	0.1	100103101	100103							100103102	1.2			0					1	1				
10010311	红球3消-11	2	0.3			0.2	65			4		0.2			1		FxR2LiangAttack11Shouji			WeaponCase1			1			1					0	0	0	0							0	3	330	0.2	0.1	100103111	100103							100103112	1.2			0					1	1				
10010312	红球3消-12	2	0.3			0.2	65			4		0.2			1		FxR2LiangAttack11Shouji			WeaponCase2			1			1					0	0	0	0							0	3	30	0.2	0.1	100103121	100103							100103122	1.2			0					1	1				
10010313	红球3消-13	2	0.3			0.2	65			4		0.2			1		FxR2LiangAttack11Shouji			WeaponCase1			1			1					0	0	0	0							0	3	330	0.2	0.1	100103131	100103							100103132	1.2			0					1	1				
10010314	红球3消-14	2	0.3			0.2	65			4		0.2			1		FxR2LiangAttack11Shouji			WeaponCase2			1			1					0	0	0	0							0	3	30	0.2	0.1	100103141	100103							100103142	1.2			0					1	1				
10010315	红球3消-15	2	0.3			0.2	65			4		0.2			1		FxR2LiangAttack11Shouji			WeaponCase1			1			1					0	0	0	0							0	3	330	0.2	0.1	100103151	100103							100103152	1.2			0					1	1				
10010401	蓝球1消-1	2	0.3			1	65			4		0.2		1	1						FxR2LiangAttack21Dandao		1		FxR2LiangAttack21Zha	1					0	0	0	0	999		1	10010402	1		0	3		0.2	0.1										1.2			0				1	1	1				
10010402	蓝球1消-2	2	2				0			4		1.1			-1								-1			1					0	0	0	2							2	3	330	0.2	0.15	100104021	100111							100104022	0	HitCase		0					0	1				
10010501	蓝球2消-1	2	0.3			1	65			4		0.2		1	1						FxR2LiangAttack21Dandao		1		FxR2LiangAttack22Zha	1					0	0	0	0	999		1	10010502	1		0	3		0.2	0.1										1.2			0				1	1	1				
10010502	蓝球2消-2	2	3				0			4		1.1			-1								-1			1					0	0	0	2							2	3	330	0.2	0.15	100105021	100112							100105022	0	HitCase		0					0	1				
10010601	蓝球3消-1	2	0.3			1	65			4		0.2		1	1						FxR2LiangAttack21Dandao		1		FxR2LiangAttack23Zha	1					0	0	0	0	999		1	10010602	1		0	3		0.2	0.1										1.2			0				1	1	1				
10010602	蓝球3消-2	2	4				0			4		1.1			-1								-1			1					0	0	0	2							2	3	330	0.2	0.15	100106021	100113							100106022	0	HitCase		0					0	1				
10010701	黄球1消-1	2	0.3			0.2	65			4		0.2		1	1					WeaponCase2	FxR2LiangAttack31Dandao		1		FxR2LiangAttack31Zha	1					0	0	0	0	999		1	10010702	1		0	3		0.2	0.1										1.2			0				1	1	1				
10010702	黄球1消-2	2	3				0			4		1			-1								-1			1					0	0	0	2			1	10010703			2	3	30	0.2	0.1	100107021	100124							100107022	0	HitCase		0					0	1				
10010703	黄球1消-3	2	3				0			4		3			-1	1			0.5		FxR2LiangAttack31Quyu		-1			1					0	0	0	2							2	3		0.2	0.1		100121	100120							0	HitCase		0					0	1				
10010801	黄球2消-1	2	0.3			0.2	65			4		0.2		1	1					WeaponCase2	FxR2LiangAttack31Dandao		1		FxR2LiangAttack32Zha	1					0	0	0	0	999		1	10010802	1		0	3		0.2	0.1										1.2			0				1	1	1				
10010802	黄球2消-2	2	4				0			4		1			-1								-1			1					0	0	0	2			1	10010803			2	3	30	0.2	0.1	100108021	100125							100108022	0	HitCase		0					0	1				
10010803	黄球2消-3	2	4				0			4		4			-1	1			0.5		FxR2LiangAttack32Quyu		-1			1					0	0	0	2							2	3		0.2	0.1		100122	100120							0	HitCase		0					0	1				
10010901	黄球3消-1	2	0.3			0.2	65			4		0.2		1	1					WeaponCase2	FxR2LiangAttack31Dandao		1		FxR2LiangAttack33Zha	1					0	0	0	0	999		1	10010902	1		0	3		0.2	0.1										1.2			0				1	1	1				
10010902	黄球3消-2	2	5				0			4		1			-1								-1			1					0	0	0	2			1	10010903			2	3	30	0.2	0.1	100109021	100126							100109022	0	HitCase		0					0	1				
10010903	黄球3消-3	2	5				0			4		5			-1	1			0.5		FxR2LiangAttack33Quyu		-1			1					0	0	0	2							2	3		0.2	0.1		100123	100120							0	HitCase		0					0	1				
10011001	大招-1	2	6				0			4		0.7			-1	1	FxR2LiangAttack01Shouji		0.1				-1			1					0	0	0	0							0	3	330	0.2	0.1	100110011	100162							100110012	1.2			1					1	1				
10011002	大招-1	2	6				0			4		0.7			-1	1	FxR2LiangAttack01Shouji		0.1				-1			1					0	0	0	0							0	3	330	0.2	0.1	100110021	100162							100110022	1.2			1					1	1				
10011003	大招-2	2	6				0			4		0.1			-1		FxR2LiangAttack01Shouji						-1			1					0	0	0	0							0	3	330	0.2	0.1	100110031	100163								1.2			0					1	1				
10011006	大招-5	2	999				0			4		0.1			-1								-1			1					0	0	0	0							0	3		0.2	0		100168								0	HitCase		0					1	1				
10011201	强化红球1消-1	2	0.3			0.2	65			4		0.2		1	1					WeaponCase1	FxR2LiangAttack11EXDandao		1			1					0	0	0	0	999		1	10011206	1		0	3	330	0.2	0.1	100112011	100144							100112012	1.2			0					1	1				
10011202	强化红球1消-2	2	0.3			0.2	65			4		0.2		1	1					WeaponCase2	FxR2LiangAttack11EXDandao		1			1					0	0	0	0	999		1	10011206	1		0	3	30	0.2	0.1	100112021	100144							100112022	1.2			0					1	1				
10011203	强化红球1消-3	2	0.3			0.2	65			4		0.2		1	1					WeaponCase1	FxR2LiangAttack11EXDandao		1			1					0	0	0	0	999		1	10011206	1		0	3	330	0.2	0.1	100112031	100144							100112032	1.2			0					1	1				
10011204	强化红球1消-4	2	0.3			0.2	65			4		0.2		1	1					WeaponCase2	FxR2LiangAttack11EXDandao		1			1					0	0	0	0	999		1	10011216	1		0	3	30	0.2	0.1	100112041	100144							100112042	1.2			0					1	1				
10011205	强化红球1消-5	2	0.3			0.2	65			4		0.2		1	1					WeaponCase1	FxR2LiangAttack11EXDandao		1			1					0	0	0	0	999		1	10011216	1		0	3	330	0.2	0.1	100112051	100144							100112052	1.2			0					1	1				
10011206	强化红球1消-6	2	0.3			0.2	65			4		0.2		1	1					WeaponCase2	FxR2LiangAttack11EXDandao		1			1					0	0	0	0	999		1	10011216	1		0	3	30	0.2	0.1	100112061	100144							100112062	1.2			0					1	1				
10011207	强化红球1消-7	2	0.3			0.2	65			4		0.2		1	1					WeaponCase1	FxR2LiangAttack11EXDandao		1			1					0	0	0	0	999		1	10011216	1		0	3	330	0.2	0.1	100112071	100144							100112072	1.2			0					1	1				
10011208	强化红球1消-8	2	0.3			0.2	65			4		0.2		1	1					WeaponCase2	FxR2LiangAttack11EXDandao		1			1					0	0	0	0	999		1	10011216	1		0	3	30	0.2	0.1	100112081	100144							100112082	1.2			0					1	1				
10011209	强化红球1消-9	2	0.3			0.2	65			4		0.2		1	1					WeaponCase1	FxR2LiangAttack11EXDandao		1			1					0	0	0	0	999		1	10011216	1		0	3	330	0.2	0.1	100112091	100144							100112092	1.2			0					1	1				
10011210	强化红球1消-10	2	0.3			0.2	65			4		0.2		1	1					WeaponCase2	FxR2LiangAttack11EXDandao		1			1					0	0	0	0	999		1	10011216	1		0	3	30	0.2	0.1	100112101	100144							100112102	1.2			0					1	1				
10011211	强化红球1消-11	2	0.3			0.2	65			4		0.2		1	1					WeaponCase1	FxR2LiangAttack11EXDandao		1			1					0	0	0	0	999		1	10011216	1		0	3	330	0.2	0.1	100112111	100144							100112112	1.2			0					1	1				
10011212	强化红球1消-12	2	0.3			0.2	65			4		0.2		1	1					WeaponCase2	FxR2LiangAttack11EXDandao		1			1					0	0	0	0	999		1	10011216	1		0	3	30	0.2	0.1	100112121	100144							100112122	1.2			0					1	1				
10011213	强化红球1消-13	2	0.3			0.2	65			4		0.2		1	1					WeaponCase1	FxR2LiangAttack11EXDandao		1			1					0	0	0	0	999		1	10011216	1		0	3	330	0.2	0.1	100112131	100144							100112132	1.2			0					1	1				
10011214	强化红球1消-14	2	0.3			0.2	65			4		0.2		1	1					WeaponCase2	FxR2LiangAttack11EXDandao		1			1					0	0	0	0	999		1	10011216	1		0	3	30	0.2	0.1	100112141	100144							100112142	1.2			0					1	1				
10011215	强化红球1消-15	2	0.3			0.2	65			4		0.2		1	1					WeaponCase1	FxR2LiangAttack11EXDandao		1			1					0	0	0	0	999		1	10011216	1		0	3	330	0.2	0.1	100112151	100144							100112152	1.2			0					1	1				
10011216	强化红球1消-16	2	0.3				0			4		1			-1						FxR2LiangAttack11ExShouji		-1			1					0	0	0	2			1	10011217			2	3		0.2	0.1										1.2			0					0	1				
10011217	强化红球1消-17	2	2				0			4		0.1			-1								-1			1					0	0	0	2							2	3		0.2	0.1		100104								0	HitCase		0					0	1				
10011301	强化红球2消-1	2	0.3			0.2	65			4		0.2		1	1					WeaponCase1	FxR2LiangAttack11EXDandao		1			1					0	0	0	0	999		1	10011316	1		0	3	330	0.2	0.1	100113011	100145							100113012	1.2			0					1	1				
10011302	强化红球2消-2	2	0.3			0.2	65			4		0.2		1	1					WeaponCase2	FxR2LiangAttack11EXDandao		1			1					0	0	0	0	999		1	10011316	1		0	3	30	0.2	0.1	100113021	100145							100113022	1.2			0					1	1				
10011303	强化红球2消-3	2	0.3			0.2	65			4		0.2		1	1					WeaponCase1	FxR2LiangAttack11EXDandao		1			1					0	0	0	0	999		1	10011316	1		0	3	330	0.2	0.1	100113031	100145							100113032	1.2			0					1	1				
10011304	强化红球2消-4	2	0.3			0.2	65			4		0.2		1	1					WeaponCase2	FxR2LiangAttack11EXDandao		1			1					0	0	0	0	999		1	10011316	1		0	3	30	0.2	0.1	100113041	100145							100113042	1.2			0					1	1				
10011305	强化红球2消-5	2	0.3			0.2	65			4		0.2		1	1					WeaponCase1	FxR2LiangAttack11EXDandao		1			1					0	0	0	0	999		1	10011316	1		0	3	330	0.2	0.1	100113051	100145							100113052	1.2			0					1	1				
10011306	强化红球2消-6	2	0.3			0.2	65			4		0.2		1	1					WeaponCase2	FxR2LiangAttack11EXDandao		1			1					0	0	0	0	999		1	10011316	1		0	3	30	0.2	0.1	100113061	100145							100113062	1.2			0					1	1				
10011307	强化红球2消-7	2	0.3			0.2	65			4		0.2		1	1					WeaponCase1	FxR2LiangAttack11EXDandao		1			1					0	0	0	0	999		1	10011316	1		0	3	330	0.2	0.1	100113071	100145							100113072	1.2			0					1	1				
10011308	强化红球2消-8	2	0.3			0.2	65			4		0.2		1	1					WeaponCase2	FxR2LiangAttack11EXDandao		1			1					0	0	0	0	999		1	10011316	1		0	3	30	0.2	0.1	100113081	100145							100113082	1.2			0					1	1				
10011309	强化红球2消-9	2	0.3			0.2	65			4		0.2		1	1					WeaponCase1	FxR2LiangAttack11EXDandao		1			1					0	0	0	0	999		1	10011316	1		0	3	330	0.2	0.1	100113091	100145							100113092	1.2			0					1	1				
10011310	强化红球2消-10	2	0.3			0.2	65			4		0.2		1	1					WeaponCase2	FxR2LiangAttack11EXDandao		1			1					0	0	0	0	999		1	10011316	1		0	3	30	0.2	0.1	100113101	100145							100113102	1.2			0					1	1				
10011311	强化红球2消-11	2	0.3			0.2	65			4		0.2		1	1					WeaponCase1	FxR2LiangAttack11EXDandao		1			1					0	0	0	0	999		1	10011316	1		0	3	330	0.2	0.1	100113111	100145							100113112	1.2			0					1	1				
10011312	强化红球2消-12	2	0.3			0.2	65			4		0.2		1	1					WeaponCase2	FxR2LiangAttack11EXDandao		1			1					0	0	0	0	999		1	10011316	1		0	3	30	0.2	0.1	100113121	100145							100113122	1.2			0					1	1				
10011313	强化红球2消-13	2	0.3			0.2	65			4		0.2		1	1					WeaponCase1	FxR2LiangAttack11EXDandao		1			1					0	0	0	0	999		1	10011316	1		0	3	330	0.2	0.1	100113131	100145							100113132	1.2			0					1	1				
10011314	强化红球2消-14	2	0.3			0.2	65			4		0.2		1	1					WeaponCase2	FxR2LiangAttack11EXDandao		1			1					0	0	0	0	999		1	10011316	1		0	3	30	0.2	0.1	100113141	100145							100113142	1.2			0					1	1				
10011315	强化红球2消-15	2	0.3			0.2	65			4		0.2		1	1					WeaponCase1	FxR2LiangAttack11EXDandao		1			1					0	0	0	0	999		1	10011316	1		0	3	330	0.2	0.1	100113151	100145							100113152	1.2			0					1	1				
10011316	强化红球2消-16	2	0.3				0			4		1			-1						FxR2LiangAttack11ExShouji		-1			1					0	0	0	2			1	10011317			2	3		0.2	0.1										1.2			0					0	1				
10011317	强化红球2消-17	2	2				0			4		0.1			-1								-1			1					0	0	0	2							2	3		0.2	0.1		100105								0	HitCase		0					0	1				
10011401	强化红球3消-1	2	0.3			0.2	65			4		0.2		1	1					WeaponCase1	FxR2LiangAttack11EXDandao		1			1					0	0	0	0	999		1	10011416	1		0	3	330	0.2	0.1	100114011	100146							100114012	1.2			0					1	1				
10011402	强化红球3消-2	2	0.3			0.2	65			4		0.2		1	1					WeaponCase2	FxR2LiangAttack11EXDandao		1			1					0	0	0	0	999		1	10011416	1		0	3	30	0.2	0.1	100114021	100146							100114022	1.2			0					1	1				
10011403	强化红球3消-3	2	0.3			0.2	65			4		0.2		1	1					WeaponCase1	FxR2LiangAttack11EXDandao		1			1					0	0	0	0	999		1	10011416	1		0	3	330	0.2	0.1	100114031	100146							100114032	1.2			0					1	1				
10011404	强化红球3消-4	2	0.3			0.2	65			4		0.2		1	1					WeaponCase2	FxR2LiangAttack11EXDandao		1			1					0	0	0	0	999		1	10011416	1		0	3	30	0.2	0.1	100114041	100146							100114042	1.2			0					1	1				
10011405	强化红球3消-5	2	0.3			0.2	65			4		0.2		1	1					WeaponCase1	FxR2LiangAttack11EXDandao		1			1					0	0	0	0	999		1	10011416	1		0	3	330	0.2	0.1	100114051	100146							100114052	1.2			0					1	1				
10011406	强化红球3消-6	2	0.3			0.2	65			4		0.2		1	1					WeaponCase2	FxR2LiangAttack11EXDandao		1			1					0	0	0	0	999		1	10011416	1		0	3	30	0.2	0.1	100114061	100146							100114062	1.2			0					1	1				
10011407	强化红球3消-7	2	0.3			0.2	65			4		0.2		1	1					WeaponCase1	FxR2LiangAttack11EXDandao		1			1					0	0	0	0	999		1	10011416	1		0	3	330	0.2	0.1	100114071	100146							100114072	1.2			0					1	1				
10011408	强化红球3消-8	2	0.3			0.2	65			4		0.2		1	1					WeaponCase2	FxR2LiangAttack11EXDandao		1			1					0	0	0	0	999		1	10011416	1		0	3	30	0.2	0.1	100114081	100146							100114082	1.2			0					1	1				
10011409	强化红球3消-9	2	0.3			0.2	65			4		0.2		1	1					WeaponCase1	FxR2LiangAttack11EXDandao		1			1					0	0	0	0	999		1	10011416	1		0	3	330	0.2	0.1	100114091	100146							100114092	1.2			0					1	1				
10011410	强化红球3消-10	2	0.3			0.2	65			4		0.2		1	1					WeaponCase2	FxR2LiangAttack11EXDandao		1			1					0	0	0	0	999		1	10011416	1		0	3	30	0.2	0.1	100114101	100146							100114102	1.2			0					1	1				
10011411	强化红球3消-11	2	0.3			0.2	65			4		0.2		1	1					WeaponCase1	FxR2LiangAttack11EXDandao		1			1					0	0	0	0	999		1	10011416	1		0	3	330	0.2	0.1	100114111	100146							100114112	1.2			0					1	1				
10011412	强化红球3消-12	2	0.3			0.2	65			4		0.2		1	1					WeaponCase2	FxR2LiangAttack11EXDandao		1			1					0	0	0	0	999		1	10011416	1		0	3	30	0.2	0.1	100114121	100146							100114122	1.2			0					1	1				
10011413	强化红球3消-13	2	0.3			0.2	65			4		0.2		1	1					WeaponCase1	FxR2LiangAttack11EXDandao		1			1					0	0	0	0	999		1	10011416	1		0	3	330	0.2	0.1	100114131	100146							100114132	1.2			0					1	1				
10011414	强化红球3消-14	2	0.3			0.2	65			4		0.2		1	1					WeaponCase2	FxR2LiangAttack11EXDandao		1			1					0	0	0	0	999		1	10011416	1		0	3	30	0.2	0.1	100114141	100146							100114142	1.2			0					1	1				
10011415	强化红球3消-15	2	0.3			0.2	65			4		0.2		1	1					WeaponCase1	FxR2LiangAttack11EXDandao		1			1					0	0	0	0	999		1	10011416	1		0	3	330	0.2	0.1	100114151	100146							100114152	1.2			0					1	1				
10011416	强化红球3消-16	2	0.3				0			4		1			-1						FxR2LiangAttack11ExShouji		-1			1					0	0	0	2			1	10011417			2	3		0.2	0.1										1.2			0					0	1				
10011417	强化红球3消-17	2	2				0			4		0.1			-1								-1			1					0	0	0	2							2	3		0.2	0.1		100106								0	HitCase		0					0	1				
10011501	出场技-1	2	0.3			0.2	65			4		0.2		1	1					WeaponCase2	FxR2LiangAttack31Dandao		1		FxR2LiangAttack33Zha	1					0	0	0	0	999		1	10011502	1		0	3		0.2	0.1										1.2			0				1	1	1				
10011502	出场技-2	2	4				0			4		1			-1								-1			1					0	0	0	2			1	10011503			0	3	30	0.2	0.1	100115021	100126							100115022	0	HitCase		0					0	1				
10011503	出场技-3	2	4				0			4		4			-1	1			0.5		FxR2LiangAttack33Quyu		-1			1					0	0	0	2							0	3		0.2	0.1		100123	100120							0	HitCase		0					0	1				
10011801	援助技能-1	2	5				0			4		0.5			-1	1	FxR2LiangAttack01Shouji		0.05				-1			1					0	0	0	0							0	3		0.2	0.1	100118011	100164	100165							0	HitCase		1					1	1				
10012101	普攻1-1	2	0.5	0.2			130			4		0.1			1		FxR2LiangAttack01Shouji						1			1					0	0	0	0							0	3	330	0.2	0.1	100121011	100131								1.23			0					1	1				
10012201	普攻2-1	2	0.5	0.2			130			4		0.1			1		FxR2LiangAttack01Shouji						1			1					0	0	0	0							0	3	30	0.2	0.1	100122011	100132								1.04			0					1	1				
10012202	普攻2-2	2	0.5	0.2			130			4		0.1			1		FxR2LiangAttack01Shouji						1			1					0	0	0	0							0	3	30	0.2	0.1	100122021	100132								1.04			0					1	1				
10012203	普攻2-3	2	0.5	0.2			130			4		0.1			1		FxR2LiangAttack01Shouji						1			1					0	0	0	0							0	3	30	0.2	0.1	100122031	100132								1.04			0					1	1				
10012204	普攻2-4	2	0.5	0.2			130			4		0.1			1		FxR2LiangAttack01Shouji						1			1					0	0	0	0							0	3	30	0.2	0.1	100122041	100132								1.04			0					1	1				
10012301	普攻3-1	2	0.5	0.2			130			4		0.1			1		FxR2LiangAttack01Shouji						1			1					0	0	0	0							0	3	330	0.2	0.1	100123011	100133								1.3			0					1	1				
10012302	普攻3-2	2	0.5	0.2			130			4		0.1			1		FxR2LiangAttack01Shouji						1			1					0	0	0	0							0	3	330	0.2	0.1	100123021	100133								0.9			0					1	1				
10012303	普攻3-3	2	0.5	0.2			130			4		0.1			1		FxR2LiangAttack01Shouji						1			1					0	0	0	0							0	3	330	0.2	0.1	100123031	100133								0.8			0					1	1				
10012304	普攻3-4	2	0.5	0.2			130		40	4		0.1			1		FxR2LiangAttack01Shouji						1			1					0	0	0	0							0	3	330	0.2	0.1	100123041	100133								0.8			0					1	1				
10012305	普攻3-5	2	0.5	0.2			130		320	4		0.1			1		FxR2LiangAttack01Shouji						1			1					0	0	0	0							0	3	330	0.2	0.1	100123051	100133								0.8			0					1	1				
10012306	普攻3-6	2	0.5	0.2			130		80	4		0.1			1		FxR2LiangAttack01Shouji						1			1					0	0	0	0							0	3	330	0.2	0.1	100123061	100133								0.8			0					1	1				
10012307	普攻3-7	2	0.5	0.2			130		280	4		0.1			1		FxR2LiangAttack01Shouji						1			1					0	0	0	0							0	3	330	0.2	0.1	100123071	100133								0.8			0					1	1				
10012401	普攻4-1	2	0.5	0.2			130			4		0.1			1		FxR2LiangAttack01Shouji						1			1					0	0	0	0							0	3	330	0.2	0.1	100124011	100134								1			0					1	1				
10012402	普攻4-2	2	0.5	0.2	0.1		130			4		0.1			1		FxR2LiangAttack01Shouji						1			1					0	0	0	0							0	3	30	0.2	0.1	100124021	100134								0.8			0					1	1				
10012403	普攻4-3	2	0.5	0.2	-0.1		130			4		0.1			1		FxR2LiangAttack01Shouji						1			1					0	0	0	0							0	3	330	0.2	0.1	100124031	100134								0.8			0					1	1				
10012404	普攻4-4	2	0.5	0.2	0.1		130			4		0.1			1		FxR2LiangAttack01Shouji						1			1					0	0	0	0							0	3	30	0.2	0.1	100124041	100134								0.75			0					1	1				
10012405	普攻4-5	2	0.5	0.2			130			4		0.1			1		FxR2LiangAttack01Shouji						1			1					0	0	0	0							0	3	330	0.2	0.1	100124051	100134								0.8			0					1	1				
10012501	普攻5-1	2	0.5	0.2			130			4		0.1		1	1		FxR2LiangAttack05Shouji						1			1					0	0	0	0	999		1	10012502	1		0	3	330	0.15	0.1	100125011	100135	200006						100125012	1.2			0					1	1				
10012502	普攻5-2	2	0.5	0.5		0.2	0			4		0.1		1	1							0.05	1			1					0	0	0	1	999		1	10012503	1		1	3	30	0.15	0.1		100135							100125022	1.2			0					0	1				
10012503	普攻5-3	2	0.5	0.5		0.2	0			4		0.1		1	1							0.05	1			1					0	0	0	1	999		1	10012504	1		1	3	330	0.15	0.1		100135							100125032	1.2			0					0	1				
10012504	普攻5-4	2	0.5	0.5		0.2	0			4		0.1		1	1							0.05	1			1					0	0	0	1	999		1	10012505	1		1	3	30	0.15	0.1		100135							100125042	1.2			0					0	1				
10012505	普攻5-5	2	0.5	0.5		0.2	0			4		0.1		1	1							0.05	1			1					0	0	0	1	999		1	10012506	1		1	3	330	0.15	0.1		100135							100125052	1.2			0					0	1				
10012506	普攻5-6	2	0.5	0.5		0.2	0			4		0.1			1							0.05	1			1					0	0	0	1							1	3	30	0.2	0.15	100125061	100135							100125062	1.2			0					0	1				
10050101	永夜抄红球1-1	1	3	4		2	0			4		0.4			-1	1	FxR2YongyechaoAttack11Shouji01		0.1				-1			1					0	0	0	0							0	3	270	0.2	0.1	100501011	100511							100501012	1.1			1					1	1				
10050102	永夜抄红球1-2	1	3	4		2	0			4		0.1			-1		FxR2YongyechaoAttack11Shouji02						-1			1					0	0	0	0							0	3	270	0.2	0.15	100501021	100511								1.1			1					1	1				
10050201	永夜抄红球2-1	1	3	4		2	0			4		0.4			-1	1	FxR2YongyechaoAttack11Shouji01		0.1				-1			1					0	0	0	0							0	3	270	0.2	0.1	100502011	100512							100502012	1.1			1					1	1				
10050202	永夜抄红球2-2	1	3	4		2	0			4		0.1			-1		FxR2YongyechaoAttack11Shouji02						-1			1					0	0	0	0							0	3	270	0.2	0.15	100502021	100512								1.1			1					1	1				
10050301	永夜抄红球3-1	1	3	4		2	0			4		0.4			-1	1	FxR2YongyechaoAttack11Shouji01		0.1				-1			1					0	0	0	0							0	3	270	0.2	0.1	100503011	100513							100503012	1.1			1					1	1				
10050302	永夜抄红球3-2	1	3	4		2	0			4		0.1			-1		FxR2YongyechaoAttack11Shouji02						-1			1					0	0	0	0							0	3	270	0.2	0.15	100503021	100513								1.1			1					1	1				
10050404	永夜抄蓝球1-4	2	5				0			4		0.35			-1	1	FxR2YongyechaoAttack21Shouji		0.1				-1			1					0	0	0	0	0.35		1	10050407			0	2		0.2	0.1	100504041	100527	100535						100504042	1.1			0					1	1				
10050407	永夜抄蓝球1-7	2	5				0			4		0.1			-1		FxR2YongyechaoAttack21Shouji					0.15	-1			1					0	0	0	0							0	2		0.2	0.1	100504071	100520	100535	200102					100504072	1.1			0					0	1				
10050504	永夜抄蓝球2-4	2	5				0			4		0.35			-1	1	FxR2YongyechaoAttack21Shouji		0.1				-1			1					0	0	0	0	0.35		1	10050507			0	2		0.2	0.1	100505041	100528	100536						100505042	1.1			0					1	1				
10050507	永夜抄蓝球2-7	2	5				0			4		0.1			-1		FxR2YongyechaoAttack21Shouji					0.15	-1			1					0	0	0	0							0	2		0.2	0.1	100505071	100520	100536	200102					100505072	1.1			0					0	1				
10050604	永夜抄蓝球3-4	2	5				0			4		0.35			-1	1	FxR2YongyechaoAttack21Shouji		0.1				-1			1					0	0	0	0	0.35		1	10050607			0	2		0.2	0.1	100506041	100529	100537						100506042	1.1			0					1	1				
10050607	永夜抄蓝球3-7	2	5				0			4		0.1			-1		FxR2YongyechaoAttack21Shouji					0.15	-1			1					0	0	0	0							0	2		0.2	0.1	100506071	100520	100537	200102					100506072	1.1			0					0	1				
10050701	永夜抄黄球1-1	2	3				0			4		0.2			-1		FxR2YongyechaoAttack31Shouji						-1			1					0	0	0	0							0	1	270	0.2	0.1	100507011	100531								1.1			1					1	1				
10050702	永夜抄黄球1-2	2	3				0			4		0.2			-1		FxR2YongyechaoAttack31Shouji						-1			1					0	0	0	0							0	1	270	0.2	0.15	100507021	100531								1.1			1					1	1				
10050801	永夜抄黄球2-1	2	3				0			4		0.2			-1		FxR2YongyechaoAttack31Shouji						-1			1					0	0	0	0							0	1	270	0.2	0.1	100508011	100532								1.1			1					1	1				
10050802	永夜抄黄球2-2	2	3				0			4		0.2			-1		FxR2YongyechaoAttack31Shouji						-1			1					0	0	0	0							0	1	270	0.2	0.1	100508021	100532								1.1			1					1	1				
10050803	永夜抄黄球2-3	2	3				0			4		0.2			-1		FxR2YongyechaoAttack31Shouji						-1			1					0	0	0	0							0	1	270	0.2	0.1	100508031	100532								1.1			1					1	1				
10050804	永夜抄黄球2-4	2	3				0			4		0.2			-1		FxR2YongyechaoAttack31Shouji						-1			1					0	0	0	0							0	1	270	0.2	0.15	100508041	100532								1.1			1					1	1				
10050901	永夜抄黄球3-1	2	3				0			4		0.2			-1		FxR2YongyechaoAttack31Shouji						-1			1					0	0	0	0							0	1	270	0.2	0.1	100509011	100533								1.1			1					1	1				
10050902	永夜抄黄球3-2	2	3				0			4		0.2			-1		FxR2YongyechaoAttack31Shouji						-1			1					0	0	0	0							0	1	270	0.2	0.1	100509021	100533								1.1			1					1	1				
10050903	永夜抄黄球3-3	2	3				0			4		0.2			-1		FxR2YongyechaoAttack31Shouji						-1			1					0	0	0	0							0	1	270	0.2	0.1	100509031	100533								1.1			1					1	1				
10050904	永夜抄黄球3-4	2	3				0			4		0.2			-1		FxR2YongyechaoAttack31Shouji						-1			1					0	0	0	0							0	1	270	0.2	0.1	100509041	100533								1.1			1					1	1				
10050905	永夜抄黄球3-5	2	3				0			4		0.2			-1		FxR2YongyechaoAttack31Shouji						-1			1					0	0	0	0							0	1	270	0.2	0.1	100509051	100533								1.1			1					1	1				
10050906	永夜抄黄球3-6	2	3				0			4		0.2			-1		FxR2YongyechaoAttack31Shouji						-1			1					0	0	0	0							0	1	270	0.2	0.15	100509061	100533								1.1			1					1	1				
10051002	永夜抄普攻1-2	1	2	2		1	0			4		0.1			-1		FxR2YongyechaoAttack01Shouji						-1			1					0	0	0	0							0	3	270	0.2	0.13	100510021	100501							100510022	1.1			0					1	1				
10051102	永夜抄普攻2-2	1	2	2		1	0			4		0.4			-1	1	FxR2YongyechaoAttack02Shouji		0.1				-1			1					0	0	0	0							0	3	30	0.2	0.1	100511021	100502							100511022	1.1			0					1	1				
10051202	永夜抄普攻3-2	1	2	2		1	0			4		0.3			-1	1	FxR2YongyechaoAttack03Shouji		0.1				-1			1					0	0	0	0							0	3	250	0.2	0.1	100512021	100503							100512022	1.1			0					1	1				
10051302	永夜抄普攻4-2	2	3				0			4		0.1			-1		FxR2YongyechaoAttack04Shouji01						-1			1					0	0	0	0							0	3	90	0.2	0.1	100513021	100504							100513022	1.4			1					1	1				
10051303	永夜抄普攻4-一次性伤害帧	2	3				0			4		0.1			-1		FxR2YongyechaoAttack04Shouji01						-1			1					0	0	0	0							0	3	90	0.2	0.1	100513031	100504							100513032	1.5			1					1	1				
10051304	永夜抄普攻4-4	2	3				0			4		0.1			-1		FxR2YongyechaoAttack04Shouji01						-1			1					0	0	0	0							0	3	90	0.2	0.1	100513041	100504							100513042	1.6			1					1	1				
10051305	永夜抄普攻4-5	2	3				0			4		0.1			-1		FxR2YongyechaoAttack04Shouji01						-1			1					0	0	0	0							0	3	90	0.2	0.1	100513051	100504							100513052	1.6			1					1	1				
10051306	永夜抄普攻4-6	1	2	2		1	0			4		0.1			-1		FxR2YongyechaoAttack04Shouji02						-1			1					0	0	0	0							0	3	90	0.2	0.15	100513061	100504	200103				200103		100513062	1.2			1					1	1				
10051501	永夜抄黄球3+1-1	2	3				0			4		0.2			-1		FxR2YongyechaoAttack41Shouji						-1			1					0	0	0	0							0	1	270	0.2	0.1	100515011	100534								1.1			1					1	1				
10051502	永夜抄黄球3+1-2	2	3				0			4		0.2			-1		FxR2YongyechaoAttack41Shouji						-1			1					0	0	0	0							0	1	270	0.2	0.1	100515021	100534								1.1			1					1	1				
10051503	永夜抄黄球3+1-3	2	3				0			4		0.2			-1		FxR2YongyechaoAttack41Shouji						-1			1					0	0	0	0							0	1	270	0.2	0.1	100515031	100534								1.1			1					1	1				
10051504	永夜抄黄球3+1-4	2	3				0			4		0.2			-1		FxR2YongyechaoAttack41Shouji						-1			1					0	0	0	0							0	1	270	0.2	0.1	100515041	100534								1.1			1					1	1				
10051505	永夜抄黄球3+1-5	2	3				0			4		0.2			-1		FxR2YongyechaoAttack41Shouji						-1			1					0	0	0	0							0	1	270	0.2	0.1	100515051	100534								1.1			1					1	1				
10051506	永夜抄黄球3+1-6	2	3				0			4		0.2			-1		FxR2YongyechaoAttack41Shouji						-1			1					0	0	0	0							0	1	270	0.2	0.1	100515061	100534								1.1			1					1	1				
10051507	永夜抄黄球3+1-7	2	3				0			4		0.2			-1		FxR2YongyechaoAttack41Shouji						-1			1					0	0	0	0							0	1	270	0.2	0.1	100515071	100534								1.1			1					1	1				
10051508	永夜抄黄球3+1-8	2	3				0			4		0.2			-1		FxR2YongyechaoAttack41Shouji						-1			1					0	0	0	0							0	1	270	0.2	0.15	100515081	100534								1.1			1					1	1				
10051601	出场技-1	1	3	4		2	0			4		0.4			-1	1	FxR2YongyechaoAttack11Shouji01		0.1				-1			1					0	0	0	0							0	3	270	0.2	0.1	100516011	100513							100516012	1.1			1					1	1				
10051602	出场技-2	1	3	4		2	0			4		0.1			-1		FxR2YongyechaoAttack11Shouji02						-1			1					0	0	0	0							0	3	270	0.2	0.15	100516021	100513								1.1			1					1	1				
10051901	援助技-1	1	2.5	5			0			4		0.15			-1		FxR2YongyechaoQteShouji01						-1			1					0	0	0	0							0	3		0.2	0.1	100519011	100542								1.1			0					1	1				
10051902	援助技-2	1	2.5	5			0			4		0.15			-1		FxR2YongyechaoQteShouji01						-1			1					0	0	0	0							0	3		0.2	0.1	100519021	100542								1.1			0					1	1				
10051903	援助技-3	1	2.5	5			0			4		0.15			-1		FxR2YongyechaoQteShouji01						-1			1					0	0	0	0							0	3		0.2	0.1	100519031	100542								1.1			0					1	1				
10051904	援助技-4	1	2.5	5			0			4		0.15			-1		FxR2YongyechaoQteShouji01						-1			1					0	0	0	0							0	3		0.2	0.1	100519041	100542								1.1			0					1	1				
10051905	援助技-5	1	2.5	5			0			4		0.15			-1		FxR2YongyechaoQteShouji01						-1			1					0	0	0	0							0	3		0.2	0.1	100519051	100542								1.1			0					1	1				
10051906	援助技-6	1	2.5	5			0			4		0.15			-1		FxR2YongyechaoQteShouji01						-1			1					0	0	0	0							0	3		0.2	0.1	100519061	100542								1.1			0					1	1				
10051907	援助技-7	2	2.5			2.5	0			4		0.4			-1	1	FxR2YongyechaoQteShouji02		0.1				-1			1					0	0	0	0							0	3		0.2	0.1	100519071	100543								1.1			0					1	1				
10052001	大招-1	2	3.5				0			3		5			-1	1			0.1				-1			1					0	0	0	0	5		1	10052003			0	3		0.2	0.1		100551	100550	100556						0	HitCase		0					0	1				
10052002	大招-2	2	3.5				0			1		5			-1	1			0.1				-1			1					0	0	0	0							0	3		0.2	0.1		100553	100557							0	HitCase		0					0	1				
10052003	大招-3	2	3.5				0			4		0.1			-1		FxR2YongyechaoAttack11Shouji02						-1			1					0	0	0	0							0	2		0.2	0.15	100520031	100554							100520032	1.1			0					1	1				
10052009	大招-9	2	999				0			4		0.1			-1								-1			1					0	0	0	0							0	3		0.2	0		100558								0	HitCase		0					0	1				
10052402	普攻1（突进）-2	1	2	2		1	0			4		0.1			-1		FxR2YongyechaoAttack01Shouji						-1			1					0	0	0	0							0	3	270	0.2	0.13	100524021	100501							100524022	1.1			0					1	1				
10070102	普通攻击1-2	1	3	3		1.5	0			4		0.1			-1		FxR2KalieninaAttack01Shouji						-1			1					0	0	0	0							0	3	90	0.2	0.1	100701021	100700							100701022	1.2		1	0					1	1				
10070202	普通攻击2-2	1	3	3		1.5	0			4		0.1			-1		FxR2KalieninaAttack02Shouji						-1			1					0	0	0	0							0	3	270	0.2	0.1	100702021	100701							100702022	1.2		1	0					1	1				
10070203	普通攻击2-3	1	3	3		1.5	0			4		0.1			-1		FxR2KalieninaAttack04Shouji						-1			1					0	0	0	0							0	3	270	0.2	0.13	100702031	100701	100705				100705		100702032	1.2		1	0					1	1				
10070302	普通攻击3-2	1	3	3		1.5	0			4		0.1			-1		FxR2KalieninaAttack03Shouji						-1			1					0	0	0	0							0	3	270	0.2	0.1	100703021	100702	100706				100706		100703022	1.2		1	0					1	1				
10070303	普通攻击3-3	1	3	3		1.5	0			4		0.1			-1		FxR2KalieninaAttack03Shouji						-1			1					0	0	0	0							0	3	270	0.2	0.13	100703031	100702	200102				200102		100703032	1.2		1	0					1	1				
10070403	普通攻击4-3	1	3	3		1.5	0			4		0.1			-1		FxR2KalieninaAttack04Shouji						-1			1					0	0	0	0							0	3	30	0.2	0.15	100704031	100703	100707				100707			1.2		1	0					1	1				
10070501	红球1消-1	1	1	8		4	0		7	4		0.1			-1		FxR2KalieninaAttack11Shouji						-1			1					0	0	0	0							0	3		0.2	0.1	100705011	100710								1.2			0					1	1				
10070502	红球1消-2	1	1	8		4	0		16	4		0.1			-1		FxR2KalieninaAttack11Shouji						-1			1					0	0	0	0							0	3		0.2	0.1	100705021	100710								1.2			0					1	1				
10070503	红球1消-3	1	1	8		4	0		30	4		0.1			-1		FxR2KalieninaAttack11Shouji						-1			1					0	0	0	0							0	3		0.2	0.1	100705031	100710								1.2			0					1	1				
10070504	红球1消-4	1	1	8		4	0		353	4		0.1			-1		FxR2KalieninaAttack11Shouji						-1			1					0	0	0	0							0	3		0.2	0.1	100705041	100710								1.2			0					1	1				
10070505	红球1消-5	1	1	8		4	0		344	4		0.1			-1		FxR2KalieninaAttack11Shouji						-1			1					0	0	0	0							0	3		0.2	0.1	100705051	100710								1.2			0					1	1				
10070506	红球1消-6	1	1	8		4	0		330	4		0.1			-1		FxR2KalieninaAttack11Shouji						-1			1					0	0	0	0							0	3		0.2	0.1	100705061	100710								1.2			0					1	1				
10070601	红球2消-1	1	1	8		4	0		7	4		0.1			-1		FxR2KalieninaAttack11Shouji						-1			1					0	0	0	0							0	3		0.2	0.1	100706011	100711								1.2			0					1	1				
10070602	红球2消-2	1	1	8		4	0		16	4		0.1			-1		FxR2KalieninaAttack11Shouji						-1			1					0	0	0	0							0	3		0.2	0.1	100706021	100711								1.2			0					1	1				
10070603	红球2消-3	1	1	8		4	0		30	4		0.1			-1		FxR2KalieninaAttack11Shouji						-1			1					0	0	0	0							0	3		0.2	0.1	100706031	100711								1.2			0					1	1				
10070604	红球2消-4	1	1	8		4	0		353	4		0.1			-1		FxR2KalieninaAttack11Shouji						-1			1					0	0	0	0							0	3		0.2	0.1	100706041	100711								1.2			0					1	1				
10070605	红球2消-5	1	1	8		4	0		344	4		0.1			-1		FxR2KalieninaAttack11Shouji						-1			1					0	0	0	0							0	3		0.2	0.1	100706051	100711								1.2			0					1	1				
10070606	红球2消-6	1	1	8		4	0		330	4		0.1			-1		FxR2KalieninaAttack11Shouji						-1			1					0	0	0	0							0	3		0.2	0.1	100706061	100711								1.2			0					1	1				
10070701	红球3消-1	1	1	8		4	0		7	4		0.1			-1		FxR2KalieninaAttack11Shouji						-1			1					0	0	0	0							0	3		0.2	0.1	100707011	100712								1.2			0					1	1				
10070702	红球3消-2	1	1	8		4	0		16	4		0.1			-1		FxR2KalieninaAttack11Shouji						-1			1					0	0	0	0							0	3		0.2	0.1	100707021	100712								1.2			0					1	1				
10070703	红球3消-3	1	1	8		4	0		30	4		0.1			-1		FxR2KalieninaAttack11Shouji						-1			1					0	0	0	0							0	3		0.2	0.1	100707031	100712								1.2			0					1	1				
10070704	红球3消-4	1	1	8		4	0		353	4		0.1			-1		FxR2KalieninaAttack11Shouji						-1			1					0	0	0	0							0	3		0.2	0.1	100707041	100712								1.2			0					1	1				
10070705	红球3消-5	1	1	8		4	0		344	4		0.1			-1		FxR2KalieninaAttack11Shouji						-1			1					0	0	0	0							0	3		0.2	0.1	100707051	100712								1.2			0					1	1				
10070706	红球3消-6	1	1	8		4	0		330	4		0.1			-1		FxR2KalieninaAttack11Shouji						-1			1					0	0	0	0							0	3		0.2	0.1	100707061	100712								1.2			0					1	1				
10070802	蓝球1消-2	2	3			2	0			4		0.1			-1		FxR2KalieninaAttack21Shouji						-1			1					0	0	0	0			1	10070803			0	3		0.2	0.1	100708021	100720	200003				200003			1.2			0					1	1				
10070803	蓝球1消-3	2	5				0			4		1			-1	1	FxR2KalieninaAttack21Shouji		1				-1			1					0	0	0	2			1	10070804			1	3		0.2	0.1	100708031	100723							100708032	1.2			0					0	1				
10070804	蓝球1消-4	2	5				0			4		1			-1	1			0.05				-1			1					0	0	0	2							1	3		0.2	0.1		100726								0	HitCase		0					0	1				
10070902	蓝球2消-2	2	3			2	0			4		0.1			-1		FxR2KalieninaAttack21Shouji						-1			1					0	0	0	0			1	10070903			0	3		0.2	0.1	100709021	100721	200003				200003			1.2			0					1	1				
10070903	蓝球2消-3	2	5				0			4		2			-1	1	FxR2KalieninaAttack21Shouji		1				-1			1					0	0	0	2			1	10070904			1	3		0.2	0.1	100709031	100724							100709032	1.2			0					0	1				
10070904	蓝球2消-4	2	5				0			4		2			-1	1			0.05				-1			1					0	0	0	2							1	3		0.2	0.1		100727								0	HitCase		0					0	1				
10071002	蓝球3消-2	2	3			2	0			4		0.1			-1		FxR2KalieninaAttack21Shouji						-1			1					0	0	0	0			1	10071003			0	3		0.2	0.1	100710021	100722	200003				200003			1.2			0					1	1				
10071003	蓝球3消-3	2	5				0			4		3			-1	1	FxR2KalieninaAttack21Shouji		1				-1			1					0	0	0	2			1	10071004			1	3		0.2	0.1	100710031	100725							100710032	1.2			0					0	1				
10071004	蓝球3消-4	2	5				0			4		3			-1	1			0.05				-1			1					0	0	0	2							1	3		0.2	0.1		100728								0	HitCase		0					0	1				
10071102	黄球1消-2	2	4			2	0			4		0.1			-1		FxR2KalieninaAttack11Shouji						-1			1					0	0	0	0							0	3		0.2	0.1	100711021	100740	100743	200002			200002			1.2			0					1	1				
10071202	黄球2消-2	2	4			2	0			4		0.1			-1		FxR2KalieninaAttack11Shouji						-1			1					0	0	0	0							0	3		0.2	0.1	100712021	100741	100744	200002			200002			1.2			0					1	1				
10071302	黄球3消-2	2	4			2	0			4		0.1			-1		FxR2KalieninaAttack11Shouji						-1			1					0	0	0	0							0	3		0.2	0.1	100713021	100742	100745	200002			200002			1.2			0					1	1				
10071502	出场技-2	2	4			2	0			4		0.1			-1		FxR2KalieninaAttack11Shouji						-1			1					0	0	0	0							0	3		0.2	0.1	100715021	100742	100745	200002			200002			1.2			0					1	1				
10071601	大招-一次性伤害帧	2	0.3				0			4		3			-1						FxR2KalieninaAttack51Dandao		-1			1					0	0	0	3	0.3		1	10071602			4	3		0.2	0.1										0	HitCase		0					1	1				
10071602	大招-2	2	2				0			4		0.3			-1		FxR2KalieninaAttack11Shouji						-1			1					0	0	0	2							2	2		0.2	0.1	100716021	100751							100716022	1.2			0					1	1				
10071610	大招-10	2	999				0			4		0.1			-1								-1			1					0	0	0	0							0	3		0.2	0		100758								0	HitCase		0					0	1				
10071902	援助技能-2	2	3			2	0			4		0.1			-1		FxR2KalieninaAttack21Shouji						-1			1					0	0	0	0			1	10071903			0	3		0.2	0.1	100719021	100756	200003				200003			1.2			0					1	1				
10071903	援助技能-3	2	5				0			4		3			-1	1	FxR2KalieninaAttack21Shouji		1				-1			1					0	0	0	2			1	10071904			1	3		0.2	0.1	100719031	100757								1.2			0					0	1				
10071904	援助技能-4	2	5				0			4		3			-1	1			0.05				-1			1					0	0	0	2							1	3		0.2	0.1		100728								0	HitCase		0					0	1				
10072202	加特林普攻-2	2	2			0.5	0			4		0.1			-1		FxR2KalieninaAttack11Shouji						-1			1					0	0	0	2							1	3		0.2	0.1	100722021	100704							100722022	0	HitCase		0					1	1				
10072209	加特林普攻-9	2	0.1				0			4		0.45		1	1						FxR2KalieninaAttack41Dandao		1			4	30	60	0.3		0	0	0	0	999		1	10072202	1		0	3		0.2	0.1										1.2			0					0	1				
10072210	加特林普攻-10	2	0.1				0			4		0.4		1	1						FxR2KalieninaAttack41Dandao		1			4	340	70	0.4		0	0	0	0	999		1	10072202	1		0	3		0.2	0.1										1.2			0					0	1				
10072211	加特林普攻-11	2	0.1				0			4		0.35		1	1						FxR2KalieninaAttack41Dandao		1		FxR2KalieninaAttack41Baozha	4	80	65	0.35		0	0	0	0	999		1	10072202	1		0	3		0.2	0.1										1.2			0					0	1				
10072212	加特林普攻-12	2	0.1				0			4		0.55		1	1						FxR2KalieninaAttack41Dandao		1			4	100	75	0.4		0	0	0	0	999		1	10072202	1		0	3		0.2	0.1										1.2			0					0	1				
10072213	加特林普攻-13	2	0.1				0			4		0.5		1	1						FxR2KalieninaAttack41Dandao		1			4	300	70	0.35		0	0	0	0	999		1	10072202	1		0	3		0.2	0.1										1.2			0					0	1				
10072302	加特林普攻2-2	2	2			0.5	0			4		0.1			-1		FxR2KalieninaAttack11Shouji						-1			1					0	0	0	2							1	3		0.2	0.1	100723021	100704							100723022	0	HitCase		0					1	1				
10072309	加特林普攻2-9	2	0.1				0			4		0.45		1	1						FxR2KalieninaAttack41Dandao		1			4	30	60	0.3		0	0	0	0	999		1	10072302	1		0	3		0.2	0.1										1.2			0					0	1				
10072310	加特林普攻2-10	2	0.1				0			4		0.4		1	1						FxR2KalieninaAttack41Dandao		1			4	340	70	0.4		0	0	0	0	999		1	10072302	1		0	3		0.2	0.1										1.2			0					0	1				
10072311	加特林普攻2-11	2	0.1				0			4		0.35		1	1						FxR2KalieninaAttack41Dandao		1		FxR2KalieninaAttack41Baozha	4	80	65	0.35		0	0	0	0	999		1	10072302	1		0	3		0.2	0.1										1.2			0					0	1				
10072312	加特林普攻2-12	2	0.1				0			4		0.55		1	1						FxR2KalieninaAttack41Dandao		1			4	100	75	0.4		0	0	0	0	999		1	10072302	1		0	3		0.2	0.1										1.2			0					0	1				
10072313	加特林普攻2-13	2	0.1				0			4		0.5		1	1						FxR2KalieninaAttack41Dandao		1			4	300	70	0.35		0	0	0	0	999		1	10072302	1		0	3		0.2	0.1										1.2			0					0	1				
10072502	普通攻击1（突进版）-2	1	3	3		1.5	0			4		0.1			-1		FxR2KalieninaAttack01Shouji						-1			1					0	0	0	0							0	3	90	0.2	0.1	100725021	100700							100725022	1.2		1	0					1	1				
10080101	普通攻击1-1	1	2	3		1.5	0			4		0.1			-1		FxR2DubianAttack01Shouji						-1			1					0	0	0	0							0	3	270	0.2	0.1	100801011	100800							100801012	1.3			0					1	1				
10080201	普通攻击2-1	1	2	3		1.5	0			4		0.1			-1		FxR2DubianAttack02Shouji						-1			1					0	0	0	0							0	3	45	0.2	0.1	100802011	100801							100802012	1.3			0					1	1				
10080202	普通攻击2-2	1	2	3		1.5	0			4		0.1			-1		FxR2DubianAttack02Shouji						-1			1					0	0	0	0							0	3	45	0.2	0.1	100802021	100801							100802022	1.3			0					1	1				
10080301	普通攻击3-1	1	2	3		1.5	0			4		0.1			-1		FxR2DubianAttack03Shouji						-1			1					0	0	0	0							0	3	90	0.2	0.1	100803011	100802							100803012	1.3			0					1	1				
10080401	普通攻击4-1	1	2	3		1.5	0			4		0.1			-1		FxR2DubianAttack04Shouji						-1			1					0	0	0	0							0	3	270	0.2	0.13	100804011	100803	100806				100806		100804012	1.3			0					1	1				
10080501	普通攻击5-1	1	2	3		1.5	0			4		0.15			-1	1	FxR2DubianAttack11Shouji		0.05				-1			1					0	0	0	0							0	3	300	0.2	0.1	100805011	100804							100805012	1.3			0					1	1				
10080502	普通攻击5-2	1	2	3		1.5	0			4		0.1			-1		FxR2DubianAttack05Shouji						-1			1					0	0	0	0							0	3	60	0.2	0.15	100805021	100805	100807				100807		100805022	1.3			0					1	1				
10080601	普通攻击1（突进版）-1	1	2	3		1.5	0			4		0.1			-1		FxR2DubianAttack01Shouji						-1			1					0	0	0	0							0	3	270	0.2	0.1	100806011	100800							100806012	1.3			0					1	1				
10080701	红球1消-1	1	3	4		1	0			4		0.1			-1		FxR2DubianAttack11Shouji						-1			1					0	0	0	0							0	3	270	0.2	0.1	100807011	100810							100807012	1.3			0					1	1				
10080702	红球1消-2	1	3	4		1	0			4		0.1			-1		FxR2DubianAttack11Shouji						-1			1					0	0	0	0							0	3	90	0.2	0.1	100807021	100810							100807022	1.3			0					1	1				
10080703	红球1消-3	1	3	4		1	0			4		0.1			-1		FxR2DubianAttack11Shouji						-1			1					0	0	0	0							0	3	270	0.2	0.1	100807031	100810							100807032	1.3			0					1	1				
10080704	红球1消-4	1	3	4		1	0			4		0.1			-1		FxR2DubianAttack11Shouji						-1			1					0	0	0	0							0	3	90	0.2	0.13	100807041	100810	100814				100814		100807042	1.3			0					1	1				
10080801	红球2消-1	1	3	4		1	0			4		0.1			-1		FxR2DubianAttack11Shouji						-1			1					0	0	0	0							0	3	270	0.2	0.1	100808011	100811							100808012	1.3			0					1	1				
10080802	红球2消-2	1	3	4		1	0			4		0.1			-1		FxR2DubianAttack11Shouji						-1			1					0	0	0	0							0	3	90	0.2	0.1	100808021	100811							100808022	1.3			0					1	1				
10080803	红球2消-3	1	3	4		1	0			4		0.1			-1		FxR2DubianAttack11Shouji						-1			1					0	0	0	0							0	3	270	0.2	0.1	100808031	100811							100808032	1.3			0					1	1				
10080804	红球2消-4	1	3	4		1	0			4		0.1			-1		FxR2DubianAttack11Shouji						-1			1					0	0	0	0							0	3	90	0.2	0.13	100808041	100811	100814				100814		100808042	1.3			0					1	1				
10080901	红球3消-1	1	3	4		1	0			4		0.1			-1		FxR2DubianAttack11Shouji						-1			1					0	0	0	0							0	3	270	0.2	0.1	100809011	100812							100809012	1.3			0					1	1				
10080902	红球3消-2	1	3	4		1	0			4		0.1			-1		FxR2DubianAttack11Shouji						-1			1					0	0	0	0							0	3	90	0.2	0.1	100809021	100812							100809022	1.3			0					1	1				
10080903	红球3消-3	1	3	4		1	0			4		0.1			-1		FxR2DubianAttack11Shouji						-1			1					0	0	0	0							0	3	270	0.2	0.1	100809031	100812							100809032	1.3			0					1	1				
10080904	红球3消-4	1	3	4		1	0			4		0.1			-1		FxR2DubianAttack11Shouji						-1			1					0	0	0	0							0	3	90	0.2	0.13	100809041	100812	100814				100814		100809042	1.3			0					1	1				
10080905	红球3消-5	1	3	4		1	0			4		0.1			-1		FxR2DubianAttack11Shouji						-1			1					0	0	0	0							0	3	270	0.2	0.15	100809051	100813	100815				100815		100809052	1.3			0					1	1				
10081001	蓝球1消-1	1	2	3		1.5	0			4		0.3			-1		FxR2DubianAttack21Shouji						-1			1					0	0	0	0							0	3	60	0.2	0.1		100820	200102						100810012	1.3			1					1	1				
10081002	蓝球1消-2	1	2	3		1.5	0			4		0.3			-1		FxR2DubianAttack21Shouji01						-1			1					0	0	0	0							0	3	60	0.2	0.12	100810021	100823	100827				100827		100810022	1.3			1					1	1				
10081101	蓝球2消-1	1	2	3		1.5	0			4		0.3			-1		FxR2DubianAttack21Shouji						-1			1					0	0	0	0							0	3	60	0.2	0.1		100821	200102						100811012	1.3			1					1	1				
10081102	蓝球2消-2	1	2	3		1.5	0			4		0.3			-1		FxR2DubianAttack21Shouji01						-1			1					0	0	0	0							0	3	60	0.2	0.12	100811021	100824	100827				100827		100811022	1.3			1					1	1				
10081201	蓝球3消-1	1	2	3		1.5	0			4		0.3			-1		FxR2DubianAttack21Shouji						-1			1					0	0	0	0							0	3	60	0.2	0.1		100822	200102						100812012	1.3			1					1	1				
10081202	蓝球3消-2	1	2	3		1.5	0			4		0.3			-1		FxR2DubianAttack21Shouji01						-1			1					0	0	0	0							0	3	60	0.2	0.12	100812021	100825	100827				100827		100812022	1.3			1					1	1				
10081301	黄球1消-1	1	2	5		1	0			4		0.3			-1	1	FxR2DubianAttack31Shouji		0.1				-1			1					0	0	0	0							0	3		0.2	0.1	100813011	100830							100813012	1.3			0					1	1				
10081401	黄球2消-1	1	2	5		1	0			4		0.3			-1	1	FxR2DubianAttack31Shouji		0.1				-1			1					0	0	0	0							0	3		0.2	0.1	100814011	100831							100814012	1.3			0					1	1				
10081501	黄球3消-1	1	2	5		1	0			4		0.3			-1	1	FxR2DubianAttack31Shouji		0.1				-1			1					0	0	0	0	0.3		1	10081506			0	3		0.2	0.1	100815011	100832							100815012	1.3			0					1	1				
10081506	黄球3消-6	2	0.3				0			4		0.1			-1						FxR2DubianAttack3302	0.3	-1			1					0	0	0	2			1	10081507			2	3		0.2	0.1										0	HitCase		0					0	1				
10081507	黄球3消-7	1	2	5			0			4		0.1			-1		FxR2DubianAttack31Shouji						-1			1					0	0	0	2							2	3	60	0.2	0.13	100815071	100835	200103				200103		100815072	1.3			0					0	1				
10081701	出场技-1	1	3	4		1	0			4		0.1			-1		FxR2DubianAttack11Shouji						-1			1					0	0	0	0							0	3	270	0.2	0.1	100817011	100812							100817012	1.3			0					1	1				
10081702	出场技-2	1	3	4		1	0			4		0.1			-1		FxR2DubianAttack11Shouji						-1			1					0	0	0	0							0	3	90	0.2	0.1	100817021	100812							100817022	1.3			0					1	1				
10081703	出场技-3	1	3	4		1	0			4		0.1			-1		FxR2DubianAttack11Shouji						-1			1					0	0	0	0							0	3	270	0.2	0.1	100817031	100812							100817032	1.3			0					1	1				
10081704	出场技-4	1	3	4		1	0			4		0.1			-1		FxR2DubianAttack11Shouji						-1			1					0	0	0	0							0	3	90	0.2	0.13	100817041	100812	100814				100814		100817042	1.3			0					1	1				
10081705	出场技-5	1	3	4		1	0			4		0.1			-1		FxR2DubianAttack11Shouji						-1			1					0	0	0	0							0	3	270	0.2	0.15	100817051	100813	100815				100815		100817052	1.3			0					1	1				
10081801	援助技能-1	2	3				0			4		0.1			-1		FxR2DubianAttack11Shouji						-1			1					0	0	0	0							0	3		0.2	0.1	100818011	100868								1.3			0					1	1				
10082101	大招-1	1	4	6		2	0			4		0.1			-1		FxR2DubianAttack51Shouji						-1			1					0	0	0	0							0	3		0.2	0.1	100821011	100851								1.3			0					0	1				
10082102	大招-2	1	4	6		2	0			4		0.1			-1		FxR2DubianAttack51Shouji						-1			1					0	0	0	0							0	3		0.2	0.1	100821021	100851								1.3			0					0	1				
10082103	大招-3	2	4				0			4		1.6			-1	1	FxR2DubianAttack51Shouji		0.1				-1			1					0	0	0	0							0	3		0.2	0.1	100821031	100853								1.3			0					0	1				
10082104	大招-4	1	4	6		2	0			4		0.1			-1	1	FxR2DubianAttack51Shouji		0.05				-1			1					0	0	0	0							0	3		0.2	0.1	100821041	100854								1.3			0					0	1				
10082111	大招-11	2	999				0			4		0.1			-1								-1			1					0	0	0	0							0	3		0.2	0		100857								0	HitCase		0					0	1				
10082401	被动弹道存放-1	2	0.3				0			4		2			-1						FxR2DubianAttackBD05	0.2	-1			1					0	0	0	3			1	10082402			1	3		0.2	0.1										0	HitCase		0					1	1				
10082402	被动弹道存放-2	1	2	6			0		72	4		0.1			-1		FxR2DubianAttack11Shouji						-1			1					0	0	0	2			1	10082403			1	3		0.2	0.1	100824021	100867							100824022	1.3			0					1	1				
10082403	被动弹道存放-3	2	0.3				0			4		2			-1						FxR2DubianAttackBD04	0.2	-1			1					0	0	0	3			1	10082404			1	3		0.2	0.1										0	HitCase		0					1	1				
10082404	被动弹道存放-4	1	2	6			0		144	4		0.1			-1		FxR2DubianAttack11Shouji						-1			1					0	0	0	2			1	10082405			1	3		0.2	0.1	100824041	100867							100824042	1.3			0					1	1				
10082405	被动弹道存放-5	2	0.3				0			4		2			-1						FxR2DubianAttackBD03	0.2	-1			1					0	0	0	3			1	10082406			1	3		0.2	0.1										0	HitCase		0					1	1				
10082406	被动弹道存放-6	1	2	6			0		216	4		0.1			-1		FxR2DubianAttack11Shouji						-1			1					0	0	0	2			1	10082407			1	3		0.2	0.1	100824061	100867							100824062	1.3			0					1	1				
10082407	被动弹道存放-7	2	0.3				0			4		2			-1						FxR2DubianAttackBD02	0.2	-1			1					0	0	0	3			1	10082408			1	3		0.2	0.1										0	HitCase		0					1	1				
10082408	被动弹道存放-8	1	2	6			0		288	4		0.1			-1		FxR2DubianAttack11Shouji						-1			1					0	0	0	2			1	10082409			1	3		0.2	0.1	100824081	100867							100824082	1.3			0					1	1				
10082409	被动弹道存放-9	2	0.3				0			4		2			-1						FxR2DubianAttackBD01	0.2	-1			1					0	0	0	3			1	10082410			1	3		0.2	0.1										0	HitCase		0					1	1				
10082410	被动弹道存放-10	1	2	6			0		360	4		0.1			-1		FxR2DubianAttack11Shouji						-1			1					0	0	0	2			1				1	3		0.2	0.1	100824101	100867							100824102	1.3			0					1	1				
10082501	普通攻击1-1	1	2	3		1.5	0			4		0.1			-1		FxR2DubianAttack01Shouji						-1			1					0	0	0	0							0	3	270	0.2	0.1	100825011	100800							100825012	1.3			0					1	1				
10082504	普通攻击1-4	1	2	3		1.5	0			4		0.1			-1		FxR2DubianAttack01Shouji						-1			1					0	0	0	0							0	3	270	0.2	0.13	100825041	100844							100825042	1.3			0					1	1				
10082601	普通攻击2-1	1	2	3		1.5	0			4		0.1			-1		FxR2DubianAttack02Shouji						-1			1					0	0	0	0							0	3	45	0.2	0.1	100826011	100801							100826012	1.3			0					1	1				
10082602	普通攻击2-2	1	2	3		1.5	0			4		0.1			-1		FxR2DubianAttack02Shouji						-1			1					0	0	0	0							0	3	45	0.2	0.1	100826021	100801							100826022	1.3			0					1	1				
10082604	普通攻击2-4	1	2	3		1.5	0			4		0.1			-1		FxR2DubianAttack02Shouji						-1			1					0	0	0	0							0	3	300	0.2	0.13	100826041	100845	200102						100826042	1.3			0					1	1				
10082701	普通攻击3-1	1	2	3		1.5	0			4		0.1			-1		FxR2DubianAttack03Shouji						-1			1					0	0	0	0							0	3	90	0.2	0.1	100827011	100802							100827012	1.3			0					1	1				
10082703	普通攻击3-3	1	2	3		1.5	0			4		0.1			-1		FxR2DubianAttack03Shouji						-1			1					0	0	0	0							0	3	90	0.2	0.13	100827031	100846							100827032	1.3			0					1	1				
10082801	普通攻击4-1	1	2	3		1.5	0			4		0.1			-1		FxR2DubianAttack04Shouji						-1			1					0	0	0	0							0	3	270	0.2	0.13	100828011	100803	200102				200102		100828012	1.3			0					1	1				
10082803	普通攻击4-3	1	2	3		1.5	0			4		0.1			-1		FxR2DubianAttack04Shouji						-1			1					0	0	0	0							0	3	270	0.2	0.13	100828031	100847							100828032	1.3			0					1	1				
10082901	普通攻击5-1	1	2	3		1.5	0			4		0.15			-1	1	FxR2DubianAttack11Shouji		0.05				-1			1					0	0	0	0							0	3	300	0.2	0.1	100829011	100804							100829012	1.3			0					1	1				
10082902	普通攻击5-2	1	2	3		1.5	0			4		0.1			-1		FxR2DubianAttack05Shouji						-1			1					0	0	0	0							0	3	60	0.2	0.15	100829021	100805	200103				200103		100829022	1.3			0					1	1				
10082906	普通攻击5-6	1	2	3		1.5	0			4		0.1			-1		FxR2DubianAttack05Shouji						-1			1					0	0	0	0							0	3	60	0.2	0.15	100829061	100849	200104						100829062	1.3			0					1	1				
10083101	强化攻击1（突进版）-1	1	2	3		1.5	0			4		0.1			-1		FxR2DubianAttack01Shouji						-1			1					0	0	0	0							0	3	270	0.2	0.1	100831011	100800							100831012	1.3			0					1	1				
10083104	强化攻击1（突进版）-4	1	2	3		1.5	0			4		0.1			-1		FxR2DubianAttack01Shouji						-1			1					0	0	0	0							0	3	270	0.2	0.13	100831041	100844							100831042	1.3			0					1	1				
10130101	普通攻击1-1	1	3	10		5	0			4		0.1			-1		FxR2LifuAttack01Shouji						-1			1					0	0	0	0							0	3	330	0.2	0.1	101301011	101300								1.3			0					1	1				
10130201	普通攻击2-1	1	3	10		5	0			4		0.1			-1		FxR2LifuAttack01Shouji						-1			1					0	0	0	0							0	3	30	0.2	0.1	101302011	101301								1.3			0					1	1				
10130301	普通攻击3-1	1	3	3			0			4		0.1			-1		FxR2LifuAttack01Shouji						-1			1					0	0	0	1							1	3	60	0.2	0.1	101303011	101302								1.3			0					1	1				
10130302	普通攻击3-2	1	3	3			0			4		0.1			-1		FxR2LifuAttack01Shouji						-1			1					0	0	0	1							1	3	300	0.2	0.1	101303021	101302								1.3			0					1	1				
10130401	普通攻击4-1	1	3	10		5	0			4		0.1			-1		FxR2LifuAttack01Shouji						-1			1					0	0	0	0							0	3	0	0.2	0.12	101304011	101303								1.3			0					1	1				
10130501	普通攻击5-1	1	4	4			0			4		0.1			-1		FxR2LifuAttack01Shouji						-1			1					0	0	0	1							1	3	0	0.2	0.13	101305011	101304								1.3			0					1	1				
10130603	红球1消-3	2	0.1			0.5	20			4		3		1	1						FxR2LifuAttack11Dandao		1		FxR2LifuAttack11Zha	1					0	0	0	0	999		1	10130604	1		0	3		0.2	0.1										0	HitCase		0					0	1				
10130604	红球1消-4	2	3			1	0			4		0.3			-1		FxR2LifuAttack01Shouji						-1			1					0	0	0	2							0	3	60	0.2	0.15	101306041	101310							101306042	1.3			0					1	1				
10130703	红球2消-3	2	0.1			0.5	20			4		3		1	1						FxR2LifuAttack12Dandao		1		FxR2LifuAttack12Zha	1					0	0	0	0	999		1	10130704	1		0	3		0.2	0.1										0	HitCase		0					0	1				
10130704	红球2消-4	2	4			1	0			4		0.3			-1		FxR2LifuAttack01Shouji						-1			1					0	0	0	2							0	3	60	0.2	0.15	101307041	101311							101307042	1.3			0					1	1				
10130803	红球3消-3	2	0.1			0.5	20			4		3		1	1						FxR2LifuAttack13Dandao		1		FxR2LifuAttack13Zha	1					0	0	0	0	999		1	10130804	1		0	3		0.2	0.1										0	HitCase		0					0	1				
10130804	红球3消-4	2	5			1	0			4		0.3			-1		FxR2LifuAttack01Shouji						-1			1					0	0	0	2							0	3	60	0.2	0.15	101308041	101312							101308042	1.3			0					1	1				
10130904	蓝球1消-4	1	6	1			0			4		2			-1	1	FxR2LifuAttack01Shouji		1				-1			1					0	0	0	1							0	3	330	0.2	0.1		101320								1.3			0					1	1				
10130905	蓝球1消-5	1	6	1			0			4		2			-1	1			0.2				-1			1					0	0	0	1							0	3		0	0		101323	101326	101329						0	HitCase		0					0	1				
10131004	蓝球2消-4	1	6	1			0			4		4			-1	1	FxR2LifuAttack01Shouji		1				-1			1					0	0	0	1							0	3	330	0.2	0.1		101321								1.3			0					1	1				
10131005	蓝球2消-5	1	6	1			0			4		4			-1	1			0.2				-1			1					0	0	0	1							0	3		0	0		101324	101327	101329						0	HitCase		0					0	1				
10131104	蓝球3消-4	1	6	1			0			4		6			-1	1	FxR2LifuAttack01Shouji		1				-1			1					0	0	0	1							0	3	330	0.2	0.1		101322								1.3			0					1	1				
10131105	蓝球3消-5	1	6	1			0			4		6			-1	1			0.2				-1			1					0	0	0	1							0	3		0	0		101325	101328	101329						0	HitCase		0					0	1				
10131204	黄球1消-4	1	3	3			0			4		1			-1	1	FxR2LifuAttack01Shouji		1.1				-1			1					0	0	0	1	1		1	10131205			0	2		0.2	0.08		101330	101338	101396						1.3			0					1	1				
10131205	黄球1消-5	1	3	3			0			4		0.1			-1		FxR2LifuAttack01Shouji						-1			1					0	0	0	2							1	3		0.2	0.15	101312051	101333	101399						101312052	1.3			0					0	1				
10131206	黄球1消-6	1	3	3			0			4		0.9			-1	1			0.1				-1			1					0	0	0	1							0	2		0	0		101336	101337							0	HitCase		0					0	1				
10131208	黄球1消-8	1	3	3			0			4		1.2			-1								-1			1					0	0	0	1							0	2		0.2	0.1		101396								0	HitCase		0					0	1				
10131304	黄球2消-4	1	4	4			0			4		2			-1	1	FxR2LifuAttack01Shouji		1.1				-1			1					0	0	0	1	2		1	10131305			0	2		0.2	0.08		101331	101338	101397						1.3			0					1	1				
10131305	黄球2消-5	1	4	4			0			4		0.1			-1		FxR2LifuAttack01Shouji						-1			1					0	0	0	2							1	3		0.2	0.15	101313051	101334	101399						101313052	1.3			0					0	1				
10131306	黄球2消-6	1	4	4			0			4		1.9			-1	1			0.1				-1			1					0	0	0	1							0	2		0	0		101336	101337							0	HitCase		0					0	1				
10131308	黄球2消-8	1	4	4			0			4		2.2			-1								-1			1					0	0	0	1							0	2		0.2	0.1		101397								0	HitCase		0					0	1				
10131404	黄球3消-4	1	5	5			0			4		3			-1	1	FxR2LifuAttack01Shouji		1.1				-1			1					0	0	0	1	2.95		1	10131405			0	2		0.2	0.08		101332	101338	101398						1.3			0					1	1				
10131405	黄球3消-5	1	5	5			0			4		0.1			-1		FxR2LifuAttack01Shouji						-1			1					0	0	0	2							1	3		0.2	0.15	101314051	101335	101339	101399					101314052	1.3			0					0	1				
10131406	黄球3消-6	1	5	5			0			4		2.9			-1	1			0.1				-1			1					0	0	0	1							0	2		0	0		101336	101337							0	HitCase		0					0	1				
10131408	黄球3消-8	1	5	5			0			4		3.2			-1								-1			1					0	0	0	1							0	2		0.2	0.1		101398								0	HitCase		0					0	1				
10131603	出场技-3	1	5	5			0			4		3			-1	1	FxR2LifuAttack01Shouji		1.1				-1			1					0	0	0	1	2.95		1	10131405			0	2		0.2	0.08		101332	101338							1.3			0					1	1				
10131604	出场技-4	1	5	5			0			4		0.1			-1		FxR2LifuAttack01Shouji						-1			1					0	0	0	2							1	3		0.2	0.15	101316041	101335	101339						101316042	1.3			0					0	1				
10131605	出场技-5	1	5	5			0			4		2.9			-1	1			0.1				-1			1					0	0	0	1							0	2		0	0		101336	101337							0	HitCase		0					0	1				
10131701	大招-1	2	3				0			4		7			-1	1			0.2				-1			1					0	0	0	0							0	3		0	0		101350	101358							0	HitCase		0					0	1				
10131702	大招-2	2	3				0			3		7			-1	1			0.2				-1			1					0	0	0	0							0	3		0	0		101351	101353	101359						0	HitCase		0					0	1				
10131703	大招-2	2	3				0			3		7			-1	1			0.2				-1			1					0	0	0	0							0	3		0	0		101371	101372	101373	101374					0	HitCase		0					0	1				
10131704	大招-3	2	3				0			3		7			-1	1			1.5				-1			1					0	0	0	0							0	3		0	0		101352								0	HitCase		0					0	1				
10131710	大招-10	2	999				0			4		0.1			-1								-1			1					0	0	0	0							0	3		0.2	0		101380								0	HitCase		0					0	1				
10132003	援助技能-3	2	6				0			4		0.1			-1		FxR2LifuAttack01Shouji						-1			1					0	0	0	0			1	10132004			0	3		0.2	0.15	101320031	101355							101320032	0	HitCase		0					1	1				
10132004	援助技能-4	2	6				0			3		5			-1	1	FxTongyongCureshouji		1		FxR2LifuLuoleiEx		-1			1					0	0	0	2							2	3		0.2	0.1		101357								0	HitCase		0					0	1				
10132007	援助技能-7	2	6				0			4		0.1			-1		FxR2LifuAttack01Shouji						-1			1					0	0	0	0			1	10132008			0	3		0.2	0.15	101320071	101355							101320072	0	HitCase		0					1	1				
10132008	援助技能-8	2	6				0			3		5			-1	1	FxTongyongCureshouji		1		FxR2LifuLuoleiEx		-1			1					0	0	0	2							2	3		0.2	0.1		101357	101391							0	HitCase		0					0	1				
10132301	被动技能雷电招来-1	2	0.5				0			4		0.1			-1		FxR2LifuAttack01Shouji						-1			1					0	0	0	3			1	10132302			4	2		0.2	0.1	101323011	101341							101323012	0	HitCase		0					0	1				
10132302	被动技能雷电招来-2	2	0.3				0			4		5			-1						FxR2LifuLuolei		-1			1					0	0	0	2							1	3		0.2	0.1										0	HitCase		0					0	1				
10132303	被动技能雷电招来-3	2	1				0			4		0.1			-1		FxR2LifuAttack01Shouji						-1			1					0	0	0	3			1	10132304			4	2		0.2	0.15	101323031	101342							101323032	0	HitCase		0					0	1				
10132304	被动技能雷电招来-4	2	6				0			3		5			-1	1	FxTongyongCureshouji		1		FxR2LifuLuoleiEx		-1			1					0	0	0	2							1	3		0.2	0.1		101343	101344							0	HitCase		0					0	1				
10132305	被动技能雷电招来-5	2	1				0			4		0.1			-1		FxR2LifuAttack01Shouji						-1			1					0	0	0	3			1	10132306			4	2		0.2	0.15	101323051	101342							101323052	0	HitCase		0					0	1				
10132306	被动技能雷电招来-6	2	6				0			3		5			-1	1	FxTongyongCureshouji		1		FxR2LifuLuoleiEx		-1			1					0	0	0	2							1	3		0.2	0.1		101343	101344	101391	101379					0	HitCase		0					0	1				
