Key	CellX	CellY
VisibleObstacle		
	97	47
	96	47
	99	47
	100	47
	100	46
	100	45
	105	47
	104	47
	103	46
	102	45
	101	44
	100	44
	106	46
	106	45
	106	44
	107	44
	107	43
	107	42
	108	42
	109	42
	110	42
	111	42
	112	42
	113	43
	113	42
	114	43
	114	42
	115	42
	116	42
	113	41
	114	41
	117	42
	118	41
	119	41
	120	41
	121	40
	122	40
	123	40
	124	39
	125	39
	126	39
	126	38
	127	38
	97	52
	97	53
	97	51
	97	50
	97	49
	96	53
	95	52
	94	52
	97	48
	95	47
	98	46
	128	37
	129	37
	129	38
	130	38
	131	38
	132	38
	133	38
	134	38
	136	38
	135	38
	137	38
	138	39
	138	38
	139	38
	139	39
	140	39
	141	39
	153	62
	154	61
	154	60
	152	61
	152	62
	138	40
	139	40
	140	40
	141	40
	141	41
	141	42
	140	43
	140	44
	141	45
	142	45
	143	45
	143	50
	143	49
	143	48
	144	48
	144	49
	144	50
	146	50
	146	51
	145	50
	147	51
	147	52
	147	53
	147	54
	147	55
	148	55
	149	55
	144	46
	144	47
	150	56
	150	57
	150	58
	151	59
	152	59
	153	59
	151	63
	150	64
	150	65
	149	65
	149	66
	150	67
	153	61
	150	68
	150	69
	149	69
	148	70
	149	71
	149	72
	148	73
	147	73
	147	74
	148	74
	148	75
	149	76
	148	76
	147	77
	147	78
	148	78
	148	79
	149	80
	149	81
	149	82
	150	82
	151	83
	151	84
	152	85
	153	86
	154	87
	155	88
	155	89
	155	90
	156	91
	157	92
	158	93
	159	94
	158	95
	157	96
	157	97
	156	98
	155	99
	155	100
	154	101
	153	103
	153	102
	154	102
	153	104
	154	105
	155	106
	154	107
	154	108
	153	108
	152	109
	151	110
	150	111
	149	112
	148	113
	147	114
	146	115
	145	116
	144	117
	135	41
	134	40
	134	39
	136	41
	137	40
	93	51
	92	52
	92	53
	93	54
	93	55
	101	68
	100	67
	100	66
	99	65
	98	64
	99	64
	98	63
	98	62
	97	61
	96	60
	97	60
	96	59
	96	58
	95	57
	95	58
	95	56
	94	56
	100	68
	101	69
	102	70
	103	71
	103	72
	104	73
	104	74
	105	75
	105	76
	106	77
	106	78
	107	79
	108	80
	108	81
	108	82
	109	81
	107	82
	93	53
	93	52
	107	88
	107	89
	108	88
	109	87
	109	86
	109	85
	109	84
	109	82
	109	83
	106	89
	106	90
	105	91
	105	92
	104	93
	103	94
	104	94
	103	95
	103	96
	103	97
	104	97
	105	97
	105	98
	105	99
	104	99
	104	100
	112	157
	111	158
	112	158
	109	156
	110	131
	115	158
	113	157
	122	159
	124	159
	124	158
	132	154
	134	153
	133	154
	134	152
	105	112
	105	113
	122	160
	105	114
	105	115
	105	116
	106	116
	107	117
	108	117
	108	118
	107	119
	107	116
	107	120
	108	120
	109	120
	109	121
	109	122
	109	123
	110	123
	111	123
	112	122
	113	122
	114	124
	114	125
	113	125
	115	124
	115	126
	114	126
	113	126
	115	127
	114	128
	113	128
	113	127
	114	127
	112	128
	111	129
	110	130
	109	131
	108	132
	106	130
	107	131
	107	130
	144	118
	144	119
	144	120
	144	121
	144	122
	143	122
	143	123
	143	124
	143	125
	143	126
	142	126
	142	127
	142	128
	142	129
	142	130
	142	131
	143	132
	143	133
	143	134
	143	135
	142	136
	143	137
	143	138
	142	137
	143	139
	143	140
	144	141
	144	142
	144	143
	145	144
	145	145
	145	146
	146	147
	145	148
	144	149
	143	150
	142	150
	142	151
	142	152
	141	152
	141	153
	138	151
	139	152
	140	153
	137	151
	136	152
	135	153
	134	154
	133	155
	132	156
	131	157
	130	157
	129	157
	128	158
	127	158
	126	159
	125	160
	124	160
	123	161
	122	161
	121	161
	120	160
	119	160
	118	160
	117	160
	116	160
	115	159
	114	159
	114	158
	113	158
	110	158
	116	159
	121	160
	111	159
	111	130
	109	158
	108	157
	108	156
	107	155
	106	155
	105	155
	104	156
	103	156
	102	156
	101	156
	100	156
	99	156
	98	157
	98	155
	98	154
	97	154
	96	154
	95	154
	94	154
	93	154
	92	154
	91	154
	90	154
	89	154
	88	154
	88	153
	87	153
	87	154
	86	154
	85	154
	85	155
	84	155
	84	156
	83	156
	82	156
	81	156
	81	157
	80	157
	79	157
	79	156
	78	155
	77	155
	77	156
	76	157
	75	157
	75	156
	74	157
	73	158
	73	159
	72	160
	71	159
	70	160
	69	160
	68	160
	67	159
	66	160
	65	160
	64	160
	63	159
	62	159
	61	158
	61	157
	60	157
	59	157
	58	158
	57	159
	56	158
	56	157
	56	156
	57	155
	56	155
	49	155
	48	156
	54	157
	48	159
	48	158
	53	157
	50	158
	52	159
	52	158
	47	159
	47	158
	46	157
	47	156
	48	155
	48	154
	49	153
	48	153
	47	152
	46	152
	46	151
	45	151
	44	151
	44	150
	43	150
	43	149
	42	149
	41	148
	105	131
	105	132
	104	132
	103	131
	102	131
	101	132
	102	133
	101	133
	100	133
	96	134
	99	133
	98	133
	97	133
	96	133
	95	133
	95	132
	94	132
	93	132
	92	133
	91	133
	90	133
	89	133
	89	134
	88	134
	87	134
	86	133
	86	132
	85	131
	84	132
	83	132
	83	133
	82	132
	81	132
	81	131
	81	130
	81	129
	80	128
	79	128
	78	128
	77	128
	77	127
	76	127
	76	126
	75	126
	74	126
	73	126
	73	127
	72	127
	71	127
	71	128
	70	127
	70	126
	70	125
	70	124
	69	124
	69	123
	69	122
	68	122
	68	121
	67	121
	66	121
	65	121
	64	121
	63	120
	63	119
	63	118
	63	117
	62	117
	61	117
	60	117
	60	116
	60	115
	60	114
	60	113
	61	112
	61	111
	61	110
	61	109
	61	108
	61	107
	61	106
	61	105
	60	105
	59	104
	58	103
	57	102
	58	101
	57	101
	58	100
	57	99
	57	98
	56	98
	56	97
	55	96
	55	95
	54	94
	54	93
	53	92
	54	91
	55	91
	56	90
	56	89
	55	89
	54	88
	53	88
	52	87
	51	88
	50	88
	49	87
	48	87
	48	86
	48	85
	38	137
	38	139
	106	114
	106	113
	107	113
	46	83
	45	83
	44	83
	44	85
	43	86
	44	84
	42	85
	42	86
	41	85
	40	84
	39	84
	39	85
	39	86
	38	86
	37	86
	36	86
	35	87
	34	88
	33	88
	32	88
	31	88
	30	88
	30	89
	31	90
	32	91
	32	92
	31	92
	31	93
	31	94
	31	95
	31	96
	32	95
	30	97
	30	98
	30	99
	31	99
	32	100
	32	101
	32	102
	33	103
	33	104
	32	104
	31	104
	30	104
	30	105
	31	106
	32	107
	32	108
	32	109
	32	110
	32	111
	32	112
	31	112
	30	112
	29	111
	28	111
	27	111
	28	112
	28	113
	28	114
	28	115
	28	116
	29	116
	29	115
	29	117
	29	118
	29	119
	30	119
	30	120
	30	121
	31	121
	31	122
	32	122
	32	123
	33	124
	33	125
	34	125
	35	125
	36	125
	37	125
	37	126
	37	127
	37	128
	37	129
	37	130
	37	131
	37	132
	37	133
	37	134
	37	135
	37	136
	37	137
	37	138
	37	139
	37	140
	38	141
	38	142
	38	143
	38	145
	38	144
	38	146
	39	146
	40	149
	37	148
	96	52
	94	51
	95	51
	96	51
	96	50
	96	49
	96	48
	95	50
	95	49
	95	48
	95	46
	96	46
	97	46
	99	46
	99	45
	99	44
	99	43
	100	43
	101	43
	102	43
	104	46
	105	46
	103	44
	104	44
	102	44
	103	45
	103	43
	105	44
	104	45
	104	43
	105	45
	105	43
	106	43
	105	42
	106	42
	106	41
	107	41
	105	41
	106	40
	108	41
	107	40
	109	41
	108	40
	110	41
	109	40
	111	41
	110	40
	112	41
	111	40
	112	40
	113	40
	115	41
	114	40
	116	41
	115	40
	117	41
	116	40
	117	40
	118	40
	117	39
	119	40
	118	39
	120	40
	119	39
	120	39
	121	39
	120	38
	122	39
	121	38
	123	39
	122	38
	123	38
	124	38
	125	38
	124	37
	125	37
	126	37
	128	38
	127	39
	127	37
	128	36
	130	37
	129	36
	131	37
	130	36
	132	37
	131	36
	133	37
	132	36
	134	37
	133	36
	135	37
	134	36
	136	37
	135	36
	137	37
	136	36
	136	39
	137	39
	135	39
	136	40
	135	40
	142	41
	143	41
	142	42
	142	40
	143	40
	142	39
	143	39
	142	38
	141	38
	140	38
	142	43
	143	43
	141	43
	142	44
	141	44
	143	44
	144	44
	144	43
	143	42
	144	42
	145	44
	144	45
	146	44
	145	45
	145	43
	146	45
	145	46
	146	46
	145	47
	146	47
	145	48
	146	48
	145	49
	147	49
	148	49
	146	49
	147	50
	147	48
	148	50
	149	50
	148	51
	149	52
	150	52
	148	52
	149	53
	149	51
	150	53
	148	53
	149	54
	150	54
	148	54
	151	55
	152	55
	150	55
	151	56
	151	54
	152	57
	153	57
	151	57
	152	58
	152	56
	153	58
	151	58
	154	58
	155	58
	154	59
	154	57
	155	59
	156	59
	155	60
	156	60
	155	61
	154	62
	155	62
	154	63
	153	63
	152	63
	153	64
	152	64
	151	64
	152	65
	153	65
	151	65
	152	66
	151	66
	150	66
	151	67
	151	68
	152	68
	151	69
	150	70
	151	70
	149	70
	150	71
	152	67
	151	71
	150	72
	149	73
	150	73
	149	74
	150	74
	149	75
	150	75
	149	77
	150	77
	148	77
	149	78
	149	79
	150	79
	150	80
	151	80
	150	81
	151	82
	152	82
	151	81
	152	83
	153	83
	152	84
	153	84
	154	84
	153	85
	154	85
	154	86
	155	86
	155	87
	156	87
	156	88
	157	88
	156	89
	157	89
	156	90
	157	90
	157	91
	158	91
	158	92
	159	92
	159	93
	160	93
	160	94
	161	94
	160	95
	159	95
	159	96
	158	96
	158	97
	159	97
	158	98
	157	98
	157	99
	156	99
	156	100
	157	100
	156	101
	155	101
	155	102
	156	102
	155	103
	154	103
	154	104
	155	104
	156	104
	155	105
	156	105
	156	106
	157	106
	156	107
	155	107
	155	108
	156	108
	155	109
	153	109
	154	109
	153	110
	152	110
	152	111
	151	111
	151	112
	150	112
	150	113
	149	113
	149	114
	148	114
	148	115
	147	115
	147	116
	146	116
	146	117
	145	117
	145	118
	146	118
	145	119
	146	119
	145	120
	146	120
	145	121
	146	121
	145	122
	146	122
	145	123
	146	123
	144	123
	145	124
	144	124
	144	125
	145	125
	144	126
	145	126
	144	127
	145	127
	143	127
	144	128
	143	128
	143	129
	144	129
	143	130
	144	130
	143	131
	144	131
	145	131
	144	132
	145	132
	144	133
	145	133
	144	134
	145	134
	144	135
	145	135
	144	136
	145	136
	143	136
	144	137
	144	138
	145	138
	144	139
	145	137
	145	139
	144	140
	145	140
	145	141
	146	141
	145	142
	145	143
	146	143
	146	142
	146	144
	147	144
	146	145
	147	145
	146	146
	147	146
	147	147
	148	147
	147	148
	146	148
	146	149
	145	149
	145	150
	144	150
	144	151
	143	151
	143	152
	144	152
	143	153
	142	153
	142	154
	139	153
	138	153
	139	154
	138	152
	137	152
	137	153
	136	153
	137	154
	136	154
	135	154
	136	155
	135	155
	134	155
	135	156
	133	156
	134	156
	133	157
	132	157
	132	158
	131	158
	130	158
	131	159
	129	158
	129	159
	130	159
	128	159
	128	157
	127	159
	127	160
	126	160
	126	161
	125	161
	124	161
	125	162
	124	162
	123	162
	122	162
	123	163
	121	162
	122	163
	120	162
	121	163
	120	161
	119	161
	118	161
	119	162
	117	161
	118	162
	116	161
	117	162
	115	160
	114	160
	115	161
	113	159
	112	159
	113	160
	112	160
	111	160
	112	161
	110	159
	109	159
	110	160
	108	159
	109	160
	107	158
	108	158
	106	158
	107	159
	107	157
	106	157
	107	156
	105	157
	106	156
	104	157
	105	158
	105	156
	103	157
	104	158
	102	157
	103	158
	101	157
	102	158
	100	157
	101	158
	99	157
	100	158
	99	158
	97	157
	98	158
	98	156
	97	156
	96	156
	97	155
	96	155
	95	155
	94	155
	95	156
	93	155
	94	156
	92	155
	93	156
	91	155
	92	156
	90	155
	91	156
	89	155
	90	156
	88	155
	89	156
	87	155
	88	156
	86	155
	87	156
	86	156
	85	156
	84	157
	83	157
	82	157
	83	158
	82	158
	81	158
	80	158
	79	158
	80	159
	78	157
	78	156
	77	157
	77	158
	76	158
	75	158
	76	159
	74	158
	74	159
	73	160
	74	160
	73	161
	71	160
	71	161
	72	161
	72	162
	70	161
	69	161
	70	162
	68	161
	69	162
	67	161
	68	162
	66	161
	67	162
	67	160
	65	161
	66	162
	64	161
	65	162
	63	161
	64	162
	62	161
	63	162
	63	160
	62	160
	61	160
	60	160
	61	161
	61	159
	60	159
	59	159
	60	158
	59	158
	58	159
	59	160
	58	160
	57	160
	58	161
	56	160
	57	161
	55	160
	56	161
	56	159
	55	158
	54	158
	55	159
	55	157
	55	156
	53	158
	53	159
	49	159
	50	159
	52	160
	51	160
	50	160
	49	160
	50	161
	48	160
	49	161
	47	160
	48	161
	46	160
	47	161
	45	160
	46	161
	46	159
	46	158
	45	158
	45	157
	44	157
	45	156
	46	156
	46	155
	47	155
	47	154
	46	154
	47	153
	45	152
	46	153
	43	151
	44	152
	42	150
	41	150
	42	151
	41	149
	37	149
	38	148
	40	148
	39	149
	38	147
	37	147
	37	146
	36	146
	37	145
	36	145
	37	144
	36	144
	37	143
	36	143
	37	142
	36	142
	37	141
	36	141
	36	140
	35	140
	36	139
	35	139
	36	138
	35	138
	36	137
	35	137
	36	136
	35	136
	36	135
	35	135
	36	134
	35	134
	36	133
	35	133
	36	132
	35	132
	36	131
	35	131
	36	130
	35	130
	36	129
	35	129
	36	128
	35	128
	36	127
	35	127
	36	126
	35	126
	33	126
	34	126
	32	126
	33	127
	34	127
	31	126
	32	127
	32	125
	31	125
	32	124
	31	123
	30	123
	31	124
	29	123
	30	124
	30	122
	29	122
	29	121
	29	120
	28	120
	28	118
	27	118
	28	119
	28	117
	27	117
	27	116
	27	115
	27	114
	26	114
	27	113
	26	113
	27	112
	26	112
	26	111
	27	110
	28	110
	29	110
	30	110
	29	109
	31	110
	30	111
	30	109
	31	111
	31	109
	31	108
	30	108
	31	107
	30	107
	29	107
	30	106
	29	106
	29	105
	28	105
	29	104
	31	103
	32	103
	30	103
	31	102
	29	103
	28	103
	29	102
	30	102
	30	101
	31	101
	31	100
	29	101
	30	100
	29	100
	28	100
	29	99
	28	99
	29	98
	28	98
	29	97
	28	97
	29	96
	30	96
	28	96
	29	95
	30	95
	28	95
	29	94
	30	94
	30	93
	29	93
	30	92
	29	92
	30	91
	31	91
	29	91
	30	90
	29	89
	28	89
	29	90
	29	88
	28	88
	29	87
	30	87
	28	87
	29	86
	31	87
	30	86
	32	87
	31	86
	33	87
	32	86
	34	87
	33	86
	34	86
	35	86
	35	85
	36	85
	37	85
	36	84
	38	85
	37	84
	38	84
	40	83
	41	83
	39	83
	40	82
	42	83
	41	84
	41	82
	42	84
	43	84
	43	85
	108	114
	108	112
	106	112
	107	112
	109	112
	108	113
	107	115
	110	112
	107	114
	106	115
	47	157
	54	156
	53	156
	38	140
	39	145
	38	136
	38	138
	50	85
	49	85
	49	86
	50	86
	51	86
	50	87
	51	87
	53	87
	54	87
	38	134
	52	86
	38	133
	51	85
	55	88
	56	88
	55	87
	56	91
	57	91
	56	92
	55	92
	54	92
	55	93
	56	93
	55	94
	56	94
	57	94
	56	95
	57	96
	58	96
	56	96
	57	97
	57	95
	57	89
	58	89
	57	90
	57	88
	58	90
	38	135
	58	98
	58	99
	59	99
	58	97
	59	100
	60	100
	59	101
	58	102
	59	102
	60	102
	59	103
	60	103
	61	103
	60	104
	61	104
	62	105
	63	105
	62	106
	62	104
	63	106
	62	107
	63	107
	62	108
	63	108
	62	109
	63	109
	62	110
	63	110
	62	111
	63	111
	62	112
	63	112
	62	113
	61	113
	61	114
	62	114
	61	115
	62	115
	61	116
	62	116
	64	118
	65	118
	64	119
	64	117
	65	119
	64	120
	65	120
	66	120
	67	120
	66	119
	68	120
	67	119
	69	120
	68	119
	69	121
	70	121
	70	122
	71	122
	70	123
	71	123
	71	126
	72	126
	71	125
	72	125
	71	124
	73	125
	74	125
	75	125
	74	124
	76	125
	75	124
	77	125
	76	124
	77	126
	78	126
	78	127
	79	127
	80	127
	79	126
	81	127
	80	126
	81	128
	82	128
	83	128
	82	129
	82	127
	83	129
	82	130
	83	130
	82	131
	83	131
	84	131
	86	130
	87	130
	85	130
	86	131
	86	129
	84	130
	85	129
	87	132
	88	132
	87	133
	87	131
	89	132
	88	133
	88	131
	90	132
	91	132
	90	131
	92	132
	91	131
	92	131
	93	131
	92	130
	94	131
	95	131
	94	130
	93	130
	97	132
	98	132
	96	132
	97	131
	96	131
	99	132
	98	131
	100	132
	99	131
	102	132
	101	131
	104	130
	105	130
	103	130
	104	131
	104	129
	102	130
	103	129
	108	130
	109	130
	108	131
	108	129
	106	129
	107	129
	105	129
	106	128
	109	129
	110	129
	109	128
	112	127
	111	127
	112	126
	112	124
	115	125
	111	124
	112	125
	112	123
	111	125
	111	128
	110	128
	108	121
	107	121
	108	122
	110	124
	109	124
	110	125
	107	122
	108	123
	106	118
	107	118
	105	118
	106	119
	106	117
	104	115
	103	115
	104	116
	104	114
	103	114
	126	158
	131	156
	130	156
	132	155
	138	150
	140	152
	136	150
	136	151
	139	151
	137	150
	135	152
	131	155
	123	158
	125	158
	125	159
	123	159
	123	160
	120	159
	121	159
	117	159
	119	159
	118	159
	116	158
	104	98
	103	98
	109	157
	104	102
	103	132
	105	100
	105	102
	104	101
	105	101
	102	96
	101	96
	102	97
	102	95
	101	95
	102	94
	101	94
	102	93
	103	93
	103	92
	104	92
	102	92
	103	91
	104	91
	104	90
	106	91
	105	90
	105	89
	104	89
	105	88
	106	88
	106	87
	107	87
	108	87
	107	86
	108	86
	108	85
	107	85
	108	84
	107	84
	108	83
	107	83
	107	81
	106	81
	107	80
	106	80
	105	80
	106	79
	105	78
	104	78
	105	79
	105	77
	104	76
	103	76
	104	77
	104	75
	103	74
	102	74
	103	75
	103	73
	102	72
	101	72
	102	73
	102	71
	101	70
	100	70
	101	71
	100	69
	99	69
	99	67
	98	67
	99	68
	99	66
	98	65
	97	65
	98	66
	97	63
	96	63
	97	64
	97	62
	96	61
	95	61
	96	62
	95	59
	94	59
	95	60
	94	57
	93	57
	94	58
	93	56
	92	56
	92	54
	91	54
	92	55
	91	55
	40	85
	40	86
	41	86
	44	86
	43	87
	44	87
	42	87
	45	85
	46	85
	45	86
	45	84
	46	86
	46	84
	47	85
	47	86
	47	84
	48	84
	47	87
	46	87
	48	88
	49	88
	47	88
	49	89
	50	89
	48	89
	52	88
	52	89
	53	89
	51	89
	54	89
	54	90
	55	90
	53	90
	53	91
	53	93
	53	94
	54	95
	54	96
	55	97
	55	98
	56	99
	57	100
	56	100
	109	113
	109	111
	110	113
	110	111
	108	111
	111	112
	111	113
	111	111
	110	110
	111	110
	109	110
	109	109
	110	109
	108	109
	109	108
	110	108
	108	110
	108	108
	111	108
	110	107
	111	109
	111	107
	109	107
	112	111
	112	112
	112	110
	109	106
	110	106
	108	106
	109	105
	110	105
	108	107
	108	105
	108	104
	109	104
	107	104
	108	103
	109	103
	107	105
	107	103
	107	102
	108	102
	106	102
	107	101
	108	101
	106	103
	106	101
	107	100
	108	100
	106	100
	106	98
	107	98
	106	99
	106	97
	107	99
	107	97
	105	96
	106	96
	104	96
	105	95
	106	95
	104	95
	140	151
	139	150
	140	150
	141	151
	141	150
	127	157
	129	156
	143	141
	143	142
	143	143
	144	144
	143	144
	144	145
	144	146
	146	150
	144	148
	143	149
	143	148
	145	147
	144	147
	142	125
	142	124
	142	132
	142	133
	143	121
	143	120
	143	118
	143	119
	143	117
	144	116
	145	115
	144	115
	147	117
	148	116
	146	114
	147	113
	148	112
	147	112
	148	110
	149	110
	147	110
	148	111
	148	109
	149	111
	149	109
	147	111
	147	109
	150	110
	150	109
	151	109
	151	108
	152	108
	150	108
	151	107
	152	107
	150	107
	151	106
	152	106
	150	106
	149	108
	148	108
	153	107
	153	106
	153	105
	152	105
	154	106
	152	104
	151	105
	147	108
	148	107
	149	107
	147	107
	100	64
	99	63
	100	65
	100	63
	99	62
	98	61
	98	60
	97	59
	97	58
	96	57
	97	57
	96	56
	95	55
	96	55
	94	55
	95	54
	96	54
	94	54
	94	53
	95	53
	98	47
	98	48
	99	48
	100	48
	101	47
	101	48
	101	46
	102	47
	102	48
	102	46
	101	45
	103	47
	131	39
	132	39
	130	39
	133	39
	142	49
	142	50
	142	48
	145	51
	144	51
	146	52
	145	52
	146	53
	146	54
	148	56
	149	56
	147	56
	149	57
	148	57
	148	72
	147	72
	148	71
	147	71
	147	79
	148	80
	147	80
	150	78
	148	81
	148	82
	147	81
	147	76
	146	76
	147	75
	146	77
	146	75
	146	74
	146	73
	146	72
	146	71
	147	70
	146	70
	148	69
	147	69
	148	68
	149	68
	147	68
	149	67
	148	67
	150	63
	151	62
	151	61
	152	60
	153	60
	151	60
	150	59
	150	60
	149	58
	148	58
	146	55
	145	53
	145	54
	144	52
	143	51
	52	157
	64	159
	66	159
	65	159
	68	159
	72	159
	70	159
	69	159
	72	158
	73	157
	74	156
	80	156
	99	155
	101	155
	100	155
	106	131
	102	155
	104	155
	103	155
	108	155
	112	129
	107	132
	109	132
	115	128
	113	123
	114	123
	115	123
	113	124
	114	122
	111	122
	108	115
	108	116
	108	119
	110	122
	85	132
	82	133
	80	132
	80	131
	90	134
	93	133
	94	133
	33	123
	38	132
	38	131
	38	130
	38	129
	38	128
	38	127
	38	126
	42	148
	49	154
	48	152
	74	127
	75	127
	80	129
	79	129
	80	130
	72	128
	95	134
	97	134
	142	135
	142	138
	90	153
	91	153
	84	154
	86	153
	101	154
	100	154
	102	154
	101	153
	103	154
	50	154
	50	155
	102	153
	103	153
	100	153
	100	134
	101	134
	88	135
	87	135
	85	133
	84	133
	81	133
	79	155
	76	156
	83	154
	83	155
	82	155
	92	153
	105	154
	106	154
	107	154
	108	154
	104	133
	105	133
	86	134
	85	134
	63	121
	63	122
	64	122
	62	119
	62	118
	61	118
	65	122
	60	106
	59	105
	58	104
	57	103
	56	102
	56	101
	58	105
	57	104
	56	103
	55	102
	55	101
	55	100
	55	99
	39	87
	38	87
	31	89
	32	90
	33	91
	33	92
	33	93
	32	93
	32	94
	32	96
	31	97
	33	102
	33	101
	34	104
	34	105
	33	105
	32	105
	31	105
	32	106
	29	112
	29	113
	29	114
	30	114
	30	113
	30	115
	30	116
	31	115
	31	114
	31	113
	31	120
	39	134
	34	124
	39	144
	39	143
	39	142
	40	145
	40	146
	39	148
	39	147
	40	150
	39	150
	38	150
	38	149
	37	150
	47	151
	45	150
	44	149
	54	155
	55	155
	57	156
	57	157
	56	154
	49	158
	58	157
	57	158
	60	156
	62	157
	62	158
	67	158
	77	154
	71	158
	78	154
	38	125
	38	124
	37	124
	36	124
	35	124
	39	124
	39	125
	39	133
	39	132
	39	131
	39	130
	39	129
	39	128
	39	127
	39	126
	33	112
	33	111
	33	110
	33	109
	33	108
	33	107
	33	106
	34	106
	34	103
	34	102
	34	101
	34	100
	33	100
	32	99
	31	98
	32	97
	33	96
	33	95
	33	94
	34	93
	34	92
	34	91
	34	89
	34	90
	33	90
	33	89
	32	89
	39	135
	39	136
	39	141
	39	140
	39	139
	39	137
	39	138
	41	145
	41	146
	40	147
	43	148
	44	148
	45	149
	46	150
	48	151
	49	152
	50	153
	51	159
	57	154
	55	154
	61	156
	68	158
	68	123
	68	124
	68	125
	69	125
	69	126
	69	127
	70	128
	89	135
	90	135
	91	134
	92	134
	93	134
	94	134
	95	135
	96	135
	97	135
	98	134
	99	134
	100	135
	101	135
	102	134
	103	133
	104	134
	105	134
	106	133
	106	132
	107	95
	106	94
	107	96
	107	94
	105	94
	105	93
	106	93
	106	92
	107	93
	107	92
	107	91
	107	90
	108	91
	108	92
	108	90
	108	89
	149	83
	150	83
	148	83
	147	82
	147	83
	150	84
	149	84
	151	85
	150	85
	154	83
	152	86
	155	85
	153	87
	154	88
	153	88
	154	89
	153	89
	154	90
	155	91
	158	90
	156	92
	159	91
	157	93
	158	94
	157	94
	157	95
	156	97
	156	96
	154	99
	155	98
	154	100
	154	98
	153	101
	153	100
	152	102
	152	103
	152	101
	151	104
	151	103
	150	105
	149	106
	149	105
	148	106
	147	67
	148	66
	147	66
	149	64
	150	62
	150	61
	143	47
	142	47
	143	46
	142	46
	141	46
	140	42
	140	41
	139	41
	139	42
	138	41
	137	41
	133	40
	132	40
	131	40
	130	40
	129	39
	129	40
	128	39
	128	40
	124	40
	122	41
	123	41
	121	41
	119	42
	120	42
	118	42
	115	43
	116	43
	112	43
	111	43
	112	44
	113	44
	111	44
	110	43
	110	44
	109	43
	109	44
	108	43
	108	44
	107	45
	107	46
	100	49
	101	49
	99	49
	98	49
	98	50
	99	50
	98	51
	97	54
	97	56
	97	55
	98	58
	98	59
	98	57
	99	60
	99	61
	99	59
	100	62
	101	65
	101	66
	101	64
	101	67
	102	68
	102	69
	102	67
	103	69
	103	70
	103	68
	104	71
	104	72
	104	70
	105	73
	105	74
	105	72
	106	75
	106	76
	106	74
	107	78
	107	77
	105	81
	108	79
	106	82
	109	80
	98	52
	98	53
	108	93
	108	94
	108	95
	108	96
	108	97
	108	98
	108	99
	109	101
	109	102
	109	100
	110	104
	110	103
	111	106
	111	105
	112	108
	112	109
	112	107
	109	115
	109	116
	109	114
	109	117
	109	118
	109	119
	110	157
	111	157
	110	156
	111	156
	114	157
	117	158
	42	81
	43	81
	41	81
	42	82
	42	80
	43	82
	43	80
	41	80
	44	81
	44	82
	44	80
	45	81
	45	82
	45	80
	43	83
	46	82
	47	82
	46	81
	47	83
	47	81
	48	83
	48	82
	49	83
	49	84
	49	82
	48	81
	49	81
	50	83
	51	83
	50	84
	50	82
	51	84
	51	82
	47	80
	48	80
	46	80
	50	81
	52	83
	53	83
	52	84
	52	82
	53	84
	53	82
	54	84
	53	85
	54	85
	54	83
	52	85
	55	85
	54	86
	55	86
	55	84
	53	86
	56	86
	56	87
	56	85
	57	86
	57	87
	57	85
	58	87
	58	88
	58	86
	58	85
	59	90
	58	91
	59	91
	59	89
	58	92
	59	92
	57	92
	58	93
	59	93
	57	93
	58	94
	59	94
	60	94
	59	95
	60	95
	60	93
	58	95
	61	95
	60	96
	61	96
	61	94
	59	96
	60	92
	60	91
	59	97
	60	97
	59	98
	60	98
	60	99
	60	101
	61	100
	61	101
	61	99
	61	98
	61	97
	62	99
	62	100
	62	98
	62	101
	62	96
	62	97
	62	95
	63	98
	63	99
	63	97
	63	102
	64	102
	62	102
	63	103
	63	101
	64	103
	64	101
	62	103
	63	104
	64	104
	64	105
	63	100
	64	100
	61	102
	65	104
	65	105
	65	103
	64	106
	65	106
	64	107
	65	107
	66	106
	66	107
	66	105
	65	108
	66	108
	64	108
	66	104
	66	103
	65	102
	66	102
	65	109
	66	109
	64	109
	65	110
	66	110
	64	110
	65	111
	66	111
	64	111
	65	112
	66	112
	64	112
	65	113
	66	113
	64	113
	65	114
	66	114
	64	114
	63	114
	64	115
	65	115
	63	115
	63	113
	64	116
	65	116
	63	116
	65	117
	66	115
	67	115
	66	116
	67	116
	67	114
	66	117
	67	117
	66	118
	67	118
	68	118
	68	117
	68	116
	69	119
	69	118
	70	118
	69	117
	70	119
	70	117
	70	120
	71	120
	71	121
	71	119
	72	122
	72	123
	72	121
	73	122
	73	123
	73	121
	72	120
	73	120
	72	119
	73	119
	74	123
	73	124
	74	122
	72	124
	74	121
	74	120
	74	119
	73	118
	74	118
	72	118
	73	117
	74	117
	72	117
	73	116
	74	116
	72	116
	71	117
	71	118
	71	116
	70	116
	71	115
	72	115
	70	115
	69	116
	69	115
	68	115
	75	120
	75	121
	75	119
	75	122
	76	121
	76	122
	76	120
	77	122
	76	123
	77	123
	77	121
	75	123
	78	122
	78	123
	78	121
	79	122
	79	123
	79	121
	80	123
	79	124
	80	124
	80	122
	78	124
	81	123
	81	124
	81	122
	82	124
	81	125
	82	125
	82	123
	80	125
	83	124
	83	125
	83	123
	84	124
	84	125
	84	123
	83	126
	84	126
	82	126
	85	125
	85	126
	85	124
	86	126
	85	127
	86	127
	86	125
	84	127
	87	127
	86	128
	87	128
	87	126
	85	128
	88	127
	88	128
	88	126
	89	128
	90	128
	89	129
	89	127
	90	129
	90	127
	88	129
	91	129
	90	130
	91	130
	91	128
	89	130
	92	129
	89	131
	88	130
	87	129
	84	129
	84	128
	83	127
	81	126
	79	125
	78	125
	77	124
	87	125
	86	124
	87	124
	88	125
	89	126
	90	126
	89	125
	90	125
	91	127
	92	127
	91	126
	92	128
	92	126
	93	127
	93	128
	93	126
	93	129
	94	129
	94	128
	95	129
	95	130
	95	128
	96	129
	96	130
	96	128
	97	129
	97	130
	97	128
	98	130
	98	129
	99	130
	99	129
	100	130
	100	131
	100	129
	101	130
	101	129
	102	129
	102	128
	103	128
	101	128
	104	128
	103	127
	104	127
	102	127
	105	128
	105	127
	106	127
	105	126
	106	126
	104	126
	105	125
	106	125
	104	125
	107	125
	106	124
	107	126
	107	124
	105	124
	106	123
	107	123
	105	123
	108	124
	108	125
	108	126
	109	126
	108	127
	109	127
	109	125
	107	127
	110	126
	110	127
	108	128
	111	126
	107	128
	100	128
	99	128
	100	127
	101	127
	99	127
	98	128
	98	127
	97	127
	96	127
	98	126
	99	126
	97	126
	100	126
	101	126
	100	125
	101	125
	99	125
	102	126
	102	125
	103	126
	103	125
	103	124
	104	124
	102	124
	103	123
	104	123
	102	123
	103	122
	104	122
	102	122
	105	122
	104	121
	105	121
	103	121
	104	120
	105	120
	103	120
	106	121
	106	122
	106	120
	105	119
	104	119
	104	118
	105	117
	104	117
	103	118
	103	119
	103	117
	103	116
	102	115
	102	116
	102	114
	103	113
	104	113
	102	113
	103	112
	104	112
	102	112
	103	111
	104	111
	102	111
	103	110
	104	110
	102	110
	105	111
	105	110
	104	109
	105	109
	103	109
	104	108
	105	108
	103	108
	104	107
	105	107
	103	107
	104	106
	105	106
	103	106
	106	109
	106	110
	106	108
	107	110
	106	111
	107	111
	107	109
	107	108
	106	107
	107	107
	106	106
	107	106
	106	105
	105	105
	106	104
	105	104
	105	103
	104	103
	104	104
	103	102
	103	103
	103	101
	103	100
	102	101
	102	102
	102	100
	103	99
	102	99
	102	98
	101	98
	101	99
	101	97
	100	97
	100	98
	100	96
	101	100
	102	103
	101	103
	102	104
	103	104
	101	104
	101	102
	102	105
	103	105
	101	105
	102	106
	101	106
	104	105
	101	101
	100	102
	100	103
	100	101
	100	100
	99	100
	100	99
	99	101
	99	99
	99	98
	99	97
	99	96
	100	95
	99	95
	100	94
	99	94
	100	93
	101	93
	99	93
	100	92
	101	92
	99	92
	100	91
	101	91
	99	91
	102	91
	101	90
	102	90
	100	90
	103	90
	102	89
	103	89
	101	89
	103	88
	104	88
	102	88
	104	87
	105	87
	103	87
	105	86
	106	86
	104	86
	105	85
	106	85
	104	85
	106	84
	105	84
	106	83
	105	83
	105	82
	102	87
	101	87
	102	86
	103	86
	101	88
	101	86
	102	85
	103	85
	101	85
	103	84
	104	84
	102	84
	103	83
	104	83
	102	83
	103	82
	104	82
	102	82
	103	81
	104	81
	102	81
	103	80
	104	80
	102	80
	103	79
	104	79
	102	79
	103	78
	102	78
	103	77
	102	77
	102	76
	101	76
	102	75
	101	77
	101	75
	101	74
	101	73
	100	74
	100	75
	100	73
	100	72
	100	71
	99	72
	99	73
	99	71
	99	70
	98	69
	98	70
	98	68
	97	68
	97	69
	97	67
	101	80
	100	80
	101	81
	101	79
	100	81
	100	79
	101	78
	100	78
	100	77
	99	77
	100	76
	99	78
	99	76
	98	73
	99	74
	98	74
	98	72
	98	71
	97	71
	97	72
	97	70
	96	68
	95	68
	96	69
	96	67
	95	69
	95	67
	96	66
	97	66
	95	66
	96	65
	95	65
	94	65
	95	64
	96	64
	94	66
	94	64
	95	63
	94	63
	95	62
	94	62
	94	61
	93	61
	94	60
	93	62
	93	60
	93	59
	92	59
	93	58
	92	60
	92	58
	91	58
	92	57
	91	59
	91	57
	91	56
	90	56
	90	57
	90	55
	90	58
	101	82
	98	78
	99	79
	98	79
	98	77
	97	75
	98	75
	96	75
	97	76
	97	74
	98	76
	96	76
	96	74
	97	73
	96	73
	96	72
	95	72
	96	71
	95	73
	95	71
	94	71
	95	70
	96	70
	94	72
	94	70
	94	69
	94	68
	93	68
	94	67
	93	69
	93	67
	93	66
	93	65
	92	65
	93	64
	92	66
	92	64
	92	63
	93	63
	91	63
	92	62
	91	64
	91	62
	91	60
	90	60
	91	61
	92	61
	90	61
	90	59
	89	59
	89	60
	89	58
	89	57
	89	56
	92	67
	99	75
	90	54
	89	54
	90	53
	91	53
	89	55
	89	53
	90	52
	91	52
	89	52
	90	51
	91	51
	89	51
	90	50
	91	50
	89	50
	90	49
	91	49
	89	49
	90	48
	91	48
	89	48
	92	51
	92	50
	92	48
	91	47
	92	49
	92	47
	90	47
	92	46
	93	46
	91	46
	92	45
	93	47
	93	45
	91	45
	94	45
	93	44
	94	46
	94	44
	92	44
	93	48
	94	48
	93	49
	94	49
	94	47
	94	50
	93	50
	95	44
	96	44
	95	45
	95	43
	96	45
	96	43
	94	43
	97	44
	97	45
	97	43
	98	45
	98	44
	98	43
	98	42
	99	42
	97	42
	98	41
	99	41
	97	41
	100	42
	100	41
	99	40
	100	40
	98	40
	99	39
	100	39
	98	39
	99	38
	100	38
	98	38
	101	39
	101	40
	101	38
	101	41
	102	41
	101	42
	102	42
	102	40
	103	42
	103	41
	104	41
	103	40
	104	42
	104	40
	103	39
	104	39
	102	39
	105	40
	105	39
	106	39
	107	39
	108	39
	107	38
	108	38
	106	38
	105	38
	104	38
	109	39
	110	39
	109	38
	110	38
	112	39
	113	39
	111	39
	112	38
	113	38
	111	38
	114	39
	114	38
	115	39
	115	38
	117	38
	118	38
	116	38
	117	37
	118	37
	116	39
	116	37
	119	38
	119	37
	120	37
	121	37
	120	36
	121	36
	119	36
	122	37
	123	37
	122	36
	123	36
	124	36
	123	35
	124	35
	122	35
	125	35
	126	35
	125	36
	125	34
	126	36
	126	34
	124	34
	127	35
	127	36
	127	34
	123	34
	122	34
	118	35
	119	35
	117	35
	118	36
	118	34
	119	34
	117	36
	117	34
	116	35
	116	36
	116	34
	114	35
	115	35
	113	35
	114	36
	114	34
	115	36
	115	34
	113	36
	113	34
	112	36
	111	36
	112	37
	112	35
	113	37
	111	37
	111	35
	108	37
	109	37
	107	37
	108	36
	109	36
	107	36
	106	37
	106	36
	110	37
	110	36
	114	37
	115	37
	121	35
	120	35
	121	34
	120	34
	124	33
	125	33
	123	33
	122	33
	121	33
	120	33
	128	34
	127	33
	128	35
	128	33
	126	33
	129	34
	129	35
	129	33
	131	34
	132	34
	130	34
	131	35
	131	33
	132	35
	132	33
	130	35
	130	33
	133	34
	133	35
	133	33
	134	35
	134	34
	126	32
	127	32
	125	32
	126	31
	127	31
	125	31
	128	32
	128	31
	133	32
	134	32
	132	32
	133	31
	134	33
	134	31
	132	31
	136	33
	137	33
	135	33
	136	34
	136	32
	137	34
	137	32
	135	34
	135	32
	138	33
	138	34
	138	32
	137	35
	138	35
	136	35
	135	35
	137	36
	131	32
	130	32
	129	32
	129	31
	130	31
	138	36
	138	37
	139	37
	139	36
	140	37
	140	36
	139	35
	139	34
	140	34
	141	34
	140	35
	140	33
	141	35
	141	33
	139	33
	142	36
	143	36
	141	36
	142	37
	142	35
	143	37
	143	35
	141	37
	144	37
	143	38
	144	38
	144	36
	145	37
	145	38
	145	36
	145	40
	146	40
	144	40
	145	41
	145	39
	146	41
	146	39
	144	41
	144	39
	146	42
	147	42
	145	42
	146	43
	147	43
	147	41
	148	43
	147	44
	148	44
	148	42
	147	45
	148	45
	149	44
	149	45
	149	43
	150	46
	151	46
	149	46
	150	47
	150	45
	151	47
	151	45
	149	47
	151	48
	152	48
	150	48
	151	49
	152	49
	152	47
	150	49
	151	50
	152	50
	150	50
	148	46
	148	47
	150	44
	149	48
	151	51
	152	51
	150	51
	147	47
	147	46
	149	49
	152	52
	153	52
	151	52
	152	53
	153	53
	153	51
	151	53
	154	53
	153	54
	154	54
	154	52
	152	54
	155	54
	154	55
	155	55
	155	53
	153	55
	148	48
	153	50
	156	55
	155	56
	156	56
	156	54
	154	56
	156	57
	157	57
	155	57
	156	58
	157	58
	157	56
	158	57
	158	58
	158	56
	156	53
	153	56
	157	59
	158	59
	157	60
	158	60
	157	61
	158	61
	156	61
	156	62
	157	62
	155	63
	156	63
	154	64
	155	64
	154	65
	155	65
	154	66
	155	66
	153	66
	153	67
	154	67
	153	68
	154	68
	152	69
	153	69
	152	70
	153	70
	152	71
	151	72
	151	73
	151	74
	151	75
	150	76
	151	76
	151	77
	152	73
	152	74
	152	72
	153	71
	153	72
	154	69
	154	70
	155	68
	155	69
	155	67
	156	65
	156	66
	156	64
	157	64
	157	65
	157	63
	158	62
	158	63
	158	64
	158	65
	156	67
	157	67
	156	68
	157	68
	157	66
	156	70
	157	70
	155	70
	156	71
	156	69
	157	71
	157	69
	155	71
	156	72
	157	72
	155	72
	156	73
	157	73
	155	73
	156	74
	157	74
	155	74
	156	75
	157	75
	155	75
	155	76
	156	76
	154	76
	155	77
	156	77
	154	77
	154	75
	155	78
	156	78
	154	78
	153	78
	154	79
	155	79
	153	79
	153	77
	154	80
	155	80
	153	80
	154	81
	155	81
	153	81
	154	82
	155	82
	153	82
	155	83
	155	84
	152	81
	152	78
	152	79
	152	77
	153	75
	152	75
	153	76
	153	74
	154	74
	152	76
	153	73
	154	71
	154	72
	154	73
	152	80
	151	79
	151	78
	156	82
	156	83
	156	81
	157	83
	156	84
	157	84
	157	82
	158	84
	157	85
	158	85
	158	83
	156	85
	157	86
	158	86
	156	86
	159	86
	158	87
	159	87
	159	85
	157	87
	158	88
	159	88
	159	89
	158	89
	159	90
	159	98
	159	99
	158	99
	159	100
	158	100
	158	102
	159	102
	157	102
	158	103
	158	101
	159	103
	159	101
	157	103
	157	101
	157	105
	158	105
	157	104
	158	106
	158	104
	157	107
	157	108
	158	107
	159	104
	156	103
	159	106
	159	107
	159	105
	159	108
	158	108
	156	109
	154	110
	155	110
	154	111
	155	111
	153	111
	152	112
	153	112
	152	113
	153	113
	151	113
	150	114
	151	114
	149	115
	150	115
	149	116
	150	116
	148	117
	149	117
	148	118
	149	118
	147	118
	147	119
	148	119
	147	120
	148	120
	147	121
	147	122
	149	119
	151	115
	152	115
	151	116
	152	116
	152	114
	154	112
	155	112
	154	113
	155	113
	156	111
	156	112
	156	110
	157	110
	157	111
	157	109
	158	109
	158	110
	159	109
	153	114
	153	115
	151	117
	152	117
	150	117
	150	118
	151	118
	150	119
	151	119
	150	120
	151	120
	149	120
	149	121
	150	121
	148	121
	149	122
	150	122
	148	122
	148	123
	149	123
	147	123
	148	124
	149	124
	147	124
	148	125
	149	125
	147	125
	147	126
	148	126
	146	126
	147	127
	148	127
	146	127
	146	125
	146	128
	147	128
	145	128
	146	129
	147	129
	145	129
	145	130
	146	130
	146	131
	146	124
	149	126
	149	127
	148	128
	148	129
	147	130
	147	131
	146	132
	147	132
	146	133
	147	133
	146	134
	147	134
	148	134
	147	135
	148	135
	148	133
	146	135
	147	136
	148	136
	146	136
	147	137
	148	137
	146	137
	147	138
	148	138
	146	138
	147	139
	148	139
	146	139
	146	140
	147	140
	147	141
	147	142
	148	132
	148	131
	148	130
	149	132
	149	133
	149	131
	149	135
	149	136
	149	134
	149	137
	149	138
	149	139
	148	140
	149	140
	148	141
	149	141
	148	142
	149	142
	148	143
	149	143
	147	143
	148	144
	149	144
	148	145
	149	145
	148	146
	149	146
	149	147
	150	147
	149	148
	150	148
	150	146
	148	148
	149	149
	150	149
	148	149
	150	145
	150	144
	150	143
	150	142
	149	150
	150	150
	148	150
	147	150
	148	151
	149	151
	147	151
	147	149
	146	151
	147	152
	148	152
	146	152
	147	153
	148	153
	146	153
	145	153
	146	154
	147	154
	145	154
	145	152
	144	153
	144	154
	143	154
	144	155
	145	155
	143	155
	145	151
	142	155
	143	156
	144	156
	142	156
	141	155
	141	156
	141	154
	140	156
	139	156
	140	157
	140	155
	141	157
	139	157
	139	155
	138	157
	139	158
	140	158
	138	158
	138	156
	137	157
	137	158
	137	156
	136	157
	136	158
	136	156
	135	158
	136	159
	137	159
	135	159
	135	157
	134	158
	134	159
	134	157
	133	158
	133	159
	132	159
	132	160
	133	160
	131	160
	130	160
	129	160
	130	161
	131	161
	129	161
	128	160
	128	161
	127	161
	126	162
	127	162
	125	163
	126	163
	124	163
	124	164
	125	164
	123	164
	124	165
	125	165
	123	165
	122	164
	122	165
	127	163
	126	164
	127	164
	132	161
	134	160
	135	160
	134	161
	135	161
	133	161
	136	160
	137	160
	138	159
	138	155
	137	155
	140	154
	138	154
	131	162
	132	162
	130	162
	129	162
	130	163
	131	163
	129	163
	128	162
	128	163
	128	164
	129	164
	127	165
	128	165
	126	165
	124	166
	125	166
	123	166
	122	166
	121	165
	121	166
	121	164
	120	165
	119	165
	120	166
	120	164
	119	166
	119	164
	118	165
	118	166
	118	164
	120	163
	119	163
	117	164
	118	163
	117	165
	117	163
	116	164
	115	164
	116	165
	116	163
	115	165
	115	163
	114	164
	114	165
	114	163
	113	164
	113	165
	113	163
	115	166
	116	166
	114	166
	117	166
	112	163
	113	162
	114	162
	112	164
	112	162
	111	162
	113	161
	111	163
	111	161
	110	161
	110	162
	114	161
	115	162
	116	162
	108	160
	107	160
	108	161
	109	161
	107	161
	106	160
	106	161
	106	159
	105	159
	105	160
	104	159
	104	160
	103	159
	103	160
	102	159
	102	160
	101	159
	101	160
	100	159
	100	160
	99	159
	98	159
	99	160
	98	160
	97	159
	96	159
	97	160
	97	158
	96	160
	96	158
	95	159
	94	159
	95	160
	95	158
	94	160
	94	158
	93	159
	92	159
	93	160
	93	158
	92	160
	92	158
	91	159
	91	160
	91	158
	90	159
	89	159
	90	160
	90	158
	89	160
	89	158
	88	160
	87	160
	88	161
	88	159
	89	161
	87	161
	87	159
	86	160
	86	161
	86	159
	85	160
	85	161
	85	159
	84	160
	83	160
	84	161
	84	159
	83	161
	83	159
	82	160
	82	161
	82	159
	81	160
	81	161
	81	159
	80	160
	79	160
	80	161
	79	161
	79	159
	78	160
	78	161
	78	159
	77	160
	77	161
	77	159
	76	160
	76	161
	75	160
	75	161
	75	159
	74	161
	78	158
	84	158
	85	157
	85	158
	86	157
	86	158
	87	157
	88	157
	87	158
	88	158
	89	157
	90	157
	91	157
	92	157
	93	157
	94	157
	95	157
	96	157
	104	161
	105	161
	103	161
	108	162
	109	162
	107	162
	110	163
	109	163
	108	163
	106	162
	105	162
	104	162
	102	161
	103	162
	102	162
	101	161
	100	161
	101	162
	100	162
	99	161
	99	162
	98	161
	97	161
	98	162
	97	162
	96	161
	96	162
	95	161
	95	162
	94	161
	94	162
	93	161
	93	162
	92	161
	91	161
	92	162
	91	162
	90	161
	90	162
	89	162
	88	162
	87	162
	86	162
	85	162
	84	162
	83	162
	82	162
	81	162
	80	162
	79	162
	80	163
	81	163
	79	163
	78	162
	78	163
	77	162
	76	162
	77	163
	76	163
	75	163
	74	163
	75	164
	75	162
	76	164
	74	164
	74	162
	73	163
	73	164
	73	162
	72	163
	72	164
	71	164
	72	165
	73	165
	71	165
	71	163
	70	164
	70	165
	70	163
	69	164
	69	165
	69	163
	68	164
	68	165
	68	163
	67	164
	67	165
	67	163
	66	164
	65	164
	66	165
	66	163
	65	165
	65	163
	64	164
	64	165
	64	163
	63	164
	63	165
	63	163
	62	164
	62	165
	62	163
	61	164
	61	165
	61	163
	71	162
	60	164
	60	165
	60	163
	59	163
	60	162
	61	162
	59	164
	59	162
	58	163
	58	164
	58	162
	57	162
	59	161
	57	163
	56	162
	56	163
	60	161
	62	162
	55	161
	54	160
	54	161
	54	159
	53	160
	53	161
	52	161
	53	162
	54	162
	52	162
	51	161
	51	162
	50	162
	51	163
	52	163
	50	163
	49	162
	49	163
	48	162
	48	163
	47	162
	47	163
	46	162
	46	163
	45	162
	45	163
	45	161
	44	162
	44	163
	44	161
	43	162
	43	163
	43	161
	42	161
	43	160
	44	160
	42	162
	42	160
	43	159
	44	159
	42	159
	47	164
	48	164
	46	164
	49	164
	50	164
	53	163
	52	164
	53	164
	51	164
	54	164
	55	164
	54	165
	54	163
	55	165
	55	163
	53	165
	56	164
	56	165
	57	164
	57	165
	58	165
	57	166
	58	166
	56	166
	55	162
	59	165
	59	166
	55	166
	50	165
	51	165
	49	165
	50	166
	51	166
	49	166
	47	165
	48	165
	46	165
	47	166
	48	166
	46	166
	44	164
	45	164
	43	164
	44	165
	45	165
	43	165
	42	163
	42	164
	41	163
	41	164
	41	162
	41	161
	41	160
	41	159
	40	159
	41	158
	42	158
	40	160
	40	158
	41	157
	42	157
	40	157
	40	161
	45	159
	44	158
	43	158
	43	157
	42	156
	43	156
	41	156
	44	156
	43	155
	44	155
	42	155
	43	154
	44	154
	42	154
	45	155
	45	154
	44	153
	45	153
	43	153
	43	152
	42	153
	42	152
	41	153
	41	154
	41	152
	41	155
	40	156
	40	155
	40	154
	39	153
	40	153
	38	153
	39	154
	39	152
	40	152
	38	154
	38	152
	39	151
	40	151
	38	151
	37	151
	37	152
	41	151
	39	156
	39	157
	39	155
	38	155
	38	156
	37	155
	37	156
	37	154
	37	153
	36	154
	36	155
	36	153
	36	152
	35	152
	36	151
	35	153
	35	151
	36	150
	35	150
	34	150
	35	149
	36	149
	34	151
	34	149
	35	148
	36	148
	34	148
	35	147
	36	147
	34	147
	33	147
	34	146
	35	146
	33	148
	33	146
	34	145
	35	145
	33	145
	34	144
	35	144
	33	144
	32	144
	33	143
	34	143
	32	145
	32	143
	33	142
	34	142
	32	142
	33	141
	34	141
	32	141
	31	141
	32	140
	33	140
	31	142
	31	140
	32	139
	33	139
	31	139
	32	138
	33	138
	31	138
	32	137
	33	137
	31	137
	32	136
	33	136
	31	136
	34	137
	34	138
	34	136
	34	139
	35	141
	35	142
	34	140
	35	143
	39	158
	38	157
	38	158
	35	154
	34	152
	34	153
	33	149
	33	150
	32	135
	33	135
	31	135
	32	133
	33	133
	31	133
	32	134
	32	132
	33	134
	33	132
	31	134
	31	132
	32	131
	33	131
	31	131
	32	130
	33	130
	31	130
	34	131
	34	132
	34	130
	34	133
	34	134
	34	135
	33	129
	34	129
	32	129
	33	128
	34	128
	32	128
	31	128
	31	129
	31	127
	30	127
	30	128
	30	126
	29	126
	30	125
	29	127
	29	125
	28	126
	28	127
	28	125
	29	124
	28	124
	27	125
	27	126
	27	124
	28	123
	27	123
	26	124
	26	125
	26	123
	27	122
	28	122
	26	122
	25	122
	26	121
	27	121
	25	123
	25	121
	24	121
	25	120
	26	120
	24	122
	24	120
	25	119
	26	119
	24	119
	25	118
	26	118
	24	118
	25	117
	26	117
	24	117
	25	116
	26	116
	24	116
	23	116
	24	115
	25	115
	23	117
	23	115
	27	120
	27	119
	28	121
	29	128
	30	129
	29	129
	28	128
	23	118
	22	115
	23	114
	24	114
	22	116
	22	114
	23	113
	24	113
	22	113
	23	112
	24	112
	22	112
	23	111
	24	111
	22	111
	25	114
	25	112
	25	113
	25	111
	25	109
	26	109
	24	109
	25	110
	25	108
	26	110
	26	108
	24	110
	24	108
	27	109
	27	108
	26	115
	28	107
	29	108
	28	108
	28	106
	28	109
	27	105
	26	105
	27	106
	27	104
	28	104
	26	106
	26	104
	27	103
	26	103
	27	107
	26	107
	25	104
	25	105
	25	103
	26	102
	27	102
	25	102
	26	101
	27	101
	25	101
	28	102
	28	101
	27	98
	27	99
	27	97
	27	96
	27	100
	27	93
	28	93
	26	93
	27	94
	27	92
	28	94
	28	92
	26	94
	26	92
	27	95
	26	95
	26	100
	25	100
	26	99
	25	99
	26	98
	25	98
	25	92
	26	91
	27	91
	25	93
	25	91
	26	90
	27	90
	25	90
	26	96
	26	97
	28	91
	28	90
	27	88
	27	89
	27	87
	28	86
	27	86
	29	85
	30	85
	28	85
	31	85
	30	84
	31	84
	29	84
	30	83
	31	83
	29	83
	32	83
	31	82
	32	84
	32	82
	30	82
	33	83
	33	84
	33	82
	34	83
	34	84
	34	82
	35	82
	34	81
	35	83
	35	81
	33	81
	36	81
	37	81
	36	82
	36	80
	37	82
	37	80
	35	80
	39	81
	40	81
	38	81
	39	82
	39	80
	40	80
	38	82
	38	80
	40	79
	41	79
	39	79
	42	79
	43	79
	44	79
	38	83
	37	83
	36	83
	35	84
	34	85
	33	85
	32	85
InvisibleObstacle		
AW1		
	68	126
	69	126
	67	126
	68	127
	68	125
	69	127
	69	125
	67	127
	67	125
	66	126
	66	127
	66	125
	65	126
	65	127
	65	125
	64	126
	64	127
	64	125
	63	126
	63	127
	63	125
	62	126
	62	127
	62	125
	61	126
	61	127
	61	125
	60	126
	60	127
	60	125
	59	126
	59	127
	59	125
	58	126
	58	127
	58	125
	57	127
	57	126
	56	126
	57	125
	56	127
	56	125
	55	126
	55	127
	55	125
	54	126
	54	127
	54	125
	53	126
	53	127
	53	125
	52	126
	52	127
	52	125
	51	126
	51	127
	51	125
	50	126
	50	127
	50	125
	49	126
	49	127
	49	125
	48	126
	48	127
	48	125
	47	126
	47	127
	47	125
	46	126
	46	127
	46	125
	45	126
	45	127
	45	125
	44	126
	44	127
	44	125
	43	126
	43	127
	43	125
	42	126
	42	127
	42	125
	41	127
	41	126
	40	127
	40	126
	41	125
	40	125
	39	126
	39	127
	39	125
	38	126
	38	127
	38	125
AW2		
	110	155
	111	155
	109	155
	110	156
	110	154
	111	156
	111	154
	109	156
	109	154
	110	152
	111	152
	109	152
	110	153
	110	151
	111	153
	111	151
	109	153
	109	151
	110	150
	111	150
	109	150
	110	149
	111	149
	109	149
	110	148
	111	148
	109	148
	110	147
	111	147
	109	147
	110	146
	111	146
	109	146
	110	145
	111	145
	109	145
	110	144
	111	144
	109	144
	110	143
	111	143
	109	143
	110	141
	111	141
	109	141
	110	142
	110	140
	111	142
	111	140
	109	142
	109	140
	110	138
	111	138
	109	138
	110	139
	110	137
	111	139
	111	137
	109	139
	109	137
	110	136
	111	136
	109	136
	110	135
	111	135
	109	135
	110	133
	111	133
	109	133
	110	134
	110	132
	111	134
	111	132
	109	134
	109	132
	110	131
	111	131
	109	131
	110	130
	111	130
	109	130
AW3		
	117	127
	118	127
	116	127
	117	128
	117	126
	118	128
	118	126
	116	128
	116	126
	119	127
	119	128
	119	126
	120	127
	120	128
	120	126
	121	127
	121	128
	121	126
	122	127
	122	128
	122	126
	123	127
	123	128
	123	126
	124	127
	124	128
	124	126
	125	127
	125	128
	125	126
	126	127
	126	128
	126	126
	127	127
	127	128
	127	126
	128	127
	128	128
	128	126
	129	127
	129	128
	129	126
	130	127
	130	128
	130	126
	131	127
	131	128
	131	126
	132	127
	132	128
	132	126
	133	127
	133	128
	133	126
	134	127
	134	128
	134	126
	135	127
	135	128
	135	126
	136	127
	136	128
	136	126
	137	127
	137	128
	137	126
	138	127
	138	128
	138	126
	139	127
	139	128
	139	126
	140	127
	140	128
	140	126
	141	127
	141	128
	141	126
	115	128
AW4		
	107	98
	108	98
	106	98
	107	99
	107	97
	108	99
	108	97
	106	99
	106	97
	110	98
	111	98
	109	98
	110	99
	110	97
	111	99
	111	97
	109	99
	109	97
	112	98
	112	99
	112	97
	113	98
	113	99
	113	97
	114	98
	114	99
	114	97
	115	98
	115	99
	115	97
	116	98
	116	99
	116	97
	117	98
	117	99
	117	97
	118	98
	118	99
	118	97
	119	98
	119	99
	119	97
	120	98
	120	99
	120	97
	121	98
	121	99
	121	97
	122	98
	122	99
	122	97
	123	98
	123	99
	123	97
	124	98
	124	99
	124	97
	125	98
	125	99
	125	97
	126	98
	126	99
	126	97
	127	98
	127	99
	127	97
	128	98
	128	99
	128	97
	129	98
	129	99
	129	97
	130	98
	130	99
	130	97
	131	98
	131	99
	131	97
	132	98
	132	99
	132	97
	133	98
	133	99
	133	97
	134	98
	134	99
	134	97
	135	98
	135	99
	135	97
	136	98
	137	98
	136	99
	136	97
	137	99
	137	97
	138	98
	139	98
	138	99
	138	97
	139	99
	139	97
	140	98
	140	99
	140	97
	141	98
	141	99
	141	97
	142	98
	142	99
	142	97
	143	98
	143	99
	143	97
	144	98
	144	99
	144	97
	145	98
	145	99
	145	97
	146	98
	146	99
	146	97
	147	98
	147	99
	147	97
	148	98
	148	99
	148	97
	149	98
	149	99
	149	97
	150	98
	150	99
	150	97
	151	98
	151	99
	151	97
	152	98
	152	99
	152	97
	153	98
	153	99
	153	97
	154	98
	154	99
	154	97
	155	97
	155	98
	156	97
CG1		
	34	103
	35	103
	33	103
	34	104
	34	102
	35	104
	35	102
	33	104
	33	102
	36	103
	36	104
	36	102
	37	103
	37	104
	37	102
	38	103
	38	104
	38	102
	39	103
	39	104
	39	102
	40	103
	40	104
	40	102
	41	103
	41	104
	41	102
	42	103
	42	104
	42	102
	43	103
	43	104
	43	102
	44	103
	44	104
	44	102
	45	103
	45	104
	45	102
	46	103
	46	104
	46	102
	47	103
	47	104
	47	102
	48	103
	48	104
	48	102
	49	103
	49	104
	49	102
	50	103
	50	104
	50	102
	51	103
	51	104
	51	102
	52	103
	52	104
	52	102
	53	103
	53	104
	53	102
	54	103
	54	104
	54	102
	55	103
	55	104
	55	102
	56	103
	56	104
	56	102
	57	103
	57	104
	57	102
	58	103
	58	104
	58	102
CG2		
	79	131
	80	131
	78	131
	79	132
	79	130
	80	132
	80	130
	78	132
	78	130
	77	131
	77	132
	77	130
	76	131
	76	132
	76	130
	75	131
	75	132
	75	130
	74	131
	74	132
	74	130
	73	131
	73	132
	73	130
	72	131
	72	132
	72	130
	71	131
	71	132
	71	130
	70	131
	70	132
	70	130
	69	131
	69	132
	69	130
	68	131
	68	132
	68	130
	67	131
	67	132
	67	130
	66	131
	66	132
	66	130
	65	131
	65	132
	65	130
	64	131
	64	132
	64	130
	63	131
	63	132
	63	130
	62	131
	62	132
	62	130
	61	131
	61	132
	61	130
	60	131
	60	132
	60	130
	59	131
	59	132
	59	130
	58	131
	58	132
	58	130
	57	131
	57	132
	57	130
	56	132
	56	131
	55	132
	55	131
	54	132
	54	131
	56	130
	55	130
	54	130
	53	131
	53	132
	53	130
	52	131
	52	132
	52	130
	51	131
	51	132
	51	130
	50	131
	50	132
	50	130
	49	131
	49	132
	49	130
	48	131
	48	132
	48	130
	47	131
	47	132
	47	130
	46	131
	46	132
	46	130
	45	131
	45	132
	45	130
	44	131
	44	132
	44	130
	43	131
	43	132
	43	130
	42	131
	42	132
	42	130
	41	131
	41	132
	41	130
	40	131
	40	132
	40	130
	39	131
	39	132
	39	130
	38	131
	38	132
	38	130
CG3		
	113	156
	114	156
	112	156
	113	157
	113	155
	114	157
	114	155
	112	157
	112	155
	113	154
	114	154
	112	154
	113	153
	114	153
	112	153
	113	151
	114	151
	112	151
	113	152
	113	150
	114	152
	114	150
	112	152
	112	150
	113	149
	114	149
	112	149
	113	148
	114	148
	112	148
	113	146
	114	146
	112	146
	113	147
	113	145
	114	147
	114	145
	112	147
	112	145
	113	143
	114	143
	112	143
	113	144
	113	142
	114	144
	114	142
	112	144
	112	142
	113	139
	114	139
	112	139
	113	140
	113	138
	114	140
	114	138
	112	140
	112	138
	113	141
	114	141
	112	141
	113	137
	114	137
	112	137
	113	136
	114	136
	112	136
	113	135
	114	135
	112	135
	113	134
	114	134
	112	134
	113	131
	114	131
	112	131
	113	132
	113	130
	114	132
	114	130
	112	132
	112	130
	113	133
	114	133
	112	133
	113	129
	114	129
	112	129
	116	157
	117	157
	115	157
	116	158
	116	156
	117	158
	117	156
	115	158
	115	156
	116	154
	117	154
	115	154
	116	155
	116	153
	117	155
	117	153
	115	155
	115	153
	116	152
	117	152
	115	152
	116	151
	117	151
	115	151
	116	149
	117	149
	115	149
	116	150
	116	148
	117	150
	117	148
	115	150
	115	148
	116	147
	117	147
	115	147
	116	146
	117	146
	115	146
	116	144
	117	144
	115	144
	116	145
	116	143
	117	145
	117	143
	115	145
	115	143
	116	141
	117	141
	115	141
	116	142
	116	140
	117	142
	117	140
	115	142
	115	140
	116	139
	117	139
	115	139
	116	138
	117	138
	115	138
	116	135
	117	135
	115	135
	116	136
	116	134
	117	136
	117	134
	115	136
	115	134
	116	137
	117	137
	115	137
	116	133
	117	133
	115	133
	116	132
	117	132
	115	132
	116	131
	117	131
	115	131
	116	130
	117	130
	115	130
	116	129
	117	129
	115	129
	116	128
	117	128
	115	128
	116	127
	117	127
	115	127
	116	126
	117	126
	115	126
	118	157
	118	158
	118	156
	118	154
	118	155
	118	153
	118	152
	118	151
	118	150
	118	149
	118	148
	118	147
	118	146
	118	145
	118	143
	118	144
	118	142
	118	140
	118	141
	118	139
	118	138
	118	137
	118	136
	118	135
	118	134
	118	133
	118	131
	118	132
	118	130
	118	129
	118	127
	118	128
	118	126
AW5		
	75	155
	76	155
	74	155
	75	156
	75	154
	76	156
	76	154
	74	156
	74	154
	75	152
	76	152
	74	152
	75	153
	75	151
	76	153
	76	151
	74	153
	74	151
	75	150
	76	150
	74	150
	75	148
	76	148
	74	148
	75	149
	75	147
	76	149
	76	147
	74	149
	74	147
	75	144
	76	144
	74	144
	75	145
	75	143
	76	145
	76	143
	74	145
	74	143
	75	146
	76	146
	74	146
	75	142
	76	142
	74	142
	75	141
	76	141
	74	141
	75	139
	76	139
	74	139
	75	140
	75	138
	76	140
	76	138
	74	140
	74	138
	75	136
	76	136
	74	136
	75	137
	75	135
	76	137
	76	135
	74	137
	74	135
	75	133
	76	133
	74	133
	75	134
	75	132
	76	134
	76	132
	74	134
	74	132
	75	131
	76	131
	74	131
	75	130
	76	130
	74	130
	75	129
	76	129
	74	129
	75	128
	76	128
	74	128
FX1		
	78	154
	79	154
	77	154
	78	155
	78	153
	79	155
	79	153
	77	155
	77	153
	78	152
	79	152
	77	152
	78	151
	79	151
	77	151
	78	150
	79	150
	77	150
	78	149
	79	149
	77	149
	78	148
	79	148
	77	148
	78	146
	79	146
	77	146
	78	147
	78	145
	79	147
	79	145
	77	147
	77	145
	78	143
	79	143
	77	143
	78	144
	78	142
	79	144
	79	142
	77	144
	77	142
	78	140
	79	140
	77	140
	78	141
	78	139
	79	141
	79	139
	77	141
	77	139
	78	138
	79	138
	77	138
	78	137
	79	137
	77	137
	78	136
	79	136
	77	136
	78	135
	79	135
	77	135
	78	134
	79	134
	77	134
	78	133
	79	133
	77	133
	80	154
	81	154
	80	155
	80	153
	81	155
	81	153
	80	151
	81	151
	80	152
	80	150
	81	152
	81	150
	80	148
	81	148
	80	149
	80	147
	81	149
	81	147
	80	145
	81	145
	80	146
	80	144
	81	146
	81	144
	80	142
	81	142
	80	143
	80	141
	81	143
	81	141
	80	139
	81	139
	80	140
	80	138
	81	140
	81	138
	80	136
	81	136
	80	137
	80	135
	81	137
	81	135
	80	134
	81	134
	80	133
	81	133
	80	131
	81	131
	79	131
	80	132
	80	130
	81	132
	81	130
	79	132
	79	130
	78	131
	77	131
	78	132
	78	130
	77	132
	77	130
	78	129
	79	129
	77	129
	80	129
	81	129
FX2		
	83	154
	84	154
	82	154
	83	155
	83	153
	84	155
	84	153
	82	155
	82	153
	85	154
	86	154
	85	155
	85	153
	86	155
	86	153
	85	152
	86	152
	84	152
	85	151
	86	151
	84	151
	83	152
	82	152
	83	151
	82	151
	83	149
	84	149
	82	149
	83	150
	83	148
	84	150
	84	148
	82	150
	82	148
	83	146
	84	146
	82	146
	83	147
	83	145
	84	147
	84	145
	82	147
	82	145
	83	143
	84	143
	82	143
	83	144
	83	142
	84	144
	84	142
	82	144
	82	142
	83	140
	84	140
	82	140
	83	141
	83	139
	84	141
	84	139
	82	141
	82	139
	83	137
	84	137
	82	137
	83	138
	83	136
	84	138
	84	136
	82	138
	82	136
	83	134
	84	134
	82	134
	83	135
	83	133
	84	135
	84	133
	82	135
	82	133
	85	134
	86	134
	85	135
	85	133
	86	135
	86	133
	85	137
	86	137
	85	138
	85	136
	86	138
	86	136
	85	140
	86	140
	85	141
	85	139
	86	141
	86	139
	85	143
	86	143
	85	144
	85	142
	86	144
	86	142
	85	146
	86	146
	85	147
	85	145
	86	147
	86	145
	85	149
	86	149
	85	150
	85	148
	86	150
	86	148
FX3		
	88	154
	89	154
	87	154
	88	155
	88	153
	89	155
	89	153
	87	155
	87	153
	91	154
	92	154
	90	154
	91	155
	91	153
	92	155
	92	153
	90	155
	90	153
	88	151
	89	151
	87	151
	88	152
	88	150
	89	152
	89	150
	87	152
	87	150
	88	148
	89	148
	87	148
	88	149
	88	147
	89	149
	89	147
	87	149
	87	147
	88	146
	89	146
	87	146
	88	145
	89	145
	87	145
	88	143
	89	143
	87	143
	88	144
	88	142
	89	144
	89	142
	87	144
	87	142
	88	141
	89	141
	87	141
	88	140
	89	140
	87	140
	88	138
	89	138
	87	138
	88	139
	88	137
	89	139
	89	137
	87	139
	87	137
	88	134
	89	134
	87	134
	88	135
	88	133
	89	135
	89	133
	87	135
	87	133
	88	136
	89	136
	87	136
	91	134
	92	134
	90	134
	91	135
	91	133
	92	135
	92	133
	90	135
	90	133
	91	136
	92	136
	90	136
	91	137
	92	137
	90	137
	91	138
	92	138
	90	138
	91	139
	92	139
	90	139
	91	140
	92	140
	90	140
	91	141
	92	141
	90	141
	91	142
	92	142
	90	142
	91	143
	92	143
	90	143
	91	144
	92	144
	90	144
	91	145
	92	145
	90	145
	91	146
	92	146
	90	146
	91	147
	92	147
	90	147
	91	148
	92	148
	90	148
	91	149
	92	149
	90	149
	91	150
	92	150
	90	150
	91	151
	92	151
	90	151
	91	152
	92	152
	90	152
FX4		
	96	152
	97	152
	95	152
	96	153
	96	151
	97	153
	97	151
	95	153
	95	151
	94	152
	93	152
	94	153
	94	151
	93	153
	93	151
	94	149
	95	149
	93	149
	94	150
	94	148
	95	150
	95	148
	93	150
	93	148
	94	147
	95	147
	93	147
	94	146
	95	146
	93	146
	94	145
	95	145
	93	145
	94	144
	95	144
	93	144
	94	143
	95	143
	93	143
	94	142
	95	142
	93	142
	94	141
	95	141
	93	141
	94	140
	95	140
	93	140
	94	138
	95	138
	93	138
	94	139
	94	137
	95	139
	95	137
	93	139
	93	137
	94	135
	95	135
	93	135
	94	136
	94	134
	95	136
	95	134
	93	136
	93	134
	96	150
	97	150
	96	149
	97	149
	96	147
	97	147
	96	148
	96	146
	97	148
	97	146
	96	144
	97	144
	96	145
	96	143
	97	145
	97	143
	96	141
	97	141
	96	142
	96	140
	97	142
	97	140
	96	139
	97	139
	96	138
	97	138
	96	136
	97	136
	96	137
	96	135
	97	137
	97	135
	96	134
	97	134
FX5		
	99	153
	100	153
	98	153
	99	154
	99	152
	100	154
	100	152
	98	154
	98	152
	99	150
	100	150
	98	150
	99	151
	99	149
	100	151
	100	149
	98	151
	98	149
	99	147
	100	147
	98	147
	99	148
	99	146
	100	148
	100	146
	98	148
	98	146
	99	145
	100	145
	98	145
	99	144
	100	144
	98	144
	99	142
	100	142
	98	142
	99	143
	99	141
	100	143
	100	141
	98	143
	98	141
	99	139
	100	139
	98	139
	99	140
	99	138
	100	140
	100	138
	98	140
	98	138
	99	137
	100	137
	98	137
	99	136
	100	136
	98	136
	99	135
	100	135
	98	135
	99	134
	100	134
	98	134
	101	153
	101	154
	101	152
	102	153
	103	153
	102	154
	102	152
	103	154
	103	152
	102	150
	103	150
	101	150
	102	151
	102	149
	103	151
	103	149
	101	151
	101	149
	102	147
	103	147
	101	147
	102	148
	102	146
	103	148
	103	146
	101	148
	101	146
	102	144
	103	144
	101	144
	102	145
	102	143
	103	145
	103	143
	101	145
	101	143
	102	141
	103	141
	101	141
	102	142
	102	140
	103	142
	103	140
	101	142
	101	140
	102	139
	103	139
	101	139
	102	138
	103	138
	101	138
	102	136
	103	136
	101	136
	102	137
	102	135
	103	137
	103	135
	101	137
	101	135
	102	134
	103	134
	101	134
	102	133
	103	133
	101	133
	102	132
	103	132
	101	132
FX6		
	105	153
	106	153
	104	153
	105	154
	105	152
	106	154
	106	152
	104	154
	104	152
	107	153
	108	153
	107	154
	107	152
	108	154
	108	152
	105	150
	106	150
	104	150
	105	151
	105	149
	106	151
	106	149
	104	151
	104	149
	105	147
	106	147
	104	147
	105	148
	105	146
	106	148
	106	146
	104	148
	104	146
	105	144
	106	144
	104	144
	105	145
	105	143
	106	145
	106	143
	104	145
	104	143
	105	142
	106	142
	104	142
	105	141
	106	141
	104	141
	105	139
	106	139
	104	139
	105	140
	105	138
	106	140
	106	138
	104	140
	104	138
	105	134
	106	134
	104	134
	105	135
	105	133
	106	135
	106	133
	104	135
	104	133
	105	132
	106	132
	104	132
	105	136
	106	136
	104	136
	105	137
	106	137
	104	137
	107	151
	108	151
	107	150
	108	150
	107	148
	108	148
	107	149
	107	147
	108	149
	108	147
	107	145
	108	145
	107	146
	107	144
	108	146
	108	144
	107	143
	108	143
	107	142
	108	142
	107	140
	108	140
	107	141
	107	139
	108	141
	108	139
	107	138
	108	138
	107	137
	108	137
	107	136
	108	136
	107	135
	108	135
	107	134
	108	134
	107	133
	108	133
	107	132
	108	132
FX0		
	75	155
	76	155
	74	155
	75	156
	75	154
	76	156
	76	154
	74	156
	74	154
	75	153
	76	153
	74	153
	75	152
	76	152
	74	152
	75	150
	76	150
	74	150
	75	151
	75	149
	76	151
	76	149
	74	151
	74	149
	75	148
	76	148
	74	148
	75	147
	76	147
	74	147
	75	146
	76	146
	74	146
	75	145
	76	145
	74	145
	75	143
	76	143
	74	143
	75	144
	75	142
	76	144
	76	142
	74	144
	74	142
	75	141
	76	141
	74	141
	75	140
	76	140
	74	140
	75	138
	76	138
	74	138
	75	139
	75	137
	76	139
	76	137
	74	139
	74	137
	75	136
	76	136
	74	136
	75	135
	76	135
	74	135
	75	133
	76	133
	74	133
	75	134
	75	132
	76	134
	76	132
	74	134
	74	132
	75	131
	76	131
	74	131
	75	130
	76	130
	74	130
	75	129
	76	129
	74	129
	75	128
	76	128
	74	128
	72	157
	73	157
	71	157
	72	158
	72	156
	73	158
	73	156
	71	158
	71	156
	72	155
	73	155
	71	155
	72	154
	73	154
	71	154
	72	152
	73	152
	71	152
	72	153
	72	151
	73	153
	73	151
	71	153
	71	151
	72	150
	73	150
	71	150
	72	149
	73	149
	71	149
	72	147
	73	147
	71	147
	72	148
	72	146
	73	148
	73	146
	71	148
	71	146
	73	144
	72	144
	73	145
	73	143
	72	145
	72	143
	71	145
	71	144
	71	143
	72	142
	73	142
	71	142
	72	140
	73	140
	71	140
	72	141
	72	139
	73	141
	73	139
	71	141
	71	139
	72	137
	73	137
	71	137
	72	138
	72	136
	73	138
	73	136
	71	138
	71	136
	73	134
	72	134
	73	135
	73	133
	72	135
	72	133
	71	134
	71	135
	71	133
	72	132
	73	132
	71	132
	72	131
	73	131
	71	131
	73	130
	72	130
	73	129
	72	129
	71	129
	72	128
	73	128
	71	130
	71	128
	70	129
	70	130
	70	128
	70	133
	70	134
	70	132
	70	131
	70	139
	70	140
	70	138
	70	136
	70	137
	70	135
	70	141
	70	142
	70	144
	70	145
	70	143
	70	148
	70	149
	70	147
	70	146
	70	153
	70	154
	70	152
	70	151
	70	150
	70	156
	70	157
	70	155
	70	158
