Key	CellX	CellY
VisibleObstacle		
	36	85
	37	85
	35	85
	36	86
	36	84
	37	86
	37	84
	35	86
	35	84
	36	83
	37	83
	35	83
	36	82
	37	82
	35	82
	36	81
	37	81
	35	81
	36	80
	37	80
	35	80
	36	78
	37	78
	35	78
	36	79
	36	77
	37	79
	37	77
	35	79
	35	77
	36	76
	37	76
	35	76
	36	75
	37	75
	35	75
	36	74
	37	74
	35	74
	36	73
	37	73
	35	73
	36	72
	37	72
	35	72
	36	71
	37	71
	35	71
	36	69
	37	69
	35	69
	36	70
	36	68
	37	70
	37	68
	35	70
	35	68
	36	66
	37	66
	35	66
	36	67
	36	65
	37	67
	37	65
	35	67
	35	65
	36	63
	37	63
	35	63
	36	64
	36	62
	37	64
	37	62
	35	64
	35	62
	36	61
	37	61
	35	61
	36	60
	37	60
	35	60
	36	58
	37	58
	35	58
	36	59
	36	57
	37	59
	37	57
	35	59
	35	57
	36	55
	37	55
	35	55
	36	56
	36	54
	37	56
	37	54
	35	56
	35	54
	36	52
	37	52
	35	52
	36	53
	36	51
	37	53
	37	51
	35	53
	35	51
	36	50
	37	50
	35	50
	36	49
	37	49
	35	49
	36	47
	37	47
	35	47
	36	48
	76	49
	37	48
	77	48
	35	48
	76	48
	38	48
	39	48
	38	49
	38	47
	39	49
	39	47
	40	48
	40	49
	40	47
	42	48
	43	48
	41	48
	42	49
	42	47
	43	49
	43	47
	41	49
	41	47
	45	48
	46	48
	44	48
	45	49
	45	47
	46	49
	46	47
	44	49
	44	47
	48	48
	49	48
	47	48
	48	49
	48	47
	49	49
	49	47
	47	49
	47	47
	51	48
	52	48
	50	48
	51	49
	51	47
	52	49
	52	47
	50	49
	50	47
	54	48
	55	48
	53	48
	54	49
	54	47
	55	49
	55	47
	53	49
	53	47
	57	48
	58	48
	56	48
	57	49
	57	47
	58	49
	58	47
	56	49
	56	47
	59	48
	60	48
	59	49
	59	47
	60	49
	60	47
	62	48
	63	48
	61	48
	62	49
	62	47
	63	49
	63	47
	61	49
	61	47
	65	48
	66	48
	64	48
	65	49
	65	47
	66	49
	66	47
	64	49
	64	47
	68	48
	69	48
	67	48
	68	49
	68	47
	69	49
	69	47
	67	49
	67	47
	70	48
	71	48
	70	49
	70	47
	71	49
	71	47
	73	48
	74	48
	72	48
	73	49
	73	47
	74	49
	74	47
	72	49
	72	47
	75	48
	75	49
	75	47
	76	47
	77	49
	77	47
	76	51
	77	51
	75	51
	76	52
	76	50
	77	52
	77	50
	75	52
	75	50
	76	55
	77	55
	75	55
	76	56
	76	54
	77	56
	77	54
	75	56
	75	54
	76	53
	77	53
	75	53
	76	58
	77	58
	75	58
	76	59
	76	57
	77	59
	77	57
	75	59
	75	57
	76	67
	77	67
	75	67
	76	68
	76	66
	77	68
	77	66
	75	68
	75	66
	76	65
	77	65
	75	65
	76	64
	77	64
	75	64
	76	63
	77	63
	75	63
	76	62
	77	62
	75	62
	76	61
	77	61
	75	61
	76	60
	77	60
	75	60
	76	83
	77	83
	75	83
	76	84
	76	82
	77	84
	77	82
	75	84
	75	82
	76	81
	77	81
	75	81
	76	80
	77	80
	75	80
	76	104
	75	103
	77	103
	75	79
	76	79
	76	103
	77	79
	76	78
	77	78
	75	78
	76	77
	77	77
	75	77
	76	76
	77	76
	75	76
	76	75
	77	75
	75	75
	76	74
	77	74
	75	74
	76	73
	77	73
	75	73
	76	72
	77	72
	75	72
	76	71
	77	71
	75	71
	76	70
	77	70
	75	70
	76	69
	77	69
	75	69
	76	102
	77	104
	77	102
	75	104
	75	102
	76	101
	77	101
	75	101
	76	100
	77	100
	75	100
	76	99
	77	99
	75	99
	76	96
	77	96
	75	96
	76	97
	76	95
	77	97
	77	95
	75	97
	75	95
	76	94
	77	94
	75	94
	76	93
	77	93
	75	93
	76	92
	77	92
	75	92
	76	91
	77	91
	75	91
	76	90
	77	90
	75	90
	76	89
	77	89
	75	89
	76	88
	77	88
	75	88
	76	87
	77	87
	75	87
	76	86
	77	86
	75	86
	76	85
	77	85
	75	85
	76	98
	77	98
	75	98
	76	114
	77	114
	75	114
	76	115
	76	113
	77	115
	77	113
	75	115
	75	113
	76	112
	77	112
	75	112
	76	111
	77	111
	75	111
	76	110
	77	110
	75	110
	76	109
	77	109
	75	109
	76	108
	77	108
	75	108
	76	107
	77	107
	75	107
	76	106
	77	106
	75	106
	76	105
	77	105
	75	105
	76	127
	77	127
	75	127
	76	128
	76	126
	77	128
	77	126
	75	128
	75	126
	76	125
	77	125
	75	125
	76	124
	77	124
	75	124
	76	123
	77	123
	75	123
	76	122
	77	122
	75	122
	76	121
	77	121
	75	121
	76	120
	77	120
	75	120
	76	119
	77	119
	75	119
	76	118
	77	118
	75	118
	76	147
	77	146
	76	145
	75	117
	76	117
	75	146
	75	116
	76	116
	76	146
	77	117
	77	116
	77	147
	77	145
	75	147
	75	145
	76	143
	77	143
	75	143
	76	144
	76	142
	77	144
	77	142
	75	144
	75	142
	77	150
	77	148
	76	148
	77	141
	76	150
	76	141
	75	141
	76	140
	77	140
	75	140
	75	149
	77	139
	77	149
	76	139
	77	138
	76	149
	76	138
	75	139
	75	138
	76	137
	77	137
	75	137
	76	136
	77	136
	75	136
	76	135
	77	135
	75	135
	76	134
	77	134
	75	134
	76	133
	77	133
	75	133
	76	132
	77	132
	75	132
	76	131
	77	131
	75	131
	76	130
	77	130
	75	130
	76	129
	77	129
	75	129
	75	150
	75	148
	76	153
	77	153
	75	153
	76	154
	76	152
	77	154
	77	152
	75	154
	75	152
	76	151
	77	151
	75	151
	76	156
	77	156
	75	156
	76	157
	76	155
	77	157
	77	155
	75	157
	75	155
	76	160
	77	160
	75	160
	76	161
	76	159
	77	161
	77	159
	75	161
	75	159
	76	158
	77	158
	75	158
	76	163
	77	163
	75	163
	76	164
	76	162
	77	164
	77	162
	75	164
	75	162
	76	169
	77	169
	75	169
	76	170
	76	168
	77	170
	77	168
	75	170
	75	168
	76	166
	77	166
	75	166
	76	167
	76	165
	77	167
	77	165
	75	167
	75	165
	76	172
	77	172
	75	172
	76	173
	76	171
	77	173
	77	171
	75	173
	75	171
	76	178
	77	178
	75	178
	76	179
	76	177
	77	179
	77	177
	75	179
	75	177
	76	176
	77	176
	75	176
	76	175
	77	175
	75	175
	76	174
	77	174
	75	174
	76	181
	77	181
	75	181
	76	182
	76	180
	77	182
	77	180
	75	182
	75	180
	76	184
	77	184
	75	184
	76	185
	76	183
	77	185
	77	183
	75	185
	75	183
	76	189
	77	189
	75	189
	76	190
	76	188
	77	190
	77	188
	75	190
	75	188
	76	186
	77	186
	75	186
	76	187
	77	187
	75	187
	76	193
	77	193
	75	193
	76	194
	76	192
	77	194
	77	192
	75	194
	75	192
	76	191
	77	191
	75	191
	76	199
	77	199
	75	199
	76	200
	76	198
	77	200
	77	198
	75	200
	75	198
	76	197
	77	197
	75	197
	76	196
	77	196
	75	196
	76	195
	77	195
	75	195
	76	203
	77	203
	75	203
	76	204
	76	202
	77	204
	77	202
	75	204
	75	202
	76	201
	77	201
	75	201
	76	208
	77	208
	75	208
	76	209
	76	207
	77	209
	77	207
	75	209
	75	207
	76	206
	77	206
	75	206
	76	205
	77	205
	75	205
	76	216
	77	216
	75	216
	76	217
	76	215
	77	217
	77	215
	75	217
	75	215
	76	213
	77	213
	75	213
	76	214
	76	212
	77	214
	77	212
	75	214
	75	212
	76	211
	77	211
	75	211
	76	210
	77	210
	75	210
	76	229
	77	229
	75	229
	76	230
	76	228
	77	230
	77	228
	75	230
	75	228
	76	226
	77	226
	75	226
	76	227
	76	225
	77	227
	77	225
	75	227
	75	225
	76	224
	77	224
	75	224
	76	223
	77	223
	75	223
	76	222
	77	222
	75	222
	76	221
	77	221
	75	221
	76	220
	77	220
	75	220
	76	219
	77	219
	75	219
	76	218
	77	218
	75	218
	76	233
	77	233
	75	233
	76	234
	76	232
	77	234
	77	232
	75	234
	75	232
	76	231
	77	231
	75	231
	76	236
	77	236
	75	236
	76	237
	76	235
	77	237
	77	235
	75	237
	75	235
	76	243
	77	243
	75	243
	76	244
	76	242
	77	244
	77	242
	75	244
	75	242
	76	248
	77	248
	75	248
	76	249
	76	247
	77	249
	77	247
	75	249
	75	247
	76	246
	77	246
	75	246
	76	245
	77	245
	75	245
	76	240
	77	240
	75	240
	76	241
	76	239
	77	241
	77	239
	75	241
	75	239
	76	238
	77	238
	75	238
	73	248
	74	248
	72	248
	73	249
	73	247
	74	249
	74	247
	72	249
	72	247
	70	248
	71	248
	69	248
	70	249
	70	247
	71	249
	71	247
	69	249
	69	247
	68	248
	67	248
	68	249
	68	247
	67	249
	67	247
	65	248
	66	248
	64	248
	65	249
	65	247
	66	249
	66	247
	64	249
	64	247
	41	248
	42	248
	40	248
	41	249
	41	247
	42	249
	42	247
	40	249
	40	247
	43	248
	43	249
	43	247
	44	248
	44	249
	44	247
	45	248
	45	249
	45	247
	46	248
	46	249
	46	247
	47	248
	47	249
	47	247
	48	248
	48	249
	48	247
	49	248
	49	249
	49	247
	50	248
	50	249
	50	247
	51	248
	51	249
	51	247
	52	248
	52	249
	52	247
	53	248
	53	249
	53	247
	54	248
	54	249
	54	247
	55	248
	55	249
	55	247
	56	248
	56	249
	56	247
	57	248
	57	249
	57	247
	58	248
	59	248
	58	249
	58	247
	59	249
	59	247
	60	248
	60	249
	60	247
	61	248
	61	249
	61	247
	62	248
	62	249
	62	247
	63	248
	63	249
	63	247
	38	248
	39	248
	37	248
	38	249
	38	247
	39	249
	39	247
	37	249
	37	247
	36	248
	35	248
	36	249
	36	247
	35	249
	35	247
	36	245
	37	245
	35	245
	36	246
	36	244
	37	246
	37	244
	35	246
	35	244
	36	242
	37	242
	35	242
	36	243
	36	241
	37	243
	37	241
	35	243
	35	241
	36	239
	37	239
	35	239
	36	240
	36	238
	37	240
	37	238
	35	240
	35	238
	36	237
	37	237
	35	237
	36	236
	37	236
	35	236
	36	235
	37	235
	35	235
	36	234
	37	234
	35	234
	36	233
	37	233
	35	233
	36	232
	37	232
	35	232
	36	231
	37	231
	35	231
	36	230
	37	230
	35	230
	36	229
	37	229
	35	229
	36	228
	37	228
	35	228
	36	227
	37	227
	35	227
	36	226
	37	226
	35	226
	36	225
	37	225
	35	225
	36	224
	37	224
	35	224
	36	223
	37	223
	35	223
	36	222
	37	222
	35	222
	36	221
	37	221
	35	221
	36	220
	37	220
	35	220
	36	219
	37	219
	35	219
	36	218
	37	218
	35	218
	36	217
	37	217
	35	217
	36	216
	37	216
	35	216
	36	215
	37	215
	35	215
	36	214
	37	214
	35	214
	36	213
	37	213
	35	213
	36	212
	37	212
	35	212
	36	211
	37	211
	35	211
	36	210
	37	210
	35	210
	36	209
	37	209
	35	209
	36	208
	37	208
	35	208
	36	207
	37	207
	35	207
	36	206
	37	206
	35	206
	36	205
	37	205
	35	205
	36	204
	37	204
	35	204
	36	203
	37	203
	35	203
	36	202
	37	202
	35	202
	36	201
	37	201
	35	201
	36	200
	37	200
	35	200
	36	199
	37	199
	35	199
	36	197
	37	197
	35	197
	36	198
	36	196
	37	198
	37	196
	35	198
	35	196
	36	195
	37	195
	35	195
	36	194
	37	194
	35	194
	36	193
	37	193
	35	193
	36	192
	37	192
	35	192
	36	191
	37	191
	35	191
	36	190
	37	190
	35	190
	36	189
	37	189
	35	189
	36	188
	37	188
	35	188
	36	187
	37	187
	35	187
	36	186
	37	186
	35	186
	36	185
	37	185
	35	185
	36	184
	37	184
	35	184
	36	183
	37	183
	35	183
	36	182
	37	182
	35	182
	36	181
	37	181
	35	181
	36	180
	37	180
	35	180
	36	179
	37	179
	35	179
	36	178
	37	178
	35	178
	36	177
	37	177
	35	177
	36	176
	37	176
	35	176
	36	175
	37	175
	35	175
	36	174
	37	174
	35	174
	36	173
	37	173
	35	173
	36	172
	37	172
	35	172
	36	171
	37	171
	35	171
	36	170
	37	170
	35	170
	36	169
	37	169
	35	169
	36	168
	37	168
	35	168
	36	167
	37	167
	35	167
	36	166
	37	166
	35	166
	36	165
	37	165
	35	165
	36	164
	37	164
	35	164
	36	163
	37	163
	35	163
	36	162
	37	162
	35	162
	36	161
	37	161
	35	161
	36	160
	37	160
	35	160
	36	159
	37	159
	35	159
	36	158
	37	158
	35	158
	37	156
	35	156
	37	134
	37	157
	36	157
	36	156
	35	157
	37	155
	37	136
	36	134
	36	155
	37	154
	36	136
	36	154
	35	155
	35	154
	36	153
	37	153
	35	153
	36	152
	37	152
	35	152
	36	151
	37	151
	35	151
	36	150
	37	150
	35	150
	36	149
	37	149
	35	149
	36	148
	37	148
	35	148
	36	147
	37	147
	35	147
	36	146
	37	146
	35	146
	36	145
	37	145
	35	145
	36	144
	37	144
	35	144
	36	143
	37	143
	35	143
	35	135
	35	142
	36	142
	37	135
	36	135
	35	141
	36	141
	37	142
	35	140
	36	140
	37	139
	35	139
	36	139
	37	138
	35	138
	36	138
	37	140
	35	137
	36	137
	37	141
	35	136
	35	134
	37	137
	36	133
	37	133
	35	133
	36	132
	37	132
	35	132
	36	131
	37	131
	35	131
	36	130
	37	130
	35	130
	36	129
	37	129
	35	129
	36	128
	37	128
	35	128
	36	127
	37	127
	35	127
	36	126
	37	126
	35	126
	36	125
	37	125
	35	125
	36	124
	37	124
	35	124
	36	123
	37	123
	35	123
	36	122
	37	122
	35	122
	36	121
	37	121
	35	121
	36	120
	37	120
	35	120
	36	119
	37	119
	35	119
	36	118
	37	118
	35	118
	36	117
	37	117
	35	117
	36	116
	37	116
	35	116
	36	115
	37	115
	35	115
	36	114
	37	114
	35	114
	36	113
	37	113
	35	113
	36	112
	37	112
	35	112
	36	111
	37	111
	35	111
	36	110
	37	110
	35	110
	36	109
	37	109
	35	109
	36	108
	37	108
	35	108
	35	106
	37	107
	37	106
	36	106
	36	107
	36	105
	37	105
	35	107
	35	105
	36	104
	37	104
	35	104
	36	103
	37	103
	35	103
	36	102
	37	102
	35	102
	36	100
	37	100
	35	100
	36	101
	36	99
	37	101
	37	99
	35	101
	35	99
	36	96
	37	96
	35	96
	36	97
	36	95
	37	97
	37	95
	35	97
	35	95
	36	98
	37	98
	35	98
	36	94
	37	94
	35	94
	36	93
	37	93
	35	93
	36	91
	37	91
	35	91
	36	92
	36	90
	37	92
	37	90
	35	92
	35	90
	36	88
	37	88
	35	88
	36	89
	36	87
	37	89
	37	87
	35	89
	35	87
	94	253
	95	253
	93	253
	94	254
	94	252
	95	254
	95	252
	93	254
	93	252
	96	253
	96	254
	96	252
	97	253
	97	254
	97	252
	98	253
	99	253
	98	254
	98	252
	99	254
	99	252
	100	253
	101	253
	100	254
	100	252
	101	254
	101	252
	102	252
	92	254
	102	253
	92	252
	92	253
	103	252
	103	253
	93	251
	104	253
	103	254
	104	254
	104	252
	102	254
	105	253
	105	254
	105	252
	106	253
	107	253
	106	254
	106	252
	107	254
	107	252
	108	253
	109	253
	108	254
	108	252
	109	254
	109	252
	110	253
	111	253
	110	254
	110	252
	111	254
	111	252
	112	253
	112	254
	112	252
	113	253
	113	254
	113	252
	114	253
	114	254
	114	252
	115	253
	115	254
	115	252
	116	253
	117	253
	116	254
	116	252
	117	254
	117	252
	118	253
	118	254
	118	252
	119	253
	119	254
	119	252
	120	253
	120	254
	120	252
	121	253
	121	254
	121	252
	122	253
	122	254
	122	252
	123	253
	123	254
	123	252
	124	253
	124	254
	124	252
	125	253
	125	254
	125	252
	126	253
	126	254
	126	252
	94	251
	92	251
	93	250
	94	250
	92	250
	93	249
	94	249
	92	249
	93	248
	94	248
	92	248
	93	247
	94	247
	92	247
	93	246
	94	246
	92	246
	127	253
	127	254
	127	252
	126	250
	127	250
	125	250
	126	251
	126	249
	127	251
	127	249
	125	251
	125	249
	126	248
	127	248
	125	248
	126	247
	127	247
	125	247
	126	245
	127	245
	125	245
	126	246
	126	244
	127	246
	127	244
	125	246
	125	244
	126	240
	127	240
	125	240
	126	241
	126	239
	127	241
	127	239
	125	241
	125	239
	126	243
	127	243
	125	243
	126	242
	127	242
	125	242
	126	237
	127	237
	125	237
	126	238
	126	236
	127	238
	127	236
	125	238
	125	236
	126	234
	127	234
	125	234
	126	235
	126	233
	127	235
	127	233
	125	235
	125	233
	126	231
	127	231
	125	231
	126	232
	126	230
	127	232
	127	230
	125	232
	125	230
	126	228
	127	228
	125	228
	126	229
	126	227
	127	229
	127	227
	125	229
	125	227
	126	224
	127	224
	125	224
	126	225
	126	223
	127	225
	127	223
	125	225
	125	223
	126	226
	127	226
	125	226
	93	244
	94	244
	92	244
	93	245
	93	243
	94	245
	94	243
	92	245
	92	243
	93	242
	94	242
	92	242
	93	241
	94	241
	92	241
	93	240
	94	240
	92	240
	93	239
	94	239
	92	239
	93	238
	94	238
	92	238
	93	237
	94	237
	92	237
	93	236
	94	236
	92	236
	93	235
	94	235
	92	235
	93	234
	94	234
	92	234
	93	233
	94	233
	92	233
	93	232
	94	232
	92	232
	93	231
	94	231
	92	231
	93	230
	94	230
	92	230
	93	229
	94	229
	92	229
	93	228
	94	228
	92	228
	93	226
	94	226
	92	226
	93	227
	93	225
	94	227
	94	225
	92	227
	92	225
	93	224
	94	224
	92	224
	93	223
	94	223
	92	223
	93	222
	94	222
	92	222
	106	183
	92	221
	93	221
	105	181
	105	183
	92	220
	93	220
	106	182
	92	219
	93	219
	105	182
	92	218
	93	218
	104	181
	94	221
	94	220
	94	219
	94	218
	93	217
	94	217
	92	217
	93	216
	94	216
	92	216
	93	215
	94	215
	92	215
	93	214
	94	214
	92	214
	93	213
	94	213
	92	213
	93	212
	94	212
	92	212
	93	211
	94	211
	92	211
	93	210
	94	210
	92	210
	93	209
	94	209
	92	209
	104	182
	92	208
	93	208
	103	183
	104	183
	92	207
	93	207
	103	181
	92	206
	93	206
	102	183
	92	205
	93	205
	102	181
	94	207
	94	208
	94	206
	94	205
	93	204
	94	204
	92	204
	93	203
	94	203
	92	203
	102	182
	92	202
	93	202
	103	182
	101	181
	92	201
	93	201
	101	183
	92	200
	93	200
	99	182
	92	199
	93	199
	100	182
	92	198
	93	198
	98	181
	92	197
	93	197
	98	183
	98	182
	92	196
	100	181
	97	181
	92	195
	101	182
	100	183
	97	183
	92	194
	99	181
	97	182
	92	193
	99	183
	94	202
	94	201
	94	198
	94	199
	94	197
	93	196
	94	196
	93	195
	94	195
	94	194
	96	183
	93	194
	94	193
	96	181
	96	182
	93	193
	94	192
	95	181
	93	192
	94	191
	95	183
	93	191
	94	190
	95	182
	93	190
	94	200
	92	192
	92	191
	92	190
	93	189
	94	189
	92	189
	93	188
	94	188
	92	188
	93	187
	94	187
	92	187
	93	186
	94	186
	92	186
	93	185
	94	185
	92	185
	93	184
	94	184
	92	184
	93	183
	94	183
	92	183
	93	182
	94	182
	92	182
	93	181
	94	181
	92	181
	106	181
	107	182
	107	183
	107	181
	108	182
	109	182
	108	183
	108	181
	109	183
	109	181
	110	182
	110	183
	110	181
	111	182
	111	183
	111	181
	112	182
	112	183
	112	181
	113	182
	114	182
	113	183
	113	181
	114	183
	114	181
	115	182
	115	183
	115	181
	116	182
	117	182
	116	183
	116	181
	117	183
	117	181
	118	182
	118	183
	118	181
	119	182
	119	183
	119	181
	120	182
	120	183
	120	181
	121	182
	122	182
	121	183
	121	181
	122	183
	122	181
	123	182
	123	183
	123	181
	124	182
	124	183
	124	181
	125	182
	125	183
	125	181
	126	182
	126	183
	126	181
	127	182
	127	183
	127	181
	125	221
	127	221
	126	221
	126	185
	127	185
	125	185
	126	186
	126	184
	127	186
	127	184
	125	186
	125	184
	126	222
	126	220
	127	222
	127	220
	125	222
	125	220
	126	219
	127	219
	125	219
	126	218
	127	218
	125	218
	126	217
	127	217
	125	217
	126	216
	127	216
	125	216
	126	215
	127	215
	125	215
	126	214
	127	214
	125	214
	126	213
	127	213
	125	213
	126	212
	127	212
	125	212
	126	211
	127	211
	125	211
	126	210
	127	210
	125	210
	126	209
	127	209
	125	209
	126	208
	127	208
	125	208
	126	207
	127	207
	125	207
	126	206
	127	206
	125	206
	126	205
	127	205
	125	205
	126	204
	127	204
	125	204
	126	203
	127	203
	125	203
	126	202
	127	202
	125	202
	126	201
	127	201
	125	201
	126	200
	127	200
	125	200
	126	199
	127	199
	125	199
	126	198
	127	198
	125	198
	126	197
	127	197
	125	197
	126	196
	127	196
	125	196
	126	195
	127	195
	125	195
	126	194
	127	194
	125	194
	126	193
	127	193
	125	193
	126	192
	127	192
	125	192
	126	191
	127	191
	125	191
	126	190
	127	190
	125	190
	126	189
	127	189
	125	189
	126	188
	127	188
	125	188
	126	187
	127	187
	125	187
	98	169
	99	169
	97	169
	98	170
	98	168
	99	170
	99	168
	97	170
	97	168
	101	169
	102	169
	100	169
	101	170
	101	168
	102	170
	102	168
	100	170
	100	168
	103	169
	104	169
	103	170
	103	168
	104	170
	104	168
	106	169
	107	169
	105	169
	106	170
	106	168
	107	170
	107	168
	105	170
	105	168
	108	169
	108	170
	108	168
	109	169
	110	169
	109	170
	109	168
	110	170
	110	168
	111	169
	112	169
	111	170
	111	168
	112	170
	112	168
	114	169
	115	169
	113	169
	114	170
	114	168
	115	170
	115	168
	113	170
	113	168
	117	169
	118	169
	116	169
	117	170
	117	168
	118	170
	118	168
	116	170
	116	168
	119	169
	119	170
	119	168
	120	157
	121	157
	119	157
	120	158
	120	156
	121	158
	121	156
	119	158
	119	156
	120	159
	121	159
	119	159
	120	160
	121	160
	119	160
	120	161
	121	161
	119	161
	120	162
	121	162
	119	162
	120	164
	121	164
	119	164
	120	165
	120	163
	121	165
	121	163
	119	165
	119	163
	120	166
	121	166
	119	166
	120	167
	121	167
	119	167
	120	169
	121	169
	120	170
	120	168
	121	170
	121	168
	96	169
	95	169
	96	170
	96	168
	95	170
	95	168
	96	167
	97	167
	95	167
	96	166
	97	166
	95	166
	96	165
	97	165
	95	165
	96	164
	97	164
	95	164
	96	163
	97	163
	95	163
	96	161
	97	161
	95	161
	96	162
	96	160
	97	162
	97	160
	95	162
	95	160
	96	159
	97	159
	95	159
	96	158
	97	158
	95	158
	96	157
	97	157
	95	157
	96	156
	97	156
	95	156
	96	155
	97	155
	95	155
	96	154
	97	154
	95	154
	96	153
	97	153
	95	153
	96	152
	97	152
	95	152
	96	151
	97	151
	95	151
	96	150
	97	150
	95	150
	96	148
	97	148
	95	148
	96	149
	96	147
	97	149
	97	147
	95	149
	95	147
	96	146
	97	146
	95	146
	96	145
	97	145
	95	145
	98	146
	99	146
	98	147
	98	145
	99	147
	99	145
	100	146
	101	146
	100	147
	100	145
	101	147
	101	145
	103	146
	104	146
	102	146
	103	147
	103	145
	104	147
	104	145
	102	147
	102	145
	105	146
	106	146
	105	147
	105	145
	106	147
	106	145
	108	146
	109	146
	107	146
	108	147
	108	145
	109	147
	109	145
	107	147
	107	145
	110	146
	111	146
	110	147
	110	145
	111	147
	111	145
	113	146
	114	146
	112	146
	113	147
	113	145
	114	147
	114	145
	112	147
	112	145
	116	146
	117	146
	115	146
	116	147
	116	145
	117	147
	117	145
	115	147
	115	145
	119	146
	120	146
	118	146
	119	147
	119	145
	120	147
	120	145
	118	147
	118	145
	120	154
	121	154
	119	154
	120	155
	120	153
	121	155
	121	153
	119	155
	119	153
	120	152
	121	152
	119	152
	120	151
	121	151
	119	151
	120	150
	121	150
	119	150
	120	149
	121	149
	119	149
	120	148
	121	148
	119	148
	121	146
	121	147
	121	145
	106	132
	107	132
	105	132
	106	133
	106	131
	107	133
	107	131
	105	133
	105	131
	91	127
	92	127
	90	127
	91	128
	91	126
	92	128
	92	126
	90	128
	90	126
	91	125
	92	125
	90	125
	91	124
	92	124
	90	124
	125	122
	126	122
	124	122
	125	123
	125	121
	126	123
	126	121
	124	123
	124	121
	125	132
	126	132
	124	132
	125	133
	125	131
	126	133
	126	131
	124	133
	124	131
	125	130
	126	130
	124	130
	125	129
	126	129
	124	129
	125	127
	126	127
	124	127
	125	128
	125	126
	126	128
	126	126
	124	128
	124	126
	125	124
	126	124
	124	124
	125	125
	126	125
	124	125
	93	102
	94	102
	92	102
	93	103
	93	101
	94	103
	94	101
	92	103
	92	101
	96	102
	97	102
	95	102
	96	103
	96	101
	97	103
	97	101
	95	103
	95	101
	100	102
	101	102
	99	102
	100	103
	100	101
	101	103
	101	101
	99	103
	99	101
	91	123
	92	123
	90	123
	91	122
	92	122
	90	122
	91	121
	92	121
	90	121
	91	120
	92	120
	90	120
	91	119
	92	119
	90	119
	91	118
	92	118
	90	118
	91	117
	92	117
	90	117
	91	116
	92	116
	90	116
	91	115
	92	115
	90	115
	91	114
	92	114
	90	114
	91	113
	92	113
	90	113
	91	112
	92	112
	90	112
	91	111
	92	111
	90	111
	91	110
	92	110
	90	110
	91	109
	92	109
	90	109
	91	108
	92	108
	90	108
	91	107
	92	107
	90	107
	91	106
	92	106
	90	106
	91	105
	92	105
	90	105
	91	104
	92	104
	90	104
	91	103
	90	103
	91	102
	90	102
	91	101
	90	101
	98	102
	98	103
	98	101
	104	132
	103	132
	104	133
	104	131
	103	133
	103	131
	102	132
	102	133
	102	131
	101	132
	101	133
	101	131
	100	132
	100	133
	100	131
	99	132
	99	133
	99	131
	97	90
	97	91
	93	89
	98	133
	96	91
	98	132
	97	133
	96	89
	97	132
	96	133
	96	90
	96	132
	98	131
	97	131
	96	131
	95	132
	95	133
	95	131
	94	132
	94	133
	94	131
	93	132
	93	133
	93	131
	92	132
	92	133
	92	131
	91	132
	91	133
	91	131
	90	132
	90	133
	90	131
	91	129
	92	129
	90	129
	91	130
	92	130
	90	130
	109	132
	110	132
	108	132
	109	133
	109	131
	110	133
	110	131
	108	133
	108	131
	111	132
	111	133
	111	131
	112	132
	112	133
	112	131
	113	132
	113	133
	113	131
	114	132
	114	133
	114	131
	115	132
	115	133
	115	131
	116	132
	116	133
	116	131
	117	132
	117	133
	117	131
	118	132
	118	133
	118	131
	119	132
	119	133
	119	131
	120	132
	120	133
	120	131
	121	132
	121	133
	121	131
	122	132
	122	133
	122	131
	123	132
	123	133
	123	131
	125	119
	126	119
	124	119
	125	120
	125	118
	126	120
	126	118
	124	120
	124	118
	125	117
	126	117
	124	117
	125	116
	126	116
	124	116
	125	115
	126	115
	124	115
	125	114
	126	114
	124	114
	125	113
	126	113
	124	113
	125	112
	126	112
	124	112
	93	91
	95	89
	95	91
	126	111
	94	89
	125	111
	126	110
	94	91
	125	110
	124	111
	124	110
	125	109
	126	109
	124	109
	125	108
	126	108
	124	108
	125	107
	126	107
	124	107
	125	106
	126	106
	124	106
	125	105
	126	105
	124	105
	125	104
	126	104
	124	104
	125	103
	126	103
	124	103
	125	102
	126	102
	124	102
	103	102
	104	102
	102	102
	103	103
	103	101
	104	103
	104	101
	102	103
	102	101
	105	102
	105	103
	105	101
	106	102
	107	102
	106	103
	106	101
	107	103
	107	101
	108	102
	108	103
	108	101
	109	102
	109	103
	109	101
	110	102
	110	103
	110	101
	111	102
	111	103
	111	101
	112	102
	112	103
	112	101
	113	102
	113	103
	113	101
	114	102
	114	103
	114	101
	115	102
	115	103
	115	101
	116	102
	116	103
	116	101
	117	102
	117	103
	117	101
	118	102
	118	103
	118	101
	119	102
	119	103
	119	101
	120	102
	120	103
	120	101
	121	102
	121	103
	121	101
	122	102
	122	103
	122	101
	123	102
	123	103
	123	101
	124	101
	125	101
	126	101
	93	90
	95	90
	94	90
	97	89
	98	90
	98	91
	98	89
	99	90
	99	91
	99	89
	100	90
	100	91
	100	89
	101	90
	101	91
	101	89
	102	90
	103	90
	102	91
	102	89
	103	91
	103	89
	104	90
	104	91
	104	89
	105	90
	105	91
	105	89
	106	90
	107	90
	106	91
	106	89
	107	91
	107	89
	108	91
	109	91
	108	90
	109	90
	110	91
	111	91
	110	90
	111	90
	112	91
	112	90
	113	91
	113	90
	108	89
	109	89
	110	89
	111	89
	112	89
	113	89
	114	90
	114	91
	114	89
	115	90
	115	91
	115	89
	116	90
	116	91
	116	89
	117	90
	117	91
	117	89
	118	90
	118	91
	118	89
	119	90
	119	91
	119	89
	120	89
	119	88
	120	90
	120	88
	121	89
	121	90
	121	88
	121	91
	120	91
	120	65
	121	65
	119	65
	120	66
	120	64
	121	66
	121	64
	119	66
	119	64
	120	68
	121	68
	119	68
	120	69
	120	67
	121	69
	121	67
	119	69
	119	67
	120	70
	121	70
	119	70
	120	86
	121	86
	119	86
	120	87
	120	85
	121	87
	121	85
	119	87
	119	85
	120	84
	121	84
	119	84
	120	83
	121	83
	119	83
	120	82
	121	82
	119	82
	120	81
	121	81
	119	81
	120	80
	121	80
	119	80
	120	79
	121	79
	119	79
	120	78
	121	78
	119	78
	119	77
	120	77
	119	76
	120	76
	119	75
	120	75
	121	77
	121	76
	121	75
	120	74
	121	74
	119	74
	120	73
	121	73
	119	73
	120	72
	121	72
	119	72
	120	71
	121	71
	119	71
	92	90
	91	90
	92	91
	92	89
	91	91
	91	89
	92	88
	93	88
	91	88
	92	87
	93	87
	91	87
	92	86
	93	86
	91	86
	92	85
	93	85
	91	85
	92	84
	93	84
	91	84
	92	83
	93	83
	91	83
	92	82
	93	82
	91	82
	92	81
	93	81
	91	81
	92	80
	93	80
	91	80
	92	79
	93	79
	91	79
	92	78
	93	78
	91	78
	92	77
	93	77
	91	77
	92	76
	93	76
	91	76
	92	75
	93	75
	91	75
	92	74
	93	74
	91	74
	92	73
	93	73
	91	73
	92	72
	93	72
	91	72
	92	71
	93	71
	91	71
	92	70
	93	70
	91	70
	92	68
	93	68
	91	68
	92	69
	92	67
	93	69
	93	67
	91	69
	91	67
	92	66
	93	66
	91	66
	92	65
	93	65
	91	65
	92	64
	93	64
	91	64
	92	63
	93	63
	91	63
	92	62
	93	62
	91	62
	92	61
	93	61
	91	61
	92	60
	93	60
	91	60
	92	59
	93	59
	91	59
	92	58
	93	58
	91	58
	92	57
	93	57
	91	57
	94	58
	94	59
	94	57
	95	58
	95	59
	95	57
	96	58
	96	59
	96	57
	97	58
	97	59
	97	57
	98	58
	98	59
	98	57
	99	58
	99	59
	99	57
	100	58
	100	59
	100	57
	101	58
	101	59
	101	57
	102	58
	102	59
	102	57
	103	58
	103	59
	103	57
	104	58
	104	59
	104	57
	105	58
	105	59
	105	57
	106	58
	106	59
	106	57
	107	58
	107	59
	107	57
	108	58
	108	59
	108	57
	109	58
	109	59
	109	57
	110	58
	110	59
	110	57
	111	58
	111	59
	111	57
	112	58
	112	59
	112	57
	113	58
	113	59
	113	57
	114	58
	114	59
	114	57
	115	58
	115	59
	115	57
	116	58
	117	58
	116	59
	116	57
	117	59
	117	57
	118	59
	118	58
	120	58
	121	58
	119	58
	120	59
	120	57
	121	59
	121	57
	119	59
	119	57
	118	57
	120	63
	121	63
	119	63
	120	62
	121	62
	119	62
	120	61
	121	61
	119	61
	120	60
	121	60
	119	60
	140	138
	141	138
	139	138
	140	139
	140	137
	141	139
	141	137
	139	139
	139	137
	142	138
	142	139
	142	137
	143	138
	143	139
	143	137
	144	138
	144	139
	144	137
	145	138
	146	138
	145	139
	145	137
	146	139
	146	137
	147	138
	147	139
	147	137
	148	138
	149	138
	148	139
	148	137
	149	139
	149	137
	150	138
	150	139
	150	137
	138	136
	139	136
	137	136
	138	137
	138	135
	139	135
	137	137
	137	135
	138	134
	139	134
	137	134
	138	133
	139	133
	137	133
	138	138
	137	138
	138	139
	137	139
	138	131
	139	131
	137	131
	138	132
	138	130
	139	132
	139	130
	137	132
	137	130
	138	129
	139	129
	137	129
	138	128
	139	128
	137	128
	138	127
	139	127
	137	127
	138	126
	139	126
	137	126
	138	125
	139	125
	137	125
	138	124
	139	124
	137	124
	138	123
	139	123
	137	123
	138	122
	139	122
	137	122
	137	121
	138	121
	137	120
	138	120
	139	121
	139	120
	138	119
	139	119
	137	119
	138	118
	139	118
	137	118
	138	117
	139	117
	137	117
	138	116
	139	116
	137	116
	138	115
	139	115
	137	115
	138	114
	139	114
	137	114
	138	113
	139	113
	137	113
	138	112
	139	112
	137	112
	138	111
	139	111
	137	111
	138	110
	139	110
	137	110
	138	109
	139	109
	137	109
	138	108
	139	108
	137	108
	138	107
	139	107
	137	107
	138	106
	139	106
	137	106
	138	105
	139	105
	137	105
	138	104
	139	104
	137	104
	138	103
	139	103
	137	103
	138	102
	139	102
	137	102
	138	101
	139	101
	137	101
	138	100
	139	100
	137	100
	138	99
	139	99
	137	99
	138	98
	139	98
	137	98
	138	97
	139	97
	137	97
	138	96
	139	96
	137	96
	138	95
	139	95
	137	95
	138	94
	139	94
	137	94
	138	93
	139	93
	137	93
	138	92
	139	92
	137	92
	138	91
	139	91
	137	91
	138	90
	139	90
	137	90
	138	89
	139	89
	137	89
	138	88
	139	88
	137	88
	138	87
	139	87
	137	87
	138	86
	139	86
	137	86
	138	85
	139	85
	137	85
	139	84
	138	84
	139	83
	138	83
	139	82
	138	82
	139	81
	138	81
	137	83
	137	84
	137	82
	137	81
	138	80
	139	80
	137	80
	138	79
	139	79
	137	79
	140	79
	141	79
	140	80
	140	78
	141	80
	141	78
	139	78
	138	78
	137	78
	142	79
	142	80
	142	78
	143	79
	143	80
	143	78
	144	79
	144	80
	144	78
	145	79
	145	80
	145	78
	146	79
	146	80
	146	78
	147	79
	147	80
	147	78
	148	79
	148	80
	148	78
	149	79
	150	79
	149	80
	149	78
	150	80
	150	78
	152	108
	151	108
	152	109
	152	107
	151	109
	151	107
	152	106
	151	106
	152	105
	151	105
	152	104
	151	104
	150	107
	150	108
	150	106
	150	105
	150	104
	151	103
	152	103
	150	103
	151	102
	152	102
	150	102
	151	101
	152	101
	150	101
	151	100
	152	100
	150	100
	151	99
	152	99
	150	99
	151	98
	152	98
	150	98
	151	97
	152	97
	150	97
	151	96
	152	96
	150	96
	151	95
	152	95
	150	95
	151	94
	152	94
	150	94
	151	93
	152	93
	150	93
	151	92
	152	92
	150	92
	151	91
	152	91
	150	91
	151	90
	152	90
	150	90
	151	89
	152	89
	150	89
	151	88
	152	88
	150	88
	151	87
	152	87
	150	87
	151	86
	152	86
	150	86
	151	85
	152	85
	150	85
	151	84
	152	84
	150	84
	151	83
	152	83
	150	83
	151	82
	152	82
	150	82
	151	81
	152	81
	150	81
	151	80
	152	80
	151	79
	152	79
	152	78
	151	78
	151	136
	152	136
	150	136
	151	137
	151	135
	152	137
	152	135
	150	135
	151	134
	152	134
	150	134
	151	133
	152	133
	150	133
	151	132
	152	132
	150	132
	151	131
	152	131
	150	131
	151	130
	152	130
	150	130
	151	129
	152	129
	150	129
	151	128
	152	128
	150	128
	151	127
	152	127
	150	127
	151	125
	152	125
	150	125
	151	126
	151	124
	152	126
	152	124
	150	126
	150	124
	151	123
	152	123
	150	123
	151	122
	152	122
	150	122
	151	121
	152	121
	150	121
	151	120
	152	120
	150	120
	151	119
	152	119
	150	119
	151	118
	152	118
	150	118
	151	117
	152	117
	150	117
	151	116
	152	116
	150	116
	151	115
	152	115
	150	115
	151	114
	152	114
	150	114
	151	113
	152	113
	150	113
	151	112
	152	112
	150	112
	151	111
	152	111
	150	111
	151	110
	152	110
	150	110
	150	109
	151	138
	152	138
	151	139
	152	139
	34	250
	35	250
	33	250
	34	251
	34	249
	35	251
	33	251
	33	249
	36	250
	36	251
	37	251
	36	252
	37	252
	37	250
	35	252
	38	251
	38	252
	38	250
	39	252
	40	252
	39	253
	39	251
	40	253
	40	251
	38	253
	41	252
	42	252
	41	253
	41	251
	42	253
	42	251
	43	252
	43	253
	43	251
	37	253
	34	252
	35	253
	36	253
	34	253
	40	250
	41	250
	39	250
	42	250
	43	250
	45	251
	46	251
	44	251
	45	252
	45	250
	46	252
	46	250
	44	252
	44	250
	50	252
	51	252
	49	252
	50	253
	50	251
	51	253
	51	251
	49	253
	49	251
	52	252
	53	252
	52	253
	52	251
	53	253
	53	251
	45	253
	46	253
	44	253
	45	254
	46	254
	44	254
	43	254
	47	253
	47	254
	47	252
	57	251
	58	251
	56	251
	57	252
	57	250
	58	252
	58	250
	56	252
	56	250
	54	251
	55	251
	54	252
	54	250
	55	252
	55	250
	53	250
	51	250
	52	250
	50	250
	49	250
	48	251
	48	252
	48	250
	47	251
	47	250
	48	253
	48	254
	49	254
	50	254
	51	254
	52	254
	53	254
	54	253
	54	254
	55	253
	56	253
	55	254
	56	254
	57	253
	58	253
	57	254
	58	254
	59	252
	59	253
	59	251
	61	251
	62	251
	60	251
	61	252
	61	250
	62	252
	62	250
	60	252
	60	250
	64	251
	65	251
	63	251
	64	252
	64	250
	65	252
	65	250
	63	252
	63	250
	59	250
	60	253
	61	253
	62	253
	63	253
	64	253
	65	253
	66	252
	66	253
	66	251
	67	252
	67	253
	67	251
	68	251
	69	251
	68	252
	68	250
	69	252
	69	250
	67	250
	70	250
	70	251
	71	250
	71	251
	70	252
	71	252
	68	253
	69	253
	66	250
	73	251
	74	251
	72	251
	73	252
	73	250
	74	252
	74	250
	72	252
	72	250
	75	251
	75	252
	75	250
	72	253
	73	253
	71	253
	70	253
	71	254
	72	254
	70	254
	73	254
	74	253
	75	253
	74	254
	75	254
	76	253
	76	254
	76	252
	77	253
	77	254
	77	252
	76	251
	77	251
	76	250
	77	250
	78	250
	78	251
	78	249
	78	248
	78	252
	78	253
	79	252
	79	253
	79	251
	80	252
	80	253
	80	251
	79	250
	79	249
	79	248
	80	250
	80	249
	80	248
	79	247
	80	247
	78	247
	79	246
	80	246
	78	246
	79	245
	80	245
	78	245
	79	244
	80	244
	78	244
	79	243
	80	243
	78	243
	79	242
	80	242
	78	242
	80	241
	81	241
	79	241
	80	240
	81	242
	81	240
	79	240
	80	239
	81	239
	79	239
	80	238
	81	238
	79	238
	80	237
	81	237
	79	237
	80	236
	81	236
	79	236
	80	235
	81	235
	79	235
	82	235
	81	234
	82	236
	82	234
	80	234
	81	233
	82	233
	80	233
	81	232
	82	232
	80	232
	80	230
	81	230
	79	230
	80	231
	80	229
	81	231
	81	229
	79	231
	79	229
	80	228
	81	228
	79	228
	80	227
	81	227
	79	227
	80	226
	81	226
	79	226
	80	225
	81	225
	79	225
	79	232
	82	238
	82	239
	82	237
	82	240
	82	241
	82	242
	81	243
	82	243
	78	240
	78	241
	78	239
	78	238
	78	237
	78	236
	78	235
	78	234
	79	234
	79	233
	78	233
	78	232
	78	231
	78	229
	78	230
	78	228
	78	227
	78	226
	78	225
	78	222
	79	222
	78	223
	78	221
	79	223
	79	221
	78	219
	79	219
	78	220
	78	218
	79	220
	79	218
	78	217
	79	217
	78	216
	79	216
	78	224
	79	224
	80	223
	80	224
	80	222
	80	219
	81	219
	80	220
	80	218
	81	220
	81	218
	80	217
	81	217
	80	216
	81	216
	80	215
	81	215
	79	215
	80	214
	81	214
	79	214
	80	213
	81	213
	79	213
	80	212
	81	212
	79	212
	80	211
	81	211
	79	211
	80	210
	81	210
	79	210
	80	209
	81	209
	79	209
	80	208
	81	208
	79	208
	80	221
	81	221
	81	222
	81	223
	78	209
	78	210
	78	208
	79	205
	80	205
	78	205
	79	206
	79	204
	80	206
	80	204
	78	206
	78	204
	79	203
	80	203
	78	203
	79	202
	80	202
	78	202
	79	201
	80	201
	78	201
	79	207
	80	207
	78	207
	78	211
	78	212
	78	213
	78	214
	78	215
	82	208
	81	207
	82	209
	82	207
	81	205
	82	205
	81	206
	81	204
	82	206
	82	204
	81	203
	82	203
	81	202
	82	202
	81	201
	82	201
	81	200
	82	200
	80	200
	81	199
	82	199
	80	199
	81	198
	82	198
	80	198
	81	197
	82	197
	80	197
	81	196
	82	196
	80	196
	81	195
	82	195
	80	195
	81	194
	82	194
	80	194
	81	193
	82	193
	80	193
	81	192
	82	192
	80	192
	81	191
	82	191
	80	191
	79	196
	78	196
	79	197
	79	195
	78	197
	78	195
	79	198
	78	198
	79	200
	78	200
	79	199
	78	199
	78	193
	79	193
	78	194
	78	192
	79	194
	79	192
	78	190
	79	190
	78	191
	78	189
	79	191
	79	189
	78	188
	79	188
	78	187
	79	187
	78	186
	79	186
	80	186
	79	185
	80	187
	80	185
	78	185
	80	188
	80	189
	80	190
	81	190
	81	189
	81	186
	81	187
	81	185
	80	182
	81	182
	79	182
	80	183
	80	181
	81	183
	81	181
	79	183
	79	181
	80	179
	81	179
	79	179
	80	180
	80	178
	81	180
	81	178
	79	180
	79	178
	80	177
	81	177
	79	177
	82	178
	82	179
	82	177
	82	180
	82	181
	82	183
	81	184
	82	184
	82	182
	80	184
	82	185
	82	186
	78	180
	78	181
	78	179
	79	176
	80	176
	78	176
	79	175
	80	175
	78	177
	78	175
	79	174
	80	174
	78	174
	79	173
	80	173
	78	173
	78	178
	78	182
	78	183
	79	184
	78	184
	78	171
	79	171
	78	172
	78	170
	79	172
	79	170
	80	171
	80	172
	80	170
	79	166
	80	166
	78	166
	79	167
	79	165
	80	167
	80	165
	78	167
	78	165
	79	164
	80	164
	78	164
	79	163
	80	163
	78	163
	81	171
	81	172
	81	170
	81	173
	81	174
	81	175
	80	168
	81	168
	79	168
	80	169
	81	169
	81	167
	79	169
	80	162
	81	162
	79	162
	80	161
	81	163
	81	161
	79	161
	80	158
	81	158
	79	158
	80	159
	80	157
	81	159
	81	157
	79	159
	79	157
	78	158
	78	159
	78	157
	81	164
	78	169
	78	161
	79	160
	80	160
	78	162
	78	160
	81	166
	81	176
	79	156
	80	156
	78	156
	78	168
	82	157
	81	156
	82	158
	82	156
	82	159
	81	160
	82	160
	82	161
	82	162
	82	163
	82	164
	81	165
	82	165
	82	166
	80	152
	81	152
	79	152
	80	153
	80	151
	81	153
	81	151
	79	153
	79	151
	80	148
	81	148
	79	148
	80	149
	80	147
	81	149
	81	147
	79	149
	79	147
	80	146
	81	146
	79	146
	80	145
	81	145
	79	145
	80	144
	81	144
	79	144
	80	143
	81	143
	79	143
	80	142
	81	142
	79	142
	80	141
	81	141
	79	141
	80	140
	81	140
	79	140
	80	150
	81	150
	79	150
	80	154
	81	154
	79	154
	80	155
	81	155
	79	155
	82	155
	82	154
	82	153
	82	152
	82	151
	78	147
	78	148
	78	146
	78	145
	78	149
	78	152
	78	153
	78	151
	78	150
	78	154
	78	155
	78	144
	80	139
	81	139
	79	139
	81	138
	82	138
	80	138
	81	137
	82	139
	82	137
	80	137
	82	140
	82	141
	82	142
	82	143
	78	143
	78	140
	78	141
	78	139
	78	136
	79	136
	78	137
	78	135
	79	137
	79	135
	78	134
	79	134
	79	138
	78	138
	78	142
	79	132
	80	132
	78	132
	79	133
	79	131
	80	133
	80	131
	78	133
	78	131
	79	130
	80	130
	78	130
	79	129
	80	129
	78	129
	80	136
	80	135
	79	128
	80	128
	78	128
	79	123
	80	123
	78	123
	79	124
	79	122
	80	124
	80	122
	78	124
	78	122
	79	119
	80	119
	78	119
	79	120
	79	118
	80	120
	80	118
	78	120
	78	118
	81	122
	80	121
	81	123
	81	121
	79	121
	81	129
	81	130
	81	128
	81	133
	82	133
	81	134
	81	132
	82	134
	82	132
	80	134
	81	135
	82	135
	81	136
	82	136
	81	131
	82	131
	82	130
	81	124
	79	117
	80	117
	78	117
	79	116
	80	116
	78	116
	79	114
	80	114
	78	114
	79	115
	79	113
	80	115
	80	113
	78	115
	78	113
	80	125
	81	125
	79	125
	79	126
	80	126
	78	126
	79	127
	80	127
	78	127
	78	125
	78	121
	81	126
	81	127
	82	127
	82	128
	82	126
	82	123
	82	124
	82	122
	81	116
	81	117
	81	115
	79	109
	80	109
	78	109
	79	110
	79	108
	80	110
	80	108
	78	110
	78	108
	79	106
	80	106
	78	106
	79	107
	79	105
	80	107
	80	105
	78	107
	78	105
	79	112
	80	112
	78	112
	79	111
	80	111
	78	111
	81	111
	81	112
	81	110
	80	104
	81	104
	79	104
	80	103
	81	105
	81	103
	79	103
	80	101
	81	101
	79	101
	80	102
	80	100
	81	102
	81	100
	79	102
	79	100
	81	106
	81	107
	78	104
	78	103
	78	101
	78	102
	78	100
	78	99
	79	99
	78	98
	79	98
	80	98
	79	97
	80	99
	80	97
	78	97
	79	96
	80	96
	78	96
	79	95
	80	95
	78	95
	79	93
	80	93
	78	93
	79	94
	79	92
	80	94
	80	92
	78	94
	78	92
	79	91
	80	91
	78	91
	79	90
	80	90
	78	90
	81	90
	80	89
	81	91
	81	89
	79	89
	81	92
	81	93
	81	96
	81	97
	81	95
	81	99
	81	98
	81	94
	78	89
	79	86
	80	86
	78	86
	79	87
	79	85
	80	87
	80	85
	78	87
	78	85
	79	84
	80	84
	78	84
	79	83
	80	83
	78	83
	81	86
	81	87
	81	85
	80	88
	81	88
	79	88
	80	82
	81	82
	79	82
	80	81
	81	83
	81	81
	79	81
	80	80
	81	80
	79	80
	80	79
	81	79
	79	79
	80	78
	81	78
	79	78
	80	77
	81	77
	79	77
	80	76
	81	76
	79	76
	78	88
	78	78
	78	79
	78	77
	79	73
	80	73
	78	73
	79	74
	79	72
	80	74
	80	72
	78	74
	78	72
	79	71
	80	71
	78	71
	79	70
	80	70
	78	70
	79	75
	80	75
	78	75
	81	84
	82	84
	82	85
	82	83
	82	86
	82	87
	82	82
	82	81
	81	75
	81	74
	81	73
	78	81
	78	82
	78	80
	78	68
	79	68
	78	69
	78	67
	79	69
	79	67
	78	76
	80	68
	80	69
	80	67
	79	66
	80	66
	78	66
	81	71
	81	72
	81	70
	79	63
	80	63
	78	63
	79	64
	79	62
	80	64
	80	62
	78	64
	78	62
	78	57
	79	57
	78	58
	78	56
	79	58
	79	56
	79	61
	80	61
	78	61
	79	60
	80	60
	78	60
	79	65
	80	65
	78	65
	81	67
	81	68
	81	66
	81	65
	80	58
	79	59
	80	59
	80	57
	78	59
	80	56
	78	55
	79	55
	78	54
	79	54
	81	69
	81	64
	81	63
	80	55
	80	54
	79	49
	80	49
	78	49
	79	50
	79	48
	80	50
	80	48
	78	50
	78	48
	79	46
	80	46
	78	46
	79	47
	79	45
	80	47
	80	45
	78	47
	78	45
	79	51
	80	51
	78	51
	78	53
	79	53
	78	52
	79	52
	80	53
	80	52
	81	58
	81	59
	81	57
	81	53
	81	54
	81	52
	81	61
	82	61
	81	62
	81	60
	82	62
	82	60
	79	44
	80	44
	78	44
	79	43
	80	43
	78	43
	77	44
	77	45
	77	43
	77	46
	76	43
	77	42
	78	42
	76	44
	76	42
	76	46
	76	45
	75	43
	75	44
	75	42
	76	41
	77	41
	75	41
	75	45
	75	46
	74	46
	74	45
	73	44
	74	44
	72	44
	73	45
	73	43
	74	43
	72	45
	72	43
	71	43
	72	42
	73	42
	71	44
	71	42
	72	41
	73	41
	71	41
	74	42
	73	46
	72	46
	71	45
	70	45
	71	46
	70	46
	70	44
	68	44
	69	44
	67	44
	68	45
	68	43
	69	45
	69	43
	67	45
	67	43
	66	44
	65	44
	66	45
	66	43
	65	45
	65	43
	64	44
	64	45
	64	43
	63	44
	62	44
	63	45
	63	43
	62	45
	62	43
	60	44
	61	44
	59	44
	60	45
	60	43
	61	45
	61	43
	59	45
	59	43
	57	44
	58	44
	56	44
	57	45
	57	43
	58	45
	58	43
	56	45
	56	43
	55	44
	55	45
	55	43
	54	44
	53	44
	54	45
	54	43
	53	45
	53	43
	51	44
	52	44
	50	44
	51	45
	51	43
	52	45
	52	43
	50	45
	50	43
	48	44
	49	44
	47	44
	48	45
	48	43
	49	45
	49	43
	47	45
	47	43
	46	44
	45	44
	46	45
	46	43
	45	45
	45	43
	44	44
	44	45
	44	43
	43	44
	42	44
	43	45
	43	43
	42	45
	42	43
	41	44
	40	44
	41	45
	41	43
	40	45
	40	43
	39	44
	38	44
	39	45
	39	43
	38	45
	38	43
	37	44
	37	45
	37	43
	36	44
	36	45
	36	43
	35	44
	35	45
	35	43
	36	46
	37	46
	35	46
	34	46
	34	47
	34	45
	38	46
	39	46
	40	46
	41	46
	42	46
	43	46
	45	46
	46	46
	44	46
	48	46
	49	46
	47	46
	50	46
	51	46
	52	46
	53	46
	54	46
	58	46
	59	46
	57	46
	62	46
	63	46
	61	46
	64	46
	66	46
	67	46
	65	46
	68	46
	69	46
	60	46
	56	46
	55	46
	70	43
	70	42
	69	42
	68	42
	67	42
	66	42
	65	42
	64	42
	63	42
	62	42
	61	42
	60	42
	59	42
	58	42
	56	42
	57	42
	55	42
	54	42
	53	42
	52	42
	51	42
	49	42
	50	42
	48	42
	46	42
	47	42
	45	42
	44	42
	43	42
	42	42
	41	42
	40	42
	39	42
	38	42
	37	42
	36	42
	35	42
	34	44
	34	43
	33	44
	33	45
	33	43
	32	44
	32	45
	32	43
	31	44
	31	45
	31	43
	32	46
	33	46
	31	46
	32	47
	33	47
	31	47
	32	48
	33	48
	31	48
	32	49
	33	49
	31	49
	32	50
	33	50
	31	50
	32	51
	33	51
	31	51
	30	51
	31	52
	32	52
	30	52
	30	50
	31	53
	32	53
	30	53
	31	54
	32	54
	30	54
	31	55
	32	55
	30	55
	31	56
	32	56
	30	56
	31	57
	32	57
	30	57
	31	58
	32	58
	30	58
	30	49
	30	48
	34	48
	34	49
	34	51
	34	52
	34	50
	33	52
	34	54
	33	54
	34	55
	34	53
	33	55
	33	53
	34	56
	33	56
	34	57
	33	57
	33	58
	34	58
	33	63
	34	63
	32	63
	33	64
	33	62
	34	64
	34	62
	32	64
	32	62
	34	67
	33	67
	34	68
	34	66
	33	68
	33	66
	34	69
	33	69
	34	70
	33	70
	33	65
	34	65
	32	65
	32	66
	33	61
	34	61
	32	61
	32	68
	32	69
	32	67
	31	63
	31	64
	31	62
	32	59
	33	59
	31	59
	31	65
	31	66
	31	67
	33	60
	34	60
	32	60
	34	59
	31	61
	31	60
	33	72
	34	72
	32	72
	33	73
	33	71
	34	73
	34	71
	32	73
	32	71
	33	74
	34	74
	32	74
	32	70
	31	72
	31	73
	31	71
	31	74
	30	72
	30	73
	30	71
	30	69
	31	69
	29	69
	30	70
	30	68
	31	70
	31	68
	29	70
	29	68
	30	67
	29	67
	30	66
	29	66
	29	71
	29	72
	29	73
	33	78
	34	78
	32	78
	33	79
	33	77
	34	79
	34	77
	32	79
	32	77
	33	80
	34	80
	32	80
	33	81
	34	81
	32	81
	33	76
	34	76
	32	76
	33	75
	34	75
	32	75
	31	75
	31	76
	31	79
	30	79
	31	80
	31	78
	30	80
	30	78
	30	82
	31	82
	29	82
	30	83
	30	81
	31	83
	31	81
	29	83
	29	81
	30	84
	31	84
	29	84
	29	78
	30	77
	31	77
	29	79
	29	77
	30	75
	29	75
	30	76
	30	74
	29	76
	29	74
	33	82
	34	82
	32	82
	34	83
	33	83
	34	85
	33	85
	34	86
	34	84
	33	86
	33	84
	34	87
	33	87
	34	88
	33	88
	34	89
	33	89
	34	90
	33	90
	34	91
	33	91
	34	92
	33	92
	34	93
	33	93
	34	95
	33	95
	34	96
	34	94
	33	96
	33	94
	34	97
	33	97
	34	98
	33	98
	34	99
	33	99
	34	100
	33	100
	34	102
	33	102
	34	103
	34	101
	33	103
	33	101
	34	105
	33	105
	34	106
	34	104
	33	106
	33	104
	34	107
	33	107
	34	108
	33	108
	34	110
	33	110
	34	111
	34	109
	33	111
	33	109
	34	112
	33	112
	34	113
	33	113
	34	114
	33	114
	34	116
	33	116
	34	117
	34	115
	33	117
	33	115
	34	118
	33	118
	34	119
	33	119
	34	120
	33	120
	34	121
	33	121
	34	122
	33	122
	34	123
	33	123
	34	124
	33	124
	34	125
	33	125
	34	127
	33	127
	34	128
	34	126
	33	128
	33	126
	33	129
	34	129
	32	129
	33	130
	34	130
	32	130
	32	128
	33	131
	34	131
	32	131
	33	132
	34	132
	32	132
	33	133
	34	133
	32	133
	33	134
	34	134
	32	134
	33	135
	34	135
	32	135
	33	136
	34	136
	32	136
	33	137
	34	137
	32	137
	31	136
	31	137
	31	135
	31	134
	31	133
	31	132
	31	131
	31	130
	31	129
	31	128
	32	127
	31	127
	32	126
	31	126
	32	125
	31	125
	32	124
	31	124
	32	123
	31	123
	32	122
	31	122
	31	121
	32	121
	30	121
	31	120
	32	120
	30	122
	30	120
	31	119
	32	119
	30	119
	31	118
	32	118
	30	118
	31	116
	32	116
	30	116
	31	117
	31	115
	32	117
	32	115
	30	117
	30	115
	31	114
	32	114
	30	114
	31	113
	32	113
	30	113
	31	112
	32	112
	30	112
	29	112
	30	111
	31	111
	29	113
	29	111
	30	110
	31	110
	29	110
	30	109
	31	109
	29	109
	30	108
	31	108
	29	108
	30	107
	31	107
	29	107
	30	106
	31	106
	29	106
	30	105
	31	105
	29	105
	30	103
	31	103
	29	103
	30	104
	30	102
	31	104
	31	102
	29	104
	29	102
	30	101
	31	101
	29	101
	30	100
	31	100
	29	100
	30	98
	31	98
	29	98
	30	99
	30	97
	31	99
	31	97
	29	99
	29	97
	30	96
	31	96
	29	96
	30	95
	31	95
	29	95
	30	94
	31	94
	29	94
	30	92
	31	92
	29	92
	30	93
	30	91
	31	93
	31	91
	29	93
	29	91
	31	90
	32	90
	30	90
	31	89
	32	91
	32	89
	30	89
	31	87
	32	87
	30	87
	31	88
	31	86
	32	88
	32	86
	30	88
	30	86
	32	84
	31	85
	32	85
	32	83
	30	85
	29	87
	29	88
	29	86
	29	85
	29	89
	29	90
	32	97
	32	98
	32	96
	32	99
	32	100
	32	101
	32	103
	32	104
	32	102
	32	105
	32	106
	32	107
	32	92
	32	93
	32	94
	32	95
	32	108
	32	110
	32	111
	32	109
	29	114
	29	115
	29	116
	29	118
	29	119
	29	117
	29	120
	29	121
	29	122
	30	123
	29	123
	30	124
	29	124
	30	125
	29	125
	30	126
	29	126
	30	127
	29	127
	30	128
	29	128
	30	129
	29	129
	30	130
	29	130
	30	131
	29	131
	30	132
	29	132
	30	133
	29	133
	30	134
	29	134
	30	135
	29	135
	30	136
	29	136
	30	137
	29	137
	30	138
	31	138
	29	138
	30	139
	31	139
	29	139
	30	140
	31	140
	29	140
	30	142
	31	142
	29	142
	30	143
	30	141
	31	143
	31	141
	29	143
	29	141
	30	144
	31	144
	29	144
	30	145
	31	145
	29	145
	30	146
	31	146
	29	146
	30	147
	31	147
	29	147
	30	149
	31	149
	29	149
	30	150
	30	148
	31	150
	31	148
	29	150
	29	148
	30	152
	31	152
	29	152
	30	153
	30	151
	31	153
	31	151
	29	153
	29	151
	30	154
	31	154
	29	154
	30	155
	31	155
	29	155
	30	156
	31	156
	29	156
	33	138
	34	138
	32	138
	33	139
	34	139
	32	139
	33	140
	34	140
	32	140
	33	141
	34	141
	32	141
	33	142
	34	142
	32	142
	33	143
	34	143
	32	143
	33	144
	34	144
	32	144
	33	145
	34	145
	32	145
	33	146
	34	146
	32	146
	33	147
	34	147
	32	147
	33	148
	34	148
	32	148
	33	149
	34	149
	32	149
	33	150
	34	150
	32	150
	33	151
	34	151
	32	151
	33	152
	34	152
	32	152
	33	153
	34	153
	32	153
	33	155
	34	155
	32	155
	33	156
	33	154
	34	156
	34	154
	32	156
	32	154
	33	158
	34	158
	32	158
	33	159
	33	157
	34	159
	34	157
	32	159
	32	157
	33	160
	34	160
	32	160
	33	161
	34	161
	32	161
	33	162
	34	162
	32	162
	33	163
	34	163
	32	163
	33	164
	34	164
	32	164
	33	165
	34	165
	32	165
	33	166
	34	166
	32	166
	33	167
	34	167
	32	167
	33	169
	34	169
	32	169
	33	170
	33	168
	34	170
	34	168
	32	170
	32	168
	30	157
	31	157
	29	157
	30	159
	31	159
	29	159
	30	160
	30	158
	31	160
	31	158
	29	160
	29	158
	30	162
	31	162
	29	162
	30	163
	30	161
	31	163
	31	161
	29	163
	29	161
	31	166
	30	166
	31	167
	31	165
	30	167
	30	165
	31	168
	30	168
	31	169
	30	169
	31	170
	30	170
	31	171
	32	171
	30	171
	31	173
	32	173
	30	173
	31	174
	31	172
	32	174
	32	172
	30	174
	30	172
	31	175
	32	175
	30	175
	31	176
	32	176
	30	176
	31	178
	32	178
	30	178
	31	179
	31	177
	32	179
	32	177
	30	179
	30	177
	31	181
	32	181
	30	181
	31	182
	31	180
	32	182
	32	180
	30	182
	30	180
	31	184
	32	184
	30	184
	31	185
	31	183
	32	185
	32	183
	30	185
	30	183
	31	188
	32	188
	30	188
	31	189
	31	187
	32	189
	32	187
	30	189
	30	187
	31	191
	32	191
	30	191
	31	192
	31	190
	32	192
	32	190
	30	192
	30	190
	31	193
	32	193
	30	193
	31	194
	32	194
	30	194
	29	165
	30	164
	31	164
	29	166
	29	164
	29	169
	29	170
	29	168
	29	171
	28	171
	29	172
	28	172
	28	170
	29	173
	28	173
	29	174
	28	174
	29	175
	28	175
	29	176
	28	176
	29	177
	28	177
	29	178
	28	178
	29	179
	28	179
	29	180
	28	180
	29	181
	28	181
	29	182
	28	182
	29	183
	28	183
	28	185
	29	185
	27	185
	28	186
	28	184
	29	186
	29	184
	27	186
	27	184
	28	188
	29	188
	27	188
	28	189
	28	187
	29	189
	29	187
	27	189
	27	187
	28	192
	29	192
	27	192
	28	193
	28	191
	29	193
	29	191
	27	193
	27	191
	28	195
	29	195
	27	195
	28	196
	28	194
	29	196
	29	194
	27	196
	27	194
	28	197
	29	197
	27	197
	28	198
	29	198
	27	198
	28	199
	29	199
	27	199
	28	200
	29	200
	27	200
	28	201
	29	201
	27	201
	30	201
	31	201
	30	202
	30	200
	31	202
	31	200
	29	202
	30	199
	31	199
	30	198
	31	198
	30	195
	31	195
	29	190
	30	186
	31	186
	30	196
	30	197
	31	197
	32	197
	31	196
	32	198
	32	196
	32	199
	32	195
	33	195
	33	196
	33	194
	33	189
	33	190
	33	188
	33	182
	33	183
	33	181
	33	177
	33	178
	33	176
	33	173
	34	173
	33	174
	33	172
	34	174
	34	172
	33	171
	34	171
	34	175
	33	175
	34	176
	34	177
	34	178
	34	179
	34	180
	34	181
	34	182
	34	183
	34	184
	34	185
	34	186
	34	187
	34	188
	34	189
	34	190
	34	192
	33	192
	34	193
	34	191
	33	193
	33	191
	34	194
	34	195
	34	196
	33	197
	34	197
	33	198
	34	198
	33	199
	34	199
	33	200
	34	200
	32	200
	33	187
	33	185
	33	186
	33	184
	32	186
	33	180
	33	179
	33	201
	34	201
	32	201
	33	202
	34	202
	32	202
	33	203
	34	203
	32	203
	33	204
	34	204
	32	204
	31	204
	32	205
	33	205
	31	205
	31	203
	32	206
	33	206
	31	206
	32	207
	33	207
	31	207
	32	208
	33	208
	31	208
	32	210
	33	210
	31	210
	32	211
	32	209
	33	211
	33	209
	31	211
	31	209
	30	211
	31	212
	32	212
	30	212
	30	210
	31	213
	32	213
	30	213
	31	214
	32	214
	30	214
	31	215
	32	215
	30	215
	31	216
	32	216
	30	216
	31	217
	32	217
	30	217
	31	218
	32	218
	30	218
	31	219
	32	219
	30	219
	31	220
	32	220
	30	220
	31	222
	32	222
	30	222
	31	223
	31	221
	32	223
	32	221
	30	223
	30	221
	31	225
	32	225
	30	225
	31	226
	31	224
	32	226
	32	224
	30	226
	30	224
	31	228
	32	228
	30	228
	31	229
	31	227
	32	229
	32	227
	30	229
	30	227
	31	231
	32	231
	30	231
	31	232
	31	230
	32	232
	32	230
	30	232
	30	230
	31	234
	32	234
	30	234
	31	235
	31	233
	32	235
	32	233
	30	235
	30	233
	31	236
	32	236
	30	236
	31	237
	32	237
	30	237
	31	238
	32	238
	30	238
	31	239
	32	239
	30	239
	31	240
	32	240
	30	240
	31	241
	32	241
	30	241
	31	244
	32	244
	30	244
	31	245
	31	243
	32	245
	32	243
	30	245
	30	243
	31	246
	32	246
	30	246
	31	247
	32	247
	30	247
	31	249
	32	249
	30	249
	31	250
	31	248
	32	250
	32	248
	30	250
	30	248
	31	251
	32	251
	30	251
	32	252
	33	252
	31	252
	32	253
	33	253
	31	253
	32	254
	33	254
	31	254
	34	254
	33	248
	34	248
	33	247
	34	247
	33	246
	34	246
	33	245
	34	245
	33	244
	34	244
	33	243
	34	243
	33	241
	34	241
	33	242
	33	240
	34	242
	34	240
	32	242
	33	238
	34	238
	33	239
	33	237
	34	239
	34	237
	33	236
	34	236
	33	235
	34	235
	33	234
	34	234
	33	233
	34	233
	33	232
	34	232
	33	231
	34	231
	33	229
	33	230
	33	228
	33	227
	33	226
	30	209
	34	205
	34	206
	34	207
	34	208
	34	209
	34	210
	34	211
	34	212
	34	213
	34	214
	34	215
	34	216
	34	217
	34	218
	34	219
	34	220
	33	220
	34	221
	33	221
	33	219
	34	222
	33	222
	34	223
	33	223
	34	224
	33	224
	34	225
	33	225
	34	226
	34	227
	34	228
	34	229
	34	230
	33	217
	33	218
	33	216
	33	214
	33	215
	33	213
	33	212
	30	208
	30	205
	29	205
	30	206
	30	204
	29	206
	29	204
	30	203
	29	203
	30	207
	29	207
	29	209
	29	210
	29	208
	29	211
	29	212
	29	213
	29	214
	29	215
	29	216
	29	217
	29	219
	29	220
	29	218
	29	224
	29	225
	29	223
	29	228
	29	229
	29	227
	29	230
	28	230
	29	231
	28	231
	28	229
	29	232
	28	232
	29	233
	28	233
	29	234
	28	234
	29	236
	28	236
	29	237
	29	235
	28	237
	28	235
	29	239
	29	240
	29	238
	29	241
	30	242
	31	242
	29	242
	29	243
	29	244
	89	254
	90	254
	88	254
	89	255
	89	253
	90	255
	90	253
	88	255
	88	253
	89	252
	90	252
	88	252
	89	249
	90	249
	88	249
	89	250
	89	248
	90	250
	90	248
	88	250
	88	248
	89	244
	90	244
	88	244
	89	245
	89	243
	90	245
	90	243
	88	245
	88	243
	89	240
	90	240
	88	240
	89	241
	89	239
	90	241
	90	239
	88	241
	88	239
	90	236
	91	236
	89	236
	90	237
	90	235
	91	237
	91	235
	89	237
	89	235
	90	233
	91	233
	89	233
	90	234
	90	232
	91	234
	91	232
	89	234
	89	232
	90	231
	91	231
	89	231
	90	230
	91	230
	89	230
	90	228
	91	228
	89	228
	90	229
	90	227
	91	229
	91	227
	89	229
	89	227
	90	225
	91	225
	89	225
	90	226
	90	224
	91	226
	91	224
	89	226
	89	224
	91	223
	90	223
	91	222
	90	222
	91	220
	90	220
	91	221
	91	219
	90	221
	90	219
	91	218
	90	218
	91	217
	90	217
	91	215
	90	215
	91	216
	91	214
	90	216
	90	214
	91	213
	90	213
	91	212
	90	212
	91	211
	90	211
	91	239
	91	240
	91	238
	90	238
	91	241
	90	242
	91	242
	89	242
	91	243
	91	244
	91	245
	90	247
	91	247
	89	247
	90	246
	91	248
	91	246
	89	246
	89	251
	90	251
	88	251
	89	256
	90	256
	88	256
	91	251
	91	252
	91	250
	91	253
	91	254
	91	249
	89	238
	88	230
	88	231
	88	229
	88	228
	88	227
	88	226
	88	225
	88	224
	89	222
	88	222
	89	223
	89	221
	88	223
	88	221
	89	220
	88	220
	89	219
	88	219
	89	217
	88	217
	89	218
	89	216
	88	218
	88	216
	89	215
	88	215
	89	214
	88	214
	89	213
	88	213
	89	212
	88	212
	89	210
	90	210
	88	210
	89	211
	89	209
	90	209
	88	211
	88	209
	89	208
	90	208
	88	208
	89	207
	90	207
	88	207
	89	206
	90	206
	88	206
	89	205
	90	205
	88	205
	89	204
	90	204
	88	204
	89	203
	90	203
	88	203
	89	202
	90	202
	88	202
	89	201
	90	201
	88	201
	89	200
	90	200
	88	200
	89	199
	90	199
	88	199
	89	198
	90	198
	88	198
	91	202
	91	203
	91	201
	91	204
	91	205
	91	206
	91	207
	91	208
	91	209
	91	210
	91	200
	91	199
	91	198
	89	196
	90	196
	88	196
	89	197
	89	195
	90	197
	90	195
	88	197
	88	195
	89	194
	90	194
	88	194
	89	193
	90	193
	88	193
	89	191
	90	191
	88	191
	89	192
	89	190
	90	192
	90	190
	88	192
	88	190
	89	189
	90	189
	88	189
	89	188
	90	188
	88	188
	89	187
	90	187
	88	187
	89	186
	90	186
	88	186
	89	185
	90	185
	88	185
	89	184
	90	184
	88	184
	89	183
	90	183
	88	183
	89	182
	90	182
	88	182
	89	181
	90	181
	88	181
	89	180
	90	180
	88	180
	91	181
	91	182
	91	180
	90	179
	91	179
	89	179
	91	183
	91	184
	91	187
	91	188
	91	186
	91	190
	91	191
	91	189
	91	192
	91	193
	91	194
	91	195
	91	196
	91	197
	91	185
	92	180
	92	179
	89	178
	90	178
	88	178
	89	177
	90	177
	88	179
	88	177
	89	176
	90	176
	88	176
	91	177
	91	178
	91	176
	92	177
	92	178
	92	176
	95	177
	96	177
	94	177
	95	178
	95	176
	96	178
	96	176
	94	178
	94	176
	97	177
	98	177
	97	178
	97	176
	98	178
	98	176
	99	177
	100	177
	99	178
	99	176
	100	178
	100	176
	101	177
	102	177
	101	178
	101	176
	102	178
	102	176
	103	177
	104	177
	103	178
	103	176
	104	178
	104	176
	105	177
	106	177
	105	178
	105	176
	106	178
	106	176
	107	177
	108	177
	107	178
	107	176
	108	178
	108	176
	110	177
	111	177
	109	177
	110	178
	110	176
	111	178
	111	176
	109	178
	109	176
	112	177
	113	177
	112	178
	112	176
	113	178
	113	176
	115	177
	116	177
	114	177
	115	178
	115	176
	116	178
	116	176
	114	178
	114	176
	118	178
	119	178
	117	178
	118	179
	118	177
	119	179
	119	177
	117	179
	117	177
	120	178
	121	178
	120	179
	120	177
	121	179
	121	177
	122	178
	123	178
	122	179
	122	177
	123	179
	123	177
	124	178
	124	179
	124	177
	125	178
	125	179
	125	177
	124	180
	125	180
	123	180
	126	179
	126	180
	126	178
	122	180
	121	180
	116	179
	117	180
	118	180
	116	180
	113	179
	114	179
	112	179
	113	180
	114	180
	112	180
	111	179
	110	179
	111	180
	110	180
	108	179
	109	179
	107	179
	108	180
	109	180
	107	180
	106	179
	105	179
	103	179
	104	179
	102	179
	101	179
	100	179
	99	179
	98	179
	97	179
	96	179
	95	179
	94	179
	93	178
	93	179
	93	177
	93	180
	95	180
	96	180
	94	180
	98	180
	99	180
	97	180
	101	180
	102	180
	100	180
	104	180
	105	180
	103	180
	106	180
	115	180
	115	179
	119	180
	120	180
	126	177
	127	177
	126	176
	127	178
	127	176
	125	176
	124	176
	123	176
	122	176
	121	176
	120	176
	119	176
	118	176
	117	176
	127	179
	128	179
	127	180
	128	180
	128	178
	129	179
	129	180
	129	178
	130	179
	130	180
	130	178
	128	181
	129	181
	128	182
	129	182
	128	177
	128	176
	129	177
	129	176
	130	177
	131	177
	130	176
	131	178
	131	176
	131	179
	131	180
	130	181
	131	181
	130	182
	131	182
	130	183
	131	183
	129	183
	130	184
	131	184
	129	184
	130	185
	131	185
	129	185
	130	186
	131	186
	129	186
	130	187
	131	187
	129	187
	130	188
	131	188
	129	188
	130	189
	131	189
	129	189
	130	190
	131	190
	129	190
	130	191
	131	191
	129	191
	130	192
	131	192
	129	192
	130	193
	131	193
	129	193
	130	194
	131	194
	129	194
	130	195
	131	195
	129	195
	130	197
	131	197
	129	197
	130	198
	130	196
	131	198
	131	196
	129	198
	129	196
	130	199
	131	199
	129	199
	130	201
	131	201
	129	201
	130	202
	130	200
	131	202
	131	200
	129	202
	129	200
	130	204
	131	204
	129	204
	130	205
	130	203
	131	205
	131	203
	129	205
	129	203
	130	206
	131	206
	129	206
	130	207
	131	207
	129	207
	130	209
	131	209
	129	209
	130	210
	130	208
	131	210
	131	208
	129	210
	129	208
	130	211
	131	211
	129	211
	130	213
	131	213
	129	213
	130	214
	130	212
	131	214
	131	212
	129	214
	129	212
	130	215
	131	215
	129	215
	130	216
	131	216
	129	216
	130	217
	131	217
	129	217
	130	218
	131	218
	129	218
	130	219
	131	219
	129	219
	128	183
	128	184
	128	185
	128	186
	128	188
	128	189
	128	187
	128	190
	128	191
	128	192
	128	193
	128	194
	128	195
	128	196
	128	197
	128	198
	128	211
	128	212
	128	210
	128	213
	128	214
	128	215
	128	216
	128	217
	128	218
	128	219
	128	220
	129	220
	128	221
	129	221
	128	209
	128	208
	128	207
	128	206
	128	204
	128	205
	128	203
	128	202
	128	201
	128	200
	128	199
	130	220
	131	220
	130	221
	131	221
	130	222
	131	222
	129	222
	130	223
	131	223
	129	223
	130	224
	131	224
	129	224
	130	225
	131	225
	129	225
	130	226
	131	226
	129	226
	130	227
	131	227
	129	227
	130	228
	131	228
	129	228
	130	230
	131	230
	129	230
	130	231
	130	229
	131	231
	131	229
	129	231
	129	229
	130	232
	131	232
	129	232
	130	233
	131	233
	129	233
	130	234
	131	234
	129	234
	130	235
	131	235
	129	235
	130	236
	131	236
	129	236
	130	237
	131	237
	129	237
	130	239
	131	239
	129	239
	130	240
	130	238
	131	240
	131	238
	129	240
	129	238
	130	241
	131	241
	129	241
	130	242
	131	242
	129	242
	130	243
	131	243
	129	243
	130	244
	131	244
	129	244
	130	245
	131	245
	129	245
	130	246
	131	246
	129	246
	130	247
	131	247
	129	247
	130	248
	131	248
	129	248
	130	249
	131	249
	129	249
	130	250
	131	250
	129	250
	130	251
	131	251
	129	251
	130	252
	131	252
	129	252
	130	253
	131	253
	129	253
	130	254
	131	254
	129	254
	130	255
	131	255
	129	255
	130	256
	131	256
	129	256
	130	257
	131	257
	129	257
	128	254
	128	255
	128	253
	127	255
	128	252
	128	251
	128	250
	128	249
	128	248
	128	247
	128	246
	128	245
	128	244
	128	243
	128	242
	128	241
	128	240
	128	239
	128	238
	128	237
	128	236
	128	235
	128	234
	128	233
	128	232
	128	231
	128	230
	128	229
	128	228
	128	227
	128	226
	128	225
	128	224
	128	223
	128	222
	128	257
	129	258
	130	258
	128	258
	128	256
	127	257
	127	258
	127	256
	126	257
	126	258
	126	256
	125	257
	125	258
	125	256
	124	257
	123	257
	124	258
	124	256
	123	258
	123	256
	122	257
	122	258
	122	256
	121	257
	120	257
	121	258
	121	256
	120	258
	120	256
	119	257
	118	257
	119	258
	119	256
	118	258
	118	256
	117	256
	116	256
	117	257
	117	255
	118	255
	116	257
	116	255
	114	256
	115	256
	113	256
	114	257
	114	255
	115	257
	115	255
	113	257
	113	255
	112	256
	111	256
	112	257
	112	255
	111	257
	111	255
	109	256
	110	256
	108	256
	109	257
	109	255
	110	257
	110	255
	108	257
	108	255
	105	256
	106	256
	104	256
	105	257
	105	255
	106	257
	106	255
	104	257
	104	255
	103	256
	102	256
	103	257
	103	255
	102	257
	102	255
	100	256
	101	256
	99	256
	100	257
	100	255
	101	257
	101	255
	99	257
	99	255
	98	256
	97	256
	98	257
	98	255
	97	257
	97	255
	96	256
	96	257
	96	255
	95	256
	94	256
	95	257
	95	255
	94	257
	94	255
	93	256
	92	256
	93	257
	93	255
	92	257
	92	255
	91	256
	91	257
	91	255
	90	257
	89	257
	90	258
	91	258
	89	258
	92	258
	93	258
	94	258
	95	258
	94	259
	95	259
	93	259
	96	258
	96	259
	97	258
	98	258
	97	259
	98	259
	99	258
	99	259
	100	259
	101	259
	100	260
	100	258
	101	260
	101	258
	99	260
	102	259
	102	260
	102	258
	103	259
	104	259
	103	260
	103	258
	104	260
	104	258
	105	259
	106	259
	105	260
	105	258
	106	260
	106	258
	107	259
	108	259
	107	260
	107	258
	108	260
	108	258
	109	259
	110	259
	109	260
	109	258
	110	260
	110	258
	111	259
	112	259
	111	260
	111	258
	112	260
	112	258
	114	259
	115	259
	113	259
	114	260
	114	258
	115	260
	115	258
	113	260
	113	258
	116	259
	117	259
	116	260
	116	258
	117	260
	117	258
	120	259
	121	259
	119	259
	126	255
	125	255
	124	255
	123	255
	122	255
	121	255
	120	255
	119	255
	107	255
	107	256
	107	257
	88	247
	88	246
	87	246
	87	247
	87	245
	88	242
	88	238
	88	237
	88	236
	88	235
	88	234
	88	233
	88	232
	93	174
	94	174
	92	174
	93	175
	93	173
	94	175
	94	173
	92	175
	92	173
	95	174
	96	174
	95	175
	95	173
	96	175
	96	173
	98	174
	99	174
	97	174
	98	175
	98	173
	99	175
	99	173
	97	175
	97	173
	103	174
	104	174
	102	174
	103	175
	103	173
	104	175
	104	173
	102	175
	102	173
	108	174
	109	174
	107	174
	108	175
	108	173
	109	175
	109	173
	107	175
	107	173
	115	174
	116	174
	114	174
	115	175
	115	173
	116	175
	116	173
	114	175
	114	173
	119	174
	120	174
	118	174
	119	175
	119	173
	120	175
	120	173
	118	175
	118	173
	123	174
	124	174
	122	174
	123	175
	123	173
	124	175
	124	173
	122	175
	122	173
	126	174
	127	174
	125	174
	126	175
	126	173
	127	175
	127	173
	125	175
	125	173
	128	174
	128	175
	128	173
	121	174
	121	175
	121	173
	117	174
	117	175
	117	173
	113	174
	113	175
	113	173
	112	174
	111	174
	112	175
	112	173
	111	175
	111	173
	110	174
	110	175
	110	173
	106	174
	106	175
	106	173
	105	174
	105	175
	105	173
	101	174
	101	175
	101	173
	100	174
	100	175
	100	173
	99	172
	100	172
	98	172
	97	172
	96	172
	95	172
	94	172
	95	171
	96	171
	94	171
	93	172
	93	171
	92	172
	92	171
	97	171
	98	171
	101	172
	100	171
	101	171
	99	171
	103	172
	104	172
	102	172
	103	171
	104	171
	102	171
	105	172
	105	171
	106	172
	106	171
	107	172
	108	172
	107	171
	108	171
	110	172
	111	172
	109	172
	110	171
	111	171
	109	171
	112	172
	113	172
	112	171
	113	171
	115	172
	116	172
	114	172
	115	171
	116	171
	114	171
	118	172
	119	172
	117	172
	118	171
	119	171
	117	171
	120	172
	120	171
	121	172
	121	171
	122	172
	122	171
	123	172
	123	171
	124	172
	124	171
	125	172
	125	171
	124	170
	125	170
	123	170
	124	169
	125	169
	123	169
	124	168
	125	168
	123	168
	124	167
	125	167
	123	167
	124	166
	125	166
	123	166
	124	165
	125	165
	123	165
	126	165
	125	164
	126	166
	126	164
	124	164
	125	163
	126	163
	124	163
	125	162
	126	162
	124	162
	125	161
	126	161
	124	161
	125	160
	126	160
	124	160
	125	159
	126	159
	124	159
	125	158
	126	158
	124	158
	125	157
	126	157
	124	157
	125	156
	126	156
	124	156
	125	155
	126	155
	124	155
	125	154
	126	154
	124	154
	125	152
	126	152
	124	152
	125	153
	125	151
	126	153
	126	151
	124	153
	124	151
	125	150
	126	150
	124	150
	125	149
	126	149
	124	149
	124	148
	125	148
	123	148
	124	147
	125	147
	123	149
	123	147
	124	146
	125	146
	123	146
	124	145
	125	145
	123	145
	124	144
	125	144
	123	144
	122	145
	122	146
	122	144
	121	144
	122	147
	122	148
	122	149
	123	150
	122	150
	123	151
	122	151
	123	152
	122	152
	123	153
	122	153
	123	154
	122	154
	123	155
	122	155
	123	156
	122	156
	122	157
	123	157
	122	158
	123	158
	122	159
	123	159
	122	160
	123	160
	122	161
	123	161
	122	162
	123	162
	122	163
	123	163
	122	164
	123	164
	122	165
	122	166
	122	167
	122	168
	122	169
	122	170
	124	143
	125	143
	123	143
	124	142
	125	142
	123	142
	122	143
	121	143
	122	142
	121	142
	120	143
	119	143
	120	144
	120	142
	119	144
	119	142
	117	143
	118	143
	116	143
	117	144
	117	142
	118	144
	118	142
	116	144
	116	142
	115	143
	114	143
	115	144
	115	142
	114	144
	114	142
	113	143
	112	143
	113	144
	113	142
	112	144
	112	142
	111	143
	110	143
	111	144
	111	142
	110	144
	110	142
	109	143
	108	143
	109	144
	109	142
	108	144
	108	142
	107	143
	107	144
	107	142
	106	143
	105	143
	106	144
	106	142
	105	144
	105	142
	104	143
	103	143
	104	144
	104	142
	103	144
	103	142
	102	143
	101	143
	102	144
	102	142
	101	144
	101	142
	100	143
	99	143
	100	144
	100	142
	99	144
	99	142
	98	143
	98	144
	98	142
	97	143
	96	143
	97	144
	97	142
	96	144
	96	142
	95	143
	95	144
	95	142
	94	143
	94	144
	94	142
	93	143
	93	144
	93	142
	92	143
	91	143
	92	144
	92	142
	91	144
	91	142
	92	145
	93	145
	91	145
	92	146
	93	146
	91	146
	92	147
	93	147
	91	147
	92	148
	93	148
	91	148
	92	149
	93	149
	91	149
	92	150
	93	150
	91	150
	92	151
	93	151
	91	151
	92	153
	93	153
	91	153
	92	154
	92	152
	93	154
	93	152
	91	154
	91	152
	92	156
	93	156
	91	156
	92	157
	92	155
	93	157
	93	155
	91	157
	91	155
	92	158
	93	158
	91	158
	92	159
	93	159
	91	159
	92	160
	93	160
	91	160
	92	161
	93	161
	91	161
	92	162
	93	162
	91	162
	92	163
	93	163
	91	163
	92	164
	93	164
	91	164
	92	165
	93	165
	91	165
	92	166
	93	166
	91	166
	92	167
	93	167
	91	167
	92	168
	93	168
	91	168
	92	170
	93	170
	91	170
	92	169
	93	169
	91	171
	91	169
	91	172
	91	173
	91	174
	93	176
	94	170
	94	169
	94	167
	94	168
	94	166
	94	165
	94	164
	94	163
	94	162
	94	151
	94	152
	94	150
	94	149
	94	154
	94	155
	94	153
	94	161
	94	160
	94	159
	94	158
	94	157
	94	156
	94	148
	94	147
	94	146
	94	145
	135	139
	136	139
	134	139
	135	140
	135	138
	136	140
	136	138
	134	140
	134	138
	135	137
	136	137
	134	137
	135	136
	136	136
	134	136
	135	135
	136	135
	134	135
	135	134
	136	134
	134	134
	135	133
	136	133
	134	133
	135	132
	136	132
	134	132
	135	131
	136	131
	134	131
	135	130
	136	130
	134	130
	135	129
	136	129
	134	129
	135	128
	136	128
	134	128
	135	127
	136	127
	134	127
	135	126
	136	126
	134	126
	135	125
	136	125
	134	125
	135	124
	136	124
	134	124
	135	123
	136	123
	134	123
	135	122
	136	122
	134	122
	135	121
	136	121
	134	121
	133	121
	134	120
	135	120
	133	122
	133	120
	134	119
	135	119
	133	119
	134	118
	135	118
	133	118
	134	117
	135	117
	133	117
	134	116
	135	116
	133	116
	134	115
	135	115
	133	115
	134	114
	135	114
	133	114
	134	113
	135	113
	133	113
	134	112
	135	112
	133	112
	134	111
	135	111
	133	111
	134	110
	135	110
	133	110
	134	109
	135	109
	133	109
	134	108
	135	108
	133	108
	134	107
	135	107
	133	107
	134	106
	135	106
	133	106
	134	105
	135	105
	133	105
	136	120
	136	119
	136	117
	136	118
	136	116
	136	115
	136	114
	136	113
	136	112
	136	111
	136	110
	134	104
	135	104
	133	104
	134	103
	135	103
	133	103
	134	102
	135	102
	133	102
	134	101
	135	101
	133	101
	134	100
	135	100
	133	100
	136	100
	135	99
	136	101
	136	99
	134	99
	135	98
	136	98
	134	98
	136	109
	136	108
	136	107
	136	104
	136	105
	136	103
	136	106
	136	102
	135	97
	136	97
	134	97
	135	96
	136	96
	134	96
	135	95
	136	95
	134	95
	135	94
	136	94
	134	94
	135	93
	136	93
	134	93
	135	92
	136	92
	134	92
	135	91
	136	91
	134	91
	135	90
	136	90
	134	90
	135	89
	136	89
	134	89
	134	88
	135	88
	133	88
	134	87
	135	87
	133	89
	133	87
	134	86
	135	86
	133	86
	134	85
	135	85
	133	85
	134	84
	135	84
	133	84
	134	83
	135	83
	133	83
	134	82
	135	82
	133	82
	134	81
	135	81
	133	81
	134	80
	135	80
	133	80
	134	79
	135	79
	133	79
	134	78
	135	78
	133	78
	136	88
	136	87
	136	86
	136	84
	136	85
	136	83
	136	82
	136	81
	136	80
	136	79
	136	78
	136	77
	137	77
	135	77
	135	76
	136	76
	134	76
	135	75
	136	75
	134	77
	134	75
	133	76
	133	77
	133	75
	137	76
	137	75
	138	76
	138	77
	138	75
	141	76
	142	76
	140	76
	141	77
	141	75
	142	77
	142	75
	140	77
	140	75
	143	76
	144	76
	143	77
	143	75
	144	77
	144	75
	145	76
	146	76
	145	77
	145	75
	146	77
	146	75
	147	76
	147	77
	147	75
	148	76
	149	76
	148	77
	148	75
	149	77
	149	75
	150	76
	150	77
	150	75
	139	76
	139	77
	139	75
	151	77
	151	76
	152	77
	152	76
	153	77
	153	78
	153	76
	154	77
	154	78
	154	76
	151	75
	152	75
	151	74
	152	74
	150	74
	153	75
	154	75
	155	76
	155	77
	155	75
	155	78
	153	80
	154	80
	153	81
	153	79
	154	81
	154	79
	153	83
	154	83
	153	84
	153	82
	154	84
	154	82
	153	85
	154	85
	153	86
	154	86
	153	87
	154	87
	153	88
	154	88
	153	89
	154	89
	155	81
	155	82
	155	80
	155	79
	155	83
	155	84
	155	86
	155	87
	155	85
	155	88
	155	89
	154	90
	155	90
	153	90
	154	91
	155	91
	153	91
	154	92
	155	92
	153	92
	154	93
	155	93
	153	93
	154	94
	155	94
	153	94
	154	95
	155	95
	153	95
	154	96
	155	96
	153	96
	154	97
	155	97
	153	97
	154	98
	155	98
	153	98
	154	99
	155	99
	153	99
	154	100
	155	100
	153	100
	154	101
	155	101
	153	101
	154	102
	155	102
	153	102
	153	103
	154	103
	153	104
	154	104
	153	105
	154	105
	153	106
	154	106
	153	107
	154	107
	153	108
	154	108
	153	109
	154	109
	153	110
	154	110
	155	105
	155	106
	155	104
	155	103
	155	107
	155	108
	155	109
	155	110
	154	111
	155	111
	153	111
	154	112
	155	112
	153	112
	154	113
	155	113
	153	113
	154	114
	155	114
	153	114
	154	115
	155	115
	153	115
	154	116
	155	116
	153	116
	154	117
	155	117
	153	117
	154	118
	155	118
	153	118
	154	119
	155	119
	153	119
	156	119
	155	120
	156	120
	156	118
	154	120
	153	120
	154	121
	155	121
	153	121
	154	122
	155	122
	153	122
	154	123
	155	123
	153	123
	154	124
	155	124
	153	124
	154	125
	155	125
	153	125
	154	127
	155	127
	153	127
	154	128
	154	126
	155	128
	155	126
	153	128
	153	126
	154	129
	155	129
	153	129
	154	130
	155	130
	153	130
	153	132
	154	132
	153	133
	153	131
	154	133
	154	131
	153	134
	154	134
	153	135
	154	135
	153	136
	154	136
	153	137
	154	137
	153	138
	154	138
	155	131
	155	132
	155	133
	155	134
	155	135
	155	137
	155	138
	155	136
	154	139
	155	139
	153	139
	154	140
	155	140
	153	140
	154	141
	155	141
	153	141
	154	142
	155	142
	153	142
	154	143
	155	143
	153	143
	152	142
	152	143
	152	141
	151	142
	151	143
	151	141
	150	142
	150	143
	150	141
	149	142
	149	143
	149	141
	147	142
	148	142
	146	142
	147	143
	147	141
	148	143
	148	141
	146	143
	146	141
	144	142
	145	142
	143	142
	144	143
	144	141
	145	143
	145	141
	143	143
	143	141
	141	142
	142	142
	140	142
	141	143
	141	141
	142	143
	142	141
	140	143
	140	141
	139	142
	138	142
	139	143
	139	141
	138	143
	138	141
	137	142
	137	143
	137	141
	136	142
	136	143
	136	141
	135	142
	135	143
	135	141
	134	142
	134	143
	134	141
	133	141
	133	142
	133	140
	137	140
	138	140
	139	140
	141	140
	142	140
	140	140
	144	140
	145	140
	143	140
	146	140
	147	140
	148	140
	149	140
	151	140
	152	140
	150	140
	132	140
	133	139
	132	141
	132	139
	133	138
	132	138
	133	137
	132	137
	133	136
	132	136
	133	135
	132	135
	133	134
	132	134
	133	133
	132	133
	133	132
	132	132
	133	131
	132	131
	133	130
	132	130
	133	128
	132	128
	133	129
	133	127
	132	129
	132	127
	131	127
	132	126
	133	126
	131	128
	131	126
	132	125
	133	125
	131	125
	132	124
	133	124
	131	124
	132	123
	133	123
	131	123
	132	122
	131	122
	132	121
	131	121
	132	120
	131	120
	132	119
	131	119
	132	118
	131	118
	132	117
	131	117
	132	116
	132	115
	132	114
	132	113
	132	110
	132	111
	132	109
	132	106
	132	107
	132	105
	132	100
	133	99
	132	101
	132	99
	133	98
	132	98
	133	97
	132	97
	133	96
	132	96
	133	95
	133	94
	133	93
	133	92
	133	91
	133	90
	132	112
	127	134
	128	134
	126	134
	127	135
	127	133
	128	135
	128	133
	126	135
	127	132
	128	132
	127	131
	128	131
	127	130
	128	130
	129	130
	128	129
	129	131
	129	129
	127	129
	128	128
	129	128
	127	128
	128	127
	129	127
	127	127
	128	126
	129	126
	127	126
	128	125
	129	125
	127	125
	128	124
	129	124
	127	124
	128	123
	129	123
	127	123
	128	122
	129	122
	127	122
	128	121
	129	121
	127	121
	128	120
	129	120
	127	120
	128	119
	129	119
	127	119
	128	118
	129	118
	127	118
	128	117
	129	117
	127	117
	128	116
	129	116
	127	116
	127	115
	128	115
	127	114
	128	114
	127	113
	128	113
	127	112
	128	112
	127	111
	128	111
	127	110
	128	110
	127	109
	128	109
	127	108
	128	108
	127	107
	128	107
	127	106
	128	106
	127	105
	128	105
	127	104
	128	104
	127	103
	128	103
	127	102
	128	102
	127	101
	128	101
	127	100
	128	100
	126	100
	127	99
	128	99
	126	99
	129	101
	129	102
	129	100
	129	104
	130	104
	129	105
	129	103
	130	105
	130	103
	129	107
	130	107
	129	108
	129	106
	130	108
	130	106
	129	109
	130	109
	129	110
	130	110
	129	111
	130	111
	129	112
	130	112
	130	113
	131	113
	129	113
	130	114
	131	114
	131	112
	129	114
	130	115
	131	115
	129	115
	130	116
	131	116
	130	117
	126	98
	127	98
	125	98
	126	97
	127	97
	125	99
	125	97
	126	96
	127	96
	125	96
	124	97
	124	98
	124	96
	124	99
	123	98
	123	99
	123	97
	122	98
	122	99
	122	97
	121	98
	121	99
	121	97
	120	99
	119	99
	120	100
	120	98
	121	100
	119	100
	119	98
	118	99
	118	100
	118	98
	117	99
	117	100
	117	98
	116	99
	115	99
	116	100
	116	98
	115	100
	115	98
	114	99
	113	99
	114	100
	114	98
	113	100
	113	98
	111	99
	112	99
	110	99
	111	100
	111	98
	112	100
	112	98
	110	100
	110	98
	108	99
	109	99
	107	99
	108	100
	108	98
	109	100
	109	98
	107	100
	107	98
	105	99
	106	99
	104	99
	105	100
	105	98
	106	100
	106	98
	104	100
	104	98
	102	99
	103	99
	101	99
	102	100
	102	98
	103	100
	103	98
	101	100
	101	98
	99	99
	100	99
	98	99
	99	100
	99	98
	100	100
	100	98
	98	100
	98	98
	96	99
	97	99
	95	99
	96	100
	96	98
	97	100
	97	98
	95	100
	95	98
	94	100
	93	100
	94	99
	93	99
	92	100
	91	100
	92	99
	91	99
	90	100
	90	99
	122	100
	125	100
	124	100
	123	100
	120	97
	119	97
	118	97
	117	97
	116	97
	115	97
	113	97
	114	97
	112	97
	111	97
	110	97
	109	97
	108	97
	106	97
	107	97
	105	97
	103	97
	104	97
	102	97
	101	97
	100	97
	98	97
	99	97
	97	97
	96	97
	95	97
	94	98
	94	97
	93	98
	92	98
	93	97
	92	97
	91	98
	91	97
	90	98
	90	97
	89	97
	88	97
	89	98
	89	96
	90	96
	88	98
	88	96
	89	99
	88	99
	89	100
	88	100
	89	101
	88	101
	89	102
	88	102
	89	103
	88	103
	89	104
	88	104
	89	105
	88	105
	89	106
	88	106
	89	107
	88	107
	89	108
	89	109
	89	110
	89	111
	89	112
	89	114
	89	115
	89	113
	89	116
	89	117
	89	118
	88	118
	89	119
	88	119
	88	117
	89	121
	88	121
	89	122
	89	120
	88	122
	88	120
	89	123
	88	123
	88	125
	89	125
	87	125
	88	126
	88	124
	89	126
	89	124
	87	126
	87	124
	88	127
	89	127
	87	127
	88	128
	89	128
	87	128
	88	129
	89	129
	87	129
	88	130
	89	130
	87	130
	88	131
	89	131
	87	131
	88	132
	89	132
	87	132
	88	133
	89	133
	87	133
	87	123
	87	122
	87	120
	87	121
	87	119
	87	118
	87	117
	88	116
	87	116
	88	115
	87	115
	88	113
	87	113
	88	114
	88	112
	87	114
	87	112
	88	111
	87	111
	88	110
	87	110
	88	109
	87	109
	88	108
	87	108
	87	107
	87	106
	87	105
	87	104
	87	103
	87	102
	87	101
	86	102
	86	103
	86	101
	85	102
	85	103
	85	101
	86	104
	85	104
	86	105
	85	105
	86	106
	85	106
	86	107
	85	107
	86	109
	85	109
	86	110
	86	108
	85	110
	85	108
	86	111
	85	111
	86	112
	85	112
	86	114
	86	115
	86	113
	86	117
	86	118
	86	116
	86	119
	86	120
	86	121
	86	122
	86	123
	86	124
	86	125
	86	126
	86	127
	86	128
	86	129
	86	130
	86	131
	86	132
	86	133
	87	134
	88	134
	86	134
	85	128
	85	129
	85	127
	85	123
	84	123
	85	124
	85	122
	84	124
	84	122
	85	121
	84	121
	84	118
	85	118
	83	118
	84	119
	84	117
	85	119
	85	117
	83	119
	83	117
	84	116
	85	116
	83	116
	84	115
	85	115
	83	115
	84	114
	85	114
	83	114
	84	113
	85	113
	83	113
	84	111
	83	111
	84	112
	84	110
	83	112
	83	110
	84	109
	83	109
	85	120
	85	125
	84	125
	85	126
	84	126
	84	127
	84	128
	84	129
	85	130
	84	130
	85	131
	84	131
	85	132
	84	132
	85	133
	84	133
	85	134
	86	135
	87	135
	85	135
	88	135
	87	136
	88	136
	86	136
	87	137
	88	137
	86	137
	89	136
	90	136
	89	137
	89	135
	90	137
	90	135
	92	136
	93	136
	91	136
	92	137
	92	135
	93	137
	93	135
	91	137
	91	135
	95	136
	96	136
	94	136
	95	137
	95	135
	96	137
	96	135
	94	137
	94	135
	98	136
	99	136
	97	136
	98	137
	98	135
	99	137
	99	135
	97	137
	97	135
	100	136
	101	136
	100	137
	100	135
	101	137
	101	135
	103	136
	104	136
	102	136
	103	137
	103	135
	104	137
	104	135
	102	137
	102	135
	106	136
	107	136
	105	136
	106	137
	106	135
	107	137
	107	135
	105	137
	105	135
	110	136
	111	136
	109	136
	110	137
	110	135
	111	137
	111	135
	109	137
	109	135
	113	136
	114	136
	112	136
	113	137
	113	135
	114	137
	114	135
	112	137
	112	135
	115	136
	116	136
	115	137
	115	135
	116	137
	116	135
	118	136
	119	136
	117	136
	118	137
	118	135
	119	137
	119	135
	117	137
	117	135
	121	136
	122	136
	120	136
	121	137
	121	135
	122	137
	122	135
	120	137
	120	135
	123	136
	123	137
	123	135
	124	136
	124	137
	124	135
	125	136
	125	137
	125	135
	126	136
	126	137
	127	136
	127	137
	128	136
	128	137
	125	134
	124	134
	123	134
	122	134
	121	134
	120	134
	119	134
	118	134
	117	134
	116	134
	115	134
	114	134
	113	134
	112	134
	111	134
	110	134
	109	134
	108	134
	108	135
	106	134
	107	134
	105	134
	104	134
	103	134
	101	134
	102	134
	100	134
	99	134
	98	134
	96	134
	97	134
	95	134
	93	134
	94	134
	92	134
	91	134
	90	134
	89	134
	97	138
	98	138
	96	138
	99	138
	100	138
	103	138
	104	138
	102	138
	106	138
	107	138
	105	138
	108	137
	108	138
	108	136
	109	138
	110	138
	111	138
	90	92
	91	92
	89	92
	90	93
	90	91
	91	93
	89	93
	89	91
	92	93
	91	94
	92	94
	92	92
	90	94
	93	93
	93	94
	93	92
	94	93
	95	93
	94	94
	94	92
	95	94
	95	92
	99	93
	100	93
	98	93
	99	94
	99	92
	100	94
	100	92
	98	94
	98	92
	101	93
	102	93
	101	94
	101	92
	102	94
	102	92
	104	93
	105	93
	103	93
	104	94
	104	92
	105	94
	105	92
	103	94
	103	92
	108	93
	109	93
	107	93
	108	94
	108	92
	109	94
	109	92
	107	94
	107	92
	110	93
	111	93
	110	94
	110	92
	111	94
	111	92
	113	93
	114	93
	112	93
	113	94
	113	92
	114	94
	114	92
	112	94
	112	92
	115	93
	116	93
	115	94
	115	92
	116	94
	116	92
	118	93
	119	93
	117	93
	118	94
	118	92
	119	94
	119	92
	117	94
	117	92
	120	93
	120	94
	120	92
	121	93
	121	94
	121	92
	120	95
	121	95
	119	95
	118	95
	115	95
	116	95
	114	95
	106	93
	106	94
	106	92
	97	93
	97	94
	97	92
	96	93
	96	94
	96	92
	93	95
	94	95
	92	95
	91	95
	90	95
	88	91
	89	90
	90	90
	88	92
	88	90
	89	89
	90	89
	88	89
	89	88
	90	88
	88	88
	87	89
	87	90
	87	88
	88	87
	89	87
	87	87
	88	86
	89	86
	87	86
	88	85
	89	85
	87	85
	88	84
	89	84
	87	84
	88	83
	89	83
	87	83
	90	83
	89	82
	90	84
	90	82
	88	82
	89	81
	90	81
	88	81
	89	80
	90	80
	88	80
	89	79
	90	79
	88	79
	89	78
	90	78
	88	78
	89	77
	90	77
	88	77
	90	76
	89	76
	90	75
	89	75
	90	85
	90	86
	90	87
	88	75
	87	75
	88	76
	88	74
	89	74
	87	76
	87	74
	88	73
	89	73
	87	73
	88	72
	89	72
	87	72
	88	71
	89	71
	87	71
	88	70
	89	70
	87	70
	88	69
	89	69
	87	69
	89	68
	90	68
	88	68
	89	67
	90	69
	90	67
	88	67
	90	71
	90	72
	90	70
	90	73
	90	74
	89	65
	90	65
	88	65
	89	66
	89	64
	90	66
	90	64
	88	66
	88	64
	89	62
	90	62
	88	62
	89	63
	89	61
	90	63
	90	61
	88	63
	88	61
	89	58
	90	58
	88	58
	89	59
	89	57
	90	59
	90	57
	88	59
	88	57
	89	56
	90	56
	88	56
	90	60
	89	60
	88	60
	89	55
	90	55
	88	55
	89	54
	90	54
	88	54
	91	55
	91	56
	91	54
	93	55
	94	55
	92	55
	93	56
	93	54
	94	56
	94	54
	92	56
	92	54
	95	55
	96	55
	95	56
	95	54
	96	56
	96	54
	97	55
	97	56
	97	54
	93	53
	94	53
	92	53
	91	53
	98	55
	98	56
	98	54
	99	55
	100	55
	99	56
	99	54
	100	56
	100	54
	101	55
	101	56
	101	54
	102	55
	103	55
	102	56
	102	54
	103	56
	103	54
	104	56
	104	55
	105	56
	105	55
	107	55
	108	55
	106	55
	107	56
	107	54
	108	56
	108	54
	106	56
	106	54
	105	54
	104	54
	109	55
	109	56
	109	54
	110	55
	111	55
	110	56
	110	54
	111	56
	111	54
	112	55
	113	55
	112	56
	112	54
	113	56
	113	54
	115	55
	116	55
	114	55
	115	56
	115	54
	116	56
	116	54
	114	56
	114	54
	118	55
	119	55
	117	55
	118	56
	118	54
	119	56
	119	54
	117	56
	117	54
	120	55
	121	55
	120	56
	120	54
	121	56
	121	54
	117	53
	118	53
	116	53
	122	55
	122	56
	122	54
	123	55
	123	56
	123	54
	124	56
	123	57
	124	57
	124	55
	122	57
	123	58
	124	58
	122	58
	123	59
	124	59
	122	59
	123	60
	124	60
	122	60
	123	61
	124	61
	122	61
	123	62
	124	62
	122	62
	123	63
	124	63
	122	63
	123	64
	124	64
	122	64
	123	65
	124	65
	122	65
	123	67
	124	67
	122	67
	123	68
	123	66
	124	68
	124	66
	122	68
	122	66
	123	70
	124	70
	122	70
	123	71
	123	69
	124	71
	124	69
	122	71
	122	69
	123	73
	124	73
	122	73
	123	74
	123	72
	124	74
	124	72
	122	74
	122	72
	123	75
	124	75
	122	75
	123	76
	124	76
	122	76
	123	78
	124	78
	122	78
	123	79
	123	77
	124	79
	124	77
	122	79
	122	77
	123	81
	124	81
	122	81
	123	82
	123	80
	124	82
	124	80
	122	82
	122	80
	123	84
	124	84
	122	84
	123	85
	123	83
	124	85
	124	83
	122	85
	122	83
	123	86
	124	86
	122	86
	123	87
	124	87
	122	87
	123	88
	124	88
	122	88
	123	89
	124	89
	122	89
	123	90
	124	90
	122	90
	123	91
	124	91
	122	91
	123	92
	124	92
	122	92
	123	93
	124	93
	122	93
	123	94
	124	94
	122	94
	123	96
	122	96
	123	95
	124	95
	122	95
	121	96
	120	96
	119	96
	118	96
	117	96
	117	95
	116	96
	115	96
	113	96
	114	96
	112	96
	113	95
	112	95
	111	96
	110	96
	111	95
	110	95
	108	96
	109	96
	107	96
	108	95
	109	95
	107	95
	104	96
	105	96
	103	96
	104	95
	105	95
	103	95
	101	96
	102	96
	100	96
	101	95
	102	95
	100	95
	97	96
	98	96
	96	96
	97	95
	98	95
	96	95
	94	96
	95	96
	93	96
	95	95
	92	96
	91	96
	89	95
	99	96
	99	95
	106	96
	106	95
InvisibleObstacle		
