Key	CellX	CellY
VisibleObstacle		
	0	40
	0	41
	0	42
	0	43
	0	44
	1	37
	1	38
	1	39
	1	40
	1	41
	1	42
	1	43
	1	44
	1	45
	1	46
	1	47
	1	48
	1	49
	1	57
	1	58
	1	59
	1	60
	1	61
	1	62
	1	63
	1	64
	1	65
	1	66
	1	67
	1	68
	1	69
	1	70
	1	71
	1	72
	1	73
	1	74
	1	75
	1	76
	1	77
	2	35
	2	36
	2	37
	2	38
	2	39
	2	40
	2	41
	2	42
	2	43
	2	44
	2	45
	2	46
	2	47
	2	48
	2	49
	2	50
	2	51
	2	57
	2	58
	2	59
	2	60
	2	61
	2	62
	2	63
	2	64
	2	65
	2	66
	2	67
	2	68
	2	69
	2	70
	2	71
	2	72
	2	73
	2	74
	2	75
	2	76
	2	77
	2	78
	2	79
	2	80
	2	81
	2	82
	2	83
	2	84
	3	30
	3	31
	3	32
	3	33
	3	34
	3	35
	3	36
	3	37
	3	38
	3	39
	3	40
	3	41
	3	42
	3	43
	3	44
	3	45
	3	46
	3	47
	3	48
	3	49
	3	50
	3	51
	3	52
	3	57
	3	58
	3	59
	3	60
	3	61
	3	62
	3	63
	3	64
	3	65
	3	66
	3	67
	3	68
	3	69
	3	70
	3	71
	3	72
	3	73
	3	74
	3	75
	3	76
	3	77
	3	78
	3	79
	3	80
	3	81
	3	82
	3	83
	3	84
	4	29
	4	30
	4	31
	4	32
	4	33
	4	34
	4	35
	4	36
	4	37
	4	38
	4	39
	4	40
	4	41
	4	42
	4	43
	4	44
	4	45
	4	46
	4	47
	4	48
	4	49
	4	50
	4	51
	4	52
	4	53
	4	54
	4	55
	4	56
	4	57
	4	58
	4	59
	4	60
	4	61
	4	62
	4	63
	4	64
	4	65
	4	66
	4	67
	4	68
	4	69
	4	70
	4	71
	4	72
	4	73
	4	74
	4	75
	4	76
	4	77
	4	78
	4	79
	4	80
	4	81
	4	82
	4	83
	4	84
	4	85
	4	86
	4	87
	4	88
	4	89
	5	28
	5	29
	5	30
	5	31
	5	32
	5	33
	5	34
	5	35
	5	36
	5	37
	5	38
	5	39
	5	48
	5	49
	5	50
	5	51
	5	52
	5	53
	5	54
	5	55
	5	56
	5	57
	5	58
	5	59
	5	60
	5	76
	5	77
	5	78
	5	79
	5	80
	5	81
	5	82
	5	83
	5	84
	5	85
	5	86
	5	87
	5	88
	5	89
	5	90
	5	91
	6	28
	6	29
	6	30
	6	31
	6	32
	6	33
	6	34
	6	35
	6	36
	6	37
	6	38
	6	49
	6	50
	6	51
	6	52
	6	53
	6	54
	6	55
	6	56
	6	57
	6	58
	6	59
	6	60
	6	84
	6	85
	6	86
	6	87
	6	88
	6	89
	6	90
	6	91
	6	92
	7	28
	7	29
	7	30
	7	31
	7	32
	7	33
	7	34
	7	35
	7	36
	7	51
	7	52
	7	53
	7	54
	7	55
	7	56
	7	57
	7	58
	7	59
	7	60
	7	87
	7	88
	7	89
	7	90
	7	91
	7	92
	8	28
	8	29
	8	30
	8	31
	8	32
	8	52
	8	53
	8	56
	8	57
	8	58
	8	59
	8	60
	8	61
	8	88
	8	89
	8	90
	8	91
	8	92
	9	28
	9	29
	9	30
	9	31
	9	56
	9	57
	9	58
	9	59
	9	60
	9	88
	9	89
	9	90
	9	91
	9	92
	9	97
	9	98
	9	99
	9	100
	9	101
	9	102
	9	103
	9	104
	9	105
	10	28
	10	29
	10	30
	10	31
	10	57
	10	58
	10	59
	10	89
	10	90
	10	91
	10	92
	10	93
	10	94
	10	95
	10	96
	10	97
	10	98
	10	99
	10	100
	10	101
	10	102
	10	103
	10	104
	10	105
	10	106
	10	107
	10	108
	11	27
	11	28
	11	29
	11	30
	11	31
	11	89
	11	90
	11	91
	11	92
	11	93
	11	94
	11	95
	11	96
	11	97
	11	98
	11	99
	11	100
	11	101
	11	102
	11	103
	11	104
	11	105
	11	106
	11	107
	11	108
	12	27
	12	28
	12	29
	12	30
	12	31
	12	90
	12	91
	12	92
	12	93
	12	94
	12	95
	12	96
	12	97
	12	98
	12	99
	12	100
	12	101
	12	102
	12	103
	12	104
	12	105
	12	106
	12	107
	12	108
	13	27
	13	28
	13	29
	13	30
	13	31
	13	92
	13	93
	13	94
	13	95
	13	96
	13	97
	13	98
	11	111
	11	110
	11	109
	10	109
	14	27
	14	28
	14	29
	14	30
	14	31
	14	94
	14	95
	10	110
	12	110
	12	109
	10	111
	12	111
	15	27
	15	28
	15	29
	15	30
	17	118
	18	120
	16	117
	16	118
	16	13
	16	14
	16	15
	16	16
	16	17
	16	18
	16	19
	16	20
	16	21
	16	22
	16	23
	16	26
	16	27
	16	28
	16	29
	16	30
	17	119
	14	116
	13	115
	15	117
	17	12
	17	13
	17	14
	17	15
	17	16
	17	17
	17	18
	17	19
	17	20
	17	21
	17	22
	17	23
	17	24
	17	25
	17	26
	17	27
	17	28
	17	29
	17	30
	11	114
	11	113
	15	116
	18	119
	18	11
	18	12
	18	13
	18	14
	18	15
	18	16
	18	17
	18	18
	18	19
	18	20
	18	21
	18	22
	18	23
	18	24
	18	25
	18	26
	18	27
	18	28
	18	29
	18	30
	12	115
	12	114
	14	115
	18	118
	17	117
	19	11
	19	12
	19	13
	19	14
	19	15
	19	16
	19	17
	19	18
	19	19
	19	20
	19	21
	19	22
	19	23
	19	24
	19	25
	19	26
	19	27
	19	28
	19	29
	19	30
	14	114
	16	116
	15	115
	12	113
	11	112
	19	118
	19	119
	19	120
	19	121
	19	122
	19	123
	20	10
	20	11
	20	12
	20	13
	20	14
	20	15
	20	21
	20	22
	20	23
	20	24
	20	25
	20	26
	20	27
	20	28
	20	29
	10	112
	12	112
	12	116
	13	114
	20	119
	20	120
	20	121
	20	122
	20	123
	20	124
	20	125
	20	126
	20	127
	21	10
	21	11
	21	12
	21	13
	21	14
	21	26
	21	27
	21	28
	14	117
	13	117
	17	120
	13	116
	21	120
	21	121
	21	122
	21	123
	21	124
	21	125
	21	126
	21	127
	21	128
	21	129
	22	9
	22	10
	22	11
	22	12
	22	13
	22	14
	15	118
	16	119
	18	121
	22	121
	22	122
	22	123
	22	124
	22	125
	22	126
	22	127
	22	128
	22	129
	22	130
	22	131
	22	132
	22	133
	23	5
	23	6
	23	7
	23	8
	23	9
	23	10
	23	11
	23	12
	23	13
	23	123
	23	124
	23	125
	23	126
	23	127
	23	128
	23	129
	23	130
	23	131
	23	132
	23	133
	23	134
	23	135
	23	136
	24	5
	24	6
	24	7
	24	8
	24	9
	24	10
	24	11
	24	12
	24	13
	24	124
	24	125
	24	126
	24	127
	24	128
	24	129
	24	130
	24	131
	24	132
	24	133
	24	134
	24	135
	24	136
	25	5
	25	6
	25	7
	25	8
	25	9
	25	10
	25	11
	25	12
	25	13
	25	128
	25	129
	25	130
	25	131
	25	132
	25	133
	25	134
	25	135
	25	136
	25	137
	25	138
	25	139
	26	5
	26	6
	26	7
	26	8
	26	9
	26	10
	26	11
	26	12
	26	133
	26	134
	26	135
	26	136
	26	137
	26	138
	26	139
	26	140
	27	5
	27	6
	27	7
	27	8
	27	9
	27	10
	27	11
	27	135
	27	136
	27	137
	27	138
	27	139
	27	140
	27	141
	28	5
	28	6
	28	7
	28	8
	28	136
	28	137
	28	138
	28	139
	28	140
	28	141
	28	142
	29	5
	29	6
	29	7
	29	8
	29	138
	29	139
	29	140
	29	141
	29	142
	29	143
	30	5
	30	6
	30	7
	30	8
	30	89
	30	90
	30	93
	30	94
	30	139
	30	140
	30	141
	30	142
	30	143
	30	144
	31	5
	31	6
	31	7
	31	8
	31	86
	31	88
	31	89
	31	90
	31	91
	31	92
	31	93
	31	94
	31	95
	31	96
	31	140
	31	141
	31	142
	31	143
	31	144
	31	145
	32	5
	32	6
	32	7
	32	8
	32	82
	32	84
	32	85
	32	86
	32	87
	32	88
	32	89
	32	90
	32	91
	32	92
	32	93
	32	94
	32	95
	32	96
	32	97
	32	141
	32	142
	32	143
	32	144
	32	145
	32	146
	33	5
	33	6
	33	7
	33	8
	33	80
	33	81
	33	82
	33	83
	33	84
	33	85
	33	86
	33	87
	33	88
	33	89
	33	90
	33	91
	33	92
	33	93
	33	94
	33	95
	33	96
	33	97
	33	142
	33	143
	33	144
	33	145
	33	146
	33	147
	34	5
	34	6
	34	7
	34	8
	34	80
	34	81
	34	82
	34	83
	34	84
	34	85
	34	86
	34	87
	34	88
	34	92
	34	93
	34	94
	34	95
	34	96
	34	97
	34	143
	34	144
	34	145
	34	146
	34	147
	35	5
	35	6
	35	7
	35	8
	35	78
	35	79
	35	80
	35	81
	35	82
	35	83
	35	84
	35	85
	35	86
	35	93
	35	94
	35	95
	35	96
	35	97
	35	144
	35	145
	35	146
	35	147
	35	148
	35	149
	36	5
	36	6
	36	7
	36	8
	36	77
	36	79
	36	80
	36	81
	36	94
	36	95
	36	96
	36	97
	36	145
	36	146
	36	147
	36	148
	36	149
	37	5
	37	6
	37	7
	37	8
	37	76
	37	77
	37	78
	37	79
	37	80
	37	81
	37	94
	37	95
	37	96
	37	97
	37	98
	37	99
	37	100
	37	101
	37	102
	37	146
	37	147
	37	148
	37	149
	37	150
	38	5
	38	6
	38	7
	38	8
	38	73
	38	74
	38	75
	38	76
	38	77
	38	78
	38	79
	38	94
	38	95
	38	96
	38	97
	38	98
	38	99
	38	100
	38	101
	38	102
	38	103
	38	104
	38	105
	38	106
	38	107
	38	147
	38	148
	38	149
	38	150
	38	151
	38	152
	38	153
	38	154
	39	5
	39	6
	39	7
	39	8
	39	72
	39	73
	39	74
	39	75
	39	76
	39	94
	39	95
	39	96
	39	97
	39	98
	39	99
	39	100
	39	101
	39	102
	39	103
	39	104
	39	105
	39	106
	39	107
	39	108
	39	147
	39	148
	39	149
	39	150
	39	151
	39	152
	39	153
	39	154
	40	5
	40	6
	40	7
	40	8
	40	38
	40	39
	40	40
	40	42
	40	44
	40	45
	40	46
	40	47
	40	73
	40	74
	40	75
	40	76
	40	95
	40	96
	40	97
	40	98
	40	99
	40	100
	40	101
	40	102
	40	103
	40	104
	40	105
	40	106
	40	107
	40	148
	40	149
	40	150
	40	151
	40	152
	40	153
	40	154
	41	5
	41	6
	41	7
	41	8
	41	36
	41	37
	41	38
	41	39
	41	43
	41	44
	41	45
	41	46
	41	47
	41	48
	41	49
	41	73
	41	74
	41	75
	41	76
	41	98
	41	99
	41	100
	41	101
	41	102
	41	103
	41	104
	41	105
	41	149
	41	150
	41	151
	41	152
	41	153
	41	154
	41	155
	42	5
	42	6
	42	7
	42	8
	42	9
	42	10
	42	11
	42	12
	42	13
	42	14
	42	15
	42	16
	42	17
	42	18
	42	19
	42	20
	42	21
	42	22
	42	23
	42	24
	42	25
	42	26
	42	27
	42	28
	42	29
	42	30
	42	31
	42	32
	42	33
	42	34
	42	35
	42	36
	42	37
	42	38
	42	39
	42	40
	42	41
	42	43
	42	44
	42	45
	42	46
	42	47
	42	48
	42	49
	42	50
	42	51
	42	52
	42	53
	42	55
	42	56
	42	57
	42	58
	42	59
	42	60
	42	61
	42	62
	42	63
	42	64
	42	65
	42	66
	42	67
	42	68
	42	69
	42	70
	42	71
	42	72
	42	73
	42	74
	42	75
	42	76
	42	98
	42	99
	42	100
	42	101
	42	102
	42	103
	42	104
	42	150
	42	151
	42	152
	42	153
	42	154
	42	155
	43	5
	43	6
	43	7
	43	8
	43	9
	43	10
	43	11
	43	12
	43	13
	43	14
	43	15
	43	16
	43	17
	43	18
	43	19
	43	20
	43	21
	43	22
	43	23
	43	24
	43	25
	43	26
	43	27
	43	28
	43	29
	43	30
	43	31
	43	32
	43	33
	43	34
	43	35
	43	36
	43	37
	43	38
	43	39
	43	40
	43	41
	43	42
	43	44
	43	45
	43	46
	43	47
	43	48
	43	49
	43	50
	43	51
	43	52
	43	53
	43	54
	43	55
	43	56
	43	57
	43	58
	43	59
	43	60
	43	61
	43	62
	43	63
	43	64
	43	65
	43	66
	43	67
	43	68
	43	69
	43	70
	43	71
	43	72
	43	73
	43	74
	43	75
	43	76
	43	98
	43	99
	43	100
	43	101
	43	102
	43	103
	43	150
	43	151
	43	152
	43	153
	43	154
	43	155
	43	156
	44	5
	44	6
	44	7
	44	8
	44	9
	44	10
	44	11
	44	12
	44	13
	44	14
	44	15
	44	16
	44	17
	44	18
	44	19
	44	20
	44	21
	44	22
	44	23
	44	24
	44	25
	44	26
	44	27
	44	28
	44	29
	44	30
	44	31
	44	32
	44	33
	44	34
	44	35
	44	36
	44	37
	44	38
	44	39
	44	40
	44	49
	44	50
	44	51
	44	52
	44	56
	44	57
	44	58
	44	59
	44	60
	44	61
	44	62
	44	63
	44	64
	44	65
	44	66
	44	67
	44	68
	44	69
	44	70
	44	71
	44	72
	44	73
	44	74
	44	75
	44	98
	44	99
	44	100
	44	101
	44	102
	44	152
	44	153
	44	154
	44	155
	44	156
	45	6
	45	7
	45	8
	45	9
	45	10
	45	11
	45	12
	45	13
	45	14
	45	15
	45	16
	45	17
	45	18
	45	19
	45	20
	45	21
	45	22
	45	23
	45	24
	45	25
	45	26
	45	27
	45	28
	45	29
	45	30
	45	31
	45	32
	45	33
	45	34
	45	35
	45	36
	45	58
	45	60
	45	61
	45	62
	45	63
	45	64
	45	65
	45	66
	45	67
	45	68
	45	69
	45	70
	45	71
	45	72
	45	73
	45	98
	45	99
	45	100
	45	101
	45	102
	45	103
	45	153
	45	154
	45	155
	45	156
	46	9
	46	10
	46	11
	46	12
	46	13
	46	14
	46	100
	46	101
	46	102
	46	103
	46	104
	46	105
	46	153
	46	154
	46	155
	46	156
	47	100
	47	101
	47	102
	47	103
	47	104
	47	105
	47	106
	47	153
	47	154
	47	155
	47	156
	48	100
	48	101
	48	102
	48	103
	48	104
	48	105
	48	106
	48	107
	48	153
	48	154
	48	155
	48	156
	48	157
	48	158
	49	101
	49	102
	49	103
	49	104
	49	105
	49	106
	49	107
	49	108
	49	153
	49	154
	49	155
	49	156
	49	157
	49	158
	49	159
	50	103
	50	104
	50	105
	50	106
	50	107
	50	108
	50	109
	50	153
	50	154
	50	155
	50	156
	50	157
	50	158
	50	159
	50	160
	51	104
	51	105
	51	106
	51	107
	51	108
	51	109
	51	110
	51	153
	51	154
	51	155
	51	156
	51	157
	51	158
	51	159
	51	160
	52	105
	52	106
	52	107
	52	108
	52	109
	52	110
	52	111
	52	153
	52	154
	52	155
	52	156
	52	157
	52	158
	52	159
	52	160
	53	106
	53	107
	53	108
	53	109
	53	110
	53	111
	53	112
	53	157
	53	158
	53	159
	53	160
	54	107
	54	108
	54	109
	54	110
	54	111
	54	112
	54	113
	54	157
	54	158
	54	159
	54	160
	55	108
	55	109
	55	110
	55	111
	55	112
	55	113
	55	114
	55	157
	55	158
	55	159
	55	160
	56	109
	56	110
	56	111
	56	112
	56	113
	56	114
	56	115
	56	157
	56	158
	56	159
	56	160
	57	110
	57	111
	57	112
	57	113
	57	114
	57	115
	57	116
	57	157
	57	158
	57	159
	57	160
	58	111
	58	112
	58	113
	58	114
	58	115
	58	116
	58	117
	58	156
	58	157
	58	158
	58	159
	58	160
	59	112
	59	113
	59	114
	59	115
	59	116
	59	117
	59	118
	59	155
	59	156
	59	157
	59	158
	59	159
	59	160
	60	113
	60	114
	60	115
	60	116
	60	117
	60	118
	60	119
	60	154
	60	155
	60	156
	60	157
	60	158
	60	159
	60	160
	61	114
	61	115
	61	116
	61	117
	61	118
	61	119
	61	120
	61	153
	61	154
	61	155
	61	156
	61	157
	61	158
	61	159
	62	115
	62	116
	62	117
	62	118
	62	119
	62	120
	62	121
	62	151
	62	152
	62	153
	62	154
	62	155
	62	156
	62	157
	62	158
	63	116
	63	117
	63	118
	63	119
	63	120
	63	121
	63	122
	63	150
	63	151
	63	152
	63	153
	63	154
	63	155
	63	156
	63	157
	64	117
	64	118
	64	119
	64	120
	64	121
	64	122
	64	123
	64	149
	64	150
	64	151
	64	152
	64	153
	64	154
	64	155
	64	156
	65	118
	65	119
	65	120
	65	121
	65	122
	65	123
	65	124
	65	148
	65	149
	65	150
	65	151
	65	152
	65	153
	65	154
	65	155
	66	119
	66	120
	66	121
	66	122
	66	123
	66	124
	66	125
	66	146
	66	147
	66	148
	66	149
	66	150
	66	151
	66	152
	66	153
	67	120
	67	121
	67	122
	67	123
	67	124
	67	125
	67	126
	67	127
	67	128
	67	129
	67	144
	67	145
	67	146
	67	147
	67	148
	67	149
	67	150
	67	151
	67	152
	68	121
	68	122
	68	123
	68	124
	68	125
	68	126
	68	127
	68	128
	68	129
	68	130
	68	131
	68	141
	68	142
	68	143
	68	144
	68	145
	68	146
	68	147
	68	148
	68	149
	68	150
	69	122
	69	123
	69	124
	69	125
	69	126
	69	127
	69	128
	69	129
	69	130
	69	131
	69	132
	69	133
	69	137
	69	138
	69	139
	69	140
	69	141
	69	142
	69	143
	69	144
	69	145
	69	146
	69	147
	69	148
	69	149
	70	124
	70	125
	70	126
	70	127
	70	128
	70	129
	70	130
	70	131
	70	132
	70	133
	70	134
	70	135
	70	136
	70	137
	70	138
	70	139
	70	140
	70	141
	70	142
	70	143
	70	144
	70	145
	70	146
	70	147
	71	127
	71	128
	71	129
	71	130
	71	131
	71	132
	71	133
	71	134
	71	135
	71	136
	71	137
	71	138
	71	139
	71	140
	71	141
	71	142
	71	143
	71	144
	71	145
	72	128
	72	129
	72	130
	72	131
	72	132
	72	133
	72	134
	72	135
	72	136
	72	137
	72	138
	72	139
	72	140
	72	141
	72	142
	73	132
	73	133
	73	134
	73	135
	73	136
	73	137
	73	138
	44	55
	44	54
	42	54
	44	53
	45	54
	45	55
	45	53
	45	52
	45	51
	44	48
	41	42
	42	42
	41	41
	40	43
	40	41
	41	40
	38	45
	39	45
	39	44
	38	44
	39	43
	13	109
	13	108
	14	108
	14	107
	15	107
	13	106
	13	107
	14	106
	18	117
	13	113
	36	78
	36	76
	36	75
	37	75
	36	74
	37	74
	31	87
	30	91
	30	92
	20	20
	20	18
	20	19
	20	17
	20	16
	43	43
	45	59
	45	57
	45	56
	24	4
	25	4
	23	4
	24	3
	25	3
	23	3
	26	4
	26	3
	28	4
	29	4
	27	4
	28	3
	29	3
	27	3
	30	4
	31	4
	30	3
	31	3
	32	4
	33	4
	32	3
	33	3
	34	4
	34	3
	35	4
	35	3
	36	4
	37	4
	36	3
	37	3
	38	4
	38	3
	39	4
	40	4
	39	3
	40	3
	41	4
	41	3
	42	4
	42	3
	38	2
	39	2
	37	2
	36	2
	35	2
	43	4
	43	3
	44	4
	45	4
	44	3
	45	5
	45	3
	46	4
	47	4
	46	5
	46	3
	47	5
	47	3
	24	2
	25	2
	23	2
	26	2
	28	2
	29	2
	27	2
	33	2
	34	2
	32	2
	31	2
	30	2
	28	1
	29	1
	27	1
	26	1
	25	1
	24	1
	23	1
	22	2
	22	3
	22	1
	36	1
	37	1
	35	1
	40	2
	41	2
	40	1
	41	1
	39	1
	42	2
	42	1
	38	1
	34	1
	33	1
	43	2
	46	2
	47	2
	45	2
	48	3
	49	3
	48	4
	48	2
	49	4
	49	2
	44	2
	48	5
	49	5
	48	6
	49	6
	47	6
	48	7
	49	7
	47	7
	48	8
	49	8
	47	8
	46	7
	46	8
	46	6
	47	9
	48	9
	47	10
	48	10
	49	9
	49	10
	48	11
	49	11
	47	11
	48	12
	49	12
	47	12
	48	13
	49	13
	47	13
	48	14
	49	14
	47	14
	48	15
	49	15
	47	15
	48	16
	49	16
	47	16
	50	10
	50	11
	50	9
	50	8
	50	12
	50	15
	50	16
	50	14
	48	17
	49	17
	47	17
	48	18
	49	18
	47	18
	48	19
	49	19
	47	19
	48	20
	49	20
	47	20
	48	21
	49	21
	47	21
	46	16
	46	17
	46	15
	46	18
	46	19
	46	20
	46	21
	47	23
	48	23
	46	23
	47	24
	47	22
	48	24
	48	22
	46	24
	46	22
	46	25
	47	25
	46	26
	47	26
	46	27
	47	27
	46	28
	47	28
	48	27
	48	28
	48	26
	47	29
	48	29
	46	29
	47	30
	48	30
	46	30
	47	31
	48	31
	46	31
	48	25
	49	23
	49	24
	49	22
	49	25
	49	26
	49	27
	49	28
	49	29
	49	31
	48	32
	49	32
	49	30
	47	32
	48	33
	49	33
	47	33
	48	34
	49	34
	47	34
	46	32
	46	33
	47	35
	48	35
	46	35
	47	36
	48	36
	46	36
	46	34
	46	37
	47	37
	45	37
	46	38
	47	38
	45	38
	46	39
	47	39
	45	39
	49	35
	49	36
	48	37
	49	37
	48	38
	49	38
	48	39
	49	39
	50	37
	50	38
	50	36
	50	35
	50	34
	50	33
	48	40
	49	40
	47	40
	48	42
	49	42
	47	42
	48	43
	48	41
	49	43
	49	41
	47	43
	47	41
	46	43
	47	44
	48	44
	46	44
	46	42
	46	41
	46	40
	45	40
	45	41
	45	42
	44	42
	45	43
	44	43
	44	41
	45	44
	44	44
	45	45
	46	45
	44	45
	45	46
	46	46
	44	46
	45	47
	46	47
	44	47
	45	48
	46	48
	45	49
	46	49
	45	50
	46	50
	46	51
	46	52
	47	51
	47	52
	47	50
	47	49
	47	48
	47	47
	48	47
	47	46
	48	48
	48	46
	47	45
	48	45
	48	50
	48	51
	48	49
	48	52
	47	53
	48	53
	46	53
	49	45
	49	46
	49	44
	49	48
	49	49
	49	47
	47	54
	48	54
	46	54
	49	51
	49	52
	49	50
	49	54
	48	55
	49	55
	49	53
	47	55
	48	57
	49	57
	47	57
	48	58
	48	56
	49	58
	49	56
	47	58
	47	56
	48	59
	49	59
	47	59
	48	60
	49	60
	47	60
	48	61
	49	61
	47	61
	46	58
	46	59
	46	57
	46	60
	46	61
	47	62
	48	62
	46	62
	46	56
	46	55
	47	63
	48	63
	46	63
	47	65
	48	65
	46	65
	47	66
	47	64
	48	66
	48	64
	46	66
	46	64
	47	67
	48	67
	46	67
	49	65
	49	66
	49	64
	49	63
	49	62
	50	60
	50	61
	50	59
	50	62
	50	63
	49	67
	47	68
	48	68
	46	68
	47	69
	48	69
	46	69
	46	70
	47	70
	46	71
	47	71
	46	72
	47	72
	46	73
	47	73
	48	70
	48	71
	48	72
	48	73
	47	74
	48	74
	46	74
	49	73
	49	74
	49	72
	49	71
	49	70
	49	69
	49	68
	48	75
	49	75
	47	75
	46	75
	47	76
	48	76
	46	76
	47	77
	48	77
	46	77
	45	76
	45	77
	45	75
	46	78
	47	78
	45	78
	44	78
	45	79
	46	79
	44	79
	44	77
	43	78
	43	79
	43	77
	44	80
	45	80
	43	80
	42	79
	42	80
	42	78
	43	81
	44	81
	42	81
	41	80
	41	81
	41	79
	42	82
	43	82
	41	82
	40	82
	41	83
	42	83
	40	83
	40	81
	39	83
	40	84
	41	84
	39	84
	39	82
	40	85
	41	85
	39	85
	38	84
	38	85
	38	83
	39	86
	40	86
	38	86
	37	85
	37	86
	37	84
	38	87
	39	87
	37	87
	36	86
	36	87
	36	85
	37	88
	38	88
	36	88
	35	87
	35	88
	36	89
	37	89
	35	89
	34	89
	36	84
	37	83
	36	83
	38	82
	37	82
	38	81
	39	81
	39	80
	40	80
	38	80
	40	79
	39	79
	36	82
	40	78
	41	78
	39	78
	40	77
	41	77
	39	77
	42	77
	44	76
	45	74
	45	81
	44	82
	43	83
	44	83
	43	84
	44	84
	42	84
	42	85
	43	85
	41	86
	42	86
	41	87
	42	87
	40	87
	40	88
	41	88
	39	88
	38	89
	39	89
	37	90
	38	90
	36	90
	35	90
	36	91
	37	91
	35	91
	34	90
	34	91
	35	92
	36	92
	37	92
	36	93
	37	93
	38	93
	39	93
	38	92
	39	92
	40	93
	40	94
	40	92
	38	91
	39	91
	40	91
	39	90
	40	90
	41	91
	41	92
	41	90
	41	93
	42	93
	41	94
	42	94
	42	92
	43	94
	42	95
	43	95
	43	93
	41	95
	43	97
	44	97
	42	97
	43	96
	44	96
	42	96
	41	96
	41	97
	44	95
	45	97
	45	96
	46	97
	46	98
	46	96
	47	97
	47	98
	47	96
	46	99
	47	99
	45	95
	46	95
	44	94
	45	94
	48	99
	48	98
	49	100
	49	99
	50	101
	50	102
	50	100
	51	102
	51	103
	51	101
	52	103
	52	104
	52	102
	52	101
	51	100
	52	100
	53	103
	53	104
	53	102
	53	101
	54	103
	54	104
	54	102
	55	104
	56	104
	55	105
	55	103
	56	105
	56	103
	54	105
	57	105
	56	106
	57	106
	57	104
	55	106
	56	107
	57	107
	55	107
	58	106
	58	107
	58	105
	57	108
	58	108
	56	108
	59	108
	58	109
	59	109
	59	107
	57	109
	57	103
	58	110
	59	110
	54	106
	53	105
	60	110
	59	111
	60	111
	60	109
	61	111
	62	111
	61	112
	61	110
	62	112
	62	110
	60	112
	63	112
	62	113
	63	113
	63	111
	61	113
	61	109
	62	109
	61	108
	62	108
	60	108
	60	107
	61	107
	62	114
	63	114
	64	114
	63	115
	64	115
	64	113
	63	110
	65	113
	64	112
	65	114
	65	112
	65	115
	66	115
	65	116
	66	116
	66	114
	64	116
	67	116
	66	117
	67	117
	67	115
	65	117
	66	118
	67	118
	50	99
	51	99
	49	98
	50	98
	48	97
	49	97
	66	113
	67	114
	67	113
	68	116
	68	117
	68	115
	68	118
	69	118
	68	119
	69	119
	69	117
	67	119
	70	119
	69	120
	70	120
	70	118
	68	120
	69	121
	70	121
	71	121
	70	122
	71	122
	71	120
	72	122
	71	123
	72	123
	72	121
	70	123
	71	124
	72	124
	71	125
	72	125
	73	124
	73	125
	73	123
	72	126
	73	126
	71	126
	73	127
	74	127
	72	127
	73	128
	74	128
	74	126
	73	129
	74	129
	73	130
	74	130
	73	131
	74	131
	74	132
	74	133
	74	134
	74	136
	74	137
	74	135
	73	139
	74	139
	73	140
	74	140
	74	138
	74	141
	73	141
	74	142
	73	142
	74	143
	73	143
	72	143
	72	144
	73	144
	72	145
	73	145
	72	146
	73	146
	71	146
	72	147
	73	147
	71	147
	74	144
	74	145
	74	147
	73	148
	74	148
	74	146
	72	148
	73	149
	74	149
	72	149
	71	148
	70	148
	71	149
	70	149
	70	151
	71	151
	69	151
	70	152
	70	150
	71	152
	71	150
	69	152
	69	150
	69	153
	70	153
	68	153
	69	154
	70	154
	68	154
	68	152
	71	153
	72	151
	72	152
	72	150
	71	154
	69	155
	70	155
	68	155
	69	156
	70	156
	68	156
	73	150
	73	151
	74	150
	72	153
	68	151
	67	153
	67	154
	66	154
	67	155
	66	155
	67	156
	66	156
	67	157
	68	157
	66	157
	67	158
	68	158
	66	158
	65	157
	65	158
	65	156
	69	157
	65	159
	66	159
	64	159
	65	160
	66	160
	64	160
	64	158
	63	161
	64	161
	62	161
	63	162
	63	160
	64	162
	62	162
	62	160
	61	162
	62	163
	63	163
	61	163
	61	161
	60	163
	61	164
	62	164
	60	164
	60	162
	60	161
	63	159
	62	159
	61	160
	67	159
	64	157
	63	158
	65	162
	64	163
	65	163
	65	161
	66	162
	66	163
	66	161
	64	164
	65	164
	63	164
	62	165
	63	165
	61	165
	59	164
	58	164
	59	165
	59	163
	60	165
	58	165
	58	163
	57	165
	58	166
	59	166
	57	166
	57	164
	56	165
	56	166
	56	164
	57	163
	56	163
	57	162
	58	162
	56	162
	55	163
	55	164
	55	162
	56	161
	57	161
	55	161
	54	162
	54	163
	54	161
	59	162
	59	161
	58	161
	53	163
	54	164
	53	164
	53	162
	52	163
	52	164
	52	162
	51	163
	50	163
	51	164
	51	162
	50	164
	50	162
	48	162
	49	162
	47	162
	48	163
	48	161
	49	163
	49	161
	47	163
	47	161
	46	162
	46	163
	46	161
	54	165
	55	165
	53	165
	48	164
	49	164
	47	164
	46	164
	51	161
	52	161
	50	161
	49	160
	48	160
	47	160
	53	161
	46	160
	55	166
	52	165
	51	165
	50	165
	45	161
	45	162
	45	160
	44	160
	45	159
	46	159
	44	161
	44	159
	47	159
	48	159
	47	158
	46	158
	45	158
	46	157
	47	157
	45	157
	44	157
	44	158
	43	159
	43	160
	43	158
	42	158
	41	158
	42	159
	42	157
	43	157
	41	159
	41	157
	40	157
	41	156
	42	156
	40	158
	40	156
	39	156
	40	155
	39	157
	39	155
	43	161
	42	160
	41	160
	38	157
	39	158
	38	158
	38	156
	37	156
	38	155
	37	157
	37	155
	40	159
	39	159
	40	160
	37	158
	38	159
	37	159
	35	155
	36	155
	34	155
	35	156
	35	154
	36	156
	36	154
	34	156
	34	154
	33	154
	34	153
	35	153
	33	155
	33	153
	32	154
	32	155
	32	153
	33	152
	34	152
	32	152
	37	154
	36	157
	36	153
	35	152
	34	151
	35	151
	33	151
	36	152
	36	151
	32	151
	33	150
	34	150
	32	150
	31	149
	32	149
	30	149
	31	150
	31	148
	32	148
	30	150
	30	148
	30	147
	31	147
	29	147
	30	146
	31	146
	29	148
	29	146
	28	147
	28	148
	28	146
	33	149
	34	149
	33	148
	34	148
	37	151
	37	152
	36	150
	35	150
	37	153
	32	147
	29	145
	30	145
	28	145
	27	145
	28	144
	29	144
	27	146
	27	144
	31	151
	31	152
	29	149
	29	150
	28	149
	28	150
	27	147
	27	148
	31	153
	31	154
	30	151
	29	151
	30	152
	29	152
	27	149
	26	147
	25	147
	26	148
	26	146
	25	148
	25	146
	26	145
	25	145
	26	144
	24	141
	25	141
	23	141
	24	142
	24	140
	25	142
	25	140
	23	142
	23	140
	22	140
	23	139
	24	139
	22	141
	22	139
	23	138
	24	138
	22	138
	26	142
	25	143
	26	143
	26	141
	24	143
	25	144
	27	143
	24	144
	22	142
	24	145
	23	143
	22	143
	21	139
	21	140
	21	138
	20	139
	20	140
	20	138
	21	141
	23	144
	23	145
	20	141
	21	142
	20	142
	19	139
	19	140
	19	138
	19	141
	22	144
	24	146
	24	147
	28	143
	27	142
	23	137
	24	137
	22	137
	21	137
	22	136
	21	136
	20	136
	21	135
	22	135
	20	137
	20	135
	21	143
	19	135
	18	135
	19	136
	19	134
	20	134
	18	136
	18	134
	17	134
	18	133
	19	133
	17	135
	17	133
	18	132
	19	132
	17	132
	19	137
	20	133
	20	132
	19	131
	20	131
	18	131
	21	134
	22	134
	21	133
	21	132
	21	131
	20	130
	21	130
	19	130
	20	129
	19	129
	20	128
	19	128
	18	130
	18	129
	18	128
	17	128
	18	127
	19	127
	17	129
	17	127
	17	126
	18	126
	16	126
	17	125
	18	125
	16	127
	16	125
	17	124
	18	124
	16	124
	16	128
	17	131
	17	136
	16	132
	16	133
	16	131
	15	127
	14	127
	15	128
	15	126
	14	128
	14	126
	14	125
	15	125
	13	125
	14	124
	15	124
	13	126
	13	124
	14	123
	15	123
	13	123
	17	130
	16	130
	16	129
	14	122
	15	122
	13	122
	14	121
	15	121
	13	121
	15	129
	16	123
	19	126
	19	125
	19	124
	18	123
	17	123
	17	122
	18	122
	16	122
	16	121
	17	121
	16	120
	15	120
	14	120
	15	119
	14	119
	12	118
	13	118
	11	118
	12	119
	12	117
	13	119
	11	119
	11	117
	10	117
	11	116
	10	118
	10	116
	10	119
	12	120
	13	120
	11	120
	12	121
	11	121
	12	122
	12	123
	14	118
	11	122
	11	123
	10	121
	10	122
	10	120
	8	118
	9	118
	7	118
	8	119
	8	117
	9	119
	9	117
	7	119
	7	117
	8	116
	9	116
	7	116
	8	115
	9	115
	7	115
	8	114
	9	114
	7	114
	8	113
	9	113
	7	113
	6	113
	7	112
	8	112
	6	114
	6	112
	6	115
	6	116
	9	120
	8	120
	9	122
	10	123
	9	123
	9	121
	10	124
	11	124
	9	124
	10	125
	11	125
	9	125
	8	121
	8	122
	12	124
	12	125
	12	126
	13	127
	12	127
	10	115
	10	114
	7	111
	8	111
	6	111
	7	110
	8	110
	6	110
	7	109
	8	109
	6	109
	10	113
	11	115
	9	110
	9	111
	9	109
	8	108
	9	108
	7	108
	9	112
	5	106
	6	106
	4	106
	5	107
	5	105
	6	107
	6	105
	4	107
	4	105
	4	102
	5	102
	3	102
	4	103
	4	101
	5	103
	5	101
	3	103
	3	101
	4	100
	5	100
	3	100
	4	99
	5	99
	3	99
	7	105
	6	104
	7	106
	7	104
	5	104
	7	107
	6	108
	5	108
	5	109
	5	110
	6	102
	6	103
	6	101
	4	104
	5	111
	5	112
	6	100
	7	103
	8	107
	8	106
	8	104
	8	105
	8	103
	8	102
	7	102
	9	106
	9	107
	8	101
	7	101
	8	97
	7	97
	8	98
	8	96
	9	96
	7	98
	7	96
	8	95
	9	95
	7	95
	6	97
	6	98
	6	96
	7	100
	8	100
	6	99
	5	96
	4	96
	5	97
	5	95
	6	95
	4	97
	4	95
	5	94
	6	94
	4	94
	7	99
	5	98
	7	94
	6	93
	7	93
	5	93
	8	94
	8	99
	9	94
	9	93
	8	93
	3	93
	4	93
	2	93
	3	94
	3	92
	4	92
	2	94
	2	92
	1	92
	2	91
	3	91
	1	93
	1	91
	4	91
	3	95
	3	96
	3	97
	4	98
	3	98
	2	89
	3	89
	1	89
	2	90
	2	88
	3	90
	3	88
	1	90
	1	88
	2	97
	2	98
	2	96
	2	99
	2	95
	0	88
	1	87
	2	87
	0	89
	0	87
	1	86
	2	86
	0	86
	4	90
	5	92
	1	85
	2	85
	0	85
	0	83
	1	83
	0	84
	0	82
	1	84
	1	82
	0	81
	1	81
	0	90
	0	91
	0	92
	0	93
	3	87
	3	86
	3	85
	0	80
	1	80
	0	79
	1	79
	0	78
	1	78
	0	77
	0	76
	0	75
	0	74
	0	73
	0	72
	0	71
	0	70
	0	69
	0	68
	0	67
	0	66
	0	65
	0	64
	0	63
	0	62
	0	61
	0	60
	0	59
	0	58
	0	57
	0	56
	1	56
	0	55
	1	55
	0	54
	1	54
	2	56
	2	55
	2	54
	1	52
	2	52
	0	52
	1	53
	1	51
	2	53
	0	53
	0	51
	0	49
	1	50
	0	50
	0	48
	3	53
	3	55
	3	56
	3	54
	0	47
	0	46
	0	45
	0	39
	0	37
	1	36
	0	38
	0	36
	0	35
	1	35
	0	34
	1	34
	0	33
	1	33
	0	32
	1	32
	0	31
	1	31
	0	29
	1	29
	0	30
	0	28
	1	30
	1	28
	0	27
	1	27
	2	31
	2	32
	2	30
	2	33
	2	34
	2	27
	3	27
	2	28
	2	26
	3	28
	3	26
	1	26
	2	29
	3	29
	4	28
	4	26
	3	25
	4	27
	4	25
	2	25
	5	25
	4	24
	5	26
	5	24
	3	24
	4	23
	5	23
	3	23
	4	22
	5	22
	3	22
	6	26
	5	27
	6	27
	6	25
	7	27
	7	26
	7	25
	7	24
	8	24
	6	24
	7	23
	8	25
	8	23
	6	23
	8	27
	8	26
	9	26
	9	27
	9	25
	9	24
	9	23
	8	22
	9	22
	7	22
	10	26
	10	27
	10	25
	11	26
	10	24
	11	24
	10	23
	11	25
	11	23
	10	22
	11	22
	12	23
	12	24
	12	22
	12	26
	12	25
	13	26
	13	25
	13	24
	13	23
	14	26
	15	26
	14	23
	15	23
	14	24
	14	22
	15	24
	15	22
	13	22
	14	21
	15	21
	13	21
	16	24
	15	25
	16	25
	14	25
	15	20
	14	20
	13	20
	14	19
	15	19
	13	19
	12	19
	13	18
	14	18
	12	20
	12	18
	13	17
	14	17
	12	17
	12	21
	13	16
	14	16
	12	16
	13	15
	14	15
	12	15
	13	14
	14	14
	12	14
	13	13
	14	13
	12	13
	15	16
	15	17
	15	15
	15	18
	15	13
	15	14
	15	12
	16	12
	14	12
	15	11
	16	11
	14	11
	15	10
	16	10
	14	10
	15	9
	16	9
	14	9
	15	7
	16	7
	14	7
	15	8
	15	6
	16	8
	16	6
	14	8
	14	6
	15	5
	16	5
	14	5
	15	4
	16	4
	14	4
	17	8
	17	9
	17	7
	18	9
	17	10
	18	10
	18	8
	17	6
	18	6
	17	5
	18	7
	18	5
	17	4
	18	4
	17	3
	18	3
	16	3
	19	6
	19	7
	19	5
	19	8
	19	9
	19	10
	17	11
	20	6
	20	7
	20	5
	20	8
	21	8
	20	9
	21	9
	21	7
	21	5
	20	4
	21	6
	21	4
	19	4
	22	8
	22	7
	22	6
	22	5
	22	4
	21	3
	20	3
InvisibleObstacle		
BB1		
	22	24
	23	24
	21	24
	22	25
	22	23
	23	25
	23	23
	21	25
	21	23
	24	24
	24	25
	24	23
	25	24
	25	25
	25	23
	26	24
	26	25
	26	23
	27	24
	27	25
	27	23
	28	24
	28	25
	28	23
	29	24
	29	25
	29	23
	30	24
	30	25
	30	23
	31	24
	31	25
	31	23
	32	24
	32	25
	32	23
	33	24
	33	25
	33	23
	34	24
	34	25
	34	23
	35	24
	35	25
	35	23
	36	24
	36	25
	36	23
	37	24
	37	25
	37	23
	38	24
	38	25
	38	23
	39	24
	39	25
	39	23
	40	24
	40	25
	40	23
	41	24
	41	25
	41	23
BB2		
BB3		
CB1		
	31	33
	32	33
	30	33
	31	34
	31	32
	32	34
	32	32
	30	34
	30	32
	33	33
	33	34
	33	32
	32	31
	33	31
	31	31
	30	31
AW1		
	12	58
	13	58
	11	58
	12	59
	12	57
	13	59
	13	57
	11	59
	11	57
	14	58
	14	59
	14	57
	15	58
	15	59
	15	57
	16	58
	16	59
	16	57
	17	58
	17	59
	17	57
	18	58
	18	59
	18	57
	19	58
	19	59
	19	57
	20	58
	20	59
	20	57
	21	58
	21	59
	21	57
	22	58
	22	59
	22	57
	23	58
	23	59
	23	57
	24	58
	24	59
	24	57
	25	58
	25	59
	25	57
	26	58
	26	59
	26	57
	27	58
	27	59
	27	57
	28	58
	28	59
	28	57
	29	58
	29	59
	29	57
	30	58
	30	59
	30	57
	31	58
	31	59
	31	57
	32	58
	32	59
	32	57
	33	58
	33	59
	33	57
	34	58
	34	59
	34	57
	35	58
	35	59
	35	57
	36	58
	36	59
	36	57
	37	58
	37	59
	37	57
	38	58
	38	59
	38	57
	39	58
	39	59
	39	57
	40	58
	40	59
	40	57
	41	58
	41	59
	41	57
AW2		
	15	94
	16	94
	17	94
	18	94
	19	94
	20	94
	21	94
	22	94
	23	94
	24	94
	25	94
	26	94
	27	94
	28	94
	29	94
	29	93
	28	93
	27	93
	26	93
	25	93
	24	93
	23	93
	22	93
	21	93
	20	93
	19	93
	18	93
	17	93
	16	93
	15	93
	14	93
SB1		
	20	79
	21	79
	21	80
	20	80
	19	80
	19	79
	19	78
	20	78
	21	78
	22	78
	22	79
	22	80
