Id	CharacterId	Quality	NpcId	AttrId[1]	AttrId[2]	AttrId[3]	AttrId[4]	AttrId[5]	AttrId[6]	AttrId[7]	AttrId[8]	AttrId[9]	AttrId[10]
1	1011002	2	10110022	1010220	1010221	1010222	1010223	1010224	1010225	1010226	1010227	1010228	1010229
2	1011002	3	10110023	1010230	1010231	1010232	1010233	1010234	1010235	1010236	1010237	1010238	1010239
3	1011002	4	10110024	1010240	1010241	1010242	1010243	1010244	1010245	1010246	1010247	1010248	1010249
4	1011002	5	10110025	1010250	1010251	1010252	1010253	1010254	1010255	1010256	1010257	1010258	1010259
5	1011002	6	10110026										
6	1021001	1	10210011	1020110	1020111	1020112	1020113	1020114	1020115	1020116	1020117	1020118	1020119
7	1021001	2	10210012	1020120	1020121	1020122	1020123	1020124	1020125	1020126	1020127	1020128	1020129
8	1021001	3	10210013	1020130	1020131	1020132	1020133	1020134	1020135	1020136	1020137	1020138	1020139
9	1021001	4	10210014	1020140	1020141	1020142	1020143	1020144	1020145	1020146	1020147	1020148	1020149
10	1021001	5	10210015	1020150	1020151	1020152	1020153	1020154	1020155	1020156	1020157	1020158	1020159
11	1021001	6	10210016										
12	1021002	2	10210022	1020220	1020221	1020222	1020223	1020224	1020225	1020226	1020227	1020228	1020229
13	1021002	3	10210023	1020230	1020231	1020232	1020233	1020234	1020235	1020236	1020237	1020238	1020239
14	1021002	4	10210024	1020240	1020241	1020242	1020243	1020244	1020245	1020246	1020247	1020248	1020249
15	1021002	5	10210025	1020250	1020251	1020252	1020253	1020254	1020255	1020256	1020257	1020258	1020259
16	1021002	6	10210026										
17	1031001	1	10310011	1030110	1030111	1030112	1030113	1030114	1030115	1030116	1030117	1030118	1030119
18	1031001	2	10310012	1030120	1030121	1030122	1030123	1030124	1030125	1030126	1030127	1030128	1030129
19	1031001	3	10310013	1030130	1030131	1030132	1030133	1030134	1030135	1030136	1030137	1030138	1030139
20	1031001	4	10310014	1030140	1030141	1030142	1030143	1030144	1030145	1030146	1030147	1030148	1030149
21	1031001	5	10310015	1030150	1030151	1030152	1030153	1030154	1030155	1030156	1030157	1030158	1030159
22	1031001	6	10310016										
23	1031002	2	10310022	1030220	1030221	1030222	1030223	1030224	1030225	1030226	1030227	1030228	1030229
24	1031002	3	10310023	1030230	1030231	1030232	1030233	1030234	1030235	1030236	1030237	1030238	1030239
25	1031002	4	10310024	1030240	1030241	1030242	1030243	1030244	1030245	1030246	1030247	1030248	1030249
26	1031002	5	10310025	1030250	1030251	1030252	1030253	1030254	1030255	1030256	1030257	1030258	1030259
27	1031002	6	10310026										
28	1031003	3	10310033	1030330	1030331	1030332	1030333	1030334	1030335	1030336	1030337	1030338	1030339
29	1031003	4	10310034	1030340	1030341	1030342	1030343	1030344	1030345	1030346	1030347	1030348	1030349
30	1031003	5	10310035	1030350	1030351	1030352	1030353	1030354	1030355	1030356	1030357	1030358	1030359
31	1031003	6	10310036										
32	1041002	2	10410022	1040220	1040221	1040222	1040223	1040224	1040225	1040226	1040227	1040228	1040229
33	1041002	3	10410023	1040230	1040231	1040232	1040233	1040234	1040235	1040236	1040237	1040238	1040239
34	1041002	4	10410024	1040240	1040241	1040242	1040243	1040244	1040245	1040246	1040247	1040248	1040249
35	1041002	5	10410025	1040250	1040251	1040252	1040253	1040254	1040255	1040256	1040257	1040258	1040259
36	1041002	6	10410026										
37	1051001	1	10510011	1050110	1050111	1050112	1050113	1050114	1050115	1050116	1050117	1050118	1050119
38	1051001	2	10510012	1050120	1050121	1050122	1050123	1050124	1050125	1050126	1050127	1050128	1050129
39	1051001	3	10510013	1050130	1050131	1050132	1050133	1050134	1050135	1050136	1050137	1050138	1050139
40	1051001	4	10510014	1050140	1050141	1050142	1050143	1050144	1050145	1050146	1050147	1050148	1050149
41	1051001	5	10510015	1050150	1050151	1050152	1050153	1050154	1050155	1050156	1050157	1050158	1050159
42	1051001	6	10510016										
43	1061002	2	10610022	1060220	1060221	1060222	1060223	1060224	1060225	1060226	1060227	1060228	1060229
44	1061002	3	10610023	1060230	1060231	1060232	1060233	1060234	1060235	1060236	1060237	1060238	1060239
45	1061002	4	10610024	1060240	1060241	1060242	1060243	1060244	1060245	1060246	1060247	1060248	1060249
46	1061002	5	10610025	1060250	1060251	1060252	1060253	1060254	1060255	1060256	1060257	1060258	1060259
47	1061002	6	10610026										
48	1071002	2	10710022	1070220	1070221	1070222	1070223	1070224	1070225	1070226	1070227	1070228	1070229
49	1071002	3	10710023	1070230	1070231	1070232	1070233	1070234	1070235	1070236	1070237	1070238	1070239
50	1071002	4	10710024	1070240	1070241	1070242	1070243	1070244	1070245	1070246	1070247	1070248	1070249
51	1071002	5	10710025	1070250	1070251	1070252	1070253	1070254	1070255	1070256	1070257	1070258	1070259
52	1071002	6	10710026										
53	1061003	3	10610033	1060330	1060331	1060332	1060333	1060334	1060335	1060336	1060337	1060338	1060339
54	1061003	4	10610034	1060340	1060341	1060342	1060343	1060344	1060345	1060346	1060347	1060348	1060349
55	1061003	5	10610035	1060350	1060351	1060352	1060353	1060354	1060355	1060356	1060357	1060358	1060359
56	1061003	6	10610036										
57	1081002	2	10810022	1080220	1080221	1080222	1080223	1080224	1080225	1080226	1080227	1080228	1080229
58	1081002	3	10810023	1080230	1080231	1080232	1080233	1080234	1080235	1080236	1080237	1080238	1080239
59	1081002	4	10810024	1080240	1080241	1080242	1080243	1080244	1080245	1080246	1080247	1080248	1080249
60	1081002	5	10810025	1080250	1080251	1080252	1080253	1080254	1080255	1080256	1080257	1080258	1080259
61	1081002	6	10810026										
62	1011003	3	10110033	1010330	1010331	1010332	1010333	1010334	1010335	1010336	1010337	1010338	1010339
63	1011003	4	10110034	1010340	1010341	1010342	1010343	1010344	1010345	1010346	1010347	1010348	1010349
64	1011003	5	10110035	1010350	1010351	1010352	1010353	1010354	1010355	1010356	1010357	1010358	1010359
65	1011003	6	10110036										
66	1071003	3	10710033	1070330	1070331	1070332	1070333	1070334	1070335	1070336	1070337	1070338	1070339
67	1071003	4	10710034	1070340	1070341	1070342	1070343	1070344	1070345	1070346	1070347	1070348	1070349
68	1071003	5	10710035	1070350	1070351	1070352	1070353	1070354	1070355	1070356	1070357	1070358	1070359
69	1071003	6	10710036										
70	1051003	3	10510033	1070330	1070331	1070332	1070333	1070334	1070335	1070336	1070337	1070338	1070339
71	1051003	4	10510034	1070340	1070341	1070342	1070343	1070344	1070345	1070346	1070347	1070348	1070349
72	1051003	5	10510035	1070350	1070351	1070352	1070353	1070354	1070355	1070356	1070357	1070358	1070359
73	1051003	6	10510036										
