Key	CellX	CellY
VisibleObstacle		
	46	73
	48	72
	45	73
	45	71
	44	71
	48	70
	106	108
	45	66
	49	69
	44	72
	49	70
	43	70
	44	70
	43	71
	43	69
	42	70
	42	71
	42	69
	41	70
	41	71
	41	69
	42	72
	43	72
	41	72
	40	71
	40	72
	40	70
	39	71
	39	72
	39	70
	38	71
	38	72
	38	70
	37	71
	37	72
	37	70
	38	73
	39	73
	37	73
	36	72
	36	73
	36	71
	35	72
	35	73
	35	71
	34	72
	34	73
	34	71
	33	72
	33	73
	33	71
	34	70
	35	70
	33	70
	32	71
	32	72
	32	70
	31	71
	31	72
	31	70
	32	69
	33	69
	31	69
	32	68
	33	68
	31	68
	32	67
	33	67
	31	67
	32	66
	33	66
	31	66
	30	67
	30	68
	30	66
	31	65
	32	65
	30	65
	31	64
	32	64
	30	64
	31	63
	32	63
	30	63
	33	64
	33	65
	33	63
	32	62
	33	62
	31	62
	32	61
	33	61
	31	61
	34	62
	34	63
	34	61
	33	60
	34	60
	32	60
	33	59
	34	59
	32	59
	35	60
	35	61
	35	59
	34	58
	35	58
	33	58
	34	57
	35	57
	33	57
	36	57
	35	56
	36	58
	36	56
	34	56
	35	55
	36	55
	34	55
	37	56
	37	57
	37	55
	38	55
	37	54
	38	56
	38	54
	36	54
	37	53
	38	53
	36	53
	39	54
	39	55
	39	53
	38	52
	39	52
	37	52
	40	52
	39	51
	40	53
	40	51
	38	51
	39	50
	40	50
	38	50
	41	51
	41	52
	41	50
	40	49
	41	49
	39	49
	42	50
	42	51
	42	49
	41	48
	42	48
	40	48
	41	47
	42	47
	40	47
	43	48
	43	49
	43	47
	42	46
	43	46
	41	46
	44	47
	44	48
	44	46
	43	45
	44	45
	42	45
	43	44
	44	44
	42	44
	45	45
	45	46
	45	44
	44	43
	45	43
	43	43
	46	43
	45	42
	46	44
	46	42
	44	42
	45	41
	46	41
	44	41
	47	42
	47	43
	47	41
	46	40
	47	40
	45	40
	48	41
	48	42
	48	40
	47	39
	48	39
	46	39
	47	38
	48	38
	46	38
	49	39
	49	40
	49	38
	48	37
	49	37
	47	37
	50	38
	50	39
	50	37
	51	38
	51	39
	51	37
	52	38
	52	39
	52	37
	53	38
	53	39
	53	37
	54	38
	54	39
	54	37
	55	38
	55	39
	55	37
	56	38
	56	39
	56	37
	55	36
	56	36
	54	36
	57	36
	56	35
	57	37
	57	35
	55	35
	58	35
	57	34
	58	36
	58	34
	56	34
	59	35
	59	36
	59	34
	58	33
	59	33
	57	33
	60	34
	60	35
	60	33
	59	32
	60	32
	58	32
	61	33
	61	34
	61	32
	60	31
	61	31
	59	31
	62	32
	62	33
	62	31
	61	30
	62	30
	60	30
	63	31
	63	32
	63	30
	62	29
	63	29
	61	29
	64	30
	64	31
	64	29
	63	28
	64	28
	62	28
	65	29
	65	30
	65	28
	64	27
	65	27
	63	27
	66	29
	66	30
	66	28
	67	29
	67	30
	67	28
	68	29
	68	30
	68	28
	69	29
	69	30
	69	28
	70	29
	70	30
	70	28
	69	31
	70	31
	68	31
	71	30
	71	31
	71	29
	72	30
	72	31
	72	29
	73	30
	73	31
	73	29
	74	31
	73	32
	74	32
	74	30
	72	32
	75	31
	75	32
	75	30
	76	31
	76	32
	76	30
	75	33
	76	33
	74	33
	77	32
	77	33
	77	31
	78	32
	78	33
	78	31
	79	33
	78	34
	79	34
	79	32
	77	34
	80	33
	80	34
	80	32
	79	35
	80	35
	78	35
	81	34
	81	35
	81	33
	82	34
	82	35
	82	33
	83	34
	83	35
	83	33
	84	35
	83	36
	84	36
	84	34
	82	36
	85	35
	85	36
	85	34
	86	35
	86	36
	86	34
	85	37
	86	37
	84	37
	87	36
	87	37
	87	35
	88	36
	88	37
	88	35
	89	36
	89	37
	89	35
	90	37
	89	38
	90	38
	90	36
	88	38
	91	37
	91	38
	91	36
	92	38
	91	39
	92	39
	92	37
	90	39
	93	38
	93	39
	93	37
	92	40
	93	40
	91	40
	94	39
	94	40
	94	38
	95	39
	95	40
	95	38
	96	39
	96	40
	96	38
	97	39
	97	40
	97	38
	98	39
	98	40
	98	38
	99	38
	98	37
	99	39
	99	37
	97	37
	98	36
	99	36
	97	36
	100	37
	100	38
	100	36
	101	36
	100	35
	101	37
	101	35
	99	35
	102	36
	102	37
	102	35
	101	34
	102	34
	100	34
	103	35
	103	36
	103	34
	104	34
	103	33
	104	35
	104	33
	102	33
	105	34
	105	35
	105	33
	106	34
	106	35
	106	33
	105	32
	106	32
	104	32
	107	33
	107	34
	107	32
	108	33
	108	34
	108	32
	109	33
	109	34
	109	32
	108	31
	109	31
	107	31
	110	32
	110	33
	110	31
	111	32
	111	33
	111	31
	112	32
	112	33
	112	31
	113	32
	113	33
	113	31
	114	32
	114	33
	114	31
	115	32
	115	33
	115	31
	116	32
	116	33
	116	31
	117	32
	117	33
	117	31
	118	32
	118	33
	118	31
	119	32
	119	33
	119	31
	118	34
	119	34
	117	34
	120	33
	120	34
	120	32
	119	35
	120	35
	118	35
	121	34
	121	35
	121	33
	120	36
	121	36
	119	36
	122	35
	122	36
	122	34
	121	37
	122	37
	120	37
	123	36
	123	37
	123	35
	122	38
	123	38
	121	38
	124	37
	124	38
	124	36
	123	39
	124	39
	122	39
	125	38
	125	39
	125	37
	124	40
	125	40
	123	40
	126	39
	126	40
	126	38
	125	41
	126	41
	124	41
	125	42
	126	42
	124	42
	127	41
	127	42
	127	40
	126	43
	127	43
	125	43
	126	44
	127	44
	125	44
	128	43
	128	44
	128	42
	127	45
	128	45
	126	45
	129	45
	128	46
	129	46
	129	44
	127	46
	130	45
	130	46
	130	44
	129	47
	130	47
	128	47
	131	47
	130	48
	131	48
	131	46
	129	48
	130	49
	131	49
	129	49
	132	48
	132	49
	132	47
	131	50
	132	50
	130	50
	133	50
	132	51
	133	51
	133	49
	131	51
	132	52
	133	52
	131	52
	134	51
	134	52
	134	50
	133	53
	134	53
	132	53
	133	54
	134	54
	132	54
	135	53
	135	54
	135	52
	134	55
	135	55
	133	55
	136	54
	136	55
	136	53
	135	56
	136	56
	134	56
	137	55
	137	56
	137	54
	136	57
	137	57
	135	57
	138	56
	138	57
	138	55
	137	58
	138	58
	136	58
	137	59
	138	59
	136	59
	139	58
	139	59
	139	57
	140	59
	139	60
	140	60
	140	58
	138	60
	141	60
	140	61
	141	61
	141	59
	139	61
	142	61
	141	62
	142	62
	142	60
	140	62
	142	63
	143	63
	141	63
	142	64
	143	64
	143	62
	141	64
	142	65
	143	65
	141	65
	144	64
	144	65
	144	63
	143	66
	144	66
	142	66
	145	66
	144	67
	145	67
	145	65
	143	67
	146	67
	145	68
	146	68
	146	66
	144	68
	145	69
	146	69
	144	69
	147	68
	147	69
	147	67
	146	70
	147	70
	145	70
	148	69
	148	70
	148	68
	147	71
	148	71
	146	71
	149	71
	148	72
	149	72
	149	70
	147	72
	148	73
	149	73
	147	73
	150	72
	150	73
	150	71
	149	74
	150	74
	148	74
	151	74
	150	75
	151	75
	151	73
	149	75
	152	75
	151	76
	152	76
	152	74
	150	76
	151	77
	152	77
	150	77
	153	76
	153	77
	153	75
	152	78
	153	78
	151	78
	154	77
	154	78
	154	76
	153	79
	154	79
	152	79
	155	78
	155	79
	155	77
	154	80
	155	80
	153	80
	155	81
	156	81
	154	81
	155	82
	156	82
	156	80
	154	82
	157	81
	157	82
	157	80
	156	83
	157	83
	155	83
	157	84
	158	84
	156	84
	157	85
	158	85
	158	83
	156	85
	159	84
	159	85
	159	83
	158	86
	159	86
	157	86
	158	87
	159	87
	157	87
	160	86
	160	87
	160	85
	159	88
	160	88
	158	88
	161	87
	161	88
	161	86
	160	89
	161	89
	159	89
	162	88
	162	89
	162	87
	161	90
	162	90
	160	90
	163	89
	163	90
	163	88
	164	90
	163	91
	164	91
	164	89
	162	91
	163	92
	164	92
	162	92
	165	91
	165	92
	165	90
	164	93
	165	93
	163	93
	164	94
	165	94
	163	94
	166	93
	166	94
	166	92
	165	95
	166	95
	164	95
	167	94
	167	95
	167	93
	168	94
	168	95
	168	93
	167	96
	168	96
	166	96
	169	95
	169	96
	169	94
	168	97
	169	97
	167	97
	170	96
	170	97
	170	95
	169	98
	170	98
	168	98
	171	97
	171	98
	171	96
	170	99
	171	99
	169	99
	172	99
	171	100
	172	100
	172	98
	170	100
	171	101
	172	101
	170	101
	171	102
	172	102
	170	102
	171	103
	172	103
	170	103
	173	102
	173	103
	173	101
	172	104
	173	104
	171	104
	172	105
	173	105
	171	105
	174	105
	173	106
	174	106
	174	104
	172	106
	173	107
	174	107
	172	107
	175	107
	174	108
	175	108
	175	106
	173	108
	174	109
	175	109
	173	109
	174	110
	175	110
	173	110
	174	111
	175	111
	173	111
	176	111
	175	112
	176	112
	176	110
	174	112
	175	113
	176	113
	174	113
	176	114
	177	114
	175	114
	176	115
	177	115
	177	113
	175	115
	176	116
	177	116
	175	116
	176	117
	177	117
	175	117
	176	118
	177	118
	175	118
	176	119
	177	119
	175	119
	178	119
	177	120
	178	120
	178	118
	176	120
	178	122
	179	122
	177	122
	178	123
	178	121
	179	123
	179	121
	177	123
	177	121
	178	124
	179	124
	177	124
	176	124
	177	125
	178	125
	176	125
	176	123
	176	122
	176	121
	175	121
	175	122
	175	120
	174	118
	174	119
	174	117
	174	116
	174	115
	174	114
	173	112
	172	110
	172	111
	172	109
	172	108
	171	108
	171	109
	171	107
	171	106
	170	105
	170	106
	170	104
	169	103
	169	104
	169	102
	169	101
	169	100
	168	101
	168	102
	168	100
	168	99
	177	126
	178	126
	176	126
	177	127
	178	127
	176	127
	179	126
	179	127
	179	125
	178	128
	179	128
	177	128
	178	129
	179	129
	177	129
	178	130
	179	130
	177	130
	178	131
	179	131
	177	131
	180	131
	179	132
	180	132
	180	130
	178	132
	179	133
	180	133
	178	133
	179	134
	180	134
	178	134
	179	135
	180	135
	178	135
	179	136
	180	136
	178	136
	179	137
	180	137
	178	137
	179	138
	180	138
	178	138
	180	147
	181	147
	179	147
	180	148
	180	146
	181	148
	181	146
	179	148
	179	146
	182	147
	182	148
	182	146
	181	145
	182	145
	180	145
	181	144
	182	144
	180	144
	181	143
	182	143
	180	143
	179	144
	179	145
	179	143
	180	142
	181	142
	179	142
	180	141
	181	141
	179	141
	180	140
	181	140
	179	140
	178	141
	178	142
	178	140
	179	139
	180	139
	178	139
	182	141
	182	142
	182	140
	181	139
	182	139
	181	138
	181	137
	181	136
	181	149
	182	149
	180	149
	181	150
	182	150
	180	150
	181	151
	182	151
	180	151
	181	152
	182	152
	180	152
	181	153
	182	153
	180	153
	179	152
	179	153
	179	151
	180	154
	181	154
	179	154
	180	155
	181	155
	179	155
	180	156
	181	156
	179	156
	180	157
	181	157
	179	157
	180	158
	181	158
	179	158
	180	159
	181	159
	179	159
	180	160
	181	160
	179	160
	178	160
	179	161
	180	161
	178	161
	178	159
	179	162
	180	162
	178	162
	179	163
	180	163
	178	163
	179	164
	180	164
	178	164
	179	165
	180	165
	178	165
	179	166
	180	166
	178	166
	179	167
	180	167
	178	167
	177	166
	177	167
	177	165
	178	168
	179	168
	177	168
	178	169
	179	169
	177	169
	178	170
	179	170
	177	170
	178	171
	179	171
	177	171
	178	172
	179	172
	177	172
	178	173
	179	173
	177	173
	178	174
	179	174
	177	174
	178	175
	179	175
	177	175
	178	176
	179	176
	177	176
	176	175
	176	176
	176	174
	177	177
	178	177
	176	177
	177	178
	178	178
	176	178
	177	179
	178	179
	176	179
	177	180
	178	180
	176	180
	177	181
	178	181
	176	181
	177	182
	178	182
	176	182
	177	183
	178	183
	176	183
	177	184
	178	184
	176	184
	177	185
	178	185
	176	185
	177	186
	178	186
	176	186
	179	185
	179	186
	179	184
	178	187
	179	187
	177	187
	178	188
	179	188
	177	188
	176	188
	177	189
	178	189
	176	189
	176	187
	175	189
	176	190
	177	190
	175	190
	175	188
	176	191
	177	191
	175	191
	176	192
	177	192
	175	192
	176	193
	177	193
	175	193
	178	192
	178	193
	178	191
	177	194
	178	194
	176	194
	177	195
	178	195
	176	195
	177	196
	178	196
	176	196
	177	197
	178	197
	176	197
	175	196
	175	197
	175	195
	176	198
	177	198
	175	198
	175	194
	176	199
	177	199
	175	199
	176	200
	177	200
	175	200
	176	201
	177	201
	175	201
	176	202
	177	202
	175	202
	176	203
	177	203
	175	203
	174	202
	174	203
	174	201
	175	204
	176	204
	174	204
	175	205
	176	205
	174	205
	175	206
	176	206
	174	206
	177	204
	177	205
	177	206
	176	207
	177	207
	175	207
	176	208
	177	208
	175	208
	176	209
	177	209
	175	209
	174	208
	174	209
	174	207
	175	210
	176	210
	174	210
	175	211
	176	211
	174	211
	175	212
	176	212
	174	212
	175	213
	176	213
	174	213
	173	212
	173	213
	173	211
	174	214
	175	214
	173	214
	174	215
	175	215
	173	215
	174	216
	175	216
	173	216
	174	217
	175	217
	173	217
	172	216
	172	217
	172	215
	173	218
	174	218
	172	218
	173	219
	174	219
	172	219
	171	218
	171	219
	171	217
	172	220
	173	220
	171	220
	172	221
	173	221
	171	221
	170	220
	170	221
	170	219
	171	222
	172	222
	170	222
	171	223
	172	223
	170	223
	169	222
	169	223
	169	221
	170	224
	171	224
	169	224
	170	225
	171	225
	169	225
	170	226
	171	226
	169	226
	168	225
	168	226
	168	224
	169	227
	170	227
	168	227
	171	227
	169	228
	170	228
	168	228
	169	229
	170	229
	168	229
	167	228
	167	229
	167	227
	168	230
	169	230
	167	230
	168	231
	169	231
	167	231
	168	232
	169	232
	167	232
	166	231
	166	232
	166	230
	167	233
	168	233
	166	233
	167	234
	168	234
	166	234
	167	235
	168	235
	166	235
	167	236
	168	236
	166	236
	167	237
	168	237
	166	237
	167	238
	168	238
	166	238
	167	239
	168	239
	166	239
	167	240
	168	240
	166	240
	169	239
	169	240
	169	238
	168	241
	169	241
	167	241
	168	242
	169	242
	167	242
	166	242
	167	243
	168	243
	166	243
	166	241
	165	242
	165	243
	165	241
	166	244
	167	244
	165	244
	164	243
	164	244
	164	242
	163	243
	163	244
	163	242
	162	243
	162	244
	162	242
	161	243
	161	244
	161	242
	160	243
	160	244
	160	242
	161	245
	162	245
	160	245
	159	244
	159	245
	159	243
	158	244
	158	245
	158	243
	157	244
	157	245
	157	243
	156	245
	157	246
	158	246
	156	246
	156	244
	155	245
	155	246
	155	244
	154	245
	154	246
	154	244
	153	245
	153	246
	153	244
	152	246
	153	247
	154	247
	152	247
	152	245
	151	246
	151	247
	151	245
	150	246
	150	247
	150	245
	149	246
	149	247
	149	245
	148	247
	149	248
	150	248
	148	248
	148	246
	147	247
	147	248
	147	246
	146	247
	146	248
	146	246
	147	249
	148	249
	146	249
	145	248
	145	249
	145	247
	144	248
	144	249
	144	247
	143	248
	143	249
	143	247
	144	250
	145	250
	143	250
	142	249
	142	250
	142	248
	141	249
	141	250
	141	248
	140	249
	140	250
	140	248
	139	249
	139	250
	139	248
	138	249
	138	250
	138	248
	137	249
	137	250
	137	248
	136	249
	136	250
	136	248
	135	249
	135	250
	135	248
	134	249
	134	250
	134	248
	133	249
	133	250
	133	248
	132	249
	132	250
	132	248
	131	249
	131	250
	131	248
	130	248
	131	247
	132	247
	130	249
	130	247
	129	248
	129	249
	129	247
	128	248
	128	249
	128	247
	133	247
	134	247
	135	247
	136	247
	137	247
	138	247
	139	247
	140	247
	142	247
	141	247
	130	250
	129	250
	128	250
	127	249
	127	250
	127	248
	126	248
	127	247
	126	249
	126	247
	127	246
	128	246
	126	246
	125	247
	125	248
	125	246
	126	245
	127	245
	125	245
	126	244
	127	244
	125	244
	124	245
	124	246
	124	244
	125	243
	126	243
	124	243
	125	242
	126	242
	124	242
	123	243
	123	244
	123	242
	124	241
	125	241
	123	241
	124	240
	125	240
	123	240
	122	241
	122	242
	122	240
	123	239
	124	239
	122	239
	121	240
	121	241
	121	239
	122	238
	123	238
	121	238
	120	239
	120	240
	120	238
	121	237
	122	237
	120	237
	121	236
	122	236
	120	236
	121	235
	122	235
	120	235
	119	236
	119	237
	119	235
	120	234
	121	234
	119	234
	120	233
	121	233
	119	233
	120	232
	121	232
	119	232
	118	233
	118	234
	118	232
	119	231
	120	231
	118	231
	119	230
	120	230
	118	230
	119	229
	120	229
	118	229
	119	228
	120	228
	118	228
	119	227
	120	227
	118	227
	121	228
	121	229
	121	227
	120	226
	121	226
	119	226
	120	225
	121	225
	119	225
	122	226
	122	227
	122	225
	121	224
	122	224
	120	224
	123	225
	123	226
	123	224
	122	223
	123	223
	121	223
	124	223
	123	222
	124	224
	124	222
	122	222
	123	221
	124	221
	122	221
	125	222
	125	223
	125	221
	124	220
	125	220
	123	220
	126	220
	125	219
	126	221
	126	219
	124	219
	127	219
	126	218
	127	220
	127	218
	125	218
	128	218
	127	217
	128	219
	128	217
	126	217
	127	216
	128	216
	126	216
	129	216
	128	215
	129	217
	129	215
	127	215
	128	214
	129	214
	127	214
	128	213
	129	213
	127	213
	130	214
	130	215
	130	213
	129	212
	130	212
	128	212
	131	213
	131	214
	131	212
	130	211
	131	211
	129	211
	132	212
	132	213
	132	211
	133	211
	132	210
	133	212
	133	210
	131	210
	132	209
	133	209
	131	209
	134	209
	133	208
	134	210
	134	208
	132	208
	133	207
	134	207
	132	207
	135	208
	135	209
	135	207
	134	206
	135	206
	133	206
	136	207
	136	208
	136	206
	135	205
	136	205
	134	205
	137	206
	137	207
	137	205
	136	204
	137	204
	135	204
	138	205
	138	206
	138	204
	137	203
	138	203
	136	203
	139	204
	139	205
	139	203
	138	202
	139	202
	137	202
	138	201
	139	201
	137	201
	140	202
	140	203
	140	201
	139	200
	140	200
	138	200
	141	201
	141	202
	141	200
	140	199
	141	199
	139	199
	142	199
	141	198
	142	200
	142	198
	140	198
	141	197
	142	197
	140	197
	143	197
	142	196
	143	198
	143	196
	141	196
	142	195
	143	195
	141	195
	144	196
	144	197
	144	195
	143	194
	144	194
	142	194
	143	193
	144	193
	142	193
	143	192
	144	192
	142	192
	143	191
	144	191
	142	191
	143	190
	144	190
	142	190
	143	189
	144	189
	142	189
	143	188
	144	188
	142	188
	143	187
	144	187
	142	187
	143	186
	144	186
	142	186
	143	185
	144	185
	142	185
	143	184
	144	184
	142	184
	143	183
	144	183
	142	183
	143	182
	144	182
	142	182
	143	181
	144	181
	142	181
	143	180
	144	180
	142	180
	143	179
	144	179
	142	179
	143	178
	144	178
	142	178
	143	177
	144	177
	142	177
	141	177
	142	176
	143	176
	141	178
	141	176
	142	175
	143	175
	141	175
	142	174
	143	174
	141	174
	142	173
	143	173
	141	173
	142	172
	143	172
	141	172
	142	171
	143	171
	141	171
	142	170
	143	170
	141	170
	142	169
	143	169
	141	169
	142	168
	143	168
	141	168
	142	167
	143	167
	141	167
	142	166
	143	166
	141	166
	142	165
	143	165
	141	165
	142	164
	143	164
	141	164
	142	163
	143	163
	141	163
	140	164
	140	165
	140	163
	141	162
	142	162
	140	162
	141	161
	142	161
	140	161
	141	160
	142	160
	140	160
	141	159
	142	159
	140	159
	141	158
	142	158
	140	158
	141	157
	142	157
	140	157
	143	158
	143	159
	143	157
	143	160
	143	161
	143	162
	141	156
	142	156
	140	156
	141	155
	142	155
	140	155
	141	154
	142	154
	140	154
	141	153
	142	153
	140	153
	141	152
	142	152
	140	152
	143	152
	142	151
	143	153
	143	151
	141	151
	142	150
	143	150
	141	150
	142	149
	143	149
	141	149
	142	148
	143	148
	141	148
	142	147
	143	147
	141	147
	140	147
	141	146
	142	146
	140	148
	140	146
	140	149
	140	150
	140	151
	143	154
	141	145
	142	145
	140	145
	139	146
	139	147
	139	145
	140	144
	141	144
	139	144
	140	143
	141	143
	139	143
	140	142
	141	142
	139	142
	143	146
	143	145
	142	144
	143	144
	142	143
	143	143
	142	142
	143	142
	141	141
	142	141
	140	141
	141	140
	142	140
	140	140
	141	139
	142	139
	140	139
	141	138
	142	138
	140	138
	141	137
	142	137
	140	137
	139	138
	139	139
	139	137
	140	136
	141	136
	139	136
	140	135
	141	135
	139	135
	140	134
	141	134
	139	134
	138	135
	138	136
	138	134
	139	133
	140	133
	138	133
	137	134
	137	135
	137	133
	138	132
	139	132
	137	132
	136	133
	136	134
	136	132
	135	133
	135	134
	135	132
	136	131
	137	131
	135	131
	134	131
	135	130
	136	130
	134	132
	134	130
	133	131
	133	132
	133	130
	134	129
	135	129
	133	129
	132	130
	132	131
	132	129
	133	128
	134	128
	132	128
	131	129
	131	130
	131	128
	132	127
	121	40
	131	127
	130	127
	122	41
	122	40
	130	128
	130	126
	122	43
	125	45
	123	41
	129	126
	129	127
	129	125
	121	42
	123	43
	122	42
	128	125
	128	126
	128	124
	127	125
	127	126
	127	124
	123	42
	124	43
	127	123
	126	123
	121	41
	125	46
	126	124
	126	122
	125	123
	125	124
	125	122
	121	39
	126	46
	125	121
	124	122
	124	123
	124	121
	120	38
	103	105
	124	120
	123	120
	124	45
	123	121
	123	119
	124	46
	102	106
	124	47
	122	119
	122	120
	122	118
	125	47
	121	118
	121	119
	121	117
	120	117
	127	47
	126	47
	120	118
	120	116
	119	117
	119	118
	119	116
	126	48
	119	115
	118	116
	118	117
	118	115
	125	48
	118	114
	117	115
	117	116
	117	114
	123	48
	124	48
	117	113
	116	114
	116	115
	116	113
	123	46
	123	47
	116	112
	115	113
	115	114
	115	112
	122	45
	101	106
	115	111
	114	111
	109	107
	102	107
	114	112
	123	45
	113	111
	113	112
	113	110
	112	110
	122	44
	102	105
	112	111
	112	109
	111	109
	123	44
	101	105
	111	110
	124	44
	101	104
	100	105
	108	109
	107	109
	110	109
	107	110
	108	110
	100	104
	110	110
	109	110
	109	108
	109	111
	111	111
	99	104
	109	112
	111	112
	112	112
	110	112
	110	111
	108	111
	46	74
	75	90
	105	109
	106	109
	75	88
	105	108
	75	89
	76	89
	47	75
	73	89
	52	81
	74	90
	66	86
	74	89
	50	78
	50	79
	51	80
	68	86
	68	87
	69	85
	53	82
	53	81
	54	82
	69	87
	67	87
	74	88
	54	83
	53	83
	55	83
	54	84
	77	89
	55	84
	72	88
	64	85
	55	86
	54	85
	76	90
	56	84
	73	88
	65	85
	55	85
	56	85
	70	85
	58	87
	64	86
	65	86
	64	84
	57	85
	57	87
	56	86
	73	87
	63	85
	62	85
	59	87
	57	86
	58	86
	93	99
	72	89
	60	85
	60	86
	60	87
	59	86
	63	84
	71	88
	61	86
	61	85
	63	86
	62	86
	71	87
	69	86
	70	87
	72	87
	70	86
	71	86
	93	98
	77	90
	92	98
	91	99
	78	90
	78	92
	92	99
	77	91
	79	90
	78	91
	91	100
	102	103
	92	100
	101	103
	91	98
	79	92
	80	91
	93	100
	79	91
	81	92
	90	99
	80	93
	81	91
	90	95
	82	92
	80	92
	101	102
	93	102
	83	93
	81	93
	92	101
	89	98
	82	94
	94	98
	90	98
	82	93
	84	93
	102	104
	94	102
	88	98
	90	97
	85	94
	83	94
	103	104
	84	95
	88	97
	89	99
	84	94
	89	97
	100	102
	87	95
	89	96
	86	94
	85	95
	107	106
	86	95
	108	106
	99	102
	87	97
	88	95
	86	96
	87	96
	96	103
	59	83
	93	101
	106	106
	99	101
	95	101
	95	102
	94	101
	96	102
	95	100
	97	100
	97	102
	98	101
	97	101
	94	99
	97	103
	98	104
	98	103
	95	99
	91	97
	109	109
	92	97
	90	96
	98	102
	94	100
	91	96
	100	103
	110	108
	99	103
	107	108
	96	101
	89	95
	96	100
	88	94
	89	94
	57	84
	108	108
	108	107
	62	83
	86	93
	87	94
	63	83
	85	93
	87	93
	84	92
	62	84
	58	82
	58	83
	51	77
	85	92
	83	91
	83	92
	80	90
	57	83
	81	90
	80	89
	82	91
	51	78
	79	89
	77	88
	78	88
	78	89
	52	77
	76	88
	76	87
	75	87
	74	87
	45	72
	74	86
	105	107
	106	107
	70	84
	64	83
	72	85
	73	86
	45	69
	71	84
	103	107
	53	77
	65	83
	46	66
	68	83
	69	84
	105	106
	48	69
	53	79
	103	106
	67	86
	51	79
	53	78
	52	78
	68	84
	68	85
	67	85
	45	70
	52	79
	56	82
	104	108
	65	84
	66	84
	49	71
	57	82
	57	80
	104	106
	57	81
	56	81
	56	80
	49	76
	55	77
	56	78
	57	79
	55	79
	55	78
	52	75
	50	76
	52	76
	54	76
	56	79
	51	75
	53	75
	54	77
	54	78
	55	80
	104	107
	45	68
	53	76
	52	80
	54	81
	53	80
	54	79
	54	80
	44	69
	49	72
	48	73
	46	70
	47	72
	46	71
	46	69
	50	74
	49	74
	48	71
	44	73
	46	72
	47	71
	47	70
	45	74
	49	73
	48	74
	49	75
	51	74
	51	76
	47	74
	46	68
	46	67
	50	77
	47	69
	49	77
	55	81
	48	76
	66	83
	66	85
	50	75
	48	75
	67	84
	69	83
	67	83
	55	82
	71	85
	72	86
	59	84
	56	83
	106	105
	104	104
	105	105
	104	105
	88	96
	61	84
	107	107
	60	84
	59	85
	58	84
	45	67
	58	85
	47	73
	111	113
	112	113
	113	113
	112	114
	114	113
	113	114
	114	114
	114	115
	115	115
	115	116
	116	116
	116	117
	117	117
	117	118
	118	118
	119	119
	120	119
	118	119
	119	120
	120	120
	121	120
	120	121
	121	121
	122	121
	122	122
	123	122
	123	123
	124	124
	125	125
	126	125
	126	126
	127	127
	128	127
	128	128
	129	128
	129	129
	130	129
	130	130
	131	131
	87	92
	88	92
	88	93
	88	91
	87	91
	86	92
	86	91
	85	91
	84	91
	84	90
	85	90
	83	90
	82	90
	82	89
	83	89
	81	89
	81	88
	84	89
	82	88
	80	88
	79	88
	79	87
	80	87
	78	87
	77	87
	78	86
	77	86
	76	85
	75	85
	75	84
	74	84
	73	84
	73	83
	72	83
	72	82
	71	83
	71	82
	70	82
	70	81
	69	81
	69	82
	70	83
	72	84
	74	85
	73	85
	75	86
	76	86
	167	98
	167	99
	167	100
	167	101
	166	101
	165	101
	164	101
	167	102
	167	103
	167	104
	48	66
	48	67
	48	65
	48	64
	48	63
	48	61
	48	62
	48	60
	47	63
	46	63
	45	63
	49	63
	50	63
	51	63
	158	242
	158	241
	158	240
	158	239
	157	239
	157	238
	157	237
	158	238
	157	236
	157	240
	156	240
	155	240
	154	240
	159	239
	160	239
	161	239
	159	240
	130	206
	131	206
	129	206
	130	207
	130	205
	131	207
	131	205
	129	207
	129	205
	130	208
	132	206
	130	204
	128	206
	132	205
	131	204
	132	204
	133	205
	131	203
	132	203
	130	203
	133	204
	131	202
	129	204
	133	203
	132	202
	133	202
	134	203
	132	201
	133	201
	131	201
	134	202
	132	200
	130	202
	134	201
	135	202
	133	200
	134	200
	135	201
	133	199
	135	200
	134	199
	135	199
	136	200
	134	198
	136	199
	135	198
	136	198
	137	199
	135	197
	137	198
	136	197
	137	197
	138	198
	136	196
	137	196
	135	196
	138	197
	136	195
	134	197
	138	196
	139	197
	137	195
	138	195
	139	196
	137	194
	139	195
	140	196
	138	194
	140	195
	139	194
	140	194
	139	193
	140	193
	138	193
	141	194
	139	192
	139	198
	138	199
	137	200
	136	201
	136	202
	135	203
	134	204
	130	209
	129	209
	130	210
	131	208
	129	210
	129	208
	128	209
	128	210
	128	211
	127	210
	127	211
	127	212
	126	211
	126	212
	126	213
	125	212
	126	214
	125	213
	125	214
	126	215
	124	213
	125	215
	124	214
	125	216
	124	215
	128	208
	137	193
	138	192
	136	194
	140	192
	141	193
	139	191
	140	191
	138	191
	141	192
	139	190
	137	192
	140	190
	138	190
	141	191
	139	189
	137	191
	140	189
	138	189
	141	190
	139	188
	137	190
	140	188
	138	188
	141	189
	139	187
	137	189
	140	187
	138	187
	141	188
	139	186
	137	188
	140	186
	138	186
	141	187
	139	185
	137	187
	140	185
	138	185
	141	186
	139	184
	137	186
	140	184
	138	184
	141	185
	139	183
	137	185
	140	183
	138	183
	141	184
	139	182
	137	184
	140	182
	138	182
	141	183
	139	181
	137	183
	140	181
	138	181
	139	180
	140	180
	138	180
	141	181
	139	179
	137	181
	140	179
	138	179
	141	180
	139	178
	137	180
	140	178
	138	178
	141	179
	139	177
	137	179
	137	178
	138	177
	137	177
	138	176
	136	178
	139	176
	137	176
	140	177
	138	175
	136	177
	139	175
	137	175
	140	176
	138	174
	136	176
	139	174
	137	174
	140	175
	138	173
	136	175
	141	182
	137	182
	136	181
	136	184
	136	185
	136	183
	135	184
	136	186
	135	185
	136	187
	135	186
	136	182
	135	182
	135	177
	135	178
	135	176
	136	179
	134	177
	135	175
	136	174
	135	174
	136	173
	134	175
	137	173
	135	173
	136	172
	134	174
	137	172
	139	173
	138	172
	139	172
	140	173
	138	171
	139	170
	140	170
	138	170
	139	171
	139	169
	140	171
	140	169
	138	169
	139	168
	137	170
	140	172
	137	171
	140	174
	137	169
	138	168
	137	168
	138	167
	136	169
	137	166
	138	166
	136	166
	137	167
	137	165
	138	165
	136	167
	136	165
	139	166
	137	164
	135	166
	138	164
	136	164
	137	163
	138	163
	136	163
	139	164
	137	162
	135	164
	135	163
	136	162
	135	162
	136	161
	134	163
	137	161
	135	161
	138	162
	136	160
	134	162
	135	159
	136	159
	134	159
	135	160
	135	158
	136	158
	134	160
	134	158
	137	159
	135	157
	133	159
	135	156
	136	156
	134	156
	135	155
	136	157
	136	155
	134	157
	134	155
	137	156
	135	154
	133	156
	134	152
	135	152
	133	152
	134	153
	134	151
	135	153
	135	151
	133	153
	133	151
	134	154
	136	152
	134	150
	132	152
	133	150
	132	150
	133	149
	134	149
	132	151
	132	149
	135	150
	133	148
	131	150
	136	154
	136	153
	137	154
	133	154
	137	157
	137	158
	138	157
	138	160
	139	160
	137	160
	138	161
	138	159
	139	161
	139	159
	138	158
	139	162
	139	163
	139	165
	140	166
	139	167
	140	167
	140	168
	138	156
	137	155
	138	155
	139	156
	137	153
	138	154
	137	152
	138	153
	136	151
	137	151
	138	152
	136	150
	137	150
	138	151
	136	149
	137	149
	135	149
	138	150
	136	148
	135	148
	134	148
	135	147
	136	147
	134	147
	137	148
	135	146
	139	158
	139	157
	139	155
	139	154
	139	153
	139	152
	139	151
	139	150
	139	149
	138	149
	139	148
	138	147
	138	148
	138	146
	137	147
	138	145
	137	145
	138	144
	137	146
	137	144
	138	143
	136	145
	137	143
	138	142
	136	144
	137	142
	138	141
	139	141
	137	141
	138	140
	136	142
	139	140
	137	140
	138	139
	136	141
	137	139
	138	138
	136	140
	137	138
	138	137
	136	139
	137	137
	136	138
	136	137
	137	136
	136	136
	135	137
	136	135
	135	136
	135	135
	134	135
	134	136
	134	134
	133	135
	133	134
	134	133
	133	133
	132	134
	132	133
	132	132
	131	133
	131	132
	130	132
	130	131
	129	131
	129	130
	128	130
	128	129
	127	129
	127	130
	127	128
	128	131
	126	129
	126	130
	126	128
	127	131
	125	129
	125	128
	126	127
	125	127
	124	128
	124	127
	125	126
	124	126
	123	127
	123	126
	122	126
	123	125
	124	125
	122	127
	122	125
	123	128
	123	124
	121	126
	121	125
	122	124
	121	124
	122	123
	120	125
	120	126
	120	124
	121	127
	121	123
	119	125
	119	124
	120	123
	119	123
	120	122
	118	124
	121	122
	119	122
	118	123
	118	122
	119	121
	118	121
	117	122
	117	121
	118	120
	117	120
	116	121
	116	122
	116	120
	117	123
	117	119
	115	121
	116	119
	115	119
	116	118
	115	120
	115	118
	114	119
	114	118
	113	118
	114	117
	115	117
	113	119
	113	117
	114	120
	114	116
	112	118
	112	117
	113	116
	112	116
	113	115
	111	117
	111	116
	112	115
	111	115
	110	116
	110	115
	109	115
	110	114
	111	114
	109	116
	109	114
	110	117
	110	113
	108	115
	108	113
	109	113
	107	113
	108	114
	108	112
	107	114
	107	112
	106	113
	105	113
	106	114
	106	112
	105	114
	105	112
	106	115
	106	111
	104	113
	104	112
	105	111
	104	111
	105	110
	103	112
	103	111
	104	110
	103	110
	104	109
	102	111
	102	112
	102	110
	103	113
	103	109
	101	111
	106	110
	107	111
	111	118
	112	119
	111	119
	112	120
	110	118
	113	120
	114	121
	122	128
	124	129
	125	130
	126	131
	127	132
	128	132
	126	132
	127	133
	125	131
	129	132
	128	133
	129	133
	128	134
	130	133
	129	134
	130	134
	131	134
	130	135
	131	135
	132	135
	131	136
	132	136
	130	136
	131	137
	129	135
	132	137
	130	137
	131	138
	133	136
	129	136
	133	137
	132	138
	134	137
	133	138
	134	138
	133	139
	135	138
	134	139
	135	139
	134	140
	135	140
	133	140
	134	141
	132	139
	135	141
	135	142
	134	142
	135	143
	133	141
	136	143
	134	143
	135	144
	133	142
	134	144
	135	145
	134	145
	133	144
	136	146
	134	146
	133	145
	133	146
	133	147
	108	116
	107	116
	108	117
	109	117
	107	117
	107	115
	108	118
	106	116
	106	117
	107	118
	105	116
	105	115
	104	115
	104	114
	101	110
	102	109
	101	109
	102	108
	100	110
	100	111
	100	109
	101	112
	101	108
	99	110
	99	109
	100	108
	99	108
	100	107
	98	109
	98	110
	98	108
	99	111
	99	107
	97	109
	98	107
	99	106
	97	108
	97	107
	98	106
	96	108
	96	107
	97	106
	96	106
	97	105
	95	107
	95	106
	96	105
	95	105
	96	104
	94	106
	98	105
	100	106
	101	107
	99	105
	103	108
	94	105
	95	104
	94	104
	95	103
	93	105
	93	104
	92	104
	93	103
	94	103
	92	105
	92	103
	93	106
	91	104
	91	103
	92	102
	91	102
	90	103
	90	102
	91	101
	90	101
	89	102
	89	103
	89	101
	90	104
	90	100
	88	102
	88	101
	89	100
	88	100
	87	101
	87	100
	86	100
	87	99
	88	99
	86	101
	86	99
	87	102
	87	98
	85	100
	85	99
	84	99
	85	98
	86	98
	84	100
	84	98
	85	101
	85	97
	83	99
	83	98
	84	97
	83	97
	84	96
	82	98
	82	97
	83	96
	82	96
	83	95
	81	97
	86	97
	97	104
	94	107
	91	105
	92	106
	88	103
	86	102
	87	103
	90	105
	91	106
	89	104
	93	107
	94	108
	95	108
	93	108
	94	109
	92	107
	97	110
	98	111
	96	109
	100	112
	99	112
	100	113
	101	113
	102	113
	101	114
	102	114
	85	96
	82	95
	81	95
	81	96
	81	94
	80	95
	80	96
	80	94
	79	95
	79	94
	79	93
	78	94
	78	95
	78	93
	79	96
	77	94
	77	93
	77	92
	76	93
	76	92
	75	92
	76	91
	75	93
	75	91
	76	94
	74	92
	74	93
	74	91
	75	94
	73	92
	73	91
	72	91
	73	90
	72	92
	72	90
	73	93
	71	91
	71	90
	71	89
	70	90
	70	89
	70	88
	69	89
	69	90
	69	88
	70	91
	68	89
	80	97
	81	98
	77	95
	76	95
	77	96
	72	93
	73	94
	71	92
	67	91
	68	91
	66	91
	67	92
	67	90
	68	92
	68	90
	66	92
	66	90
	67	93
	69	91
	67	89
	65	91
	64	91
	63	91
	64	92
	64	90
	65	92
	65	90
	63	92
	63	90
	64	93
	64	89
	62	91
	62	92
	62	90
	63	93
	63	89
	61	91
	61	90
	62	89
	61	89
	62	88
	60	90
	60	91
	60	89
	61	92
	61	88
	59	90
	59	91
	59	89
	60	92
	60	88
	58	90
	58	89
	57	89
	58	88
	59	88
	57	90
	57	88
	58	91
	56	89
	56	88
	55	88
	56	87
	55	89
	55	87
	56	90
	54	88
	54	89
	54	87
	55	90
	53	88
	64	88
	65	88
	63	88
	64	87
	65	89
	65	87
	63	87
	66	88
	68	88
	67	88
	66	89
	66	87
	62	87
	61	87
	54	86
	53	87
	53	86
	52	87
	52	86
	51	86
	52	85
	53	85
	51	87
	51	85
	52	88
	52	84
	50	86
	49	86
	50	87
	50	85
	49	87
	49	85
	50	88
	50	84
	48	86
	48	85
	49	84
	48	84
	49	83
	47	85
	47	84
	48	83
	47	83
	48	82
	46	84
	46	83
	47	82
	46	82
	47	81
	45	83
	45	82
	46	81
	45	81
	46	80
	44	82
	47	80
	45	80
	48	81
	46	79
	44	81
	49	82
	50	82
	49	81
	50	83
	50	81
	51	82
	49	80
	53	84
	51	84
	52	83
	51	83
	51	81
	52	82
	50	80
	48	80
	49	79
	48	79
	47	79
	48	78
	47	78
	46	78
	47	77
	45	79
	48	77
	46	77
	49	78
	47	76
	45	78
	45	77
	46	76
	44	78
	45	76
	46	75
	44	77
	44	76
	45	75
	43	77
	42	76
	43	76
	41	76
	42	77
	42	75
	43	75
	41	77
	41	75
	42	78
	42	74
	40	76
	40	75
	39	75
	40	74
	41	74
	39	76
	39	74
	40	77
	40	73
	38	75
	38	74
	37	74
	37	75
	38	76
	36	74
	36	75
	37	76
	35	74
	34	74
	35	75
	34	75
	35	76
	33	74
	33	75
	34	76
	32	74
	32	75
	32	73
	33	76
	31	74
	41	73
	42	73
	43	73
	43	74
	44	74
	44	75
	44	80
	43	80
	44	79
	43	81
	43	79
	42	80
	41	78
	40	78
	41	79
	42	79
	40	79
	41	80
	43	78
	39	78
	36	76
	36	77
	37	77
	35	77
	36	78
	34	77
	35	78
	32	76
	33	77
	31	75
	31	76
	32	77
	30	75
	31	73
	30	74
	30	73
	30	72
	29	73
	28	73
	29	74
	29	72
	28	74
	28	72
	29	75
	29	71
	27	73
	30	71
	28	71
	29	70
	27	72
	27	71
	28	70
	26	72
	27	70
	28	69
	26	71
	29	69
	27	69
	30	70
	28	68
	26	70
	27	68
	26	68
	27	67
	28	67
	26	69
	26	67
	29	68
	27	66
	25	68
	28	66
	26	66
	27	65
	28	65
	26	65
	29	66
	27	64
	25	66
	26	64
	25	64
	26	63
	27	63
	25	65
	25	63
	28	64
	26	62
	24	64
	27	62
	25	62
	28	63
	26	61
	24	63
	27	61
	25	61
	26	60
	27	60
	25	60
	28	61
	26	59
	24	61
	28	62
	28	60
	29	61
	27	59
	29	60
	28	59
	29	59
	30	60
	28	58
	29	62
	29	63
	30	62
	29	64
	29	65
	29	67
	39	77
	38	77
	30	61
	31	60
	30	59
	31	59
	30	58
	31	58
	29	58
	30	57
	31	57
	29	57
	30	56
	31	56
	29	56
	32	57
	30	55
	28	57
	32	56
	31	55
	32	55
	33	56
	31	54
	32	54
	30	54
	33	55
	31	53
	29	55
	32	53
	30	53
	33	54
	31	52
	29	54
	33	53
	32	52
	33	52
	34	53
	32	51
	33	51
	31	51
	34	52
	32	50
	30	52
	34	51
	33	50
	34	50
	35	51
	33	49
	35	50
	34	49
	35	49
	36	50
	34	48
	35	48
	36	48
	35	47
	36	49
	36	47
	34	47
	37	48
	35	46
	33	48
	37	47
	36	46
	37	46
	38	47
	36	45
	37	45
	35	45
	36	44
	37	44
	35	44
	38	45
	36	43
	34	45
	37	43
	38	43
	37	42
	38	44
	38	42
	36	42
	39	43
	37	41
	35	43
	39	42
	38	41
	39	41
	40	42
	38	40
	39	40
	40	40
	39	39
	40	41
	40	39
	38	39
	41	40
	39	38
	37	40
	40	38
	38	38
	41	39
	39	37
	37	39
	42	37
	43	37
	41	37
	42	38
	42	36
	43	38
	43	36
	41	38
	41	36
	42	39
	44	37
	42	35
	40	37
	43	35
	41	35
	44	36
	42	34
	40	36
	44	35
	45	36
	43	34
	45	37
	45	35
	44	38
	46	36
	44	34
	43	39
	42	40
	43	40
	42	41
	44	39
	41	41
	41	42
	40	43
	41	43
	40	44
	42	42
	41	44
	39	44
	40	45
	42	43
	39	45
	39	46
	40	46
	38	46
	39	47
	41	45
	38	48
	39	48
	38	49
	37	49
	37	50
	36	51
	37	51
	36	52
	35	52
	35	53
	34	54
	35	54
	32	58
	30	69
	43	41
	44	40
	45	39
	45	38
	46	37
	47	36
	46	35
	48	36
	47	35
	48	35
	49	36
	47	34
	43	42
	50	36
	49	35
	50	35
	51	36
	49	34
	51	35
	50	34
	51	34
	52	35
	50	33
	52	34
	51	33
	52	33
	53	34
	51	32
	53	35
	53	33
	52	36
	54	34
	52	32
	55	34
	54	35
	54	33
	55	33
	54	32
	56	33
	55	32
	56	32
	55	31
	57	32
	56	31
	57	31
	58	31
	58	30
	59	30
	59	29
	60	29
	58	29
	59	28
	57	30
	60	28
	58	28
	59	27
	57	29
	61	28
	60	27
	61	27
	60	26
	62	27
	62	26
	63	26
	61	26
	62	25
	53	36
	48	34
	49	33
	45	34
	46	34
	45	33
	43	33
	41	34
	42	33
	40	35
	44	33
	43	32
	46	33
	47	33
	46	32
	48	33
	48	32
	50	32
	49	32
	50	31
	51	31
	49	31
	50	30
	52	31
	53	31
	52	30
	53	32
	53	30
	51	30
	54	31
	52	29
	54	29
	55	29
	53	29
	54	30
	54	28
	55	30
	55	28
	53	28
	56	29
	54	27
	56	28
	57	28
	56	27
	57	27
	55	27
	56	30
	56	26
	58	27
	59	26
	58	26
	59	25
	64	26
	65	26
	64	25
	65	25
	63	25
	66	26
	64	24
	67	26
	68	26
	67	27
	67	25
	68	27
	68	25
	66	27
	66	25
	69	26
	67	24
	71	25
	72	25
	70	25
	71	26
	71	24
	72	26
	72	24
	70	26
	70	24
	71	27
	73	25
	71	23
	69	25
	73	26
	73	24
	72	27
	74	25
	72	23
	75	25
	74	26
	74	24
	75	26
	75	24
	74	27
	76	25
	74	23
	77	26
	78	26
	76	26
	77	27
	77	25
	78	27
	78	25
	76	27
	77	28
	79	26
	77	24
	80	28
	81	28
	79	28
	80	29
	80	27
	81	29
	81	27
	79	29
	79	27
	80	30
	82	28
	80	26
	78	28
	82	29
	82	27
	81	30
	83	28
	81	26
	83	29
	82	30
	83	30
	82	31
	84	29
	85	29
	84	30
	84	28
	85	30
	85	28
	84	31
	86	29
	84	27
	87	31
	88	31
	86	31
	87	32
	87	30
	88	32
	88	30
	86	32
	86	30
	87	33
	89	31
	87	29
	85	31
	90	31
	89	32
	89	30
	90	32
	90	30
	89	33
	91	31
	89	29
	91	32
	92	32
	91	33
	92	33
	92	31
	90	33
	91	34
	93	32
	91	30
	93	33
	92	34
	93	34
	92	35
	94	33
	94	34
	94	32
	93	35
	95	33
	93	31
	95	34
	96	34
	95	35
	96	35
	96	33
	94	35
	95	36
	97	34
	95	32
	97	35
	97	33
	96	36
	98	34
	96	32
	98	35
	98	33
	99	34
	97	32
	96	37
	95	37
	94	36
	93	36
	91	35
	92	36
	90	34
	88	33
	89	34
	85	32
	84	32
	85	33
	83	31
	81	31
	80	31
	81	32
	79	30
	78	29
	78	30
	79	31
	77	29
	76	28
	75	28
	76	29
	75	29
	75	27
	74	28
	73	28
	74	29
	73	27
	72	28
	70	27
	71	28
	69	27
	77	30
	86	33
	94	37
	84	33
	87	34
	83	32
	82	32
	60	25
	61	25
	62	24
	63	24
	65	24
	64	23
	66	24
	66	23
	68	24
	67	23
	68	23
	69	24
	67	22
	69	23
	70	23
	69	22
	73	23
	72	22
	76	24
	75	23
	79	25
	78	24
	88	34
	90	35
	99	33
	98	32
	100	33
	101	33
	100	32
	101	32
	99	32
	100	31
	102	32
	101	31
	102	31
	103	32
	101	30
	106	30
	107	30
	105	30
	106	31
	106	29
	107	29
	105	31
	105	29
	108	30
	106	28
	104	30
	102	30
	100	30
	103	31
	101	29
	99	31
	98	31
	99	30
	98	30
	99	29
	97	31
	96	31
	97	30
	96	30
	97	29
	95	31
	94	31
	94	30
	95	30
	93	30
	94	29
	90	29
	88	29
	83	27
	82	26
	74	22
	76	23
	77	23
	76	22
	80	25
	79	24
	83	26
	82	25
	85	27
	84	26
	85	26
	86	27
	84	25
	86	28
	87	28
	88	28
	87	27
	88	27
	89	28
	87	26
	92	28
	93	28
	91	28
	92	29
	92	27
	93	29
	93	27
	91	29
	91	27
	92	30
	94	28
	92	26
	90	28
	95	29
	95	28
	96	29
	94	27
	98	29
	97	28
	100	29
	99	28
	104	31
	109	30
	108	29
	109	29
	110	30
	108	28
	110	29
	111	30
	109	28
	111	29
	110	28
	111	28
	112	29
	110	27
	112	30
	112	28
	113	29
	111	27
	114	29
	113	30
	113	28
	114	30
	114	28
	115	29
	113	27
	119	29
	120	29
	118	29
	119	30
	119	28
	120	30
	120	28
	118	30
	118	28
	121	29
	119	27
	117	29
	122	29
	121	30
	121	28
	122	30
	122	28
	121	31
	123	29
	121	27
	123	30
	122	31
	123	31
	122	32
	124	30
	124	31
	125	31
	124	32
	125	32
	125	30
	123	32
	124	33
	126	31
	124	29
	126	32
	125	33
	126	33
	125	34
	127	32
	126	34
	124	34
	125	35
	127	33
	123	33
	126	35
	124	35
	125	36
	126	36
	127	35
	123	34
	121	32
	122	33
	120	31
	117	30
	116	30
	116	29
	117	28
	116	28
	117	27
	115	28
	116	27
	115	27
	116	26
	114	27
	115	26
	114	26
	115	25
	112	27
	113	26
	112	26
	113	25
	111	26
	112	25
	115	30
	107	28
	108	27
	105	28
	106	27
	104	29
	103	29
	104	28
	103	30
	103	28
	104	27
	102	29
	100	28
	101	28
	100	27
	98	28
	99	27
	96	28
	96	27
	95	27
	90	27
	127	34
	128	34
	128	35
	128	33
	127	36
	129	34
	129	35
	130	35
	129	36
	130	36
	130	34
	128	36
	129	37
	131	35
	129	33
	131	36
	130	37
	131	37
	130	38
	132	36
	131	38
	129	38
	130	39
	132	37
	128	37
	131	40
	132	40
	130	40
	131	41
	131	39
	132	41
	132	39
	130	41
	131	42
	133	40
	129	40
	132	42
	130	42
	131	43
	132	43
	130	43
	131	44
	133	42
	129	42
	132	46
	133	46
	132	45
	133	47
	133	45
	131	45
	134	46
	132	44
	134	49
	133	48
	134	48
	135	49
	128	40
	127	39
	128	41
	128	39
	127	38
	127	37
	126	37
	128	38
	129	39
	129	41
	129	43
	133	44
	134	45
	135	48
	134	47
	135	47
	136	48
	136	50
	137	50
	135	50
	136	51
	136	49
	137	51
	137	49
	135	51
	136	52
	138	50
	137	53
	138	53
	137	52
	138	54
	138	52
	139	53
	140	57
	141	57
	140	56
	141	58
	141	56
	139	56
	142	57
	140	55
	142	59
	142	58
	143	59
	143	60
	143	61
	144	60
	139	54
	139	52
	140	53
	138	51
	133	41
	133	43
	134	44
	135	45
	135	46
	135	44
	136	45
	134	43
	137	46
	138	46
	136	46
	137	47
	137	45
	138	47
	138	45
	136	47
	137	48
	139	46
	137	44
	139	48
	140	48
	138	48
	139	49
	139	47
	140	49
	140	47
	138	49
	139	50
	141	48
	141	49
	142	49
	141	50
	142	50
	142	48
	140	50
	141	51
	143	49
	141	47
	142	51
	143	51
	142	52
	143	52
	143	50
	141	52
	142	53
	144	51
	140	51
	143	53
	141	53
	142	54
	143	54
	141	54
	142	55
	144	53
	143	57
	144	57
	143	58
	143	56
	144	58
	144	56
	142	56
	145	57
	143	55
	144	62
	145	62
	144	61
	145	63
	145	61
	146	62
	146	65
	147	66
	145	64
	149	69
	148	67
	147	65
	148	66
	146	64
	144	59
	141	55
	139	55
	140	54
	136	44
	136	43
	139	51
	140	52
	144	54
	144	55
	145	58
	145	56
	146	57
	145	60
	146	60
	145	59
	146	61
	146	59
	147	60
	147	62
	146	63
	147	63
	147	61
	148	62
	147	64
	148	64
	148	65
	148	63
	149	64
	149	65
	149	66
	150	65
	150	66
	149	67
	150	67
	149	68
	151	66
	151	68
	152	68
	150	68
	151	69
	151	67
	152	69
	152	67
	150	69
	151	70
	153	68
	153	69
	154	69
	153	70
	154	70
	154	68
	152	70
	153	71
	155	69
	153	67
	154	71
	155	71
	154	72
	155	72
	155	70
	153	72
	154	73
	156	71
	152	71
	156	72
	156	70
	155	73
	157	71
	150	70
	155	74
	156	74
	154	74
	155	75
	156	75
	156	73
	154	75
	155	76
	157	74
	153	74
	157	76
	158	76
	156	76
	157	77
	157	75
	158	77
	158	75
	156	77
	157	78
	159	76
	159	79
	160	79
	158	79
	159	80
	159	78
	160	80
	160	78
	158	80
	158	78
	159	81
	161	79
	159	77
	157	79
	162	83
	163	83
	161	83
	162	84
	162	82
	163	84
	163	82
	161	84
	161	82
	162	85
	164	83
	162	81
	160	83
	163	85
	164	85
	163	86
	164	86
	164	84
	162	86
	163	87
	165	85
	161	85
	161	81
	160	81
	161	80
	162	80
	160	82
	163	81
	157	73
	153	73
	152	72
	151	72
	151	71
	152	73
	156	78
	156	79
	152	66
	151	65
	145	55
	146	56
	145	54
	145	53
	146	54
	144	52
	147	59
	148	59
	147	58
	148	60
	148	58
	146	58
	149	59
	147	57
	149	62
	150	62
	149	63
	149	61
	150	63
	150	61
	148	61
	151	62
	149	60
	152	65
	151	64
	152	64
	150	64
	153	65
	151	63
	153	66
	154	66
	154	67
	155	68
	157	72
	158	72
	158	74
	159	75
	160	76
	160	77
	158	81
	159	82
	160	84
	164	87
	165	86
	165	88
	166	88
	164	88
	165	89
	165	87
	166	89
	166	87
	167	88
	158	82
	161	78
	161	77
	162	78
	164	82
	165	84
	165	83
	166	84
	166	86
	166	85
	167	86
	168	88
	167	89
	167	87
	168	89
	168	87
	167	90
	169	88
	169	91
	170	91
	168	91
	169	92
	169	90
	170	92
	170	90
	168	92
	168	90
	169	93
	171	91
	169	89
	167	91
	170	93
	171	93
	170	94
	171	94
	171	92
	172	93
	172	94
	171	95
	172	95
	173	94
	173	95
	174	95
	173	96
	174	96
	174	94
	172	96
	173	97
	175	95
	173	93
	175	96
	174	97
	175	97
	174	98
	176	96
	175	98
	176	98
	175	99
	176	99
	176	97
	174	99
	175	100
	177	98
	173	98
	173	99
	174	100
	167	92
	166	91
	166	90
	167	85
	168	86
	166	83
	167	84
	165	82
	167	83
	168	84
	166	82
	169	87
	169	86
	170	87
	168	85
	171	90
	170	89
	171	89
	172	90
	170	88
	172	92
	172	91
	173	92
	172	97
	176	100
	175	101
	177	99
	176	101
	177	101
	176	102
	177	102
	177	100
	175	102
	176	103
	178	101
	174	101
	177	103
	175	103
	176	104
	178	102
	174	102
	178	103
	177	104
	178	104
	177	105
	179	103
	178	105
	176	105
	177	106
	178	106
	176	106
	177	107
	179	105
	175	105
	178	108
	179	108
	177	108
	178	109
	178	107
	179	109
	179	107
	177	109
	178	110
	180	108
	176	108
	179	111
	180	111
	178	111
	179	112
	179	110
	180	112
	180	110
	178	112
	179	113
	181	111
	177	111
	180	113
	178	113
	179	114
	180	114
	178	114
	179	115
	181	113
	180	115
	178	115
	179	116
	181	114
	181	115
	180	116
	181	116
	180	117
	182	115
	178	116
	179	117
	176	109
	177	110
	175	104
	174	103
	173	100
	179	106
	180	107
	176	107
	180	109
	181	109
	181	112
	181	110
	182	111
	182	113
	182	114
	183	114
	181	118
	182	118
	180	118
	181	119
	181	117
	182	119
	182	117
	180	119
	181	120
	183	118
	179	118
	182	120
	180	120
	181	121
	182	121
	180	121
	181	122
	183	120
	179	120
	182	122
	180	122
	181	123
	182	123
	180	123
	181	124
	183	122
	182	124
	183	124
	182	125
	183	125
	183	123
	181	125
	182	126
	184	124
	180	124
	183	126
	181	126
	182	127
	183	127
	181	127
	182	128
	184	126
	180	126
	184	127
	183	128
	184	128
	183	129
	185	127
	183	130
	184	130
	182	130
	183	131
	184	131
	184	129
	182	131
	182	129
	183	132
	185	130
	181	130
	183	133
	184	133
	182	133
	183	134
	184	134
	184	132
	182	134
	182	132
	183	135
	185	133
	181	133
	184	135
	182	135
	183	136
	185	134
	181	134
	180	127
	181	128
	180	128
	181	129
	180	125
	179	119
	178	117
	177	112
	181	131
	180	129
	181	132
	181	135
	182	136
	182	137
	185	129
	185	131
	185	132
	186	131
	185	135
	184	136
	186	134
	186	135
	185	136
	186	136
	185	137
	187	135
	186	138
	187	138
	185	138
	186	139
	186	137
	187	139
	187	137
	185	139
	186	140
	188	138
	184	138
	187	140
	185	140
	186	141
	187	141
	185	141
	186	142
	188	140
	184	140
	187	142
	185	142
	186	143
	187	143
	185	143
	186	144
	188	142
	184	142
	187	144
	185	144
	186	145
	187	145
	185	145
	186	146
	188	144
	184	144
	187	146
	185	146
	186	147
	187	147
	185	147
	186	148
	188	146
	184	146
	184	141
	183	141
	184	137
	183	137
	183	138
	184	139
	186	133
	186	132
	183	139
	182	138
	183	140
	183	142
	184	143
	183	143
	183	144
	184	145
	183	145
	183	146
	184	147
	184	148
	185	148
	183	148
	184	149
	185	149
	183	149
	183	147
	184	150
	185	150
	186	150
	185	151
	186	151
	186	149
	184	151
	185	152
	187	150
	183	150
	186	152
	184	152
	185	153
	186	153
	184	153
	185	154
	187	152
	183	152
	186	154
	184	154
	185	155
	186	155
	184	155
	185	156
	187	154
	183	154
	186	156
	184	156
	185	157
	187	155
	183	155
	185	158
	186	158
	184	158
	185	159
	186	159
	186	157
	184	159
	184	157
	185	160
	187	158
	183	158
	186	160
	184	160
	185	161
	187	159
	183	159
	183	160
	184	161
	183	161
	184	162
	182	160
	183	157
	183	156
	182	157
	183	153
	183	151
	187	136
	187	134
	188	135
	187	133
	187	132
	188	133
	187	151
	187	157
	183	162
	182	162
	183	163
	184	163
	182	163
	182	161
	183	164
	185	162
	181	162
	184	164
	182	164
	183	165
	184	165
	182	165
	183	166
	185	164
	181	164
	182	166
	181	166
	182	167
	183	167
	181	167
	181	165
	182	168
	184	166
	181	161
	182	158
	182	159
	182	156
	182	155
	182	154
	181	163
	181	168
	180	168
	181	169
	182	169
	180	169
	181	170
	183	168
	182	170
	180	170
	181	171
	183	169
	182	171
	180	171
	181	172
	183	170
	182	172
	180	172
	181	173
	183	171
	181	174
	182	174
	180	174
	181	175
	182	175
	182	173
	180	175
	180	173
	181	176
	183	174
	182	176
	180	176
	181	177
	182	177
	180	177
	181	178
	183	176
	182	178
	180	178
	181	179
	182	179
	180	179
	181	180
	183	178
	179	178
	182	180
	180	180
	181	181
	182	181
	180	181
	181	182
	183	180
	179	180
	182	182
	180	182
	181	183
	182	183
	180	183
	181	184
	183	182
	179	182
	182	184
	180	184
	181	185
	182	185
	180	185
	181	186
	183	184
	182	186
	180	186
	181	187
	182	187
	180	187
	181	188
	183	186
	180	188
	180	189
	181	189
	179	189
	180	190
	182	188
	181	190
	179	190
	180	191
	181	191
	179	191
	180	192
	182	190
	178	190
	181	192
	179	192
	180	193
	181	193
	179	193
	180	194
	182	192
	182	191
	179	183
	179	181
	179	179
	179	177
	183	172
	184	168
	184	167
	185	163
	186	163
	185	166
	184	169
	185	168
	184	170
	185	169
	184	171
	185	171
	184	172
	185	172
	185	170
	184	173
	186	171
	185	173
	183	173
	184	174
	186	172
	184	176
	185	176
	184	177
	184	175
	185	177
	185	175
	183	177
	183	175
	184	178
	186	176
	185	178
	184	179
	186	177
	185	179
	183	179
	184	180
	186	178
	183	181
	184	181
	185	180
	184	182
	183	183
	184	183
	185	182
	182	189
	181	194
	179	194
	180	195
	181	195
	179	195
	180	196
	182	194
	179	196
	179	197
	180	197
	179	198
	181	196
	180	198
	178	198
	179	199
	181	197
	180	199
	178	199
	179	200
	181	198
	182	195
	182	193
	183	194
	182	196
	183	195
	182	197
	181	199
	180	200
	182	198
	181	200
	180	201
	182	199
	181	201
	179	201
	180	202
	181	202
	179	202
	180	203
	182	201
	178	201
	181	203
	179	203
	180	204
	182	202
	178	202
	181	204
	179	204
	180	205
	182	203
	178	203
	179	205
	178	205
	179	206
	180	206
	178	206
	178	204
	179	207
	181	205
	180	207
	178	207
	179	208
	180	208
	178	208
	179	209
	181	207
	180	209
	178	209
	179	210
	181	208
	178	210
	177	210
	178	211
	178	200
	181	206
	182	207
	180	211
	181	211
	179	211
	180	212
	180	210
	181	212
	181	210
	179	212
	180	213
	182	211
	180	215
	181	215
	179	215
	180	216
	180	214
	181	216
	181	214
	179	216
	179	214
	180	217
	182	215
	178	215
	179	220
	180	220
	178	220
	179	221
	179	219
	180	221
	180	219
	178	221
	178	219
	179	222
	181	220
	179	218
	177	220
	177	221
	178	222
	177	222
	178	223
	176	221
	177	225
	178	225
	176	225
	177	226
	177	224
	178	226
	178	224
	176	226
	176	224
	177	227
	179	225
	177	223
	175	225
	175	228
	176	228
	174	228
	175	229
	175	227
	176	229
	176	227
	174	229
	174	227
	175	230
	177	228
	175	226
	173	228
	176	223
	175	223
	176	222
	175	224
	175	222
	174	223
	177	218
	178	218
	176	218
	177	219
	177	217
	178	217
	176	219
	176	217
	177	216
	175	218
	177	213
	178	213
	177	214
	177	212
	178	214
	178	212
	176	214
	177	215
	179	213
	177	211
	176	215
	176	216
	175	219
	175	220
	176	220
	174	220
	175	221
	174	221
	174	222
	173	222
	174	224
	173	223
	173	224
	174	225
	172	228
	171	228
	172	229
	172	227
	173	229
	173	227
	171	229
	172	230
	172	226
	173	230
	171	230
	172	231
	173	231
	171	231
	172	232
	174	230
	170	230
	171	233
	172	233
	170	233
	171	234
	171	232
	172	234
	170	234
	170	232
	171	235
	173	233
	169	233
	170	235
	169	235
	170	236
	171	236
	169	236
	169	234
	170	237
	172	235
	170	231
	173	226
	172	225
	173	225
	174	226
	172	224
	178	216
	179	217
	179	224
	174	231
	175	231
	174	232
	176	230
	175	232
	173	232
	174	233
	176	231
	175	233
	174	234
	176	232
	175	234
	173	234
	174	235
	176	233
	173	235
	173	236
	174	236
	172	236
	173	237
	175	235
	174	237
	172	237
	173	238
	175	236
	171	237
	172	238
	171	238
	172	239
	173	239
	171	239
	172	240
	174	238
	170	238
	173	240
	171	240
	172	241
	173	241
	171	241
	172	242
	174	240
	170	240
	173	242
	171	242
	172	243
	173	243
	171	243
	172	244
	174	242
	170	242
	170	243
	171	244
	170	244
	171	245
	169	243
	172	245
	170	245
	171	246
	173	244
	169	244
	170	239
	169	237
	170	241
	173	245
	172	246
	174	244
	174	241
	175	241
	175	242
	175	240
	174	243
	176	241
	174	239
	175	238
	176	238
	175	239
	175	237
	176	239
	176	237
	177	238
	176	236
	177	236
	176	235
	177	237
	177	235
	178	236
	176	234
	177	232
	178	232
	177	233
	177	231
	178	233
	178	231
	177	234
	179	232
	177	230
	177	229
	178	229
	178	230
	178	228
	179	229
	179	226
	178	227
	180	225
	180	218
	181	219
	181	213
	182	212
	182	210
	181	209
	182	209
	183	210
	182	208
	183	208
	182	206
	183	207
	182	204
	183	203
	182	200
	183	200
	183	198
	183	196
	183	191
	183	190
	183	189
	184	190
	183	188
	183	187
	184	188
	183	185
	184	185
	170	246
	171	247
	172	247
	170	247
	171	248
	173	246
	169	246
	169	247
	168	247
	169	248
	170	248
	168	248
	168	246
	169	249
	169	245
	167	247
	167	248
	167	246
	168	249
	168	245
	166	247
	165	247
	166	248
	166	246
	165	248
	165	246
	166	249
	166	245
	164	247
	163	248
	164	248
	162	248
	163	249
	163	247
	164	249
	162	249
	162	247
	163	250
	163	246
	161	248
	160	249
	161	249
	159	249
	160	250
	160	248
	161	250
	159	250
	159	248
	160	251
	160	247
	158	249
	157	250
	158	250
	156	250
	157	251
	157	249
	158	251
	156	251
	156	249
	157	252
	157	248
	155	250
	154	251
	155	251
	153	251
	154	252
	154	250
	155	252
	153	252
	153	250
	154	253
	154	249
	152	251
	158	248
	159	251
	159	247
	164	246
	162	246
	163	245
	161	247
	165	245
	164	245
	167	245
	168	244
	161	246
	160	246
	158	247
	159	246
	157	247
	155	249
	156	248
	155	248
	156	247
	154	248
	155	247
	153	249
	152	250
	152	249
	153	248
	151	250
	150	251
	151	251
	149	251
	150	252
	150	250
	151	252
	149	252
	149	250
	150	253
	150	249
	148	251
	146	251
	147	251
	145	251
	146	252
	146	250
	147	252
	147	250
	145	252
	146	253
	144	251
	142	252
	143	252
	141	252
	142	253
	142	251
	143	253
	143	251
	141	253
	141	251
	142	254
	144	252
	140	252
	138	252
	139	252
	137	252
	138	253
	138	251
	139	253
	139	251
	137	253
	137	251
	138	254
	136	252
	135	252
	134	252
	135	253
	135	251
	136	253
	136	251
	134	253
	134	251
	135	254
	133	252
	136	254
	140	253
	140	251
	139	254
	145	253
	144	253
	145	254
	148	252
	148	250
	148	253
	149	253
	149	249
	152	252
	151	253
	151	249
	152	248
	151	248
	143	254
	141	254
	137	254
	138	255
	134	254
	135	255
	133	253
	132	253
	131	253
	132	254
	132	252
	133	254
	131	254
	131	252
	132	255
	132	251
	130	253
	129	252
	130	252
	128	252
	129	253
	129	251
	130	251
	128	253
	128	251
	129	254
	127	252
	126	252
	127	253
	127	251
	126	253
	126	251
	127	254
	125	252
	124	250
	125	250
	123	250
	124	251
	124	249
	125	251
	125	249
	123	251
	123	249
	124	252
	126	250
	124	248
	122	250
	121	249
	122	249
	120	249
	121	250
	121	248
	122	248
	120	250
	120	248
	121	251
	121	247
	119	249
	119	247
	120	247
	118	247
	119	248
	119	246
	120	246
	118	248
	118	246
	119	245
	117	247
	117	248
	117	246
	118	249
	118	245
	116	247
	121	246
	122	247
	120	245
	123	248
	123	247
	124	247
	123	246
	131	251
	140	254
	139	255
	142	255
	147	253
	147	254
	148	254
	146	254
	147	255
	149	254
	148	255
	152	253
	151	254
	156	252
	156	253
	161	251
	160	252
	162	250
	165	249
	164	250
	165	250
	164	251
	172	248
	171	249
	173	247
	173	248
	172	249
	174	247
	133	255
	133	251
	130	254
	131	255
	130	255
	122	246
	123	245
	122	245
	122	244
	121	244
	122	243
	121	245
	121	243
	120	244
	120	243
	121	242
	119	244
	119	243
	120	242
	119	242
	120	241
	118	243
	118	242
	119	241
	118	241
	119	240
	117	242
	118	239
	119	239
	117	239
	118	240
	118	238
	119	238
	117	240
	117	238
	118	237
	116	239
	117	237
	118	236
	117	236
	118	235
	116	237
	117	235
	117	234
	116	235
	117	233
	117	232
	116	233
	117	231
	116	232
	117	230
	116	231
	117	229
	116	229
	117	228
	116	230
	116	228
	117	227
	115	229
	116	227
	117	226
	115	228
	115	231
	116	236
	115	236
	115	237
	115	235
	116	238
	116	234
	114	236
	115	239
	116	240
	115	240
	115	238
	116	241
	114	239
	116	242
	117	243
	117	241
	116	243
	117	244
	115	242
	118	244
	116	244
	117	245
	116	245
	115	244
	116	246
	115	243
	115	241
	114	241
	114	237
	114	238
	113	237
	114	235
	115	234
	114	234
	115	233
	113	235
	115	232
	114	232
	114	233
	114	231
	115	230
	113	232
	114	230
	114	229
	113	230
	114	228
	115	227
	114	227
	115	226
	113	228
	118	222
	119	222
	117	222
	118	223
	118	221
	119	223
	119	221
	117	223
	117	221
	118	224
	120	222
	118	220
	116	222
	121	218
	122	218
	120	218
	121	219
	121	217
	122	219
	122	217
	120	219
	120	217
	121	220
	123	218
	121	216
	119	218
	123	217
	122	216
	123	216
	124	217
	122	215
	124	216
	123	215
	123	214
	123	213
	124	212
	123	212
	124	211
	122	213
	125	211
	125	210
	126	210
	124	210
	125	209
	123	211
	123	210
	124	209
	122	211
	121	213
	122	214
	122	212
	121	214
	121	212
	120	213
	120	214
	121	215
	120	215
	119	214
	119	217
	120	216
	119	216
	118	217
	119	220
	117	220
	120	221
	118	219
	116	221
	116	226
	116	225
	117	225
	115	225
	118	226
	116	224
	114	226
	113	229
	112	229
	113	231
	112	231
	112	232
	112	230
	113	233
	111	231
	112	233
	113	234
	112	234
	111	233
	112	235
	113	236
	111	234
	118	225
	117	224
	119	219
	117	219
	120	220
	118	218
	116	220
	122	220
	121	221
	121	222
	124	218
	125	217
	123	219
	119	224
	120	223
	113	227
	113	226
	114	225
	112	227
	115	224
	116	223
	115	223
	114	224
	118	216
	119	215
	117	217
	120	212
	121	211
	120	211
	121	210
	119	212
	122	210
	120	210
	121	209
	119	211
	122	208
	123	208
	121	208
	122	209
	122	207
	123	209
	123	207
	121	207
	124	208
	122	206
	120	208
	124	207
	125	208
	123	206
	125	207
	126	208
	124	206
	126	207
	127	207
	126	206
	127	208
	127	206
	125	206
	126	209
	128	207
	126	205
	128	205
	128	204
	129	203
	127	205
	129	202
	130	201
	128	203
	131	200
	130	200
	131	199
	132	199
	130	199
	131	198
	129	200
	132	197
	133	197
	131	197
	132	198
	132	196
	133	198
	133	196
	131	196
	132	195
	130	197
	134	194
	135	194
	133	194
	134	195
	134	193
	135	195
	135	193
	133	195
	133	193
	134	196
	134	192
	132	194
	136	191
	135	191
	136	192
	136	190
	135	192
	135	190
	136	193
	136	189
	134	191
	135	189
	136	188
	134	190
	133	191
	133	192
	133	190
	134	189
	132	191
	131	195
	131	194
	132	193
	130	195
	130	198
	129	198
	129	201
	129	199
	128	200
	127	203
	128	202
	127	204
	127	202
	128	201
	126	203
	125	205
	126	204
	127	209
	135	188
	134	188
	135	187
	133	189
	135	183
	135	181
	136	180
	134	182
	135	179
	134	178
	135	172
	136	171
	134	173
	144	254
	145	255
	144	255
	143	255
	141	255
	140	255
	139	256
	137	255
	136	255
	137	256
InvisibleObstacle		
AW1		
	104	95
	105	95
	103	95
	104	96
	104	94
	105	96
	105	94
	103	96
	103	94
	106	95
	106	96
	106	94
	107	94
	106	93
	107	95
	107	93
	105	93
	106	92
	107	92
	105	92
	108	93
	108	94
	108	92
	107	91
	108	91
	106	91
	109	91
	108	90
	109	92
	109	90
	107	90
	108	89
	109	89
	107	89
	110	90
	110	91
	110	89
	109	88
	110	88
	108	88
	111	89
	111	90
	111	88
	110	87
	111	87
	109	87
	112	87
	111	86
	112	88
	112	86
	110	86
	111	85
	112	85
	110	85
	113	86
	113	87
	113	85
	112	84
	113	84
	111	84
	114	85
	114	86
	114	84
	113	83
	114	83
	112	83
	115	84
	115	85
	115	83
	114	82
	115	82
	113	82
	114	81
	115	81
	113	81
	116	82
	116	83
	116	81
	115	80
	116	80
	114	80
	117	81
	117	82
	117	80
	116	79
	117	79
	115	79
	116	78
	117	78
	115	78
	118	79
	118	80
	118	78
	117	77
	118	77
	116	77
	119	77
	118	76
	119	78
	119	76
	117	76
	120	76
	119	75
	120	77
	120	75
	118	75
	121	76
	121	77
	121	75
	120	74
	121	74
	119	74
	120	73
	121	73
	119	73
	122	74
	122	75
	122	73
	121	72
	122	72
	120	72
	123	73
	123	74
	123	72
	122	71
	123	71
	121	71
	124	71
	123	70
	124	72
	124	70
	122	70
	125	70
	124	69
	125	71
	125	69
	123	69
	124	68
	125	68
	123	68
	126	69
	126	70
	126	68
	125	67
	126	67
	124	67
	127	68
	127	69
	127	67
	126	66
	127	66
	125	66
	128	67
	128	68
	128	66
	127	65
	128	65
	126	65
	129	66
	129	67
	129	65
	128	64
	129	64
	127	64
	130	64
	129	63
	130	65
	130	63
	128	63
	131	63
	130	62
	131	64
	131	62
	129	62
	130	61
	131	61
	129	61
	132	61
	131	60
	132	62
	132	60
	130	60
	131	59
	132	59
	130	59
	133	60
	133	61
	133	59
	132	58
	133	58
	131	58
	134	59
	134	60
	134	58
	133	57
	134	57
	132	57
	135	57
	134	56
	135	58
	135	56
	133	56
	135	59
	135	60
	136	59
	136	60
	136	58
	134	61
	135	61
	133	62
	134	62
	133	63
	134	63
	132	63
	132	64
	133	64
	132	65
	133	65
	131	65
	131	66
	132	66
	130	66
	130	67
	131	67
	129	68
	130	68
	128	69
	129	69
	127	70
	128	70
	126	71
	127	71
	125	72
	126	72
	125	73
	126	73
	124	73
	124	74
	125	74
	123	75
	124	75
	122	76
	123	76
	122	77
	123	77
	121	78
	122	78
	120	78
	120	79
	121	79
	119	79
	119	80
	120	80
	118	81
	119	81
	118	82
	117	83
	116	84
	116	85
	115	86
	114	87
	115	87
	113	88
	114	88
	112	89
	113	89
	112	90
	111	91
	112	91
	110	92
	111	92
	109	93
	110	93
	109	94
	108	95
	107	96
	108	96
	106	97
	107	97
	105	97
	104	97
	103	97
	104	93
	103	93
	104	92
	105	91
	106	90
	107	88
	108	87
	102	95
	102	96
	102	97
	101	97
	101	98
	100	98
	100	99
	100	100
	99	100
	101	99
	102	98
	102	99
	101	100
	101	101
	100	101
	100	102
	104	98
	104	99
	103	99
	103	100
	102	100
	102	101
	103	98
	103	101
	102	102
	103	102
	104	101
	104	100
	105	99
	105	98
	106	98
	101	96
	100	97
	99	98
	99	99
	98	100
AW2		
ST1		
	65	69
	66	69
	64	69
	65	70
	65	68
	66	70
	66	68
	64	70
	64	68
	65	67
	66	67
	64	67
	65	66
	66	66
	64	66
	65	65
	66	65
	64	65
	67	65
	66	64
	67	66
	67	64
	65	64
	66	63
	67	63
	65	63
	66	62
	67	62
	65	62
	68	63
	68	64
	68	62
	67	61
	68	61
	66	61
	67	60
	68	60
	66	60
	67	59
	68	59
	66	59
	67	58
	68	58
	66	58
	67	57
	68	57
	66	57
	67	56
	68	56
	66	56
	67	55
	68	55
	66	55
	67	54
	68	54
	66	54
	67	53
	68	53
	66	53
	67	52
	68	52
	66	52
	67	51
	68	51
	66	51
	67	50
	68	50
	66	50
	67	49
	68	49
	66	49
	67	48
	68	48
	66	48
	67	47
	68	47
	66	47
	69	47
	68	46
	69	48
	69	46
	67	46
	68	45
	69	45
	67	45
	68	44
	69	44
	67	44
	70	44
	69	43
	70	45
	70	43
	68	43
	69	42
	70	42
	68	42
	69	41
	70	41
	68	41
	71	41
	70	40
	71	42
	71	40
	69	40
	70	39
	71	39
	69	39
	70	38
	71	38
	69	38
	72	38
	71	37
	72	39
	72	37
	70	37
	71	36
	72	36
	70	36
	71	35
	72	35
	70	35
	73	35
	72	34
	73	36
	73	34
	71	34
	72	33
	73	33
	71	33
	72	32
	73	32
	71	32
	64	64
	64	63
	64	62
	65	61
	65	60
	65	59
	65	58
	65	57
	65	56
	65	55
	69	49
	69	50
	70	46
	68	40
	68	39
	68	38
	69	37
	68	37
	69	36
	69	35
	70	47
	70	48
	70	49
	70	50
	69	52
	69	53
	69	51
	69	55
	69	56
	69	54
	69	57
	67	67
	65	71
	66	71
	64	71
	65	72
	66	72
	64	72
	67	71
	67	72
	67	70
	67	69
	67	68
	65	54
	66	46
	66	45
	67	43
	67	42
	67	41
	67	40
	67	39
	68	36
	68	35
	70	34
	69	34
	70	33
	69	33
	65	47
	65	48
	65	46
	65	51
	64	51
	65	52
	65	50
	64	52
	64	50
	65	53
	64	53
	64	54
	64	56
	64	57
	64	55
	63	57
	64	58
	63	58
	63	56
	64	59
	63	59
	64	60
	63	60
	64	61
	63	61
	63	62
	63	63
	62	63
	63	64
	62	64
	62	62
	63	65
	62	65
	63	66
	62	66
	63	67
	62	67
	63	68
	62	68
	63	69
	62	69
	63	70
	62	70
	63	71
	62	71
	61	70
	61	71
	61	69
	62	72
	62	73
	62	74
	62	75
	62	76
	63	72
	63	73
	63	74
	63	75
	63	76
	63	77
	63	78
	63	79
	63	80
	63	81
	63	82
	62	77
	62	78
	62	79
	62	80
	62	81
	62	82
	64	82
	64	81
	64	80
	64	79
	64	78
	64	77
	64	76
	64	75
	64	74
	64	73
	65	73
	65	74
	65	75
	65	76
	65	77
	65	78
	65	79
	65	80
	65	81
	65	82
	66	81
	66	80
	66	79
	66	78
	66	77
	66	76
	66	75
	66	74
	66	73
	67	73
	67	74
	67	75
	67	76
	67	77
	67	78
	67	79
	67	80
	67	81
	67	82
	66	82
ZB1		
	145	143
	146	143
	144	143
	145	144
	145	142
	146	144
	146	142
	144	144
	144	142
	147	143
	147	144
	147	142
	148	143
	148	144
	148	142
	149	143
	149	144
	149	142
	150	143
	150	144
	150	142
	151	143
	151	144
	151	142
	152	143
	152	144
	152	142
	153	143
	153	144
	153	142
	154	143
	154	144
	154	142
	155	143
	155	144
	155	142
	156	143
	156	144
	156	142
	157	143
	157	144
	157	142
	158	143
	158	144
	158	142
	159	143
	159	144
	159	142
	160	143
	160	144
	160	142
	161	143
	161	144
	161	142
	162	143
	162	144
	162	142
	163	143
	164	143
	163	144
	163	142
	164	144
	164	142
	165	143
	165	144
	165	142
	166	142
	165	141
	166	143
	166	141
	164	141
	167	142
	167	143
	167	141
	168	142
	168	143
	168	141
	169	142
	169	143
	169	141
	170	142
	170	143
	170	141
	171	142
	171	143
	171	141
	172	142
	172	143
	172	141
	173	142
	173	143
	173	141
	174	142
	174	143
	174	141
	175	142
	175	143
	175	141
	176	142
	176	143
	176	141
	177	142
	177	143
	177	141
	178	142
	178	143
	178	141
	179	142
	179	143
	179	141
	178	144
	179	144
	177	144
	176	144
	175	144
	174	144
	173	144
	172	144
	171	144
	170	144
	169	144
	168	144
	167	144
	166	144
	163	141
	162	141
	161	141
	160	141
	159	141
	158	141
	157	141
	156	141
	155	141
	154	141
	153	141
	152	141
	151	141
	150	141
	149	141
	148	141
	147	141
	146	141
	145	141
	144	141
	143	142
	143	143
	143	141
ZB2		
	145	171
	146	171
	144	171
	145	172
	145	170
	146	172
	146	170
	144	172
	144	170
	145	169
	146	169
	144	169
	148	170
	149	170
	147	170
	148	171
	148	169
	149	171
	149	169
	147	171
	147	169
	150	170
	151	170
	150	171
	150	169
	151	171
	151	169
	152	170
	152	171
	152	169
	153	170
	153	171
	153	169
	154	170
	154	171
	154	169
	147	172
	148	172
	149	172
	150	172
	151	172
	152	172
	153	172
	154	172
	155	171
	155	172
	155	170
	156	171
	156	172
	156	170
	157	171
	157	172
	157	170
	158	171
	158	172
	158	170
	159	171
	159	172
	159	170
	160	171
	160	172
	160	170
	161	171
	161	172
	161	170
	162	171
	162	172
	162	170
	163	171
	163	172
	163	170
	164	171
	164	172
	164	170
	165	171
	165	172
	165	170
	166	171
	166	172
	166	170
	167	171
	167	172
	167	170
	168	171
	168	172
	168	170
	169	171
	169	172
	169	170
	170	171
	170	172
	170	170
	171	171
	171	172
	171	170
	172	171
	172	172
	172	170
	173	171
	173	172
	173	170
	174	171
	174	172
	174	170
	175	171
	175	172
	175	170
	176	171
	176	172
	176	170
	177	171
	177	172
	177	170
	155	169
	156	169
	157	169
	158	169
	159	169
	160	169
	161	169
	162	169
	163	169
	164	169
	165	169
	166	169
	167	169
	168	169
	169	169
	170	169
	171	169
	172	169
	173	169
	174	169
	175	169
	176	169
	177	169
	107	92
	106	93
	105	94
	104	95
	103	95
ZB3		
	157	213
	158	213
	156	213
	157	214
	157	212
	158	214
	158	212
	156	214
	156	212
	157	211
	158	211
	156	211
	157	210
	158	210
	156	210
	159	213
	159	214
	159	212
	160	213
	160	214
	160	212
	161	213
	161	214
	161	212
	162	213
	162	214
	162	212
	161	211
	162	211
	160	211
	161	210
	162	210
	160	210
	159	211
	159	210
	161	215
	162	215
	160	215
	161	216
	162	216
	160	216
	159	215
	159	216
	158	215
	158	216
	157	215
	157	216
	156	215
	156	216
	155	216
	156	217
	157	217
	155	217
	155	215
	155	214
	155	213
	155	212
	155	211
	158	217
	157	218
	158	218
	156	218
	159	217
	160	217
	161	217
	160	218
	161	218
	159	218
	160	219
	161	219
	159	219
	158	219
	157	219
	156	219
	155	218
	155	219
	154	218
	154	219
	154	217
	155	220
	156	220
	154	220
	157	220
	158	220
	159	220
	157	221
	158	221
	156	221
	155	221
	154	221
	154	216
	159	221
	160	220
	160	221
	163	212
	163	213
	163	211
	163	210
	159	209
	160	209
	158	209
	159	208
	160	208
	158	208
	161	209
	161	208
	160	207
	161	207
	159	207
	162	209
	162	208
	162	207
	158	207
	159	206
	160	206
	158	206
	157	208
	157	209
	157	207
	163	209
	163	208
AW4		
	135	210
	137	211
	140	212
	141	213
	142	214
	143	214
	144	215
	145	216
	146	216
	147	217
	149	218
	150	219
	152	220
	154	221
	156	222
	158	223
	160	224
	161	225
	162	225
	163	226
	164	227
	165	227
	166	228
	165	228
	163	227
	162	227
	162	226
	161	226
	160	225
	159	224
	157	223
	157	222
	155	222
	153	221
	151	220
	149	219
	136	211
	138	211
	137	212
	137	210
	139	211
	138	212
	138	210
	139	212
	139	213
	141	212
	140	213
	140	211
	140	214
	142	213
	141	214
	141	215
	142	215
	143	215
	143	216
	145	215
	144	216
	144	214
	145	217
	147	216
	146	217
	146	215
	148	217
	147	218
	149	217
	148	218
	148	216
	148	219
	150	218
	151	219
	150	220
	151	221
	153	220
	152	221
	152	219
	152	222
	153	222
	155	221
	154	222
	154	220
	155	223
	156	223
	156	221
	157	224
	159	223
	158	224
	158	222
	159	225
	160	226
	161	224
	161	227
	164	228
	164	226
	166	227
	165	226
	163	228
	164	229
	165	229
	167	228
	166	229
	136	210
	136	209
