Key	CellX	CellY
VisibleObstacle		
	71	189
	70	190
	33	203
	49	188
	39	203
	50	186
	48	186
	34	202
	50	188
	52	190
	33	204
	51	186
	33	202
	51	188
	53	188
	32	203
	55	188
	54	191
	52	189
	52	188
	56	188
	28	204
	66	190
	26	202
	65	191
	101	176
	11	196
	25	202
	24	204
	12	195
	99	174
	23	204
	91	183
	24	203
	91	180
	26	204
	29	202
	29	203
	86	183
	85	183
	77	187
	41	207
	74	189
	42	212
	86	184
	85	182
	87	184
	86	182
	52	218
	41	217
	51	218
	42	215
	42	214
	53	218
	42	220
	43	218
	51	220
	52	219
	53	219
	51	222
	53	220
	53	222
	52	220
	52	222
	51	221
	52	221
	37	203
	36	206
	36	205
	37	204
	37	202
	36	202
	75	188
	101	175
	97	177
	22	202
	96	179
	98	178
	97	179
	93	181
	99	177
	100	176
	13	197
	12	198
	13	196
	13	195
	101	218
	102	218
	103	218
	104	218
	107	218
	108	218
	109	218
	110	218
	111	218
	112	218
	112	217
	113	217
	114	217
	115	217
	116	217
	117	217
	118	217
	119	217
	120	217
	121	217
	122	217
	123	217
	124	217
	125	217
	125	218
	126	218
	127	218
	128	218
	129	218
	130	218
	131	218
	132	218
	133	218
	134	218
	135	218
	136	218
	137	218
	138	218
	139	218
	140	218
	141	220
	116	175
	116	173
	113	174
	114	174
	112	174
	105	174
	80	188
	80	189
	105	175
	79	188
	106	174
	107	174
	106	173
	106	175
	81	186
	81	189
	80	186
	15	203
	15	202
	115	174
	115	175
	115	173
	83	188
	117	174
	121	174
	120	174
	119	173
	140	204
	140	202
	142	193
	141	200
	142	207
	141	207
	136	187
	139	189
	139	188
	141	195
	142	210
	141	206
	142	206
	140	206
	139	186
	139	187
	138	187
	142	209
	141	209
	140	210
	140	200
	137	187
	137	186
	136	186
	135	185
	138	188
	140	208
	142	199
	137	188
	141	197
	140	201
	142	208
	137	184
	137	185
	136	185
	140	212
	141	212
	142	211
	135	186
	141	218
	125	176
	125	175
	133	183
	141	211
	142	213
	124	173
	125	173
	126	174
	129	184
	130	182
	126	180
	129	183
	128	183
	125	178
	38	201
	35	201
	49	185
	132	183
	48	185
	81	187
	82	187
	94	180
	93	180
	126	183
	61	144
	60	137
	60	138
	60	134
	41	146
	24	150
	22	150
	21	149
	42	145
	59	137
	63	143
	39	145
	61	122
	60	122
	64	118
	61	119
	40	146
	60	118
	41	145
	60	119
	59	120
	59	127
	59	133
	59	129
	59	101
	64	105
	59	112
	59	109
	58	115
	58	113
	59	111
	22	149
	26	150
	21	148
	11	145
	8	145
	58	141
	48	145
	55	144
	17	145
	49	146
	51	145
	46	145
	53	85
	55	86
	54	87
	55	87
	53	75
	53	84
	52	83
	55	84
	51	83
	54	84
	55	74
	55	80
	55	76
	53	82
	51	73
	51	74
	52	76
	55	79
	51	75
	51	77
	54	78
	57	38
	53	72
	14	30
	52	70
	50	69
	52	69
	53	66
	54	40
	25	32
	51	67
	8	38
	59	36
	50	34
	39	25
	46	34
	33	30
	55	43
	57	43
	59	47
	56	42
	40	25
	48	39
	31	32
	30	34
	32	33
	5	42
	7	45
	47	36
	49	37
	3	41
	2	43
	50	36
	51	36
	24	32
	16	59
	15	59
	14	59
	13	59
	12	59
	11	59
	11	60
	10	60
	9	60
	8	60
	7	60
	7	61
	7	62
	7	63
	7	64
	7	65
	7	66
	7	67
	7	68
	7	69
	7	70
	7	71
	7	72
	7	73
	7	74
	7	75
	7	76
	6	77
	6	76
	6	78
	6	79
	6	80
	6	81
	6	82
	6	85
	6	84
	6	83
	6	87
	6	86
	6	90
	6	88
	6	89
	6	91
	6	92
	6	93
	6	94
	6	95
	6	96
	6	97
	6	98
	6	99
	6	100
	6	101
	6	102
	6	103
	6	104
	6	105
	6	106
	6	107
	6	108
	6	109
	6	110
	6	111
	6	112
	6	113
	6	114
	6	115
	6	116
	6	117
	6	118
	6	120
	6	121
	6	122
	6	123
	6	124
	6	119
	6	125
	6	126
	6	127
	6	128
	6	129
	6	130
	6	131
	6	132
	6	133
	6	134
	6	135
	6	136
	6	137
	6	138
	6	139
	7	42
	7	46
	21	34
	7	50
	7	49
	19	32
	46	36
	6	39
	7	41
	48	36
	3	40
	6	41
	8	39
	5	41
	5	40
	6	40
	4	40
	7	40
	2	41
	4	41
	2	42
	4	42
	3	42
	51	35
	2	45
	53	36
	3	43
	7	48
	37	28
	55	37
	50	37
	7	43
	46	37
	14	57
	52	38
	54	38
	15	58
	14	58
	13	57
	13	58
	13	56
	12	57
	12	58
	12	56
	11	57
	11	58
	11	56
	10	57
	10	58
	10	56
	10	59
	9	58
	9	59
	9	57
	8	58
	7	58
	8	59
	8	57
	7	59
	7	57
	6	58
	6	59
	6	57
	5	58
	5	59
	5	57
	4	58
	4	59
	4	57
	5	60
	6	60
	4	60
	5	61
	6	61
	4	61
	5	62
	6	62
	4	62
	5	63
	6	63
	4	63
	5	64
	6	64
	4	64
	5	65
	6	65
	4	65
	5	66
	6	66
	4	66
	3	65
	3	66
	3	64
	4	67
	5	67
	3	67
	4	68
	5	68
	3	68
	4	69
	5	69
	3	69
	4	70
	5	70
	3	70
	6	67
	6	68
	6	69
	4	71
	5	71
	3	71
	4	72
	5	72
	3	72
	4	73
	5	73
	3	73
	4	74
	5	74
	3	74
	6	71
	6	72
	6	70
	6	73
	6	74
	5	75
	6	75
	4	75
	5	76
	4	76
	3	75
	3	76
	4	77
	5	77
	3	77
	4	78
	5	78
	3	78
	4	79
	5	79
	3	79
	4	80
	5	80
	3	80
	4	81
	5	81
	3	81
	4	82
	5	82
	3	82
	4	83
	5	83
	3	83
	4	84
	5	84
	3	84
	4	85
	5	85
	3	85
	4	86
	5	86
	3	86
	4	87
	5	87
	3	87
	4	88
	5	88
	3	88
	4	89
	5	89
	3	89
	4	90
	5	90
	3	90
	4	91
	5	91
	3	91
	4	92
	5	92
	3	92
	4	93
	5	93
	3	93
	4	94
	5	94
	3	94
	4	95
	5	95
	3	95
	4	96
	5	96
	3	96
	4	97
	5	97
	3	97
	4	98
	5	98
	3	98
	4	99
	5	99
	3	99
	4	100
	5	100
	3	100
	4	101
	5	101
	3	101
	4	102
	5	102
	3	102
	4	103
	5	103
	3	103
	4	104
	5	104
	3	104
	4	105
	5	105
	3	105
	4	106
	5	106
	3	106
	4	107
	5	107
	3	107
	4	108
	5	108
	3	108
	4	109
	5	109
	3	109
	4	110
	5	110
	3	110
	4	111
	5	111
	3	111
	4	112
	5	112
	3	112
	4	113
	5	113
	3	113
	4	114
	5	114
	3	114
	4	115
	5	115
	3	115
	4	116
	5	116
	3	116
	4	117
	5	117
	3	117
	4	118
	5	118
	3	118
	4	119
	5	119
	3	119
	4	120
	5	120
	3	120
	4	121
	5	121
	3	121
	4	122
	5	122
	3	122
	4	123
	5	123
	3	123
	4	124
	5	124
	3	124
	4	125
	5	125
	3	125
	4	126
	5	126
	3	126
	4	127
	5	127
	3	127
	4	128
	5	128
	3	128
	4	129
	5	129
	3	129
	4	130
	5	130
	3	130
	4	131
	5	131
	3	131
	4	132
	5	132
	3	132
	4	133
	5	133
	3	133
	4	134
	5	134
	3	134
	4	135
	5	135
	3	135
	4	136
	5	136
	3	136
	4	137
	5	137
	3	137
	4	138
	5	138
	3	138
	4	139
	5	139
	3	139
	4	140
	5	140
	3	140
	4	141
	5	141
	3	141
	4	142
	5	142
	3	142
	6	142
	57	145
	60	144
	60	145
	63	144
	44	146
	56	145
	62	144
	45	145
	64	143
	44	145
	57	146
	43	145
	59	139
	61	137
	60	135
	60	136
	59	138
	59	136
	60	133
	61	131
	59	135
	60	131
	60	132
	59	134
	60	127
	61	129
	60	130
	61	124
	60	129
	59	131
	59	132
	60	124
	60	126
	55	145
	61	121
	60	120
	59	116
	59	117
	60	116
	64	116
	59	115
	59	113
	60	121
	59	119
	59	118
	59	124
	59	122
	60	123
	59	125
	60	125
	59	126
	59	128
	59	123
	64	107
	64	108
	60	128
	64	106
	20	149
	20	150
	59	121
	38	145
	27	150
	59	130
	37	145
	64	103
	64	104
	59	100
	38	146
	59	98
	35	145
	50	146
	57	143
	56	143
	59	114
	50	147
	29	145
	58	116
	58	114
	52	146
	58	112
	52	91
	52	145
	34	145
	26	145
	51	146
	18	149
	51	78
	36	145
	52	88
	20	145
	58	145
	6	143
	22	145
	53	145
	21	145
	58	142
	18	145
	40	145
	59	145
	59	110
	57	142
	21	146
	47	145
	26	149
	55	85
	51	85
	50	72
	53	74
	54	73
	51	84
	52	85
	53	87
	51	82
	54	86
	52	84
	52	86
	54	85
	55	83
	53	86
	54	74
	52	82
	54	83
	55	73
	51	81
	55	82
	54	75
	53	83
	52	75
	55	81
	54	72
	52	74
	52	81
	54	81
	51	80
	53	76
	54	76
	53	81
	54	82
	51	79
	52	80
	50	71
	53	73
	55	75
	54	80
	53	77
	52	79
	54	79
	53	80
	51	76
	54	68
	53	79
	52	78
	53	78
	55	77
	54	77
	26	32
	52	77
	37	27
	54	69
	52	71
	54	70
	52	72
	52	73
	53	71
	54	71
	51	70
	50	70
	52	67
	53	70
	51	72
	51	71
	51	68
	50	68
	51	69
	53	67
	53	68
	54	67
	53	65
	53	69
	37	26
	52	68
	52	66
	57	34
	35	31
	49	34
	58	35
	46	38
	26	34
	47	38
	50	38
	35	27
	32	31
	28	34
	47	34
	49	38
	6	38
	58	47
	58	46
	57	45
	58	44
	57	44
	56	44
	58	45
	56	43
	55	42
	57	42
	56	40
	57	41
	56	41
	52	39
	50	39
	52	40
	53	40
	51	39
	51	40
	49	39
	50	40
	49	40
	47	39
	48	40
	40	26
	40	24
	35	26
	38	25
	33	33
	31	34
	7	47
	127	183
	18	202
	85	185
	95	181
	127	178
	142	214
	142	221
	140	214
	130	183
	141	213
	142	219
	133	184
	131	184
	132	184
	128	182
	127	182
	129	182
	124	174
	132	182
	126	173
	124	177
	133	182
	124	176
	126	182
	126	175
	125	174
	126	176
	124	175
	135	182
	124	178
	135	183
	134	182
	142	218
	134	184
	134	183
	135	184
	142	187
	142	188
	140	213
	140	187
	141	186
	141	188
	142	212
	140	188
	142	186
	138	185
	142	217
	136	184
	141	217
	140	217
	140	216
	140	186
	140	211
	142	215
	141	210
	142	201
	140	199
	142	198
	141	198
	140	198
	141	215
	141	196
	142	196
	140	197
	142	197
	138	186
	140	209
	142	200
	141	214
	142	216
	141	190
	140	215
	141	201
	140	190
	141	191
	142	191
	141	216
	142	190
	141	189
	140	193
	140	195
	142	203
	141	203
	140	205
	141	208
	141	202
	140	196
	140	203
	142	204
	140	194
	141	204
	142	195
	141	194
	141	193
	141	199
	142	194
	140	207
	142	205
	140	189
	141	205
	142	202
	142	192
	142	189
	141	192
	140	191
	119	174
	140	192
	121	175
	141	187
	120	173
	119	175
	120	175
	121	173
	111	175
	111	173
	110	173
	110	175
	111	174
	110	174
	109	173
	108	173
	16	201
	109	175
	108	174
	18	201
	109	174
	108	175
	107	173
	107	175
	104	173
	104	174
	105	173
	104	175
	118	174
	113	173
	112	175
	114	175
	112	173
	118	175
	113	175
	114	173
	118	173
	117	175
	116	174
	117	173
	141	219
	141	221
	142	220
	140	220
	140	221
	140	219
	139	220
	139	221
	139	219
	138	220
	138	221
	138	219
	137	220
	137	221
	137	219
	136	220
	136	221
	136	219
	135	220
	135	221
	135	219
	134	220
	134	221
	134	219
	133	220
	133	221
	133	219
	132	220
	132	221
	132	219
	131	220
	130	220
	131	221
	131	219
	130	221
	130	219
	129	220
	129	221
	129	219
	128	220
	127	220
	128	221
	128	219
	127	221
	127	219
	126	220
	126	221
	126	219
	125	220
	125	221
	125	219
	124	220
	124	221
	124	219
	125	222
	126	222
	124	222
	123	219
	122	219
	123	220
	123	218
	124	218
	122	220
	122	218
	121	219
	121	220
	121	218
	120	219
	120	220
	120	218
	119	219
	119	220
	119	218
	118	219
	118	220
	118	218
	117	219
	117	220
	117	218
	116	219
	116	220
	116	218
	115	219
	115	220
	115	218
	114	219
	114	220
	114	218
	113	219
	113	220
	113	218
	112	220
	113	221
	114	221
	112	221
	112	219
	111	220
	111	221
	111	219
	110	220
	110	221
	110	219
	109	220
	109	221
	109	219
	108	220
	108	221
	108	219
	107	220
	107	221
	107	219
	106	220
	106	221
	106	219
	105	218
	106	218
	105	219
	104	219
	104	220
	105	220
	103	220
	104	221
	105	221
	103	221
	103	219
	102	220
	102	221
	102	219
	101	220
	100	220
	101	221
	101	219
	100	221
	100	219
	99	220
	99	221
	99	219
	98	220
	98	221
	98	219
	99	218
	100	218
	98	218
	88	183
	25	203
	99	175
	11	198
	11	197
	27	202
	22	204
	15	197
	11	195
	21	203
	98	175
	27	203
	99	179
	21	204
	89	180
	98	176
	99	178
	100	175
	98	177
	21	202
	92	182
	97	178
	95	177
	91	181
	20	204
	83	184
	22	203
	20	202
	100	174
	99	176
	65	189
	64	190
	89	181
	61	192
	64	189
	63	190
	56	189
	60	191
	61	190
	53	189
	75	190
	55	190
	89	183
	74	188
	72	188
	73	190
	73	189
	35	203
	75	187
	38	203
	70	191
	74	190
	36	203
	72	190
	56	191
	36	204
	73	188
	55	191
	53	221
	33	200
	32	201
	52	187
	72	189
	45	220
	43	210
	49	184
	92	181
	100	173
	43	209
	41	211
	44	213
	44	209
	42	208
	48	220
	42	211
	44	215
	44	210
	41	215
	41	210
	41	208
	43	208
	42	213
	44	214
	44	211
	51	219
	87	181
	88	182
	44	220
	88	181
	43	211
	42	217
	39	206
	45	218
	86	185
	41	214
	87	183
	86	186
	41	209
	79	189
	84	183
	43	214
	40	210
	40	205
	40	208
	38	206
	42	207
	42	209
	44	212
	38	207
	43	213
	44	219
	45	219
	42	210
	46	220
	47	219
	48	219
	46	219
	47	220
	42	218
	44	217
	48	218
	47	218
	75	189
	78	188
	78	187
	77	189
	46	218
	76	188
	76	189
	76	187
	78	189
	77	188
	23	202
	91	182
	101	174
	23	203
	101	173
	99	173
	12	196
	102	174
	24	202
	25	204
	31	202
	30	203
	65	190
	29	204
	30	204
	66	191
	67	191
	66	189
	27	204
	67	189
	26	203
	28	202
	28	203
	67	190
	54	188
	32	202
	53	190
	31	203
	31	204
	61	191
	57	189
	32	204
	58	191
	54	190
	63	191
	68	189
	63	189
	64	191
	63	192
	30	202
	64	192
	62	190
	65	192
	62	191
	59	191
	68	191
	58	189
	59	190
	60	192
	60	190
	59	192
	58	190
	55	189
	58	192
	57	191
	59	189
	56	190
	62	192
	54	189
	57	190
	49	186
	51	189
	34	204
	51	187
	50	187
	49	187
	52	186
	34	201
	53	187
	48	187
	36	201
	35	204
	35	202
	33	201
	34	203
	49	183
	29	199
	27	200
	28	201
	28	199
	71	191
	71	190
	72	191
	71	188
	43	216
	44	216
	44	218
	43	217
	41	218
	43	220
	50	218
	50	219
	50	221
	50	222
	50	220
	49	221
	49	222
	49	220
	49	219
	49	218
	43	219
	52	223
	53	223
	51	223
	54	222
	54	223
	54	221
	55	221
	54	220
	55	222
	55	220
	56	221
	56	222
	56	220
	57	221
	57	222
	57	220
	59	221
	60	221
	58	221
	59	222
	59	220
	60	222
	60	220
	58	222
	58	220
	61	221
	62	221
	61	222
	61	220
	62	222
	62	220
	64	221
	65	221
	63	221
	64	222
	64	220
	65	222
	65	220
	63	222
	63	220
	66	220
	67	220
	66	221
	66	219
	67	221
	67	219
	65	219
	68	220
	69	220
	68	221
	68	219
	69	221
	69	219
	70	220
	71	220
	70	221
	70	219
	71	221
	71	219
	72	220
	73	220
	72	221
	72	219
	73	221
	73	219
	74	220
	75	220
	74	221
	74	219
	75	221
	75	219
	76	220
	76	221
	76	219
	77	220
	77	221
	77	219
	78	220
	78	221
	78	219
	79	220
	79	221
	79	219
	80	220
	80	221
	80	219
	81	220
	81	221
	81	219
	82	220
	82	221
	82	219
	83	220
	84	220
	83	221
	83	219
	84	221
	84	219
	87	220
	88	220
	86	220
	87	221
	87	219
	88	221
	88	219
	86	221
	86	219
	89	220
	90	220
	89	221
	89	219
	90	221
	90	219
	93	220
	94	220
	92	220
	93	221
	93	219
	94	221
	94	219
	92	221
	92	219
	95	219
	96	219
	95	220
	95	218
	96	220
	96	218
	94	218
	97	219
	97	220
	97	218
	97	221
	96	221
	95	221
	91	220
	91	221
	91	219
	88	218
	89	218
	87	218
	86	218
	85	219
	85	220
	85	218
	84	218
	83	218
	82	218
	81	218
	80	218
	79	218
	78	218
	77	218
	76	218
	74	218
	75	218
	73	218
	72	218
	71	218
	70	218
	68	218
	69	218
	67	218
	66	218
	64	219
	65	218
	64	218
	62	219
	63	219
	61	219
	62	218
	63	218
	61	218
	59	219
	60	219
	58	219
	59	218
	60	218
	58	218
	56	219
	57	219
	55	219
	56	218
	57	218
	55	218
	54	219
	54	218
	67	222
	68	222
	66	222
	69	222
	70	222
	71	222
	73	222
	74	222
	72	222
	75	222
	76	222
	78	222
	79	222
	77	222
	81	222
	82	222
	80	222
	83	222
	84	222
	85	221
	85	222
	86	222
	88	222
	89	222
	87	222
	90	222
	91	222
	92	222
	93	222
	94	222
	95	222
	96	222
	97	222
	98	222
	99	222
	100	222
	101	222
	102	222
	93	218
	92	218
	91	218
	90	218
	43	215
	42	216
	41	216
	42	219
	69	191
	87	182
	69	189
	68	190
	89	182
	69	190
	86	181
	70	189
	37	205
	37	207
	38	204
	37	206
	38	205
	39	205
	40	206
	38	208
	39	207
	39	209
	41	206
	39	208
	40	207
	40	209
	43	212
	39	204
	14	196
	12	197
	13	199
	20	203
	14	197
	15	198
	13	198
	95	179
	19	203
	96	180
	14	198
	94	181
	96	178
	16	199
	16	198
	19	204
	18	203
	93	179
	14	199
	18	204
	95	180
	17	203
	16	203
	14	202
	17	204
	15	199
	16	204
	19	202
	17	200
	14	200
	17	201
	15	201
	16	202
	14	201
	17	202
	16	200
	15	200
	123	175
	123	174
	122	173
	126	177
	122	175
	123	173
	127	179
	125	177
	125	182
	122	174
	126	179
	125	180
	126	178
	127	181
	125	179
	126	181
	131	183
	128	181
	127	180
	131	182
	125	181
	130	184
	54	88
	56	86
	55	88
	53	88
	54	89
	56	87
	52	87
	55	89
	53	89
	54	90
	55	90
	53	90
	54	91
	56	89
	52	89
	55	91
	53	91
	54	92
	56	90
	52	90
	55	92
	53	92
	54	93
	55	93
	53	93
	54	94
	56	92
	52	92
	55	94
	53	94
	54	95
	56	93
	52	93
	56	91
	57	92
	56	94
	55	95
	57	93
	56	95
	55	96
	57	94
	57	95
	56	96
	58	94
	58	95
	57	96
	58	96
	57	97
	59	95
	59	96
	59	94
	58	97
	60	95
	58	93
	60	96
	60	94
	59	97
	61	95
	59	93
	61	96
	61	94
	60	97
	62	95
	60	93
	62	96
	62	94
	61	97
	63	95
	61	93
	63	96
	63	94
	62	97
	64	95
	62	93
	64	96
	64	94
	63	97
	65	95
	63	93
	64	97
	63	98
	65	96
	65	97
	64	98
	66	96
	66	97
	66	95
	65	98
	67	96
	65	94
	66	98
	65	99
	67	97
	66	99
	64	99
	65	100
	67	98
	66	100
	64	100
	65	101
	67	99
	63	99
	63	100
	64	101
	62	99
	63	101
	64	102
	62	100
	62	98
	61	98
	61	99
	60	98
	61	100
	62	101
	60	99
	61	101
	62	102
	60	100
	63	102
	61	102
	62	103
	60	101
	60	102
	61	103
	60	103
	61	104
	59	102
	62	104
	60	104
	61	105
	63	103
	59	103
	62	105
	60	105
	61	106
	63	104
	59	104
	62	106
	60	106
	61	107
	63	105
	59	105
	62	107
	60	107
	61	108
	63	106
	59	106
	62	108
	60	108
	61	109
	63	107
	59	107
	62	109
	60	109
	61	110
	63	108
	59	108
	63	109
	62	110
	63	110
	62	111
	64	109
	63	111
	61	111
	62	112
	64	110
	60	110
	63	112
	61	112
	62	113
	64	111
	60	111
	63	113
	61	113
	62	114
	64	112
	60	112
	63	114
	61	114
	62	115
	64	113
	60	113
	63	115
	61	115
	62	116
	64	114
	60	114
	63	116
	61	116
	62	117
	64	115
	60	115
	63	117
	61	117
	62	118
	63	118
	61	118
	62	119
	64	117
	60	117
	63	120
	64	120
	62	120
	63	121
	63	119
	64	121
	64	119
	62	121
	63	122
	65	120
	61	120
	63	123
	64	123
	62	123
	63	124
	64	124
	64	122
	62	124
	62	122
	63	125
	65	123
	61	123
	64	125
	62	125
	63	126
	64	126
	62	126
	63	127
	65	125
	61	125
	64	127
	62	127
	63	128
	65	126
	61	126
	64	128
	62	128
	63	129
	65	127
	61	127
	64	129
	62	129
	63	130
	65	128
	61	128
	64	130
	62	130
	63	131
	64	131
	62	131
	63	132
	65	130
	61	130
	64	132
	62	132
	63	133
	64	133
	62	133
	63	134
	65	132
	61	132
	64	134
	62	134
	63	135
	65	133
	61	133
	64	135
	62	135
	63	136
	65	134
	61	134
	64	136
	62	136
	63	137
	65	135
	61	135
	64	137
	62	137
	63	138
	65	136
	61	136
	64	138
	62	138
	63	139
	64	139
	62	139
	63	140
	65	138
	61	138
	61	139
	62	140
	61	140
	62	141
	60	139
	63	141
	61	141
	62	142
	63	142
	61	142
	62	143
	64	141
	60	141
	60	142
	60	140
	61	143
	59	141
	59	142
	59	140
	60	143
	59	143
	58	143
	59	144
	58	144
	57	144
	51	147
	49	147
	50	148
	48	146
	48	147
	49	148
	47	146
	47	147
	46	147
	47	148
	48	148
	46	148
	46	146
	47	149
	45	147
	45	148
	46	149
	45	149
	46	150
	44	148
	44	149
	44	147
	45	150
	45	146
	43	148
	42	148
	43	149
	43	147
	42	149
	42	147
	43	150
	43	146
	41	148
	41	149
	41	147
	42	150
	42	146
	40	148
	39	148
	38	148
	39	149
	39	147
	40	149
	40	147
	38	149
	38	147
	39	150
	39	146
	37	148
	36	148
	37	149
	37	147
	36	149
	36	147
	37	150
	37	146
	35	148
	35	149
	35	147
	36	150
	36	146
	34	148
	34	149
	34	147
	35	150
	35	146
	33	148
	33	147
	34	146
	33	146
	32	147
	32	148
	32	146
	33	149
	33	145
	31	147
	31	148
	31	146
	32	149
	32	145
	30	147
	30	148
	30	146
	31	149
	31	145
	29	147
	29	148
	29	146
	30	149
	30	145
	28	147
	27	147
	28	148
	28	146
	27	148
	27	146
	28	149
	28	145
	26	147
	26	148
	26	146
	27	149
	27	145
	25	147
	24	147
	25	148
	25	146
	24	148
	24	146
	25	149
	25	145
	23	147
	23	148
	23	146
	24	149
	24	145
	22	147
	22	148
	22	146
	23	149
	23	145
	21	147
	19	147
	20	147
	18	147
	19	148
	19	146
	20	148
	20	146
	18	148
	18	146
	19	149
	19	145
	17	147
	16	147
	15	147
	16	148
	16	146
	17	148
	17	146
	15	148
	15	146
	16	149
	16	145
	14	147
	14	148
	14	146
	15	149
	15	145
	13	147
	13	148
	13	146
	14	149
	14	145
	12	147
	12	148
	12	146
	13	149
	13	145
	11	147
	11	148
	11	146
	12	149
	12	145
	10	147
	9	147
	10	148
	10	146
	9	148
	9	146
	10	149
	10	145
	8	147
	8	148
	8	146
	9	149
	9	145
	7	147
	6	147
	7	148
	7	146
	6	148
	6	146
	7	149
	7	145
	5	147
	5	148
	5	146
	6	149
	6	145
	4	147
	4	148
	4	146
	5	149
	5	145
	3	147
	3	146
	4	145
	3	145
	4	144
	2	146
	5	144
	3	144
	4	143
	2	145
	5	143
	3	143
	6	144
	2	144
	58	140
	2	143
	2	142
	2	141
	2	140
	50	145
	49	145
	6	141
	6	140
	56	146
	56	144
	54	145
	55	146
	54	146
	53	146
	54	147
	53	147
	52	147
	52	148
	51	148
	51	149
	52	149
	50	149
	51	150
	49	149
	50	150
	49	150
	50	151
	51	151
	49	151
	50	152
	48	150
	47	150
	48	151
	48	149
	47	151
	52	150
	53	150
	52	151
	54	148
	55	148
	53	148
	54	149
	55	147
	56	147
	57	147
	56	148
	58	146
	59	146
	58	147
	60	146
	59	147
	57	148
	56	149
	53	149
	54	150
	53	151
	55	149
	55	150
	58	148
	57	149
	60	147
	59	148
	61	146
	62	146
	61	147
	61	145
	62	145
	63	145
	64	144
	7	121
	7	120
	8	120
	7	119
	7	118
	8	118
	7	117
	9	118
	8	119
	8	117
	9	117
	8	116
	9	116
	10	116
	9	115
	7	122
	8	122
	7	123
	8	121
	9	119
	10	118
	10	117
	11	117
	11	116
	10	115
	9	121
	9	120
	10	120
	10	119
	11	118
	12	117
	12	116
	11	115
	12	115
	11	114
	12	114
	10	114
	11	113
	12	113
	10	113
	11	112
	9	113
	10	112
	9	112
	10	111
	11	111
	9	111
	10	110
	7	116
	7	115
	8	115
	7	114
	8	114
	7	113
	8	113
	7	112
	8	112
	7	111
	8	111
	7	110
	8	110
	7	109
	8	109
	7	108
	8	108
	7	107
	9	114
	9	110
	9	109
	10	109
	9	108
	10	108
	9	107
	9	106
	10	106
	8	106
	9	105
	8	104
	9	104
	7	104
	8	105
	8	103
	8	102
	9	102
	7	102
	8	101
	13	114
	12	111
	13	111
	12	112
	12	110
	11	110
	11	109
	12	109
	11	108
	12	108
	11	107
	12	107
	10	107
	11	106
	12	106
	11	105
	11	104
	12	104
	10	104
	11	103
	10	103
	9	103
	10	102
	11	102
	10	101
	11	101
	9	101
	10	100
	8	107
	7	105
	7	103
	7	106
	10	105
	12	103
	12	102
	12	101
	11	100
	12	100
	13	100
	12	99
	13	99
	11	99
	12	98
	13	98
	11	98
	12	97
	14	98
	13	97
	14	97
	13	96
	15	98
	14	99
	15	97
	14	96
	15	96
	14	95
	12	96
	13	95
	11	96
	12	95
	11	95
	10	95
	11	94
	9	95
	10	96
	10	94
	8	95
	7	95
	8	96
	8	94
	7	96
	7	94
	9	100
	10	99
	10	98
	11	97
	9	98
	10	97
	8	99
	9	99
	7	99
	8	100
	8	98
	7	100
	7	101
	7	98
	7	97
	8	97
	9	97
	9	96
	9	94
	13	103
	14	103
	15	103
	13	104
	16	102
	17	102
	17	101
	16	103
	16	104
	15	104
	14	104
	13	105
	12	105
	14	105
	17	103
	13	106
	15	102
	15	101
	15	100
	15	99
	13	102
	14	101
	14	100
	16	101
	16	100
	7	93
	8	93
	7	92
	7	91
	8	91
	7	90
	8	90
	7	89
	8	89
	7	88
	8	88
	7	87
	8	87
	7	86
	7	85
	8	85
	7	84
	7	83
	8	83
	7	82
	7	81
	8	81
	7	80
	8	80
	7	79
	8	79
	7	78
	8	78
	9	78
	8	77
	9	80
	9	83
	10	83
	9	84
	9	82
	10	86
	11	86
	9	86
	10	87
	10	85
	10	90
	11	90
	9	90
	10	91
	10	89
	10	92
	11	92
	9	92
	10	93
	9	93
	9	91
	9	89
	9	88
	10	88
	9	87
	11	89
	12	92
	11	93
	11	91
	12	94
	13	94
	12	93
	12	91
	13	91
	12	90
	12	89
	13	89
	12	88
	11	88
	11	87
	12	87
	13	93
	14	93
	13	92
	13	90
	14	90
	13	101
	14	102
	13	88
	12	86
	13	86
	12	85
	11	84
	12	84
	10	84
	11	85
	11	83
	12	83
	11	82
	12	82
	10	82
	11	81
	8	92
	9	85
	8	84
	8	82
	9	81
	10	81
	10	80
	8	86
	9	79
	10	79
	11	79
	10	78
	13	87
	12	81
	11	80
	12	80
	13	82
	13	85
	14	85
	13	84
	14	86
	13	83
	14	83
	13	81
	13	80
	12	79
	11	78
	14	82
	14	81
	14	80
	13	79
	14	79
	13	78
	12	78
	12	77
	11	77
	9	77
	7	77
	8	76
	9	76
	10	76
	9	75
	10	77
	14	106
	13	107
	15	105
	16	99
	16	98
	15	95
	14	94
	16	96
	15	94
	16	94
	15	93
	16	93
	15	92
	16	92
	14	92
	15	91
	16	91
	14	91
	15	90
	16	90
	15	89
	16	89
	14	89
	15	88
	14	88
	14	87
	15	87
	15	86
	15	85
	14	84
	15	84
	15	83
	15	82
	15	81
	15	80
	15	79
	14	78
	13	77
	15	78
	14	77
	16	79
	16	80
	16	81
	16	83
	16	84
	16	85
	16	86
	16	87
	16	88
	16	82
	16	78
	15	77
	16	77
	15	76
	14	76
	13	76
	12	76
	13	75
	12	75
	11	75
	12	74
	10	75
	11	76
	11	74
	10	74
	9	74
	10	73
	9	73
	8	73
	9	72
	10	72
	8	72
	9	71
	11	72
	10	71
	12	72
	11	73
	11	71
	13	72
	12	73
	12	71
	14	72
	13	73
	13	71
	15	72
	14	73
	14	71
	15	73
	14	74
	16	73
	15	74
	16	74
	15	75
	16	75
	14	75
	16	76
	16	72
	15	71
	14	70
	12	70
	10	70
	8	71
	9	70
	8	70
	11	70
	13	70
	16	71
	15	70
	16	95
	16	97
	9	69
	10	69
	8	69
	9	68
	11	69
	12	69
	11	68
	13	69
	12	68
	14	69
	13	68
	15	69
	14	68
	16	69
	15	68
	16	70
	17	69
	16	68
	17	68
	16	67
	13	67
	12	67
	10	68
	11	67
	10	67
	8	68
	9	67
	8	67
	9	66
	10	66
	11	66
	12	66
	14	67
	13	66
	15	67
	14	66
	15	66
	14	65
	13	65
	12	65
	11	65
	10	65
	8	66
	9	65
	10	64
	11	64
	12	64
	13	64
	15	65
	14	64
	15	64
	16	64
	15	63
	14	63
	13	63
	14	62
	12	63
	11	63
	12	62
	10	63
	9	63
	10	62
	8	63
	9	64
	9	62
	8	64
	8	62
	8	61
	9	61
	10	61
	11	61
	12	61
	11	62
	13	61
	12	60
	14	61
	13	62
	13	60
	15	61
	14	60
	15	60
	16	60
	16	61
	15	62
	16	62
	16	63
	16	65
	16	66
	8	65
	13	74
	8	75
	8	74
	17	100
	17	98
	17	97
	17	96
	18	96
	17	95
	18	95
	17	94
	17	99
	18	100
	18	101
	18	102
	18	103
	17	104
	18	99
	18	98
	18	97
	18	94
	17	93
	18	93
	17	92
	18	92
	17	91
	18	91
	17	90
	18	90
	17	89
	18	89
	17	88
	18	88
	17	87
	18	87
	17	86
	18	86
	17	85
	18	85
	17	84
	18	84
	17	83
	18	83
	17	82
	18	82
	17	81
	18	81
	17	80
	18	80
	17	79
	18	79
	17	78
	18	78
	17	77
	18	77
	17	76
	18	76
	17	75
	18	75
	17	74
	18	74
	17	73
	18	73
	17	72
	17	71
	17	70
	18	69
	18	68
	17	67
	18	70
	18	71
	18	72
	18	67
	17	66
	18	66
	17	65
	18	65
	17	64
	18	64
	17	63
	17	62
	17	61
	17	60
	36	26
	18	61
	18	62
	18	63
	19	67
	19	68
	19	69
	19	70
	19	71
	19	72
	19	73
	19	74
	5	56
	6	56
	4	56
	5	55
	3	57
	6	55
	4	55
	5	54
	6	54
	4	54
	7	55
	5	53
	3	55
	6	53
	4	53
	7	54
	5	52
	3	54
	6	52
	6	51
	7	53
	5	51
	6	50
	4	52
	2	46
	7	51
	2	47
	15	30
	6	49
	22	31
	8	35
	5	50
	17	30
	6	48
	2	44
	14	39
	5	49
	3	44
	7	52
	20	32
	15	33
	3	45
	8	40
	4	43
	3	58
	7	56
	3	56
	3	53
	2	54
	3	52
	4	51
	3	51
	4	50
	2	52
	3	50
	4	49
	2	51
	3	49
	4	48
	2	50
	5	48
	3	48
	4	47
	5	47
	3	47
	4	46
	2	48
	6	47
	5	46
	6	46
	5	45
	6	45
	4	45
	12	36
	5	44
	3	46
	14	37
	6	44
	14	40
	13	37
	6	43
	12	37
	5	43
	13	33
	6	42
	4	44
	14	32
	12	32
	14	33
	13	38
	12	35
	12	33
	13	34
	13	35
	13	32
	14	35
	12	34
	20	34
	11	40
	14	38
	22	34
	14	34
	21	33
	20	33
	22	32
	13	39
	21	32
	23	34
	18	33
	45	35
	13	40
	32	34
	20	31
	33	32
	23	35
	8	41
	19	33
	33	34
	12	39
	9	38
	46	35
	23	33
	7	44
	22	35
	14	36
	45	36
	15	32
	21	35
	11	38
	36	30
	45	34
	24	35
	34	32
	8	43
	49	36
	21	31
	48	37
	28	33
	24	34
	32	32
	12	38
	47	37
	9	36
	48	35
	8	42
	47	35
	29	33
	27	32
	24	33
	48	34
	18	31
	34	28
	13	36
	48	38
	12	40
	52	36
	29	34
	25	35
	27	34
	31	33
	22	33
	32	30
	17	32
	30	33
	50	35
	16	32
	27	33
	18	32
	10	40
	30	32
	35	30
	53	35
	11	39
	9	39
	57	40
	35	29
	34	31
	19	31
	54	35
	10	39
	36	27
	9	35
	26	33
	29	32
	53	34
	10	38
	39	26
	25	33
	33	29
	9	40
	39	24
	49	35
	51	37
	52	37
	52	35
	51	38
	51	34
	53	37
	36	28
	54	36
	52	34
	54	37
	53	38
	35	28
	55	36
	55	35
	28	32
	36	29
	33	31
	34	30
	58	42
	25	34
	58	41
	56	36
	58	43
	34	29
	8	36
	54	34
	55	39
	56	39
	7	39
	56	37
	5	39
	58	40
	56	35
	58	39
	55	38
	53	39
	57	39
	54	39
	57	36
	7	38
	16	30
	7	37
	55	34
	8	37
	56	38
	14	31
	57	35
	57	37
	56	34
	16	31
	5	38
	58	36
	55	46
	4	38
	58	37
	55	47
	13	31
	5	37
	17	31
	55	45
	56	46
	56	47
	56	45
	55	48
	57	46
	55	44
	56	48
	57	48
	56	49
	57	49
	57	47
	55	49
	56	50
	58	48
	57	50
	55	50
	56	51
	57	51
	55	51
	56	52
	58	50
	4	39
	57	52
	55	52
	56	53
	58	51
	15	31
	57	53
	55	53
	56	54
	58	52
	55	40
	58	53
	57	54
	59	52
	58	54
	57	55
	58	55
	56	55
	57	56
	59	54
	55	54
	58	56
	56	56
	57	57
	59	55
	55	55
	58	57
	56	57
	57	58
	59	56
	55	56
	58	58
	56	58
	57	59
	59	57
	55	57
	58	59
	56	59
	57	60
	59	58
	55	58
	58	60
	56	60
	57	61
	59	59
	55	59
	58	61
	56	61
	57	62
	59	60
	55	60
	56	62
	55	62
	56	63
	57	63
	55	63
	55	61
	56	64
	58	62
	6	37
	57	64
	55	64
	56	65
	57	65
	55	65
	56	66
	58	64
	54	64
	57	66
	55	66
	56	67
	58	65
	54	65
	57	67
	55	67
	56	68
	58	66
	54	66
	57	68
	55	68
	56	69
	58	67
	57	69
	55	69
	56	70
	58	68
	58	69
	57	70
	59	68
	59	66
	58	63
	59	64
	59	63
	59	61
	60	60
	60	59
	55	78
	56	88
	59	67
	59	65
	59	62
	58	49
	59	53
	58	38
	59	51
	59	50
	59	49
	59	48
	59	46
	59	45
	59	44
	59	43
	59	42
	59	41
	59	40
	59	39
	59	38
	59	37
	10	195
	11	194
	12	194
	10	196
	10	194
	11	193
	12	193
	11	192
	11	191
	26	200
	139	217
	25	200
	26	199
	25	199
	138	217
	25	201
	27	199
	27	201
	26	201
	139	216
	90	181
	90	182
	90	183
	90	180
	97	176
	100	177
	92	180
	98	179
	94	178
	97	180
	85	184
	96	181
	95	178
	93	182
	94	179
	91	179
	92	179
	85	187
	84	184
	96	177
	82	185
	83	187
	85	186
	84	185
	83	185
	84	188
	83	186
	84	186
	82	188
	82	186
	82	189
	84	187
	81	188
	79	187
	80	187
	103	174
	102	175
	102	173
	103	175
	103	173
	51	93
	50	94
	49	94
	49	95
	49	96
	49	97
	48	98
	48	99
	47	100
	47	101
	46	102
	46	103
	45	104
	45	105
	44	106
	44	107
	43	108
	43	109
	44	110
	44	111
	45	112
	45	113
	46	114
	47	115
	48	115
	49	115
	50	115
	50	116
	51	116
	52	117
	53	118
	54	118
	54	119
	55	119
	55	120
	56	120
	57	120
	58	120
	7	129
	7	130
	7	131
	7	132
	7	133
	8	133
	8	134
	7	134
	7	135
	8	135
	8	136
	7	136
	7	137
	8	137
	8	138
	7	138
	7	139
	7	140
	7	124
	57	117
	58	117
	56	117
	57	118
	57	116
	58	118
	56	118
	56	116
	57	119
	58	119
	56	119
	55	117
	55	118
	55	116
	56	115
	57	115
	55	115
	54	116
	54	117
	54	115
	55	114
	56	114
	54	114
	53	115
	53	116
	53	114
	54	113
	55	113
	53	113
	53	117
	52	116
	52	115
	52	114
	51	114
	52	113
	51	115
	51	113
	50	114
	50	113
	51	112
	52	112
	50	112
	49	113
	49	114
	49	112
	48	113
	48	114
	48	112
	49	111
	50	111
	48	111
	47	112
	47	113
	47	111
	46	111
	47	110
	48	110
	46	112
	46	110
	46	113
	47	114
	49	110
	47	109
	48	109
	46	109
	45	110
	45	111
	45	109
	46	108
	47	108
	45	108
	46	107
	47	107
	45	107
	44	108
	44	109
	46	106
	47	106
	45	106
	48	107
	48	108
	48	106
	47	105
	48	105
	46	105
	49	106
	49	107
	49	105
	48	104
	49	104
	47	104
	48	103
	49	103
	47	103
	46	104
	50	104
	50	105
	50	103
	49	102
	50	102
	48	102
	51	103
	51	104
	51	102
	52	103
	52	104
	52	102
	53	103
	53	104
	53	102
	54	104
	53	105
	54	105
	54	103
	52	105
	55	106
	56	106
	54	106
	55	107
	55	105
	56	107
	56	105
	54	107
	55	108
	56	108
	54	108
	57	108
	56	109
	57	109
	57	107
	55	109
	56	110
	57	110
	55	110
	56	111
	57	111
	55	111
	56	112
	57	112
	55	112
	58	111
	58	110
	57	113
	56	113
	58	109
	58	108
	58	107
	58	106
	57	106
	58	105
	57	105
	58	104
	57	104
	58	103
	57	103
	58	102
	57	102
	58	101
	57	101
	57	114
	54	111
	54	112
	54	110
	54	109
	53	110
	53	111
	53	109
	53	108
	53	112
	52	111
	52	110
	51	110
	52	109
	51	111
	51	109
	52	108
	51	108
	50	108
	51	107
	52	107
	50	109
	50	107
	51	106
	52	106
	50	106
	51	105
	53	106
	53	107
	50	110
	49	109
	49	108
	55	104
	56	104
	55	103
	56	103
	55	102
	56	102
	54	102
	56	101
	55	101
	56	100
	57	100
	55	100
	56	99
	57	99
	55	99
	58	100
	58	99
	57	98
	58	98
	56	98
	59	99
	56	97
	54	101
	53	101
	54	100
	53	100
	54	99
	53	99
	54	98
	55	98
	53	98
	55	97
	54	97
	54	96
	53	97
	53	96
	52	98
	52	99
	52	97
	51	99
	52	100
	51	100
	51	98
	50	100
	51	101
	52	101
	50	101
	50	99
	49	101
	49	100
	47	102
	48	101
	48	100
	49	99
	49	98
	50	98
	50	97
	51	97
	52	96
	51	96
	52	95
	53	95
	51	95
	52	94
	51	94
	50	96
	50	95
	50	76
	50	75
	49	77
	49	78
	48	79
	48	80
	47	81
	48	81
	48	82
	47	82
	47	83
	47	84
	47	85
	47	86
	48	87
	48	88
	48	89
	48	90
	48	91
	48	92
	48	93
	50	93
	51	92
	50	92
	49	93
	49	92
	50	91
	51	91
	49	91
	50	90
	51	90
	49	90
	50	89
	51	89
	49	89
	50	88
	51	88
	49	88
	51	87
	50	87
	51	86
	50	86
	50	85
	50	84
	49	85
	49	86
	49	84
	48	85
	48	86
	48	84
	49	87
	49	83
	50	83
	48	83
	49	82
	50	82
	50	81
	50	80
	50	79
	50	78
	50	77
	49	80
	49	81
	49	79
	20	67
	20	66
	19	66
	20	65
	20	64
	20	63
	20	62
	19	62
	19	63
	19	65
	19	61
	18	60
	19	60
	19	64
	17	59
	18	59
	16	58
	17	58
	16	57
	15	57
	15	56
	16	56
	15	55
	14	56
	14	55
	14	54
	15	54
	15	53
	15	52
	14	52
	13	52
	12	52
	10	51
	8	51
	11	52
	9	51
	10	52
	9	52
	8	52
	8	56
	8	55
	8	53
	9	55
	9	56
	10	55
	10	54
	10	53
	9	54
	8	54
	11	55
	12	55
	13	55
	14	53
	13	53
	13	54
	12	54
	11	54
	12	53
	11	53
	9	53
	38	26
	38	24
	39	27
	40	27
	38	27
	39	28
	40	28
	38	28
	42	27
	43	27
	41	27
	42	28
	42	26
	43	28
	43	26
	41	28
	41	26
	44	28
	43	29
	44	29
	44	27
	42	29
	41	29
	43	30
	44	30
	42	30
	43	31
	44	31
	42	31
	45	31
	44	32
	45	32
	45	30
	43	32
	44	33
	45	33
	43	33
	46	33
	46	32
	44	34
	44	35
	44	36
	45	37
	44	37
	45	38
	44	38
	45	39
	46	39
	44	39
	46	40
	47	40
	45	40
	46	41
	47	41
	45	41
	48	41
	47	42
	48	42
	46	42
	49	42
	48	43
	49	43
	49	41
	47	43
	50	43
	49	44
	50	44
	50	42
	48	44
	49	45
	50	45
	48	45
	51	45
	50	46
	51	46
	51	44
	49	46
	52	46
	51	47
	52	47
	52	45
	50	47
	54	47
	53	47
	54	48
	54	46
	53	48
	53	46
	52	48
	54	49
	53	44
	54	44
	52	44
	53	45
	53	43
	54	45
	54	43
	52	43
	53	42
	54	42
	52	42
	53	41
	54	41
	52	41
	55	41
	51	42
	51	43
	51	41
	50	41
	10	36
	9	37
	10	37
	10	35
	11	36
	11	37
	11	35
	11	34
	10	34
	23	32
	14	195
	14	194
	15	194
	14	193
	15	192
	15	191
	15	190
	15	189
	14	189
	13	189
	14	190
	14	188
	15	188
	13	190
	13	188
	12	188
	13	187
	14	187
	12	189
	12	187
	13	186
	14	186
	12	186
	13	185
	14	185
	24	200
	15	185
	16	185
	15	186
	15	184
	16	186
	16	184
	14	184
	15	187
	17	185
	17	186
	17	184
	18	184
	138	213
	18	185
	18	183
	139	213
	18	186
	19	184
	19	185
	19	183
	20	184
	20	185
	20	183
	21	183
	136	215
	21	184
	135	217
	135	215
	22	183
	22	184
	22	182
	23	182
	138	193
	23	183
	137	192
	134	217
	24	182
	24	183
	136	191
	25	182
	25	183
	139	190
	26	181
	137	191
	26	182
	137	190
	139	191
	28	181
	29	181
	27	181
	28	182
	28	180
	29	182
	24	181
	27	182
	27	180
	30	182
	29	183
	30	183
	30	181
	28	183
	31	183
	32	183
	31	184
	31	182
	32	184
	32	182
	30	184
	34	184
	35	184
	33	184
	34	185
	34	183
	35	185
	35	183
	33	185
	33	183
	36	184
	37	184
	36	185
	36	183
	37	185
	37	183
	36	186
	37	186
	38	184
	38	185
	39	184
	39	183
	38	183
	40	183
	40	182
	20	181
	19	181
	40	185
	42	186
	41	186
	41	185
	39	185
	43	187
	42	187
	44	188
	43	188
	45	188
	46	188
	47	188
	48	188
	21	180
	20	182
	21	182
	38	182
	39	182
	37	182
	30	201
	22	181
	36	182
	22	180
	26	180
	34	181
	35	182
	21	181
	34	182
	23	180
	33	181
	33	182
	25	180
	32	181
	31	181
	139	194
	136	217
	137	216
	138	216
	137	214
	138	215
	136	214
	24	199
	137	213
	138	212
	23	200
	24	201
	137	212
	11	190
	12	190
	12	191
	12	192
	13	192
	13	193
	13	191
	13	194
	14	192
	14	191
	15	193
	22	201
	138	214
	20	201
	136	216
	21	201
	139	214
	17	199
	19	201
	139	215
	137	215
	23	201
	135	216
	136	188
	137	217
	139	192
	139	212
	29	200
	31	201
	29	201
	24	180
	30	200
	23	181
	31	200
	138	189
	25	181
	136	189
	137	189
	138	190
	136	190
	138	191
	138	192
	139	193
	19	182
	18	182
	17	183
	42	183
	18	181
	41	183
	16	182
	16	183
	43	184
	44	184
	42	184
	45	184
	40	204
	45	185
	17	182
	46	185
	39	202
	44	185
	47	185
	46	186
	47	186
	38	202
	45	186
	47	187
	46	187
	45	187
	44	186
	44	187
	43	185
	43	186
	42	185
	41	184
	40	184
	37	201
	28	200
	32	200
	34	200
	4	37
	3	37
	4	36
	5	36
	3	38
	3	36
	6	36
	5	35
	6	35
	4	35
	7	35
	6	34
	7	36
	7	34
	5	34
	7	33
	8	33
	6	33
	7	32
	8	34
	8	32
	6	32
	9	33
	9	34
	9	32
	10	32
	9	31
	10	33
	10	31
	8	31
	11	32
	11	33
	11	31
	10	30
	11	30
	9	30
	12	31
	12	30
	12	29
	13	29
	11	29
	12	28
	13	30
	13	28
	11	28
	14	29
	14	28
	15	28
	16	28
	15	29
	15	27
	16	29
	16	27
	14	27
	17	28
	17	29
	17	27
	18	28
	19	28
	18	29
	18	27
	19	29
	19	27
	20	29
	19	30
	20	30
	20	28
	18	30
	21	29
	21	30
	21	28
	22	30
	23	30
	22	29
	23	31
	23	29
	25	31
	26	31
	24	31
	25	30
	26	30
	24	30
	27	31
	27	30
	25	29
	26	29
	24	29
	25	28
	26	28
	24	28
	29	30
	30	30
	28	30
	29	31
	29	29
	30	31
	30	29
	28	31
	28	29
	31	30
	31	31
	31	29
	32	29
	29	28
	30	28
	28	28
	27	29
	27	28
	23	28
	22	28
	23	27
	24	27
	22	27
	21	27
	31	28
	32	28
	33	28
	33	27
	34	27
	32	27
	34	26
	33	26
	35	25
	36	25
	34	25
	35	24
	36	24
	34	24
	37	25
	37	24
	32	26
	31	27
	30	27
	29	27
	28	27
	29	26
	30	26
	28	26
	32	25
	33	25
	31	25
	32	24
	33	24
	31	26
	31	24
	35	23
	36	23
	34	23
	37	23
	38	23
	39	23
	40	23
	41	24
	42	24
	41	25
	41	23
	42	25
	42	23
	43	24
	43	25
	43	23
	44	24
	45	24
	44	25
	44	23
	45	25
	45	23
	46	24
	46	25
	46	23
	45	26
	46	26
	44	26
	47	25
	47	26
	47	24
	46	27
	47	27
	45	27
	46	28
	47	28
	45	28
	48	28
	47	29
	48	29
	48	27
	46	29
	47	30
	48	30
	46	30
	48	31
	49	31
	47	31
	48	32
	49	32
	49	30
	47	32
	48	33
	49	33
	47	33
	50	33
	46	31
	45	29
	50	32
	50	31
	51	33
	51	32
	52	33
	53	33
	54	33
	55	33
	56	33
	57	33
	58	34
	59	34
	58	33
	59	35
	59	33
	60	35
	60	36
	60	34
	60	37
	60	38
	61	38
	60	39
	61	39
	61	37
	60	40
	61	40
	60	41
	61	41
	60	42
	61	42
	60	43
	61	43
	60	44
	61	44
	60	45
	61	45
	60	46
	61	46
	60	47
	61	47
	60	48
	61	48
	60	49
	61	49
	60	50
	61	50
	60	51
	61	51
	60	52
	61	52
	62	52
	61	53
	62	53
	62	51
	60	53
	61	54
	62	54
	60	54
	61	55
	62	55
	60	55
	61	56
	62	56
	60	56
	61	57
	62	57
	60	57
	61	58
	62	58
	60	58
	61	59
	62	59
	61	60
	62	60
	61	61
	62	61
	60	61
	61	62
	62	62
	60	62
	61	63
	62	63
	60	63
	61	64
	62	64
	60	64
	61	65
	62	65
	60	65
	61	66
	62	66
	60	66
	61	67
	62	67
	60	67
	61	68
	62	68
	60	68
	60	69
	61	69
	59	69
	60	70
	61	70
	59	70
	58	70
	59	71
	60	71
	58	71
	57	71
	56	71
	55	70
	55	71
	56	72
	57	72
	55	72
	56	73
	57	73
	56	74
	57	74
	56	75
	57	75
	56	76
	57	76
	56	78
	57	78
	56	79
	56	77
	57	79
	57	77
	56	80
	57	80
	56	81
	57	81
	56	82
	57	82
	56	83
	57	83
	56	84
	57	84
	56	85
	57	85
	57	86
	57	87
	57	88
	57	89
	57	90
	57	91
	58	92
	58	91
	58	88
	58	89
	58	87
	58	84
	59	84
	58	85
	58	83
	59	85
	59	83
	58	81
	59	81
	58	82
	58	80
	59	82
	59	80
	59	79
	60	79
	58	79
	59	78
	60	80
	60	78
	58	78
	59	77
	60	77
	58	77
	59	76
	60	76
	58	76
	59	75
	60	75
	58	75
	59	74
	60	74
	58	74
	59	73
	60	73
	58	73
	59	72
	60	72
	58	72
	59	87
	58	86
	59	88
	59	86
	59	89
	58	90
	59	90
	59	91
	60	90
	60	91
	60	89
	59	92
	60	92
	61	92
	61	91
	62	92
	67	100
	66	102
	67	102
	65	102
	66	103
	66	101
	67	103
	67	101
	65	103
	66	104
	67	104
	65	104
	66	105
	67	105
	65	105
	66	106
	67	106
	65	106
	66	107
	67	107
	65	107
	66	108
	67	108
	65	108
	66	109
	67	109
	65	109
	66	110
	67	110
	65	110
	66	111
	67	111
	65	111
	66	112
	67	112
	65	112
	66	113
	67	113
	65	113
	66	114
	67	114
	65	114
	66	115
	67	115
	65	115
	66	116
	67	116
	65	116
	66	117
	67	117
	65	117
	66	118
	67	118
	65	118
	65	119
	66	119
	66	120
	65	121
	66	121
	65	122
	66	122
	66	123
	65	124
	66	124
	66	125
	66	126
	66	127
	65	129
	65	131
	65	137
	65	139
	66	133
	66	134
	66	132
	66	131
	66	130
	66	129
	66	128
	66	135
	66	136
	66	137
	66	138
	66	139
	65	140
	66	140
	64	140
	65	141
	64	142
	65	142
	65	143
	65	144
	64	145
	65	145
	10	28
	9	28
	10	29
	10	27
	11	27
	9	29
	9	27
	8	29
	8	30
	8	28
	7	30
	7	31
	7	29
	6	31
	5	32
	5	33
	5	31
	4	34
	4	33
	3	34
	3	35
	3	33
	2	36
	2	37
	2	35
	2	38
	1	37
	1	38
	1	36
	2	39
	3	39
	1	39
	0	39
	1	40
	2	40
	0	40
	0	38
	1	41
	0	41
	1	42
	0	42
	1	43
	0	43
	1	44
	0	44
	1	45
	1	46
	1	47
	1	48
	2	49
	1	49
	1	50
	1	51
	1	52
	2	53
	1	53
	1	54
	2	55
	1	55
	2	56
	1	56
	2	57
	1	57
	2	58
	1	58
	2	60
	3	60
	1	60
	2	61
	2	59
	3	61
	3	59
	1	61
	1	59
	3	62
	2	62
	3	63
	2	63
	2	64
	2	65
	2	66
	2	67
	2	68
	2	69
	2	70
	1	98
	2	98
	0	98
	1	99
	1	97
	2	99
	2	97
	0	99
	0	97
	1	100
	2	100
	0	100
	1	101
	2	101
	0	101
	1	102
	2	102
	0	102
	1	103
	2	103
	0	103
	1	104
	2	104
	0	104
	1	105
	2	105
	0	105
	1	106
	2	106
	0	106
	1	107
	2	107
	0	107
	1	108
	2	108
	0	108
	1	109
	2	109
	0	109
	1	110
	2	110
	0	110
	1	111
	2	111
	0	111
	1	112
	2	112
	0	112
	1	113
	2	113
	0	113
	1	114
	2	114
	0	114
	1	115
	2	115
	0	115
	1	116
	2	116
	0	116
	1	117
	2	117
	0	117
	1	118
	2	118
	0	118
	1	119
	2	119
	0	119
	1	120
	2	120
	0	120
	1	121
	2	121
	0	121
	1	122
	2	122
	0	122
	1	123
	2	123
	0	123
	1	124
	2	124
	0	124
	1	125
	2	125
	0	125
	1	126
	2	126
	0	126
	1	127
	2	127
	0	127
	1	128
	2	128
	0	128
	1	129
	2	129
	0	129
	1	130
	2	130
	0	130
	1	131
	2	131
	0	131
	1	132
	2	132
	0	132
	1	133
	2	133
	0	133
	1	134
	2	134
	0	134
	1	135
	2	135
	0	135
	1	136
	2	136
	0	136
	1	137
	2	137
	0	137
	1	138
	2	138
	0	138
	1	139
	2	139
	0	139
	1	140
	1	141
	1	142
	1	143
	1	144
	1	145
	1	146
	2	147
	1	147
	2	148
	3	148
	1	148
	2	149
	3	149
	1	149
	4	149
	3	150
	4	150
	2	150
	7	150
	8	150
	6	150
	7	151
	8	151
	8	149
	6	151
	9	151
	10	151
	9	152
	9	150
	10	152
	10	150
	8	152
	11	151
	12	151
	11	152
	11	150
	12	152
	12	150
	13	151
	13	152
	13	150
	15	151
	16	151
	14	151
	15	152
	15	150
	16	152
	16	150
	14	152
	14	150
	17	151
	18	151
	17	152
	17	150
	18	152
	18	150
	20	151
	21	151
	19	151
	20	152
	21	152
	21	150
	19	152
	19	150
	23	151
	24	151
	22	151
	23	152
	23	150
	24	152
	22	152
	25	151
	26	151
	25	152
	25	150
	26	152
	28	151
	29	151
	27	151
	28	152
	28	150
	29	152
	29	150
	27	152
	31	151
	32	151
	30	151
	31	152
	31	150
	32	152
	32	150
	30	152
	30	150
	34	151
	35	151
	33	151
	34	152
	34	150
	35	152
	33	152
	33	150
	37	151
	38	151
	36	151
	37	152
	38	152
	38	150
	36	152
	39	151
	39	152
	40	151
	41	151
	40	152
	40	150
	41	152
	41	150
	45	151
	46	151
	44	151
	45	152
	46	152
	44	152
	44	150
	47	152
	48	152
	47	153
	48	153
	46	153
	43	151
	43	152
	29	149
	17	149
	11	149
	37	181
	38	181
	36	181
	37	180
	38	180
	36	180
	35	181
	35	180
	33	180
	34	180
	32	180
	33	179
	34	179
	32	179
	31	180
	30	180
	31	179
	30	179
	29	180
	29	179
	28	179
	27	179
	26	179
	25	179
	24	179
	23	179
	22	179
	21	179
	20	180
	19	180
	20	179
	19	179
	18	180
	18	179
	17	180
	17	181
	17	179
	16	180
	16	181
	16	179
	15	180
	15	181
	15	179
	15	182
	14	182
	15	183
	14	183
	14	181
	13	182
	13	183
	13	181
	12	183
	13	184
	12	184
	12	182
	11	183
	11	184
	11	182
	12	185
	11	185
	10	184
	10	185
	10	183
	11	186
	10	186
	9	186
	10	187
	11	187
	9	187
	9	185
	10	188
	11	188
	9	188
	8	188
	9	189
	10	189
	8	189
	8	187
	7	188
	7	189
	7	187
	8	190
	9	190
	7	190
	8	191
	9	191
	7	191
	8	192
	9	192
	7	192
	8	193
	9	193
	7	193
	8	194
	9	194
	7	194
	8	195
	9	195
	7	195
	8	196
	9	196
	7	196
	8	197
	9	197
	7	197
	10	192
	10	193
	10	191
	10	190
	11	189
	19	178
	20	178
	18	178
	21	178
	20	177
	21	177
	19	177
	22	178
	22	177
	23	178
	23	177
	24	178
	24	177
	25	178
	25	177
	27	178
	28	178
	26	178
	27	177
	28	177
	26	177
	29	178
	29	177
	30	178
	31	178
	30	177
	31	177
	32	178
	32	177
	33	178
	33	177
	34	178
	34	177
	35	178
	36	178
	35	179
	35	177
	36	179
	36	177
	37	178
	37	179
	37	177
	38	179
	38	178
	39	179
	39	180
	39	178
	40	179
	40	180
	40	178
	41	180
	40	181
	41	181
	41	179
	39	181
	42	181
	41	182
	42	182
	42	180
	43	181
	43	182
	43	180
	44	182
	45	182
	44	183
	44	181
	45	183
	45	181
	43	183
	46	182
	46	183
	46	181
	47	182
	47	183
	47	181
	46	184
	47	184
	48	183
	48	184
	48	182
	49	182
	50	184
	50	185
	50	183
	51	184
	51	185
	51	183
	52	184
	52	185
	52	183
	53	185
	53	186
	53	184
	54	186
	54	187
	54	185
	55	186
	55	187
	55	185
	56	187
	57	187
	56	186
	57	188
	57	186
	58	187
	58	188
	58	186
	59	187
	59	188
	59	186
	60	188
	60	189
	60	187
	61	188
	61	189
	61	187
	62	188
	62	189
	62	187
	63	188
	63	187
	64	188
	64	187
	65	188
	65	187
	66	188
	66	187
	67	187
	66	186
	67	188
	67	186
	65	186
	68	187
	69	187
	68	188
	68	186
	69	188
	69	186
	70	186
	69	185
	70	187
	70	185
	68	185
	71	186
	71	187
	71	185
	72	186
	72	187
	72	185
	73	186
	73	187
	73	185
	74	186
	75	186
	74	187
	74	185
	75	185
	76	186
	76	185
	77	186
	77	185
	70	188
	78	186
	78	185
	79	186
	79	185
	80	184
	81	184
	79	184
	80	185
	80	183
	81	185
	81	183
	79	183
	82	183
	83	183
	82	184
	82	182
	83	182
	81	182
	84	182
	84	181
	85	181
	83	181
	85	180
	86	180
	84	180
	87	180
	88	180
	87	179
	88	179
	86	179
	89	179
	90	179
	89	178
	90	178
	88	178
	91	178
	90	177
	91	177
	89	177
	92	178
	92	177
	91	176
	92	176
	90	176
	93	177
	93	178
	93	176
	94	177
	94	176
	95	176
	94	175
	95	175
	93	175
	96	175
	95	174
	96	176
	96	174
	94	174
	97	174
	96	173
	97	175
	97	173
	95	173
	98	174
	98	173
	98	172
	99	172
	97	172
	100	172
	101	172
	102	172
	101	171
	102	171
	100	171
	99	171
	100	170
	101	170
	99	170
	102	170
	104	172
	105	172
	103	172
	104	171
	105	171
	103	171
	108	172
	109	172
	107	172
	108	171
	109	171
	107	171
	110	172
	111	172
	110	171
	111	171
	112	172
	112	171
	113	172
	114	172
	113	171
	114	171
	115	172
	116	172
	115	171
	116	171
	117	172
	118	172
	117	171
	118	171
	119	172
	119	171
	106	171
	107	170
	108	170
	106	172
	106	170
	105	170
	109	170
	111	170
	112	170
	110	170
	113	170
	114	170
	116	170
	117	170
	115	170
	120	171
	119	170
	120	172
	120	170
	118	170
	121	171
	121	172
	121	170
	122	171
	122	172
	122	170
	123	171
	123	172
	123	170
	124	171
	124	172
	124	170
	125	172
	125	171
	126	172
	126	171
	127	172
	127	173
	127	171
	128	173
	127	174
	128	174
	128	172
	129	174
	128	175
	129	175
	129	173
	127	175
	128	176
	129	176
	127	176
	130	176
	129	177
	130	177
	130	175
	128	177
	129	178
	130	178
	128	178
	129	179
	130	179
	128	179
	131	179
	130	180
	131	180
	131	178
	129	180
	130	181
	131	181
	129	181
	128	180
	127	177
	132	181
	132	180
	133	181
	134	181
	135	181
	136	182
	136	183
	136	181
	137	182
	137	183
	137	181
	132	179
	133	179
	132	178
	133	180
	133	178
	134	180
	134	179
	135	180
	136	180
	138	183
	138	184
	138	182
	139	184
	139	185
	139	183
	140	185
	140	184
	141	185
	141	184
	140	183
	141	183
	140	182
	141	182
	139	182
	142	183
	142	184
	142	182
	142	185
	143	185
	143	186
	143	184
	143	187
	144	186
	144	187
	144	185
	145	186
	145	187
	145	185
	144	188
	145	188
	143	188
	144	189
	145	189
	143	189
	144	190
	145	190
	143	190
	144	191
	145	191
	143	191
	144	192
	145	192
	143	192
	144	193
	145	193
	143	193
	144	194
	145	194
	143	194
	144	195
	145	195
	143	195
	144	196
	145	196
	143	196
	144	197
	145	197
	143	197
	144	198
	145	198
	143	198
	144	199
	145	199
	143	199
	144	200
	145	200
	143	200
	144	201
	145	201
	143	201
	144	202
	145	202
	143	202
	144	204
	145	204
	143	204
	144	205
	144	203
	145	205
	145	203
	143	205
	143	203
	144	207
	145	207
	143	207
	144	208
	144	206
	145	208
	145	206
	143	208
	143	206
	144	209
	145	209
	143	209
	144	210
	145	210
	143	210
	144	212
	145	212
	143	212
	144	213
	144	211
	145	213
	145	211
	143	213
	143	211
	144	214
	145	214
	143	214
	144	215
	145	215
	143	215
	144	216
	145	216
	143	216
	144	217
	145	217
	143	217
	144	218
	145	218
	143	218
	144	219
	145	219
	143	219
	144	220
	145	220
	143	220
	144	221
	145	221
	143	221
	143	222
	144	222
	142	222
	141	222
	142	223
	143	223
	141	223
	140	222
	139	222
	140	223
	139	223
	137	222
	138	222
	136	222
	137	223
	138	223
	136	223
	134	223
	135	223
	133	223
	134	224
	134	222
	135	224
	135	222
	133	224
	133	222
	132	223
	132	224
	132	222
	130	223
	131	223
	129	223
	130	224
	130	222
	131	224
	131	222
	129	224
	129	222
	128	223
	128	224
	128	222
	127	223
	126	223
	127	224
	127	222
	126	224
	125	223
	124	223
	125	224
	124	224
	123	223
	122	223
	123	224
	123	222
	122	224
	122	222
	121	223
	120	223
	121	224
	121	222
	120	224
	120	222
	119	223
	118	223
	119	224
	119	222
	118	224
	118	222
	117	223
	117	224
	117	222
	116	222
	117	221
	118	221
	116	223
	116	221
	115	222
	115	223
	115	221
	114	222
	113	222
	114	223
	113	223
	112	222
	119	221
	122	221
	123	221
	121	221
	111	222
	108	222
	109	222
	107	222
	106	222
	105	222
	104	222
	120	221
	109	223
	110	223
	108	223
	109	224
	110	224
	110	222
	108	224
	105	223
	106	223
	104	223
	105	224
	106	224
	104	224
	103	223
	103	224
	103	222
	102	223
	102	224
	101	223
	100	223
	101	224
	100	224
	99	223
	98	223
	99	224
	98	224
	97	223
	96	223
	89	223
	90	223
	88	223
	86	223
	87	223
	85	223
	82	223
	83	223
	81	223
	78	223
	79	223
	77	223
	76	223
	75	223
	73	223
	74	223
	72	223
	71	223
	70	223
	67	223
	68	223
	66	223
	65	223
	64	223
	63	223
	62	223
	60	223
	61	223
	59	223
	58	223
	57	223
	56	223
	55	223
	56	224
	57	224
	55	224
	61	224
	62	224
	60	224
	69	223
	68	224
	69	224
	67	224
	71	224
	72	224
	70	224
	107	223
	111	223
	112	223
	111	224
	112	224
	113	224
	114	224
	113	225
	114	225
	112	225
	115	224
	115	225
	111	225
	107	224
	108	225
	109	225
	107	225
	103	225
	104	225
	102	225
	99	225
	100	225
	98	225
	95	224
	96	224
	94	224
	95	225
	95	223
	96	225
	94	225
	94	223
	92	224
	93	224
	91	224
	92	225
	92	223
	93	225
	93	223
	91	225
	91	223
	89	224
	90	224
	88	224
	89	225
	90	225
	88	225
	86	224
	87	224
	85	224
	86	225
	87	225
	85	225
	83	224
	84	224
	82	224
	83	225
	84	225
	84	223
	82	225
	81	224
	80	224
	81	225
	80	225
	80	223
	79	224
	78	224
	79	225
	78	225
	77	224
	76	224
	77	225
	76	225
	75	224
	74	224
	75	225
	74	225
	73	224
	73	225
	72	225
	71	225
	70	225
	69	225
	68	225
	67	225
	66	224
	66	225
	65	224
	65	225
	64	224
	64	225
	63	224
	62	225
	63	225
	61	225
	59	224
	60	225
	59	225
	58	224
	57	225
	58	225
	56	225
	54	224
	53	224
	54	225
	55	225
	53	225
	52	224
	51	224
	52	225
	51	225
	49	224
	50	224
	48	224
	49	225
	49	223
	50	225
	50	223
	48	225
	48	223
	47	224
	47	225
	47	223
	46	224
	45	224
	46	225
	46	223
	45	225
	45	223
	44	224
	44	225
	44	223
	43	223
	44	222
	45	222
	43	224
	43	222
	44	221
	45	221
	43	221
	42	221
	42	222
	46	221
	46	222
	47	222
	48	222
	47	221
	48	221
	42	223
	42	224
	41	222
	41	223
	41	221
	40	221
	41	220
	40	222
	40	220
	39	220
	38	220
	39	221
	39	219
	40	219
	38	221
	38	219
	37	220
	37	221
	37	219
	36	219
	35	219
	36	220
	36	218
	37	218
	35	220
	35	218
	34	218
	35	217
	36	217
	34	219
	34	217
	35	216
	36	216
	34	216
	33	216
	34	215
	35	215
	33	217
	33	215
	34	214
	35	214
	33	214
	34	213
	35	213
	33	213
	32	213
	33	212
	34	212
	32	214
	32	212
	33	211
	34	211
	32	211
	33	210
	34	210
	32	210
	35	212
	35	211
	36	214
	37	214
	36	215
	36	213
	37	215
	37	213
	38	216
	39	216
	37	216
	38	217
	38	215
	39	217
	39	215
	37	217
	39	218
	40	218
	38	218
	40	217
	41	219
	40	216
	40	215
	40	214
	39	214
	40	213
	41	213
	39	213
	40	212
	41	212
	39	212
	40	211
	39	211
	39	210
	38	212
	37	212
	38	213
	38	211
	37	211
	36	211
	36	212
	36	210
	37	210
	35	210
	36	209
	37	209
	35	209
	36	208
	37	208
	35	208
	34	209
	34	208
	38	214
	38	210
	38	209
	35	207
	36	207
	34	207
	33	207
	34	206
	35	206
	33	208
	33	206
	32	207
	32	208
	32	206
	31	207
	30	207
	31	208
	31	206
	30	208
	30	206
	29	207
	29	208
	29	206
	28	207
	27	207
	28	208
	28	206
	27	208
	27	206
	26	208
	25	208
	26	209
	26	207
	27	209
	25	209
	25	207
	24	208
	24	209
	24	207
	22	209
	23	209
	21	209
	22	210
	22	208
	23	210
	23	208
	21	210
	21	208
	20	209
	19	209
	20	210
	20	208
	19	210
	19	208
	16	209
	17	209
	15	209
	16	210
	16	208
	17	210
	17	208
	15	210
	15	208
	14	208
	13	208
	14	209
	14	207
	15	207
	13	209
	13	207
	12	208
	11	208
	12	209
	12	207
	11	209
	11	207
	10	207
	9	207
	10	208
	10	206
	11	206
	9	208
	9	206
	8	206
	9	205
	10	205
	8	207
	8	205
	8	204
	9	204
	7	204
	8	203
	9	203
	7	205
	7	203
	7	202
	8	202
	6	202
	7	201
	8	201
	6	203
	6	201
	6	199
	7	199
	5	199
	6	200
	6	198
	7	200
	7	198
	5	200
	5	198
	5	196
	6	196
	4	196
	5	197
	5	195
	6	197
	6	195
	4	197
	4	195
	8	198
	8	199
	9	201
	8	200
	9	202
	9	200
	10	203
	10	204
	10	202
	11	204
	11	205
	11	203
	10	199
	11	199
	9	199
	10	200
	10	198
	11	200
	9	198
	10	201
	11	201
	11	202
	12	201
	12	202
	12	200
	10	197
	12	203
	13	203
	12	204
	13	204
	13	202
	14	210
	13	210
	14	211
	15	211
	13	211
	14	206
	15	206
	13	206
	14	205
	15	205
	13	205
	14	203
	14	204
	12	205
	12	206
	13	201
	12	199
	13	200
	16	205
	15	204
	16	206
	17	207
	18	207
	16	207
	17	206
	18	208
	18	206
	18	209
	18	210
	20	207
	21	207
	19	207
	22	207
	23	207
	28	209
	29	209
	33	205
	34	205
	32	205
	35	205
	31	205
	30	205
	29	205
	28	205
	27	205
	26	205
	26	206
	25	205
	24	205
	25	206
	24	206
	23	205
	23	206
	22	205
	22	206
	20	205
	21	205
	19	205
	20	206
	21	206
	19	206
	18	205
	17	205
	21	200
	19	94
	19	96
	19	95
	20	95
	20	96
	20	97
	20	99
	20	98
	20	100
	19	101
	19	100
	19	99
	19	97
	19	98
InvisibleObstacle		
CG1		
	8	65
	9	65
	10	65
	11	65
	12	65
	13	65
	14	65
	15	65
	16	65
	17	65
	18	65
	19	65
	20	65
	21	65
	22	65
	23	65
	24	65
	25	65
	26	65
	27	65
	28	65
	29	65
	30	65
	31	65
	32	65
	33	65
	34	65
	35	65
	36	65
	36	64
	37	64
	38	64
	39	64
	40	64
	41	64
	42	64
	43	64
	44	65
	45	65
	46	65
	47	65
	48	65
	43	65
	42	65
	41	65
	40	65
	38	65
	37	65
	39	65
	48	64
	47	64
	46	64
	45	64
	44	64
	48	63
	47	63
	46	63
	45	63
	44	63
	43	63
	42	63
	41	63
	40	63
	39	63
	38	63
	37	63
	35	64
	34	64
	33	64
	32	64
	31	64
	30	64
	29	64
	28	64
	27	64
	26	64
	25	64
	24	64
	23	64
	22	64
	21	64
	20	64
	19	64
	18	64
	17	64
	16	64
	15	64
	14	64
	13	64
	10	64
	11	64
	12	64
	9	64
	8	64
	8	63
	9	63
	10	63
	11	63
	12	63
	13	63
	14	63
	15	63
	16	63
	17	63
	18	63
	19	63
	20	63
	21	63
	22	63
	23	63
	24	63
	25	63
	26	63
	26	62
	27	62
	28	62
	29	62
	30	62
	31	62
	32	62
	33	62
	34	62
	35	62
	36	62
	37	62
	36	63
	35	63
	34	63
	33	63
	32	63
	31	63
	30	63
	29	63
	28	63
	27	63
	8	66
	9	66
	10	66
	11	66
	12	66
	13	66
	14	66
	15	66
	16	66
	17	66
	18	66
	19	66
	20	66
	21	66
	22	66
	23	66
	24	66
	25	66
	26	66
	27	66
	28	66
	29	66
	30	66
	31	66
	32	66
	33	66
	34	66
	35	66
	39	66
	38	66
	37	66
	36	66
	40	66
	41	66
	42	66
	43	66
	44	66
	45	66
	46	66
	8	62
	11	62
	12	62
	13	62
	9	62
	15	62
	16	62
	17	62
	18	62
	19	62
	20	62
	23	62
	24	62
	25	62
	38	62
	39	62
	40	62
	41	62
	42	62
	43	62
	44	62
	45	62
	46	62
	21	62
	22	62
	14	62
	10	62
	8	61
	9	61
	10	61
	11	61
	12	61
	13	61
	14	61
	15	61
	16	61
	17	61
	18	61
	19	61
	20	61
	21	61
	22	61
	23	61
	24	61
	25	61
	26	61
	27	61
	28	61
	29	61
	30	61
	31	61
	32	61
	33	61
	34	61
	35	61
	36	61
	37	61
	38	61
	39	61
	40	61
	41	61
	42	61
	43	61
	44	61
	45	61
	46	61
	12	60
	13	60
	14	60
	15	60
	16	60
	17	60
	18	60
	19	60
	20	60
	21	60
	22	60
	23	60
	24	60
	25	60
	26	60
	27	60
	28	60
	29	60
	30	60
	31	60
	32	60
	33	60
	36	60
	37	60
	38	60
	39	60
	40	60
	41	60
	42	60
	43	60
	44	60
	45	60
	46	60
	34	60
	35	60
	18	59
	19	59
	20	59
	21	59
	22	59
	23	59
	24	59
	25	59
	26	59
	27	59
	28	59
	29	59
	30	59
	31	59
	32	59
	33	59
	34	59
	35	59
	36	59
	37	59
	38	59
	39	59
	40	59
	41	59
	42	59
	43	59
	44	59
	45	59
	46	59
	47	66
	48	66
	49	66
	50	66
	51	66
	51	65
	50	65
	49	65
	52	65
	52	64
	51	64
	50	64
	49	64
	53	64
	54	63
	53	63
	52	63
	51	63
	50	63
	49	63
	48	62
	47	62
	49	62
	50	62
	51	62
	52	62
	53	62
	54	62
	54	61
	53	61
	51	61
	50	61
	49	61
	48	61
	47	61
	52	61
	54	60
	53	60
	52	60
	51	60
	50	60
	49	60
	48	60
	47	60
	47	59
	48	59
	49	59
	50	59
	52	59
	53	59
	51	59
	54	59
CG2		
CG3		
CG4		
CG5		
AW1		
	8	85
	9	85
	7	85
	8	86
	8	84
	9	86
	9	84
	7	86
	7	84
	10	85
	10	86
	10	84
	11	85
	11	86
	11	84
	12	85
	12	86
	12	84
	13	85
	13	86
	13	84
	14	85
	14	86
	14	84
	15	85
	15	86
	15	84
	16	85
	16	86
	16	84
	17	85
	17	86
	17	84
	18	85
	18	86
	18	84
	19	85
	19	86
	19	84
	20	85
	20	86
	20	84
	21	85
	21	86
	21	84
	22	85
	22	86
	22	84
	23	85
	23	86
	23	84
	24	85
	24	86
	24	84
	25	85
	25	86
	25	84
	26	85
	26	86
	26	84
	27	85
	27	86
	27	84
	28	85
	28	86
	28	84
	29	85
	29	86
	29	84
	30	85
	30	86
	30	84
	31	85
	31	86
	31	84
	32	85
	32	86
	32	84
	33	85
	33	86
	33	84
	34	85
	34	86
	34	84
	35	85
	35	86
	35	84
	36	85
	36	86
	36	84
	37	85
	38	85
	37	86
	37	84
	38	86
	38	84
	39	85
	39	86
	39	84
	40	85
	40	86
	40	84
	41	85
	41	86
	41	84
	42	85
	42	86
	42	84
	43	85
	43	86
	43	84
	44	85
	44	86
	44	84
	45	85
	45	86
	45	84
	46	85
	46	86
	46	84
	47	86
	48	86
	49	86
	50	86
	51	86
	48	85
	47	85
	49	85
	50	85
	50	84
	49	84
	48	84
	47	84
AW2		
	8	112
	9	112
	7	112
	8	113
	8	111
	9	113
	9	111
	7	113
	7	111
	10	112
	10	113
	10	111
	11	112
	11	113
	11	111
	12	112
	13	112
	12	113
	12	111
	13	113
	13	111
	14	112
	14	113
	14	111
	15	112
	15	113
	15	111
	16	112
	16	113
	16	111
	17	112
	17	113
	17	111
	18	112
	18	113
	18	111
	19	112
	19	113
	19	111
	20	112
	20	113
	20	111
	21	112
	21	113
	21	111
	22	112
	22	113
	22	111
	23	112
	23	113
	23	111
	24	112
	24	113
	24	111
	25	112
	25	113
	25	111
	26	112
	26	113
	26	111
	27	112
	27	113
	27	111
	28	112
	28	113
	28	111
	29	112
	29	113
	29	111
	30	112
	30	113
	30	111
	31	112
	31	113
	31	111
	32	112
	32	113
	32	111
	33	112
	33	113
	33	111
	34	112
	34	113
	34	111
	35	112
	35	113
	35	111
	36	112
	36	113
	36	111
	37	111
	37	112
	38	111
	38	112
	48	111
	39	111
	39	112
	47	111
	40	111
	40	112
	46	111
	41	111
	41	112
	45	111
	39	113
	40	113
	38	113
	37	113
	41	113
	42	112
	42	113
	42	111
	43	112
	43	113
	43	111
	44	112
	44	113
	44	111
	45	112
	46	112
	45	113
	47	112
	46	113
	48	112
	47	113
	49	112
	48	113
	50	112
	49	113
	49	111
	51	112
	50	113
	50	111
	52	112
	51	113
	51	111
	53	112
	52	113
	52	111
	54	112
	53	113
	53	111
	55	112
	54	113
	54	111
	56	112
	55	113
	55	111
	57	112
	56	113
	56	111
	57	113
	57	111
	58	111
AW3		
	100	180
	101	181
	98	180
	100	185
	99	185
	98	183
	98	182
	100	182
	100	181
	97	182
	97	181
	98	181
	98	185
	99	181
	101	180
	101	184
	101	183
	101	185
	99	180
	101	182
	98	179
	100	184
	97	180
	98	184
	99	184
	97	183
	100	183
	97	179
	99	179
	99	183
	99	182
	97	184
	97	185
	99	186
	100	186
	98	186
	101	186
	100	187
	101	187
	99	187
	100	188
	101	188
	99	188
	100	189
	101	189
	99	189
	100	190
	101	190
	99	190
	100	191
	101	191
	99	191
	100	192
	101	192
	99	192
	100	193
	101	193
	99	193
	100	194
	101	194
	99	194
	100	195
	101	195
	99	195
	100	196
	101	196
	99	196
	100	197
	101	197
	99	197
	100	198
	101	198
	99	198
	100	199
	101	199
	99	199
	101	200
	100	200
	101	201
	100	201
	101	202
	100	202
	99	201
	99	202
	99	200
	100	203
	101	203
	99	203
	100	204
	101	204
	99	204
	100	205
	101	205
	99	205
	100	206
	101	206
	99	206
	100	207
	101	207
	99	207
	100	208
	101	208
	99	208
	100	209
	101	209
	99	209
	100	210
	101	210
	99	210
	100	211
	101	211
	99	211
	100	212
	101	212
	99	212
	100	213
	101	213
	99	213
	100	214
	101	214
	99	214
	100	215
	101	215
	99	215
	100	216
	101	216
	99	216
	100	217
	101	217
	99	217
	98	216
	98	217
	98	215
	97	216
	97	217
	97	215
	98	213
	97	213
	98	214
	98	212
	97	214
	97	212
	98	211
	97	211
	98	210
	97	210
	98	209
	97	209
	98	208
	97	208
	98	207
	97	207
	98	206
	97	206
	98	205
	97	205
	98	204
	97	204
	98	203
	97	203
	98	202
	97	202
	98	201
	97	201
	98	199
	97	199
	98	200
	98	198
	97	200
	97	198
	98	196
	97	196
	98	197
	98	195
	97	197
	97	195
	98	194
	97	194
	98	193
	97	193
	98	192
	97	192
	98	191
	98	189
	98	190
	98	188
	98	187
	97	186
	97	187
	97	188
	97	189
	97	190
	97	191
	98	178
	99	178
	97	178
	98	177
	99	177
	97	177
	100	179
	101	179
	100	178
	101	178
	100	177
	101	177
CS1		
	11	135
	12	135
	13	135
	10	135
	10	134
	10	133
	11	133
	11	134
	12	134
	13	134
	13	133
	12	133
	12	132
	11	132
	10	132
	13	132
