Key	CellX	CellY
VisibleObstacle		
	1	1
	2	1
	0	1
	1	2
	1	0
	2	2
	2	0
	0	2
	0	0
	1	3
	2	3
	0	3
	1	4
	2	4
	0	4
	1	5
	2	5
	0	5
	1	6
	2	6
	0	6
	1	7
	2	7
	0	7
	1	8
	2	8
	0	8
	1	9
	2	9
	0	9
	1	10
	2	10
	0	10
	1	11
	2	11
	0	11
	1	12
	2	12
	0	12
	1	13
	2	13
	0	13
	1	14
	2	14
	0	14
	0	15
	1	15
	0	16
	1	16
	0	17
	1	17
	0	18
	1	18
	0	19
	1	19
	0	20
	1	20
	0	21
	1	21
	0	22
	1	22
	0	23
	1	23
	0	24
	1	24
	2	23
	2	24
	2	22
	1	25
	2	25
	0	25
	3	25
	2	26
	3	26
	3	24
	1	26
	0	26
	2	21
	2	20
	2	19
	2	18
	2	17
	2	16
	2	15
	1	27
	2	27
	0	27
	1	28
	2	28
	0	28
	1	29
	2	29
	0	29
	1	30
	2	30
	0	30
	1	31
	2	31
	0	31
	1	32
	2	32
	0	32
	1	33
	2	33
	0	33
	1	34
	2	34
	0	34
	1	35
	2	35
	0	35
	1	36
	2	36
	0	36
	1	37
	2	37
	0	37
	1	38
	2	38
	0	38
	1	39
	2	39
	0	39
	1	40
	2	40
	0	40
	1	41
	2	41
	0	41
	1	42
	2	42
	0	42
	1	43
	2	43
	0	43
	1	44
	2	44
	0	44
	1	45
	2	45
	0	45
	1	46
	2	46
	0	46
	1	47
	2	47
	0	47
	1	48
	2	48
	0	48
	1	49
	2	49
	0	49
	1	50
	2	50
	0	50
	1	51
	2	51
	0	51
	1	52
	2	52
	0	52
	3	52
	2	53
	3	53
	3	51
	1	53
	2	54
	3	54
	1	54
	2	55
	3	55
	1	55
	2	56
	3	56
	1	56
	2	57
	3	57
	1	57
	2	58
	3	58
	1	58
	3	59
	4	59
	2	59
	3	60
	4	60
	4	58
	2	60
	3	61
	4	61
	2	61
	3	62
	4	62
	2	62
	3	63
	4	63
	2	63
	3	64
	4	64
	2	64
	3	65
	4	65
	2	65
	3	66
	4	66
	2	66
	3	67
	4	67
	2	67
	3	68
	4	68
	2	68
	3	69
	4	69
	2	69
	3	70
	4	70
	2	70
	1	70
	2	71
	3	71
	1	71
	1	69
	2	72
	3	72
	1	72
	2	73
	3	73
	1	73
	0	73
	1	74
	2	74
	0	74
	0	72
	1	75
	2	75
	0	75
	1	76
	2	76
	0	76
	1	77
	2	77
	0	77
	1	78
	2	78
	0	78
	1	79
	2	79
	0	79
	0	71
	0	70
	1	68
	1	67
	1	66
	1	65
	1	64
	1	63
	1	62
	1	61
	1	60
	1	59
	3	50
	3	49
	3	48
	3	47
	3	46
	0	53
	0	54
	0	55
	0	57
	0	58
	0	56
	0	60
	0	61
	0	59
	0	62
	0	63
	0	64
	0	65
	0	66
	0	67
	0	68
	0	69
	3	1
	3	2
	3	0
	4	1
	4	2
	4	0
	5	1
	5	2
	5	0
	6	1
	6	2
	6	0
	7	2
	6	3
	7	3
	7	1
	5	3
	8	2
	8	3
	8	1
	9	2
	9	3
	9	1
	10	2
	10	3
	10	1
	11	2
	11	3
	11	1
	12	2
	12	3
	12	1
	13	2
	14	2
	13	3
	13	1
	14	3
	14	1
	15	2
	15	3
	15	1
	16	2
	16	3
	16	1
	17	2
	18	2
	17	3
	17	1
	18	3
	18	1
	19	2
	19	3
	19	1
	20	2
	20	3
	20	1
	21	2
	21	3
	21	1
	22	2
	22	3
	22	1
	23	2
	23	3
	23	1
	15	0
	16	0
	14	0
	13	0
	12	0
	11	0
	10	0
	9	0
	8	0
	7	0
	17	0
	18	0
	19	0
	20	0
	21	0
	22	0
	23	0
	24	0
	25	0
	24	1
	25	1
	26	0
	26	1
	28	0
	29	0
	27	0
	28	1
	29	1
	27	1
	30	0
	31	0
	30	1
	31	1
	32	0
	32	1
	33	0
	33	1
	34	0
	34	1
	35	0
	36	0
	35	1
	36	1
	37	0
	37	1
	38	0
	38	1
	39	0
	39	1
	40	0
	40	1
	41	0
	41	1
	42	0
	43	0
	42	1
	43	1
	44	0
	45	0
	44	1
	45	1
	46	0
	46	1
	47	0
	47	1
	48	0
	48	1
	49	0
	49	1
	51	0
	52	0
	50	0
	51	1
	52	1
	50	1
	53	0
	54	0
	53	1
	54	1
	56	0
	57	0
	55	0
	56	1
	57	1
	55	1
	58	0
	59	0
	58	1
	59	1
	62	0
	63	0
	61	0
	62	1
	63	1
	61	1
	65	0
	66	0
	64	0
	65	1
	66	1
	64	1
	68	0
	69	0
	67	0
	68	1
	69	1
	67	1
	70	0
	71	0
	70	1
	71	1
	72	0
	72	1
	75	0
	76	0
	74	0
	75	1
	76	1
	74	1
	80	0
	81	0
	79	0
	80	1
	81	1
	79	1
	132	0
	133	0
	131	0
	132	1
	133	1
	131	1
	130	0
	129	0
	130	1
	129	1
	128	0
	128	1
	127	0
	126	0
	127	1
	126	1
	125	0
	124	0
	125	1
	124	1
	122	0
	123	0
	121	0
	122	1
	123	1
	121	1
	120	0
	119	0
	120	1
	119	1
	118	0
	117	0
	118	1
	117	1
	116	0
	116	1
	114	0
	115	0
	113	0
	114	1
	115	1
	113	1
	111	0
	112	0
	110	0
	111	1
	112	1
	110	1
	107	0
	108	0
	106	0
	107	1
	108	1
	106	1
	104	0
	105	0
	103	0
	104	1
	105	1
	103	1
	102	0
	102	1
	98	0
	99	0
	97	0
	98	1
	99	1
	97	1
	93	0
	94	0
	92	0
	93	1
	94	1
	92	1
	91	0
	91	1
	89	0
	90	0
	88	0
	89	1
	90	1
	88	1
	87	0
	87	1
	86	0
	86	1
	84	0
	85	0
	83	0
	84	1
	85	1
	83	1
	77	0
	77	1
	73	0
	73	1
	60	0
	60	1
	58	2
	59	2
	57	2
	56	2
	60	2
	62	2
	63	2
	61	2
	78	0
	78	1
	79	2
	80	2
	78	2
	82	1
	82	2
	82	0
	83	2
	81	2
	84	2
	85	2
	86	2
	87	2
	88	2
	89	2
	92	2
	93	2
	91	2
	94	2
	95	1
	95	2
	95	0
	96	1
	96	2
	96	0
	97	2
	98	2
	99	2
	100	1
	101	1
	100	2
	100	0
	101	2
	101	0
	103	2
	104	2
	102	2
	105	2
	106	2
	107	2
	108	2
	109	1
	109	2
	109	0
	110	2
	111	2
	112	2
	113	2
	114	2
	115	2
	116	2
	117	2
	118	2
	119	2
	120	2
	121	2
	123	2
	124	2
	122	2
	134	0
	134	1
	135	0
	135	1
	136	0
	136	1
	137	0
	137	1
	138	0
	138	1
	139	0
	139	1
	140	0
	140	1
	141	0
	141	1
	142	0
	142	1
	143	0
	143	1
	144	0
	144	1
	145	0
	146	0
	145	1
	146	1
	147	0
	147	1
	148	0
	148	1
	149	0
	150	0
	149	1
	150	1
	151	0
	151	1
	152	0
	152	1
	153	0
	154	0
	153	1
	154	1
	155	0
	155	1
	156	0
	156	1
	157	0
	158	0
	157	1
	158	1
	159	0
	160	0
	159	1
	160	1
	161	0
	161	1
	162	0
	162	1
	163	0
	163	1
	164	0
	164	1
	165	0
	165	1
	166	0
	166	1
	167	0
	168	0
	167	1
	168	1
	170	0
	171	0
	169	0
	170	1
	171	1
	169	1
	175	0
	176	0
	174	0
	175	1
	176	1
	174	1
	177	0
	177	1
	179	0
	180	0
	178	0
	179	1
	180	1
	178	1
	182	0
	183	0
	181	0
	182	1
	183	1
	181	1
	184	0
	184	1
	185	0
	185	1
	186	0
	187	0
	186	1
	187	1
	188	0
	188	1
	189	0
	189	1
	190	0
	190	1
	191	0
	192	0
	191	1
	192	1
	193	0
	193	1
	196	0
	197	0
	195	0
	196	1
	197	1
	195	1
	199	0
	200	0
	198	0
	199	1
	200	1
	198	1
	201	0
	201	1
	202	0
	203	0
	202	1
	203	1
	204	0
	204	1
	205	0
	205	1
	206	0
	206	1
	207	0
	207	1
	208	0
	209	0
	208	1
	209	1
	210	0
	210	1
	213	0
	214	0
	212	0
	213	1
	214	1
	212	1
	217	0
	218	0
	216	0
	217	1
	218	1
	216	1
	220	0
	221	0
	219	0
	220	1
	221	1
	219	1
	222	0
	222	1
InvisibleObstacle		
