Id	Behavior	Name	Environment	TerrainRoot	CloseLoadingDelay	SwitchNpcCd	SceneCamera	CameraId	Terrains[1]	Terrains[2]	Terrains[3]	Position[1]	Position[2]	Position[3]	Rotation[1]	Rotation[2]	Rotation[3]
12040101	12040101	据点4-1-1【难度】4【人数】2			0.15	15	8	9	120401010								
12040102	12040102	据点4-1-2【难度】4【人数】1			0.15	15	8	9	120401020								
12040103	12040103	据点4-1-3【难度】3【人数】2			0.15	15	2	9	120401030								
12040201	12040201	据点4-2-1【难度】4【人数】2			0.15	15	8	9	120402010								
12040202	12040202	据点4-2-2【难度】4【人数】1			0.15	15	8	9	120402020								
12040203	12040203	据点4-2-3【难度】3【人数】2			0.15	15	8	9	120402030								
12040301	12040301	据点4-3-1【难度】4【人数】2【BOSS】沙虫			0.15	15	1	10	120403010								
12040302	12040302	据点4-3-2【难度】3【人数】2			0.15	15	1	9	120403020								
12040303	12040303	据点4-3-3【难度】4【人数】1			0.15	15	1	9	120403030								
