Id	Name	SkillType	CastTime	AfterTime	Animation	FinalMagicIds	Cd	DistNoTarget	SkillMoveType	DistAbort	SkillMoveTrackDistance	MissileLockTarget	SkillFaceType	DodgeLimitTime
995101	震击		2.1	0	Attack02			10	2				0	
995102	慢速电球		1.3	0	Attack03			10	2				4	
995103	快速电球		2.3	0	Attack03			10	2				4	
995104	多重电阵		4	0	Attack01			10	2				1	
995105	电阵		2.6	0	Attack05			10	2				0	
995106	迸发		2.8	0	Attack06			10	2				2	
903701	远程普攻		2.2	0	Attack01			10	2				4	
903702	蓄力一击		1.3	0	Attack02			10	2				4	
903703	会心一击		2.2	0	Attack03			10	2			1	4	
903704	挥击		1.667	0	Attack04			10	2				4	
903705	灵活反击		1.5	0	Attack05			10	2				4	
903751	位移闪避-玩家操作		0.65	0	Attack05			10	2		0		0	
903752	位移闪避-玩家操作		0.65	0	Attack05			10	4		0		0	
903755	普通攻击-玩家操作		1	0.3	Attack02			10	2				4	
903756	普通攻击-玩家操作		1	0.3	Attack02			10	2				4	
903757	位移闪避-玩家操作		1	0.5	Attack05			10	4		0		0	
903761	挥舞弓-玩家操作		0.7	0.9	Attack04			10	2				4	
903762	远程三连发-玩家操作		1.7	0.5	Attack01			10	2				4	
903763	会心一击-玩家操作		2	0.7	Attack03			8	2			1	4	
904401	形态切换		3	0	Attack01			10	2				4	
904402	机枪扇形扫射		5.1	0	Attack02			10	2				4	
904403	机枪左扫射		5.1	0	Attack03			10	2				4	
904404	机枪右扫射		5.1	0	Attack04			10	2				4	
904405	天空投射		4.3	0	Attack05			10	2				4	
904406	压地冲击		4.3	0	Attack06			10	2				4	
904407	跳跃打击		1.4	0	Attack07			10	2				4	
904408	光球释放		3.9	0	Attack08			10	2				4	
904409	后压		0.9	0	Attack09			10	2				4	
904410	后压硬直		0.9	0	Attack11			10	2				4	
904411	后压起身		1.2	0	Attack12			10	2				4	
904412	正面机枪扫射		3.3	0	Attack13			10	2				4	
904413	正面火炮		1.7	0	Attack14			10	2				4	
904414	跳跃位移		1.4	0	Attack07			10	2				4	
903301	二连抓		2.067	0	Attack01			10	1				4	
903302	扑杀		1.633	0	Attack02			10	6				4	
903303	蓄能爪击		2	0	Attack03			10	1				4	
903304	后跳		0.667	0	Attack04			10	1				0	
903305	大扑杀		1.7	0	Attack05			10	3				4	
903306	疯狂		2.067	0	Attack07			10	0				1	
903307	晕		1.333	0	Attack06			10	0				0	
903308	前跳		0.667	0	Attack04			10	1				0	
903309	晕		999	0	Stun			10	0				0	
903310	扑向玩家		1.633	0	Attack02			10	6				4	
903401	前中挥击		1.667	0	Attack01			10	0				4	
903402	横扫加回旋		4.667	0	Attack02			10	6				4	
903403	旋转先手		0.8	0	Attack03			10	1				1	
903404	旋转		0.4	0	Attack04			10	4				0	
903405	旋转后手		0.967	0	Attack05			10	0				0	
903406	突刺		2.167	0	Attack06			10	4				1	
903407	空袭		2.667	0	Attack07			10	0				2	
903408	空袭-教学关用		2.667	0	Attack07			10	0				2	
903409	横扫回旋-教学关卡		4.667	0	Attack02			10	6				4	
902601	蓄力激光		6.267	0	Attack01			10	0				4	
902602	3束		1.9	0	Attack02			10	0				4	
902603	甩尾		1.83	0	Attack03			10	1				4	
902604	蓄能光球		2.167	0	Attack04			10	0				4	
902605	光球投射		1.633	0	Attack06			10	0				4	
902606	后跳		1.333	0	Attack07			10	1				4	
819006	二连击-第一段		2.367	0	Attack01			10	1				4	
819007	二连击-第二段		2.6	0	Attack02			10	1				4	
819008	半月斩		3.467	0	Attack45			10	1				4	
819009	快斩		1.467	0	Attack11			10	0				4	
819010	拔刀斩		2.367	0	Attack01	102270		10	4				4	
819011	突进旋风斩		2.1	0	Attack31			10	1				4	
819012	单剑气		1	0	Attack41			10	0				4	
819013	剑气爆发-第一段		1	0	Attack41			10	0				4	
819014	剑气爆发-第二段		1.267	0	Attack42			10	0				4	
819015	剑气爆发-第三段		1.4	0	Attack43			10	0				4	
819016	剑气爆发-第四段		1.367	0	Attack44			10	0				4	
819017	偏斜斩		2.433	0	Attack04			10	1				4	
819018	空间斩裂-大招		6.2	0	Attack51			10	0				4	
819019	竖劈		2.133	0	Attack05			10	1				4	
819020	防御姿态		2.667	0	Attack21			10	0				4	
819021	突进		0.667	0	Move1			10	2		0		4	
819022	后撤		0.667	0	Move2			10	4				4	
819023	下砸		2.833	0	Attack58			10	6				4	
819024	十字斩		2.467	0	Attack46			10	6				4	
819025	武者之礼		1.667	0	Attack47			10	1				1	
819026	第一章结尾用		2.5	0	Attack06			10	1				4	
903801	打刀横挥		2.2	0	Attack21			10	4				4	
903802	射击		1.833	0	Attack11			10	6				4	
903803	起身		1.03	0	Standup			10	2				0	
903804	躺地		9999	0	Lieonfloor			10	2				0	
903805	被击倒		1.03	0	Hitdown			10	2				0	
903806	侧面躺地		9999	0	Attack04			10	2				0	
903807	进入瘫倒		1.267	0	Attack01			10	2				0	
903808	瘫倒		9999	0	Attack02			10	2				0	
903809	瘫倒起身		0.933	0	Attack03			10	2				0	
903810	华丽射击		5.033	0	Attack12			10	6				4	
903811	三连击		3.567	0	Attack22			10	1				4	
903812	蓄力射击		3.267	0	Attack13			10	6				4	
903813	空斩		2.9	0	Attack23			10	1				4	
954701	打刀横挥		2.2	0	Attack21			10	4				4	
954702	射击		1.833	0	Attack11			10	6				4	
902201	十字斩		3	0	Attack01			10	4				4	
902202	蓄力戳刺		2.27	0	Attack02			10	4				4	
902203	冲刺横扫		3.27	0	Attack03			10	6				4	
902204	跳砸		3.07	0	Attack04			10	2		0		4	
902205	竖劈		3.1	0	Attack05			10	0				4	
902206	后空翻		2.47	0	Attack06			10	2				4	
902207	回身横扫		2.67	0	Attack07			10	4				4	
902208	蓄力横扫		2.7	0	Attack08			10	4				4	
902209	瞬移跳砸		3.07	0	Attack04			10	2		0		1	
902210	地裂斩		3.1	0	Attack05			10	0				4	
902211	空中穿刺		3.07	0	Attack04			10	1				4	
904301	旋风斩		4.85	0	Attack01			10	4				1	
904302	剑风		2.7	0	Attack02			10	2				2	
904303	重劈斩		3.07	0	Attack13			10	2				1	
904304	瞬移		1	0	Attack04			10	2		1		1	
904305	横扫		2.97	0	Attack15			10	2				1	
904306	戳刺		2.6	0	Attack16			10	2				1	
904307	瘫痪-in		1.47	0	Attack07			10	2				1	
904308	瘫痪-loop		0.27	0	Attack08			10	2				1	
904309	瘫痪-out		1.74	0	Attack09			10	2				1	
996401	点射子弹		0	0	Stand1			10	5				0	
996402	连射子弹		0	0	Stand1			10	5				0	
996404	红球强化-散弹		0	0	Stand1			10	5				0	
996405	黄球强化-辅助追踪		0	0	Stand1			10	5				0	
996406	红球技能-防护罩		0	0	Stand1			10	5				0	
996407	蓝球技能-持续激光		0	0	Stand1			10	5				0	
996408	黄球技能-aoe		0	0	Stand1			10	5				0	
996409	散弹强化-1		0	0	Stand1			10	5				0	
996410	散弹强化-2		0	0	Stand1			10	5				0	
996411	散弹强化-3		0	0	Stand1			10	5				0	
996412	环绕子弹-1		0	0	Stand1			10	5				0	
996413	环绕子弹-2		0	0	Stand1			10	5				0	
996414	环绕子弹-3		0	0	Stand1			10	5				0	
996415	子弹替换-散弹		0	0	Stand1			10	2				0	
996416	子弹加强-环绕弹		0	0	Stand1			10	2				0	
996417	黄色子弹		0	0	Stand1			10	5				0	
996418	黄色子弹-散1		0	0	Stand1			10	5				0	
996419	黄色子弹-散2		0	0	Stand1			10	5				0	
996420	红色子弹		0	0	Stand1			10	5				0	
996421	红色子弹		0	0	Stand1			10	5				0	
996422	红色子弹		0	0	Stand1			10	5				0	
996501	普通球型子弹		0.4	0				10	2				0	
996502	面朝向球型子弹		0.4	0				10	4				0	
996503	直线连射子弹		0.4	0				10	4				0	
996504	散射子弹-单向		0.4	0				10	4				0	
996505	散射子弹-全方向		0.4	0				10	4				0	
995606	红球技能-防护罩		1	0				10	5				0	
