Key	CellX	CellY
VisibleObstacle		
	106	68
	106	67
	106	66
	106	65
	106	64
	106	63
	106	62
	106	61
	106	60
	106	59
	105	58
	104	57
	106	58
	105	57
	103	57
	102	56
	103	56
	101	55
	102	55
	100	55
	99	55
	99	56
	99	57
	98	58
	98	57
	97	59
	97	58
	96	59
	96	60
	96	61
	95	62
	95	61
	94	63
	94	62
	93	63
	93	64
	92	65
	92	64
	91	65
	91	66
	90	66
	89	66
	88	66
	87	66
	87	67
	87	68
	87	69
	86	70
	86	69
	86	71
	85	72
	85	71
	85	73
	84	74
	85	74
	83	75
	84	75
	82	76
	83	76
	82	77
	81	78
	81	77
	81	79
	80	80
	80	79
	79	81
	79	80
	78	82
	78	81
	77	82
	77	83
	76	84
	76	83
	75	85
	75	84
	78	83
	78	84
	78	85
	78	86
	78	87
	78	88
	78	89
	78	90
	78	91
	78	92
	78	93
	78	94
	78	95
	78	96
	78	97
	78	98
	78	99
	79	99
	79	100
	79	101
	78	101
	78	102
	78	103
	78	104
	77	104
	76	104
	76	105
	76	109
	76	106
	76	107
	76	108
	76	110
	76	111
	76	112
	76	113
	76	114
	76	115
	76	116
	76	117
	76	118
	76	119
	76	120
	76	125
	76	126
	76	127
	76	128
	76	129
	76	130
	76	131
	76	132
	76	133
	76	134
	76	135
	76	136
	76	137
	76	138
	77	138
	78	138
	79	138
	80	138
	81	138
	82	138
	83	138
	84	138
	84	139
	101	140
	84	140
	84	141
	85	141
	86	141
	90	141
	89	141
	87	141
	88	141
	99	141
	99	140
	100	140
	102	140
	106	141
	108	141
	108	142
	91	141
	92	141
	93	141
	94	141
	95	141
	96	141
	97	141
	98	141
	103	140
	104	140
	105	140
	106	140
	107	141
	108	143
	108	144
	108	145
	108	146
	110	146
	110	147
	109	146
	111	146
	112	145
	112	146
	113	144
	113	145
	114	144
	115	143
	115	144
	116	143
	117	143
	118	143
	119	143
	119	142
	119	141
	119	140
	119	139
	120	139
	121	139
	122	139
	123	139
	124	139
	125	139
	126	139
	127	139
	128	139
	129	139
	130	139
	131	139
	130	138
	130	137
	130	136
	130	134
	130	135
	130	133
	130	132
	130	131
	130	130
	130	129
	129	129
	128	129
	127	129
	125	128
	126	129
	126	128
	124	128
	123	128
	122	128
	120	128
	121	128
	120	127
	119	127
	118	127
	116	126
	117	126
	118	126
	115	126
	115	125
	114	123
	115	124
	115	123
	114	122
	114	121
	114	120
	113	119
	114	119
	113	118
	114	117
	114	118
	113	116
	114	116
	113	117
	113	115
	112	114
	113	114
	112	113
	111	113
	111	112
	111	111
	111	110
	110	110
	109	109
	110	109
	109	108
	109	107
	109	106
	108	105
	109	105
	108	104
	108	103
	108	102
	107	102
	106	102
	106	101
	106	100
	106	99
	106	98
	106	97
	106	96
	106	95
	106	94
	106	93
	107	92
	106	92
	107	91
	108	90
	108	91
	108	89
	109	88
	109	89
	109	87
	109	86
	108	86
	108	85
	107	84
	108	84
	108	83
	108	82
	109	81
	109	82
	109	79
	109	80
	109	78
	109	77
	110	77
	110	76
	110	75
	110	74
	109	73
	110	73
	108	72
	109	72
	107	71
	106	70
	106	69
	107	70
	108	71
	59	71
	58	69
	58	71
	68	75
	68	76
	67	74
	69	75
	67	76
	69	93
	70	95
	64	92
	69	95
	65	95
	66	93
	64	95
	65	94
	66	95
	66	94
	63	92
	69	94
	64	93
	65	91
	62	84
	61	85
	61	78
	76	124
	76	123
	76	121
	76	122
	70	94
	68	94
	73	141
	73	132
	73	131
	57	65
	56	65
	56	66
	55	64
	54	63
	55	69
	54	70
	54	71
	54	69
	53	69
	54	68
	55	68
	56	64
	58	64
	57	64
	55	65
	55	70
	54	64
	55	71
	56	63
	56	69
	58	65
	54	65
	56	71
	59	65
	55	63
	56	70
	57	66
	57	67
	57	69
	60	66
	58	66
	58	67
	59	66
	61	69
	61	68
	61	67
	60	67
	60	69
	59	67
	58	68
	60	68
	59	68
	50	69
	50	68
	51	67
	50	67
	52	67
	51	69
	51	68
	53	67
	52	70
	52	68
	53	68
	53	70
	52	69
	59	69
	57	71
	58	70
	71	74
	57	70
	71	72
	73	72
	59	70
	68	74
	73	73
	70	75
	72	72
	72	74
	73	74
	72	73
	71	73
	69	73
	67	75
	64	74
	70	74
	65	74
	66	74
	63	75
	70	73
	64	75
	68	73
	66	75
	66	76
	65	75
	64	78
	65	76
	69	74
	63	77
	63	76
	64	76
	65	77
	64	77
	63	78
	62	78
	62	76
	63	80
	62	79
	60	80
	61	77
	62	80
	62	77
	59	82
	62	81
	61	80
	76	141
	60	84
	60	81
	68	95
	67	94
	75	141
	68	93
	74	141
	70	93
	63	90
	64	89
	64	90
	64	88
	62	90
	64	87
	63	89
	67	95
	62	87
	62	91
	63	91
	63	87
	63	81
	64	86
	60	82
	62	85
	63	86
	65	92
	63	88
	61	81
	64	94
	67	93
	65	93
	64	91
	63	93
	62	88
	61	84
	60	85
	60	79
	62	86
	62	89
	63	84
	59	81
	61	86
	61	82
	60	83
	62	82
	61	83
	62	83
	63	85
	61	79
	63	79
	59	83
	74	140
	74	139
	74	138
	74	137
	74	136
	74	135
	74	134
	74	133
	74	132
	74	131
	75	132
	75	133
	75	131
	75	130
	74	130
	75	129
	74	129
	75	128
	74	128
	75	127
	74	127
	75	126
	74	126
	75	125
	74	125
	75	124
	74	124
	75	123
	74	123
	75	122
	74	122
	75	121
	74	121
	75	120
	74	120
	75	119
	74	119
	75	118
	74	118
	74	117
	75	117
	74	116
	75	116
	74	115
	75	115
	74	114
	75	114
	74	113
	75	113
	75	112
	74	112
	74	111
	75	111
	74	110
	75	110
	74	109
	75	109
	74	108
	75	108
	74	107
	75	107
	74	106
	75	106
	74	105
	75	105
	74	104
	75	104
	74	103
	75	103
	74	102
	73	133
	73	140
	73	135
	72	139
	72	141
	73	134
	73	137
	73	138
	73	136
	73	139
	72	140
	74	99
	74	100
	74	98
	74	97
	74	96
	74	95
	74	94
	74	93
	76	103
	77	103
	76	102
	77	102
	75	102
	76	101
	77	101
	75	101
	76	100
	77	100
	75	100
	76	99
	77	99
	75	99
	78	100
	74	101
	76	98
	77	98
	75	98
	76	97
	77	97
	75	97
	76	96
	77	96
	75	96
	76	95
	77	95
	75	95
	76	94
	77	94
	75	94
	76	93
	77	93
	75	93
	76	92
	77	92
	75	92
	76	91
	77	91
	75	91
	76	90
	77	90
	75	90
	76	89
	77	89
	75	89
	76	88
	77	88
	75	88
	76	87
	77	87
	75	87
	76	86
	77	86
	75	86
	76	85
	77	85
	77	84
	75	83
	76	82
	75	82
	76	81
	77	81
	75	81
	76	80
	77	80
	75	80
	78	80
	77	79
	78	79
	76	79
	77	78
	78	78
	76	78
	79	79
	79	78
	78	77
	79	77
	77	77
	78	76
	79	76
	77	76
	80	77
	80	78
	80	76
	79	75
	80	75
	78	75
	81	76
	81	75
	80	74
	81	74
	79	74
	82	75
	82	74
	81	73
	82	73
	80	73
	83	74
	83	73
	82	72
	83	72
	81	72
	84	73
	84	72
	83	71
	84	71
	82	71
	83	70
	84	70
	82	70
	83	69
	84	69
	82	69
	85	70
	85	69
	84	68
	85	68
	83	68
	86	68
	85	67
	86	67
	84	67
	85	66
	86	66
	84	66
	85	65
	86	65
	84	65
	87	65
	86	64
	87	64
	85	64
	86	63
	87	63
	85	63
	88	64
	88	65
	88	63
	89	64
	89	65
	89	63
	90	64
	90	65
	90	63
	91	64
	91	63
	91	62
	92	62
	90	62
	91	61
	92	63
	92	61
	90	61
	91	60
	92	60
	90	60
	93	61
	93	62
	93	60
	92	59
	93	59
	91	59
	94	60
	94	61
	94	59
	93	58
	94	58
	92	58
	95	59
	95	60
	95	58
	94	57
	95	57
	93	57
	96	58
	96	57
	95	56
	96	56
	94	56
	97	57
	97	56
	96	55
	97	55
	95	55
	98	56
	98	55
	97	54
	98	54
	96	54
	97	53
	98	53
	96	53
	99	54
	99	53
	98	52
	99	52
	97	52
	100	53
	100	54
	100	52
	101	53
	101	54
	101	52
	102	53
	102	54
	102	52
	103	53
	103	54
	103	52
	104	53
	104	54
	104	52
	105	53
	105	54
	105	52
	104	55
	105	55
	103	55
	106	55
	105	56
	106	56
	106	54
	104	56
	107	55
	107	56
	107	54
	106	57
	107	57
	108	56
	108	57
	108	55
	107	58
	108	58
	107	59
	108	59
	109	58
	109	59
	109	57
	108	60
	109	60
	107	60
	108	61
	109	61
	107	61
	108	62
	109	62
	107	62
	108	63
	109	63
	107	63
	108	64
	109	64
	107	64
	108	65
	109	65
	107	65
	108	66
	109	66
	107	66
	108	67
	109	67
	107	67
	108	68
	109	68
	107	68
	108	69
	109	69
	107	69
	108	70
	109	70
	110	69
	110	70
	110	68
	109	71
	110	71
	111	70
	111	71
	111	69
	110	72
	111	72
	112	72
	111	73
	112	73
	112	71
	111	74
	112	74
	113	73
	113	74
	113	72
	112	75
	113	75
	111	75
	112	76
	113	76
	111	76
	112	77
	113	77
	111	77
	112	78
	113	78
	111	78
	112	79
	113	79
	111	79
	110	79
	111	80
	112	80
	110	80
	110	78
	111	81
	112	81
	110	81
	111	82
	112	82
	110	82
	110	83
	111	83
	109	83
	110	84
	111	84
	109	84
	110	85
	111	85
	109	85
	110	86
	111	86
	110	87
	111	87
	110	88
	111	88
	110	89
	111	89
	110	90
	111	90
	109	90
	110	91
	111	91
	109	91
	110	92
	111	92
	109	92
	110	93
	111	93
	109	93
	110	94
	111	94
	109	94
	108	93
	108	94
	108	92
	109	95
	110	95
	108	95
	107	94
	107	95
	107	93
	108	96
	109	96
	107	96
	108	97
	109	97
	107	97
	108	98
	109	98
	107	98
	108	99
	109	99
	107	99
	107	100
	108	100
	107	101
	108	101
	109	101
	109	102
	109	100
	110	101
	110	102
	110	100
	109	103
	110	103
	109	104
	110	104
	111	103
	111	104
	111	102
	110	105
	111	105
	110	106
	111	106
	110	107
	111	107
	112	106
	112	107
	112	105
	111	108
	112	108
	110	108
	111	109
	112	109
	112	110
	113	109
	113	110
	113	108
	112	111
	113	111
	112	112
	113	112
	113	113
	114	112
	114	113
	114	111
	115	112
	115	113
	115	111
	114	114
	115	114
	116	113
	116	114
	116	112
	115	115
	116	115
	114	115
	115	116
	116	116
	115	117
	116	117
	115	118
	116	118
	115	119
	116	119
	115	120
	116	120
	115	121
	116	121
	115	122
	116	122
	117	121
	117	122
	117	120
	116	123
	117	123
	116	124
	117	124
	116	125
	117	125
	118	124
	118	125
	118	123
	119	125
	119	126
	119	124
	120	126
	120	125
	121	126
	121	127
	121	125
	122	126
	122	127
	122	125
	123	126
	123	127
	123	125
	124	126
	124	127
	124	125
	125	126
	125	127
	125	125
	126	126
	126	127
	126	125
	127	126
	127	127
	127	125
	127	128
	128	127
	128	128
	128	126
	129	127
	129	128
	129	126
	130	127
	130	128
	130	126
	131	127
	131	128
	131	126
	132	127
	132	128
	132	126
	131	129
	132	129
	133	128
	133	129
	133	127
	132	130
	133	130
	131	130
	134	129
	134	130
	134	128
	133	131
	134	131
	132	131
	133	132
	134	132
	132	132
	131	131
	131	132
	132	133
	133	133
	131	133
	132	134
	133	134
	131	134
	132	135
	133	135
	131	135
	132	136
	133	136
	131	136
	132	137
	133	137
	131	137
	134	137
	133	138
	134	138
	134	136
	132	138
	133	139
	134	139
	132	139
	133	140
	134	140
	132	140
	131	138
	132	141
	133	141
	131	141
	132	142
	133	142
	131	142
	131	140
	130	141
	130	142
	130	140
	129	141
	129	142
	129	140
	128	141
	128	142
	128	140
	127	141
	127	142
	127	140
	126	141
	126	142
	126	140
	125	141
	125	142
	125	140
	124	141
	124	142
	124	140
	123	141
	123	142
	123	140
	122	141
	122	142
	122	140
	121	141
	121	142
	121	140
	120	141
	120	142
	120	140
	121	143
	122	143
	120	143
	120	144
	121	144
	119	144
	120	145
	121	145
	119	145
	118	144
	118	145
	119	146
	120	146
	118	146
	117	145
	117	146
	117	144
	116	145
	116	146
	116	144
	115	145
	115	146
	116	147
	117	147
	115	147
	114	146
	114	147
	114	145
	115	148
	116	148
	114	148
	113	147
	113	148
	113	146
	112	147
	112	148
	113	149
	114	149
	112	149
	111	148
	111	149
	111	147
	110	148
	110	149
	109	148
	109	149
	109	147
	108	148
	108	149
	108	147
	107	148
	107	149
	107	147
	106	148
	106	149
	106	147
	107	146
	106	146
	105	147
	105	148
	105	146
	106	145
	107	145
	105	145
	106	144
	107	144
	105	144
	106	143
	107	143
	105	143
	106	142
	107	142
	105	142
	104	143
	104	144
	104	142
	105	141
	104	141
	103	142
	103	143
	103	141
	102	142
	102	143
	102	141
	101	142
	101	143
	101	141
	100	142
	100	143
	100	141
	99	143
	100	144
	101	144
	99	144
	99	142
	98	143
	98	144
	98	142
	97	143
	97	144
	97	142
	96	143
	96	144
	96	142
	95	143
	95	144
	95	142
	94	143
	94	144
	94	142
	93	143
	93	144
	93	142
	92	143
	92	144
	92	142
	91	143
	91	144
	91	142
	90	143
	90	144
	90	142
	91	145
	92	145
	90	145
	89	144
	89	145
	89	143
	88	144
	88	145
	88	143
	87	144
	87	145
	87	143
	86	144
	86	145
	86	143
	85	144
	85	145
	85	143
	89	142
	88	142
	87	142
	86	142
	85	142
	84	143
	84	144
	84	142
	83	143
	83	144
	83	142
	82	143
	82	144
	82	142
	83	141
	82	141
	81	142
	81	143
	81	141
	82	140
	83	140
	81	140
	82	139
	83	139
	81	139
	80	140
	80	141
	80	139
	79	140
	79	141
	79	139
	78	140
	78	141
	78	139
	77	140
	77	141
	77	139
	76	139
	76	140
	75	139
	75	140
	75	138
	75	137
	75	136
	75	135
	75	134
	58	63
	59	63
	57	63
	58	62
	59	64
	59	62
	57	62
	60	63
	60	64
	60	62
	61	63
	61	64
	61	62
	62	63
	62	64
	62	62
	63	63
	63	64
	63	62
	64	63
	64	64
	64	62
	65	63
	65	64
	65	62
	66	63
	66	64
	66	62
	67	63
	67	64
	67	62
	68	63
	68	64
	68	62
	69	63
	69	64
	69	62
	70	63
	70	64
	70	62
	71	63
	71	64
	71	62
	72	63
	72	64
	72	62
	73	63
	73	64
	73	62
	75	63
	76	63
	74	63
	75	64
	75	62
	76	64
	76	62
	74	64
	74	62
	74	66
	75	66
	73	66
	74	67
	74	65
	75	67
	75	65
	73	67
	73	65
	76	66
	76	67
	76	65
	75	68
	76	68
	74	68
	75	69
	76	69
	74	69
	73	68
	73	69
	74	70
	75	70
	73	70
	74	71
	75	71
	73	71
	74	72
	75	72
	74	73
	75	73
	74	74
	75	74
	62	67
	62	68
	62	69
	63	68
	49	70
	48	70
	39	98
	46	71
	47	71
	45	71
	46	72
	46	70
	47	72
	47	70
	45	72
	45	70
	46	73
	47	73
	45	73
	44	72
	44	73
	44	71
	43	72
	43	73
	43	71
	42	72
	42	73
	42	71
	41	72
	41	73
	41	71
	40	72
	40	73
	40	71
	39	72
	39	73
	39	71
	38	72
	37	72
	38	73
	38	71
	37	73
	37	71
	38	74
	39	74
	37	74
	38	75
	39	75
	37	75
	38	76
	39	76
	37	76
	38	77
	39	77
	37	77
	38	78
	39	78
	37	78
	38	79
	39	79
	37	79
	38	80
	39	80
	37	80
	38	81
	39	81
	37	81
	38	82
	39	82
	37	82
	38	83
	39	83
	37	83
	38	84
	39	84
	37	84
	38	85
	39	85
	37	85
	38	86
	39	86
	37	86
	38	87
	39	87
	37	87
	38	88
	39	88
	37	88
	38	89
	39	89
	37	89
	38	90
	39	90
	37	90
	38	91
	39	91
	37	91
	38	92
	39	92
	37	92
	38	93
	39	93
	37	93
	38	94
	39	94
	37	94
	38	95
	39	95
	37	95
	38	96
	39	96
	37	96
	38	97
	39	97
	37	97
	38	98
	37	98
	38	99
	39	99
	37	99
	39	104
	39	100
	38	104
	37	100
	38	100
	39	101
	37	102
	38	101
	39	102
	37	101
	38	102
	37	104
	38	105
	38	103
	39	105
	39	103
	37	105
	37	103
	40	104
	41	104
	40	105
	40	103
	41	105
	41	103
	42	104
	42	105
	42	103
	43	104
	43	105
	43	103
	44	104
	44	105
	44	103
	45	104
	45	105
	45	103
	46	104
	46	105
	46	103
	47	104
	47	105
	47	103
	48	104
	48	105
	48	103
	49	104
	49	105
	49	103
	50	104
	50	105
	50	103
	47	102
	50	106
	49	106
	49	107
	48	107
	47	107
	48	108
	48	106
	49	108
	47	108
	47	106
	48	109
	49	109
	47	109
	48	110
	49	110
	47	110
	48	111
	49	111
	47	111
	48	112
	49	112
	47	112
	48	113
	49	113
	47	113
	48	114
	49	114
	47	114
	48	115
	49	115
	47	115
	48	116
	49	116
	47	116
	46	117
	47	117
	45	117
	46	118
	46	116
	47	118
	45	118
	45	116
	47	119
	48	119
	46	119
	47	120
	48	120
	48	118
	46	120
	48	122
	49	122
	47	122
	48	123
	48	121
	49	123
	49	121
	47	123
	47	121
	48	124
	49	124
	47	124
	48	125
	49	125
	47	125
	48	126
	49	126
	47	126
	48	127
	49	127
	47	127
	46	127
	45	127
	46	128
	46	126
	47	128
	45	128
	45	126
	46	129
	47	129
	45	129
	46	130
	47	130
	45	130
	46	131
	47	131
	45	131
	44	131
	45	132
	46	132
	44	132
	44	130
	43	132
	44	133
	45	133
	43	133
	43	131
	44	134
	45	134
	43	134
	42	134
	43	135
	44	135
	42	135
	42	133
	42	136
	43	136
	41	136
	42	137
	43	137
	41	137
	41	135
	50	126
	50	125
	41	138
	42	138
	40	138
	41	139
	42	139
	40	139
	40	137
	41	140
	42	140
	40	140
	41	141
	42	141
	40	141
	43	141
	42	142
	43	142
	43	140
	41	142
	44	141
	44	142
	42	143
	43	143
	41	143
	42	144
	43	144
	41	144
	39	143
	40	143
	38	143
	39	144
	39	142
	40	144
	40	142
	38	144
	38	142
	38	145
	39	145
	37	145
	38	146
	39	146
	37	146
	37	144
	37	143
	37	142
	38	148
	39	148
	37	148
	38	149
	38	147
	39	149
	39	147
	37	149
	37	147
	38	150
	39	150
	37	150
	38	152
	39	152
	37	152
	38	153
	38	151
	39	153
	39	151
	37	153
	37	151
	38	154
	39	154
	37	154
	38	155
	39	155
	37	155
	38	156
	39	156
	37	156
	38	157
	39	157
	37	157
	41	158
	42	158
	40	158
	41	159
	41	157
	42	159
	42	157
	40	159
	40	157
	43	157
	44	157
	43	158
	43	156
	44	158
	44	156
	42	156
	46	157
	47	157
	45	157
	46	158
	46	156
	47	158
	47	156
	45	158
	45	156
	46	155
	47	155
	45	155
	48	156
	48	157
	48	155
	49	156
	49	157
	49	155
	50	156
	50	157
	50	155
	51	157
	50	158
	51	158
	51	156
	49	158
	52	157
	53	157
	52	158
	52	156
	53	158
	53	156
	54	156
	55	156
	54	157
	54	155
	55	157
	55	155
	53	155
	56	156
	56	157
	56	155
	47	154
	46	154
	48	154
	55	159
	56	159
	54	159
	55	160
	55	158
	56	160
	56	158
	54	160
	54	158
	57	159
	57	160
	57	158
	58	162
	59	162
	57	162
	58	163
	58	161
	59	163
	59	161
	57	163
	57	161
	60	162
	60	163
	60	161
	62	165
	63	165
	61	165
	62	166
	62	164
	63	166
	63	164
	61	166
	61	164
	64	165
	65	165
	64	166
	64	164
	65	166
	65	164
	66	164
	67	164
	66	165
	66	163
	67	165
	67	163
	65	163
	68	163
	67	162
	68	164
	68	162
	66	162
	69	162
	70	162
	69	163
	69	161
	70	163
	70	161
	68	161
	71	161
	70	160
	71	162
	71	160
	69	160
	70	159
	71	159
	69	159
	70	158
	71	158
	69	158
	70	157
	71	157
	69	157
	72	157
	71	156
	72	158
	72	156
	70	156
	71	155
	72	155
	70	155
	71	154
	72	154
	70	154
	73	154
	72	153
	73	155
	73	153
	71	153
	72	151
	73	151
	71	151
	72	152
	72	150
	73	152
	73	150
	71	152
	71	150
	70	150
	69	150
	70	151
	70	149
	71	149
	69	151
	69	149
	70	148
	71	148
	69	148
	70	147
	71	147
	69	147
	58	159
	58	160
	62	163
	60	164
	59	164
	60	165
	68	160
	69	156
	69	146
	69	145
	70	144
	70	143
	70	142
	70	141
	71	141
	72	138
	72	136
	72	135
	72	133
	72	132
	72	131
	64	163
	68	159
	70	153
	70	146
	71	146
	70	145
	71	145
	71	143
	72	143
	71	144
	71	142
	72	144
	72	142
	73	142
	73	143
	73	130
	73	120
	73	119
	73	118
	73	117
	73	116
	73	115
	73	114
	73	108
	73	107
	73	109
	71	101
	70	101
	69	101
	68	101
	67	101
	66	101
	66	102
	66	103
	65	103
	65	102
	65	101
	65	100
	66	100
	64	101
	63	101
	63	102
	62	102
	62	103
	62	101
	62	100
	61	100
	63	100
	63	99
	62	99
	65	99
	66	99
	72	94
	73	94
	71	94
	72	95
	72	93
	73	95
	73	93
	71	95
	71	93
	73	96
	73	97
	73	98
	73	99
	66	92
	63	94
	62	92
	66	91
	65	90
	65	89
	65	88
	72	71
	72	70
	71	71
	70	72
	69	72
	67	73
	49	68
	49	69
	49	67
	48	68
	48	69
	48	67
	47	68
	47	69
	47	67
	46	68
	46	69
	46	67
	45	68
	45	69
	45	67
	44	68
	44	69
	44	67
	56	68
	57	68
	56	67
	55	67
	54	67
	44	70
	43	70
	43	69
	46	115
	45	115
	46	114
	45	114
	38	159
	39	159
	37	159
	38	160
	38	158
	39	160
	39	158
	37	160
	37	158
	41	160
	42	160
	40	160
	43	159
	43	160
	46	159
	47	159
	45	159
	46	160
	47	160
	45	160
	48	159
	48	160
	48	158
	49	159
	49	160
	50	159
	50	160
	51	159
	51	160
	52	159
	52	160
	53	159
	53	160
	59	166
	60	166
	58	166
	59	167
	59	165
	60	167
	58	167
	58	165
	57	165
	58	164
	57	166
	57	164
	73	101
	72	101
	73	102
	73	100
	72	102
	72	100
	38	162
	39	162
	37	162
	38	163
	38	161
	39	163
	39	161
	37	163
	37	161
	40	162
	40	163
	40	161
	41	162
	42	162
	41	163
	41	161
	42	163
	42	161
	43	162
	43	163
	43	161
	44	162
	45	162
	44	163
	44	161
	45	163
	45	161
	46	162
	46	163
	46	161
	47	162
	47	163
	47	161
	48	162
	48	163
	48	161
	49	162
	50	162
	49	163
	49	161
	50	163
	50	161
	51	163
	50	164
	51	164
	51	162
	49	164
	52	163
	53	163
	52	164
	52	162
	53	164
	53	162
	54	163
	54	164
	54	162
	44	160
	44	159
	51	161
	52	161
	53	161
	55	162
	54	161
	55	163
	55	161
	55	164
	56	163
	56	164
	56	162
	56	161
	55	165
	56	165
	54	165
	55	166
	56	166
	54	166
	55	167
	56	167
	54	167
	55	168
	56	168
	54	168
	57	168
	56	169
	57	169
	57	167
	55	169
	56	170
	57	170
	55	170
	58	169
	58	170
	58	168
	59	169
	59	170
	59	168
	60	169
	60	170
	60	168
	61	169
	62	169
	61	170
	61	168
	62	170
	62	168
	63	169
	63	170
	63	168
	64	169
	64	170
	64	168
	61	167
	62	167
	63	167
	64	167
	66	168
	67	168
	65	168
	66	169
	66	167
	67	169
	67	167
	65	169
	65	167
	66	166
	67	166
	68	166
	68	167
	68	165
	69	165
	69	166
	69	164
	70	164
	70	165
	71	164
	71	165
	71	163
	72	164
	72	165
	72	163
	72	162
	73	162
	72	161
	73	163
	73	161
	74	159
	75	159
	73	159
	74	160
	74	158
	75	160
	75	158
	73	160
	73	158
	74	157
	75	157
	73	157
	72	159
	72	160
	76	157
	77	157
	76	158
	76	156
	77	158
	77	156
	75	156
	74	156
	73	156
	74	155
	75	155
	76	155
	75	154
	76	154
	74	154
	75	153
	76	153
	74	153
	75	152
	76	152
	74	152
	74	151
	75	151
	74	150
	75	150
	74	149
	75	149
	73	149
	72	149
	73	148
	74	148
	72	148
	73	147
	74	147
	72	147
	72	146
	73	146
	74	146
	73	145
	74	145
	72	145
	74	144
	75	144
	73	144
	74	143
	75	145
	75	143
	74	142
	75	142
	76	143
	76	144
	76	142
	77	143
	77	144
	77	142
	78	143
	79	143
	78	144
	78	142
	79	144
	79	142
	80	143
	80	144
	80	142
	81	144
	84	145
	83	145
	84	146
	85	146
	83	146
	86	146
	87	146
	88	146
	89	146
	90	146
	91	146
	93	145
	92	146
	93	146
	94	145
	95	145
	94	146
	95	146
	96	145
	97	145
	98	145
	100	145
	101	145
	99	145
	102	144
	102	145
	103	144
	103	145
	102	146
	103	146
	101	146
	104	145
	104	146
	103	147
	104	147
	102	147
	103	148
	104	148
	102	148
	104	149
	105	149
	103	149
	104	150
	105	150
	103	150
	106	150
	107	150
	108	150
	109	150
	108	151
	109	151
	107	151
	110	150
	110	151
	111	150
	111	151
	112	150
	112	151
	113	150
	113	151
	114	150
	115	150
	114	151
	115	151
	115	149
	117	150
	118	150
	116	150
	117	151
	117	149
	118	151
	118	149
	116	151
	116	149
	119	150
	119	151
	119	149
	120	149
	119	148
	120	150
	120	148
	118	148
	121	148
	120	147
	121	149
	121	147
	119	147
	121	146
	117	148
	118	147
	122	145
	122	146
	122	144
	123	145
	123	146
	123	144
	124	145
	124	146
	124	144
	123	143
	124	143
	125	143
	126	143
	125	144
	126	144
	127	144
	126	145
	127	145
	127	143
	125	145
	128	144
	128	145
	128	143
	129	144
	129	145
	129	143
	130	144
	130	145
	130	143
	131	144
	131	145
	131	143
	132	144
	132	145
	132	143
	133	144
	134	144
	133	145
	133	143
	134	145
	134	143
	136	144
	137	144
	135	144
	136	145
	136	143
	137	145
	137	143
	135	145
	135	143
	136	142
	137	142
	135	142
	136	141
	137	141
	135	141
	136	140
	137	140
	135	140
	136	139
	137	139
	135	139
	136	138
	137	138
	135	138
	136	136
	137	136
	135	136
	136	137
	136	135
	137	137
	137	135
	135	137
	135	135
	136	134
	137	134
	135	134
	136	133
	137	133
	135	133
	136	132
	137	132
	135	132
	135	131
	136	131
	135	130
	136	130
	135	127
	136	127
	134	127
	135	128
	135	126
	136	128
	136	126
	134	126
	134	124
	135	124
	133	124
	134	125
	134	123
	135	125
	135	123
	133	125
	133	123
	137	131
	137	130
	136	129
	137	129
	135	129
	137	128
	137	127
	134	141
	134	142
	134	135
	134	134
	134	133
	133	126
	132	125
	132	124
	136	125
	136	124
	137	125
	137	126
	137	124
	131	125
	131	124
	130	125
	130	124
	129	124
	130	123
	131	123
	129	125
	129	123
	128	124
	128	125
	128	123
	127	124
	127	123
	126	124
	126	123
	125	124
	125	123
	124	124
	124	123
	123	124
	123	123
	122	123
	121	123
	122	124
	122	122
	123	122
	121	124
	121	122
	120	122
	121	121
	122	121
	120	123
	120	121
	119	121
	120	120
	121	120
	119	122
	119	120
	119	123
	120	124
	118	122
	118	121
	118	120
	118	119
	119	119
	117	119
	118	118
	119	118
	117	118
	120	119
	120	118
	119	117
	120	117
	118	117
	118	116
	119	116
	117	116
	118	115
	119	115
	117	117
	117	115
	118	114
	119	114
	117	114
	118	113
	119	113
	117	113
	118	112
	119	112
	117	112
	118	111
	119	111
	117	111
	117	110
	118	110
	116	110
	117	109
	118	109
	116	111
	116	109
	117	108
	118	108
	116	108
	117	107
	118	107
	116	107
	117	106
	118	106
	116	106
	115	107
	115	108
	115	106
	116	105
	117	105
	115	105
	114	106
	114	107
	114	105
	114	108
	115	109
	114	109
	115	110
	114	110
	115	104
	116	104
	114	104
	113	104
	114	103
	115	103
	113	105
	113	103
	113	106
	112	104
	113	107
	112	103
	112	102
	113	102
	112	101
	113	101
	111	101
	112	100
	113	100
	111	100
	112	99
	113	99
	111	99
	112	98
	113	98
	111	98
	112	97
	113	97
	111	97
	112	96
	113	96
	111	96
	110	96
	111	95
	112	95
	110	97
	112	94
	110	98
	110	99
	114	101
	115	101
	114	102
	114	100
	115	102
	115	100
	116	102
	117	102
	116	103
	116	101
	117	103
	117	101
	118	103
	117	104
	118	104
	118	102
	114	99
	115	99
	114	98
	115	98
	114	97
	114	96
	113	95
	114	95
	113	94
	112	93
	113	93
	112	92
	113	92
	112	91
	113	91
	112	90
	113	90
	112	89
	113	89
	112	88
	113	88
	112	87
	113	87
	112	86
	113	86
	112	85
	113	85
	113	84
	114	84
	112	84
	113	83
	114	85
	114	83
	112	83
	113	82
	114	82
	113	81
	114	81
	113	80
	114	80
	115	86
	116	86
	114	86
	115	87
	115	85
	116	87
	116	85
	114	87
	116	90
	117	90
	115	90
	116	91
	116	89
	117	91
	117	89
	115	91
	115	89
	116	92
	117	92
	115	92
	114	94
	114	93
	114	92
	114	91
	114	90
	114	89
	115	88
	116	88
	114	88
	117	88
	117	87
	117	86
	117	85
	116	84
	117	84
	115	84
	116	83
	117	83
	115	83
	115	82
	116	82
	115	81
	116	81
	115	80
	116	80
	114	79
	115	79
	114	78
	115	78
	114	77
	115	77
	114	76
	115	76
	114	75
	115	75
	114	74
	115	74
	114	73
	115	73
	114	72
	115	72
	114	71
	115	71
	113	71
	114	70
	115	70
	113	70
	114	69
	115	69
	113	69
	114	68
	115	68
	113	68
	114	67
	115	67
	113	67
	112	67
	113	66
	114	66
	112	68
	112	66
	112	69
	112	70
	111	68
	111	67
	110	67
	111	65
	112	65
	110	65
	111	66
	111	64
	112	64
	110	66
	110	64
	111	63
	112	63
	110	63
	111	62
	112	62
	110	62
	111	61
	112	61
	110	61
	111	60
	112	60
	110	60
	111	59
	112	59
	110	59
	111	58
	112	58
	110	58
	111	57
	112	57
	110	57
	111	56
	112	56
	110	56
	111	55
	112	55
	110	55
	111	54
	112	54
	110	54
	111	53
	112	53
	110	53
	109	54
	109	55
	109	53
	109	52
	110	52
	108	52
	109	51
	110	51
	108	53
	108	51
	107	52
	107	53
	107	51
	108	54
	109	56
	106	53
	106	52
	105	51
	106	51
	104	51
	103	51
	102	51
	101	51
	102	50
	103	50
	101	50
	100	51
	100	50
	98	51
	99	51
	97	51
	98	50
	99	50
	97	50
	96	51
	96	52
	96	50
	95	53
	95	54
	95	52
	94	54
	94	55
	94	53
	93	55
	93	56
	93	54
	92	57
	90	59
	91	58
	90	58
	89	60
	89	61
	89	59
	88	61
	89	62
	88	62
	88	60
	87	61
	87	62
	87	60
	86	62
	86	61
	85	62
	85	61
	84	63
	84	64
	84	62
	83	63
	83	64
	83	62
	83	65
	82	64
	82	65
	82	63
	83	66
	82	66
	82	68
	81	68
	82	67
	83	67
	81	69
	81	67
	81	70
	80	70
	81	71
	80	71
	80	69
	80	72
	79	72
	79	73
	79	71
	78	73
	78	74
	78	72
	77	74
	77	75
	77	73
	76	76
	76	77
	76	75
	75	78
	75	79
	75	77
	68	91
	69	91
	67	91
	68	92
	68	90
	69	92
	69	90
	67	92
	67	90
	66	90
	67	89
	68	89
	66	89
	67	88
	68	88
	66	88
	67	87
	68	87
	66	87
	65	87
	66	86
	67	86
	65	86
	66	85
	67	85
	65	85
	64	85
	65	84
	66	84
	64	84
	65	83
	66	83
	64	83
	65	82
	66	82
	64	82
	63	82
	64	81
	65	81
	63	83
	64	80
	65	80
	65	79
	66	79
	64	79
	65	78
	66	80
	66	78
	67	79
	67	80
	67	78
	68	79
	68	80
	68	78
	67	77
	68	77
	66	77
	69	78
	69	79
	69	77
	70	78
	70	79
	70	77
	69	76
	70	76
	72	77
	73	77
	71	77
	72	78
	72	76
	73	78
	73	76
	71	78
	71	76
	74	76
	73	75
	74	77
	74	75
	72	75
	75	76
	75	75
	71	75
	71	79
	69	80
	67	81
	68	81
	66	81
	67	82
	68	82
	67	83
	68	83
	67	84
	68	84
	68	85
	68	86
	69	86
	69	87
	69	85
	69	88
	69	89
	70	90
	71	90
	70	91
	70	89
	71	91
	71	89
	72	90
	72	91
	72	89
	73	91
	72	92
	73	92
	73	90
	71	92
	70	92
	74	91
	74	92
	74	90
	74	89
	73	89
	74	88
	73	88
	74	87
	73	87
	74	86
	73	86
	74	83
	73	83
	74	84
	74	82
	73	84
	73	82
	74	81
	73	81
	74	80
	73	80
	74	79
	73	79
	74	78
	74	85
	73	85
	72	85
	72	86
	72	84
	71	85
	71	86
	71	84
	70	86
	71	87
	72	87
	70	87
	70	85
	71	88
	72	88
	70	88
	69	84
	70	84
	69	83
	70	83
	69	82
	70	82
	71	82
	70	81
	71	83
	71	81
	69	81
	72	82
	72	83
	72	81
	71	80
	72	80
	70	80
	72	79
	76	74
	76	73
	77	72
	78	71
	77	71
	78	70
	79	70
	77	70
	78	69
	79	69
	77	69
	76	70
	76	71
	76	72
	78	68
	79	68
	77	68
	78	67
	79	67
	77	67
	78	66
	79	66
	77	66
	78	65
	79	65
	77	65
	78	64
	79	64
	77	64
	78	63
	79	63
	77	63
	78	62
	79	62
	77	62
	78	61
	79	61
	77	61
	78	60
	79	60
	77	60
	76	61
	76	60
	75	61
	75	60
	74	61
	74	60
	73	61
	73	60
	72	61
	72	60
	71	61
	71	60
	70	61
	70	60
	69	61
	68	61
	69	60
	68	60
	67	61
	67	60
	66	61
	66	60
	65	61
	64	61
	65	60
	64	60
	63	61
	62	61
	63	60
	62	60
	60	61
	61	61
	59	61
	60	60
	61	60
	59	60
	58	61
	58	60
	57	61
	57	60
	56	61
	55	61
	56	62
	56	60
	55	62
	55	60
	54	61
	54	62
	54	60
	55	66
	54	66
	53	66
	53	65
	52	66
	52	65
	51	66
	50	66
	51	65
	50	65
	49	66
	49	65
	48	66
	48	65
	47	66
	46	66
	47	65
	46	65
	45	66
	44	66
	43	67
	43	68
	43	66
	42	67
	42	68
	42	66
	42	69
	42	70
	41	69
	41	70
	41	68
	40	70
	40	69
	39	70
	39	69
	38	70
	38	69
	37	70
	36	71
	36	72
	36	70
	35	71
	35	72
	35	70
	34	72
	35	73
	36	73
	34	73
	34	71
	35	74
	36	74
	34	74
	35	75
	36	75
	34	75
	35	76
	36	76
	34	76
	33	76
	34	77
	35	77
	33	77
	33	75
	34	78
	35	78
	33	78
	34	79
	35	79
	33	79
	34	81
	35	81
	33	81
	34	82
	34	80
	35	82
	35	80
	33	82
	33	80
	36	81
	36	82
	36	80
	35	84
	36	84
	34	84
	35	85
	35	83
	36	85
	36	83
	34	85
	34	83
	35	86
	36	86
	34	86
	35	87
	36	87
	34	87
	34	88
	35	88
	33	88
	34	89
	35	89
	33	89
	33	87
	34	90
	35	90
	33	90
	34	91
	35	91
	33	91
	34	92
	35	92
	33	92
	34	93
	35	93
	33	93
	34	94
	35	94
	33	94
	34	95
	35	95
	33	95
	34	96
	35	96
	33	96
	34	97
	35	97
	33	97
	34	98
	35	98
	33	98
	34	101
	35	101
	33	101
	34	102
	34	100
	35	102
	35	100
	33	102
	33	100
	34	103
	35	103
	33	103
	34	104
	35	104
	33	104
	34	105
	35	105
	33	105
	32	98
	33	99
	34	99
	32	99
	32	97
	32	96
	32	95
	32	94
	32	93
	32	104
	32	105
	32	103
	32	102
	32	101
	32	100
	31	96
	31	97
	31	95
	31	94
	31	93
	32	92
	31	92
	32	91
	31	91
	32	90
	31	90
	32	89
	32	88
	32	87
	33	86
	32	86
	33	85
	32	85
	33	84
	32	84
	33	83
	32	83
	32	82
	31	82
	32	81
	31	83
	31	81
	32	80
	31	80
	32	78
	31	78
	32	79
	32	77
	31	79
	31	77
	32	76
	31	76
	32	75
	31	75
	32	74
	33	74
	31	74
	33	73
	32	73
	33	72
	32	72
	36	77
	36	78
	36	79
	36	88
	36	89
	36	90
	36	91
	36	92
	36	93
	36	94
	36	95
	36	98
	35	99
	36	99
	36	97
	36	100
	36	101
	36	102
	36	103
	36	104
	36	105
	36	96
	31	103
	31	104
	31	102
	33	106
	34	106
	32	106
	31	105
	31	106
	31	101
	31	100
	31	99
	31	98
	31	89
	31	88
	31	87
	31	86
	31	85
	31	84
	35	106
	36	106
	37	106
	38	106
	39	106
	40	106
	41	106
	42	106
	43	106
	44	106
	45	106
	46	106
	46	108
	45	108
	46	109
	46	107
	45	109
	45	107
	46	110
	45	110
	46	111
	45	111
	46	112
	45	112
	46	113
	45	113
	44	113
	43	113
	44	114
	44	112
	43	114
	43	112
	44	111
	43	111
	44	110
	43	110
	44	109
	43	109
	44	108
	43	108
	44	107
	43	107
	36	162
	35	162
	36	163
	36	161
	35	163
	35	161
	36	160
	35	160
	36	159
	35	159
	36	158
	35	158
	36	157
	35	157
	36	156
	35	156
	36	155
	35	155
	36	154
	35	154
	36	153
	35	153
	35	152
	36	152
	34	152
	35	151
	36	151
	34	153
	34	151
	36	150
	35	150
	36	149
	35	149
	36	148
	35	148
	36	147
	35	147
	36	146
	35	146
	36	145
	35	145
	36	144
	35	144
	36	142
	35	142
	36	143
	36	141
	37	141
	35	143
	35	141
	38	141
	37	140
	38	140
	36	140
	39	140
	38	139
	39	141
	39	139
	37	139
	38	138
	39	138
	37	138
	39	137
	38	137
	39	136
	40	136
	38	136
	40	135
	39	135
	41	134
	40	134
	41	133
	40	133
	41	132
	42	132
	40	132
	42	131
	41	131
	42	130
	43	130
	41	130
	43	129
	44	129
	42	129
	43	128
	44	128
	42	128
	44	127
	43	127
	44	126
	43	126
	45	125
	46	125
	44	125
	45	124
	46	124
	44	124
	45	123
	46	123
	44	123
	45	122
	46	122
	44	122
	45	121
	46	121
	44	121
	45	120
	44	120
	45	119
	44	119
	44	118
	44	117
	44	116
	44	115
	42	126
	43	125
	42	127
	42	125
	43	124
	42	124
	43	123
	42	123
	43	121
	42	121
	43	122
	43	120
	42	122
	42	120
	43	118
	43	119
	43	117
	43	116
	43	115
	84	147
	85	147
	83	147
	86	147
	87	147
	88	147
	89	147
	88	148
	89	148
	87	148
	91	147
	92	147
	90	147
	91	148
	92	148
	90	148
	93	147
	93	148
	94	147
	94	148
	95	147
	95	148
	96	147
	96	148
	96	146
	97	147
	97	148
	97	146
	98	147
	98	148
	98	146
	100	147
	101	147
	99	147
	100	148
	100	146
	101	148
	99	148
	99	146
	40	76
	40	75
	40	74
	40	77
	40	78
	40	79
	40	80
	40	81
	40	82
	40	83
	40	84
	40	85
	40	86
	40	87
	40	88
	40	89
	40	90
	40	91
	40	92
	40	93
	40	94
	40	95
	40	96
	40	97
	40	98
	40	99
	40	102
	40	101
	40	100
	41	74
	41	75
	41	76
	41	78
	41	77
	41	102
	41	101
	41	100
	41	99
	41	98
	41	96
	41	97
	41	95
	41	94
	41	93
	41	91
	41	92
	41	90
	41	89
	41	88
	41	87
	41	86
	41	85
	41	84
	41	83
	41	81
	41	82
	41	80
	41	79
	40	156
	40	155
	40	154
	40	153
	40	152
	40	151
	40	150
	40	149
	40	148
	40	147
	40	146
	40	145
	41	145
	41	156
	41	155
	41	154
	41	153
	41	152
	41	151
	41	150
	41	149
	41	148
	41	147
	41	146
	42	102
	42	101
	42	100
	42	97
	42	98
	42	99
	42	96
	42	95
	42	92
	42	93
	42	94
	42	91
	42	90
	42	89
	42	88
	42	87
	42	86
	42	85
	42	84
	42	83
	42	82
	42	81
	42	80
	42	79
	42	78
	42	77
	42	76
	42	75
	42	74
	43	102
	43	101
	43	100
	43	99
	43	98
	43	97
	43	96
	43	95
	43	94
	43	93
	43	91
	43	90
	43	89
	43	88
	43	87
	43	86
	43	85
	43	84
	43	92
	43	83
	43	81
	43	80
	43	79
	43	77
	43	78
	43	82
	43	76
	43	75
	43	74
	43	139
	43	138
	44	137
	44	136
	45	135
	46	134
	46	133
	42	145
	42	155
	70	152
	69	152
	68	151
	68	150
	68	149
	68	147
	68	148
	68	146
	68	145
	69	144
	69	143
	69	142
	69	141
	69	140
	70	140
	71	140
	71	139
	71	138
	71	137
	72	137
	72	134
	71	134
	71	135
	71	136
	71	133
	71	132
	71	131
	71	130
	72	130
	72	129
	73	129
	73	128
	73	127
	73	126
	73	122
	73	123
	73	124
	73	125
	73	121
	72	128
	72	127
	72	124
	72	125
	72	126
	72	123
	72	122
	72	121
	72	120
	72	119
	72	118
	72	117
	72	114
	72	115
	72	116
	72	113
	73	113
	73	112
	73	111
	73	110
	72	110
	72	109
	72	108
	72	107
	73	106
	73	105
	73	104
	73	103
	42	154
	42	153
	42	152
	42	151
	42	150
	42	149
	42	148
	42	147
	42	146
	43	145
	44	144
	44	143
	45	141
	45	140
	44	140
	44	139
	44	138
	43	155
	44	155
	43	154
	43	153
	43	152
	43	151
	43	150
	43	149
	43	148
	43	147
	43	146
	45	138
	45	139
	45	137
	45	136
	44	75
	44	76
	45	76
	45	75
	45	74
	44	74
	46	74
	46	75
InvisibleObstacle		
Next1		
	98	65
	99	65
	99	64
	98	64
	97	65
	97	64
	97	63
	98	63
	99	63
	100	63
	100	64
	100	65
	99	66
	98	66
	97	66
	96	65
	96	64
	96	63
	97	62
	98	62
	99	62
Win		
	62	158
	62	159
	63	159
	63	158
	64	158
	61	158
	61	157
	61	156
	62	156
	62	157
	60	157
	60	156
	61	155
	62	155
	63	155
	64	155
	64	156
	64	157
	63	157
	63	156
	65	157
	65	156
AW1		
	121	137
	122	137
	120	137
	121	138
	121	136
	122	138
	122	136
	120	138
	120	136
	121	135
	122	135
	120	135
	121	134
	122	134
	120	134
	121	133
	122	133
	120	133
	121	132
	122	132
	120	132
	121	131
	122	131
	120	131
	121	130
	122	130
	120	130
	121	129
	122	129
	120	129
	116	141
	117	141
	115	141
	116	142
	116	140
	117	142
	117	140
	115	142
	115	140
	116	139
	117	139
	115	139
	116	138
	117	138
	115	138
	116	137
	117	137
	115	137
	113	144
	115	136
	116	136
	112	143
	114	143
	115	135
	116	135
	113	143
	117	136
	117	135
	116	134
	117	134
	115	134
	116	133
	117	133
	115	133
	116	132
	117	132
	115	132
	116	131
	117	131
	115	131
	116	130
	117	130
	115	130
	116	129
	117	129
	115	129
	116	128
	117	128
	115	128
	116	127
	117	127
	115	127
	119	141
	120	141
	118	141
	119	142
	119	140
	120	142
	120	140
	118	142
	118	140
	118	139
	119	139
	118	138
	119	138
	118	137
	119	137
	120	139
	119	136
	118	136
	119	135
	118	135
	119	134
	118	134
	119	133
	118	133
	119	132
	118	132
	119	131
	118	131
	119	130
	118	130
	119	129
	118	129
	119	128
	120	128
	118	128
	113	142
	114	144
	114	142
	112	144
	112	142
	113	141
	114	141
	112	141
	113	140
	114	140
	112	140
	113	139
	114	139
	112	139
	113	138
	114	138
	112	138
	113	137
	114	137
	112	137
	113	136
	114	136
	112	136
	113	135
	114	135
	112	135
	113	134
	114	134
	112	134
	113	133
	114	133
	112	133
	113	132
	114	132
	112	132
	113	131
	114	131
	112	131
	113	130
	114	130
	112	130
	113	129
	114	129
	112	129
	113	128
	114	128
	112	128
	113	127
	114	127
	112	127
	113	126
	114	126
	112	126
	113	125
	114	125
	112	125
	113	124
	114	124
	112	124
	110	144
	111	144
	109	144
	110	145
	110	143
	111	145
	111	143
	109	145
	109	143
	110	142
	111	142
	109	142
	108	143
	108	144
	108	142
	109	141
	110	141
	108	141
	108	145
	111	141
	110	140
	111	140
	109	140
	110	139
	111	139
	109	139
	110	138
	111	138
	109	138
	110	137
	111	137
	109	137
	110	136
	111	136
	109	136
	110	135
	111	135
	109	135
	110	134
	111	134
	109	134
	110	133
	111	133
	109	133
	110	132
	111	132
	109	132
	110	131
	111	131
	109	131
	110	130
	111	130
	109	130
	110	129
	111	129
	109	129
	110	128
	111	128
	109	128
	110	127
	111	127
	109	127
	110	126
	111	126
	109	126
	110	125
	111	125
	109	125
	110	124
	111	124
	109	124
	110	123
	111	123
	109	123
	110	122
	111	122
	109	122
	112	123
	112	122
	113	123
	113	122
	112	121
	113	121
	111	121
	112	120
	113	120
	111	120
	110	121
	109	121
	110	120
	109	120
AW2		
	60	101
	61	101
	59	101
	60	102
	60	100
	61	102
	61	100
	59	102
	59	100
	58	101
	57	101
	58	102
	58	100
	57	102
	57	100
	56	101
	55	101
	56	102
	56	100
	55	102
	55	100
	54	101
	53	101
	54	102
	54	100
	53	102
	53	100
	50	101
	51	101
	49	101
	50	102
	50	100
	51	102
	51	100
	49	102
	49	100
	52	101
	52	102
	52	100
	48	101
	47	101
	48	102
	48	100
	47	102
	47	100
	63	101
	64	101
	62	101
	63	102
	63	100
	64	102
	64	100
	62	102
	62	100
	65	101
	66	101
	65	102
	65	100
	66	102
	66	100
	67	101
	67	102
	67	100
	68	101
	69	101
	68	102
	68	100
	69	102
	69	100
	70	101
	71	101
	70	102
	70	100
	71	102
	71	100
	46	101
	45	101
	46	102
	46	100
	45	102
	45	100
AW3		
	57	82
	58	82
	56	82
	57	83
	57	81
	58	83
	58	81
	56	83
	56	81
	55	82
	55	83
	55	81
	54	82
	54	83
	54	81
	53	82
	53	83
	53	81
	52	82
	52	83
	52	81
	51	82
	51	83
	51	81
	50	82
	50	83
	50	81
	49	82
	49	83
	49	81
	48	82
	48	83
	48	81
	47	82
	46	82
	47	83
	47	81
	46	83
	46	81
	45	82
	45	83
	45	81
	44	82
	44	83
	44	81
	43	82
	43	83
	43	81
	42	82
	42	83
	42	81
	41	82
	41	83
	41	81
	40	82
	40	83
	40	81
	41	84
	42	84
	40	84
	43	84
	44	84
	45	84
	46	84
	47	84
	48	84
	49	84
	50	84
	51	84
	52	84
	53	84
	54	84
	55	84
	56	84
	57	84
	58	84
	59	83
	59	84
	59	82
	58	85
	59	85
	57	85
	41	85
	42	85
	40	85
	43	85
	44	85
	45	85
	47	85
	48	85
	46	85
	49	85
	50	85
	51	85
	52	85
	53	85
	54	85
	55	85
	56	85
	41	80
	42	80
	40	80
	43	80
	42	79
	43	79
	41	79
	44	80
	44	79
	40	79
	45	80
	45	79
	46	80
	46	79
	47	80
	47	79
	48	80
	48	79
	49	80
	49	79
	50	80
	50	79
	51	80
	51	79
	52	80
	52	79
	53	80
	53	79
	54	80
	54	79
	55	80
	55	79
	56	80
	56	79
	57	80
	57	79
	58	80
	58	79
	59	80
	59	81
	59	79
	41	86
	42	86
	40	86
	41	87
	42	87
	40	87
	43	86
	43	87
	44	86
	45	86
	44	87
	45	87
	46	86
	46	87
	47	86
	47	87
	48	86
	48	87
	49	86
	49	87
	50	86
	50	87
	51	86
	51	87
	52	86
	52	87
	53	86
	53	87
	54	86
	55	86
	54	87
	55	87
	42	78
	41	76
	41	78
	56	87
	41	77
	56	86
	57	87
	40	77
	57	86
	58	87
	42	77
	58	86
	60	86
	61	86
	59	86
	60	87
	60	85
	61	87
	61	85
	59	87
	42	76
	40	78
	40	76
	43	77
	43	78
	43	76
	44	77
	44	78
	44	76
	45	77
	45	78
	45	76
	46	77
	46	78
	46	76
	47	77
	47	78
	47	76
	48	77
	48	78
	48	76
	49	77
	49	78
	49	76
	50	78
	50	77
	51	78
	51	77
	52	78
	52	77
	53	78
	53	77
	54	78
	54	77
	55	78
	55	77
	56	78
	56	77
	57	78
	57	77
	58	78
	58	77
	59	78
	59	77
	60	78
	60	79
	60	77
	51	76
	52	76
	50	76
	53	76
	54	76
	55	76
	56	76
	57	76
	58	76
	59	76
	60	76
	61	77
	61	78
	61	76
	43	89
	44	89
	42	89
	43	90
	43	88
	44	90
	44	88
	42	90
	42	88
	46	89
	47	89
	45	89
	46	90
	46	88
	47	90
	47	88
	45	90
	45	88
	48	89
	49	89
	48	90
	48	88
	49	90
	49	88
	50	89
	51	89
	50	90
	50	88
	51	90
	51	88
	53	89
	54	89
	52	89
	53	90
	53	88
	54	90
	54	88
	52	90
	52	88
	56	89
	57	89
	55	89
	56	90
	56	88
	57	90
	57	88
	55	90
	55	88
	58	89
	58	90
	58	88
	60	89
	61	89
	59	89
	60	90
	60	88
	61	90
	61	88
	59	90
	59	88
	43	92
	44	92
	42	92
	43	93
	43	91
	44	93
	44	91
	42	93
	42	91
	46	92
	47	92
	45	92
	46	93
	46	91
	47	93
	47	91
	45	93
	45	91
	49	92
	50	92
	48	92
	49	93
	49	91
	50	93
	50	91
	48	93
	48	91
	51	92
	52	92
	51	93
	51	91
	52	93
	52	91
	54	92
	55	92
	53	92
	54	93
	54	91
	55	93
	55	91
	53	93
	53	91
	56	92
	57	92
	56	93
	56	91
	57	93
	57	91
	59	92
	60	92
	58	92
	59	93
	59	91
	60	93
	60	91
	58	93
	58	91
	61	92
	62	92
	61	93
	61	91
	62	93
	62	91
	43	95
	44	95
	42	95
	43	96
	43	94
	44	96
	44	94
	42	96
	42	94
	45	95
	46	95
	45	96
	45	94
	46	96
	46	94
	48	95
	49	95
	47	95
	48	96
	48	94
	49	96
	49	94
	47	96
	47	94
	50	95
	51	95
	50	96
	50	94
	51	96
	51	94
	52	95
	53	95
	52	96
	52	94
	53	96
	53	94
	56	95
	57	95
	55	95
	56	96
	56	94
	57	96
	57	94
	55	96
	55	94
	54	95
	54	96
	54	94
	58	95
	59	95
	58	96
	58	94
	59	96
	59	94
	60	95
	61	95
	60	96
	60	94
	61	96
	61	94
	63	95
	64	95
	62	95
	63	96
	63	94
	64	96
	64	94
	62	96
	62	94
