Key	CellX	CellY
VisibleObstacle		
	65	140
	66	140
	64	140
	65	141
	65	139
	66	141
	66	139
	64	141
	64	139
	63	140
	63	141
	63	139
	64	142
	65	142
	63	142
	64	143
	65	143
	63	143
	62	142
	62	143
	62	141
	63	144
	64	144
	62	144
	61	143
	61	144
	61	142
	62	145
	63	145
	61	145
	60	144
	60	145
	60	143
	61	146
	62	146
	60	146
	61	147
	62	147
	60	147
	59	146
	59	147
	59	145
	60	148
	61	148
	59	148
	58	147
	58	148
	58	146
	59	149
	60	149
	58	149
	59	150
	60	150
	58	150
	57	149
	57	150
	57	148
	58	151
	59	151
	57	151
	56	151
	57	152
	58	152
	56	152
	56	150
	57	153
	58	153
	56	153
	57	154
	58	154
	59	161
	60	161
	60	162
	58	161
	59	154
	59	162
	59	153
	60	159
	59	160
	59	159
	61	160
	61	161
	61	159
	61	162
	26	98
	64	158
	58	160
	60	160
	60	157
	60	156
	60	155
	62	156
	62	158
	61	154
	63	156
	62	157
	62	154
	61	155
	63	159
	65	159
	61	156
	62	155
	60	154
	61	157
	63	155
	63	157
	64	157
	64	159
	65	157
	63	158
	65	158
	64	160
	65	161
	65	162
	65	160
	66	161
	66	162
	66	160
	67	161
	67	162
	67	160
	66	163
	67	163
	65	163
	68	162
	68	163
	68	161
	67	164
	68	164
	66	164
	67	165
	68	165
	66	165
	69	164
	69	165
	69	163
	68	166
	69	166
	67	166
	68	167
	69	167
	67	167
	68	168
	69	168
	67	168
	68	169
	69	169
	67	169
	70	168
	70	169
	70	167
	69	170
	70	170
	68	170
	71	169
	71	170
	71	168
	70	171
	71	171
	69	171
	72	170
	72	171
	72	169
	73	170
	73	171
	73	169
	74	170
	74	171
	74	169
	75	170
	75	171
	75	169
	74	172
	75	172
	73	172
	76	171
	76	172
	76	170
	75	173
	76	173
	74	173
	75	174
	76	174
	74	174
	75	175
	76	175
	74	175
	75	176
	76	176
	74	176
	75	177
	76	177
	74	177
	75	178
	76	178
	74	178
	75	179
	76	179
	74	179
	73	178
	73	179
	73	177
	74	180
	75	180
	73	180
	72	180
	73	181
	74	181
	72	181
	72	179
	73	182
	74	182
	72	182
	71	181
	71	182
	71	180
	72	183
	73	183
	71	183
	70	182
	70	183
	70	181
	71	184
	72	184
	70	184
	69	183
	68	183
	69	184
	69	182
	68	184
	68	182
	67	183
	67	184
	67	182
	66	183
	66	184
	66	182
	65	183
	65	184
	65	182
	64	183
	64	184
	64	182
	63	183
	63	184
	63	182
	62	183
	62	184
	62	182
	61	183
	61	184
	61	182
	60	183
	60	184
	60	182
	59	183
	59	184
	59	182
	58	183
	58	184
	58	182
	57	183
	57	184
	57	182
	56	183
	55	183
	56	184
	56	182
	55	184
	55	182
	54	183
	54	184
	54	182
	53	183
	53	184
	53	182
	52	183
	52	184
	52	182
	51	183
	51	184
	51	182
	52	185
	53	185
	51	185
	50	184
	50	185
	50	183
	49	184
	49	185
	49	183
	48	184
	48	185
	48	183
	47	184
	47	185
	47	183
	46	184
	46	185
	46	183
	45	184
	45	185
	45	183
	46	186
	47	186
	45	186
	44	185
	44	186
	44	184
	43	185
	43	186
	43	184
	42	186
	43	187
	44	187
	42	187
	42	185
	43	188
	44	188
	42	188
	41	187
	41	188
	41	186
	42	189
	43	189
	41	189
	40	188
	40	189
	40	187
	41	190
	42	190
	40	190
	39	189
	39	190
	39	188
	38	190
	39	191
	40	191
	38	191
	38	189
	37	190
	37	191
	37	189
	38	192
	39	192
	37	192
	36	191
	36	192
	36	190
	35	191
	35	192
	35	190
	34	191
	34	192
	34	190
	33	192
	34	193
	35	193
	33	193
	33	191
	32	192
	32	193
	32	191
	31	192
	31	193
	31	191
	30	192
	29	192
	30	193
	30	191
	29	193
	29	191
	28	192
	28	193
	28	191
	27	192
	27	193
	27	191
	26	192
	26	193
	26	191
	25	192
	25	193
	25	191
	24	192
	24	193
	24	191
	23	192
	23	193
	23	191
	22	192
	22	193
	22	191
	21	192
	21	193
	21	191
	22	190
	23	190
	21	190
	22	189
	23	189
	21	189
	22	188
	23	188
	21	188
	22	187
	23	187
	21	187
	22	186
	23	186
	21	186
	22	185
	23	185
	21	185
	22	184
	23	184
	21	184
	22	183
	23	183
	21	183
	22	182
	23	182
	21	182
	22	181
	23	181
	21	181
	24	182
	25	182
	24	183
	24	181
	25	183
	25	181
	22	173
	23	173
	21	173
	22	174
	22	172
	23	174
	23	172
	21	174
	21	172
	24	173
	24	174
	24	172
	25	173
	25	174
	25	172
	19	182
	20	182
	18	182
	19	183
	19	181
	20	183
	20	181
	18	183
	18	181
	19	180
	20	180
	18	180
	19	179
	20	179
	18	179
	19	178
	20	178
	18	178
	19	177
	20	177
	18	177
	19	176
	20	176
	18	176
	19	175
	20	175
	18	175
	19	174
	20	174
	18	174
	19	173
	20	173
	18	173
	19	172
	20	172
	18	172
	24	171
	25	171
	23	171
	24	170
	25	170
	23	170
	24	169
	25	169
	23	169
	24	168
	25	168
	23	168
	24	167
	25	167
	23	167
	24	166
	25	166
	23	166
	24	165
	25	165
	23	165
	26	166
	26	167
	26	165
	25	164
	26	164
	24	164
	25	163
	26	163
	24	163
	27	164
	27	165
	27	163
	26	162
	27	162
	25	162
	24	162
	25	161
	26	161
	24	161
	23	162
	23	163
	23	161
	24	160
	25	160
	23	160
	22	160
	23	159
	24	159
	22	161
	22	159
	21	160
	21	161
	21	159
	22	158
	23	158
	21	158
	22	157
	23	157
	21	157
	20	158
	20	159
	20	157
	21	156
	22	156
	20	156
	21	155
	22	155
	20	155
	19	156
	19	157
	19	155
	20	154
	21	154
	19	154
	20	153
	21	153
	19	153
	20	152
	21	152
	19	152
	22	152
	21	151
	22	153
	22	151
	20	151
	21	150
	22	150
	20	150
	23	151
	23	152
	23	150
	22	149
	23	149
	21	149
	22	148
	23	148
	21	148
	22	147
	23	147
	21	147
	22	146
	23	146
	21	146
	20	147
	20	148
	20	146
	22	145
	23	145
	21	145
	22	144
	23	144
	21	144
	24	145
	24	146
	24	144
	23	143
	24	143
	22	143
	23	142
	24	142
	22	142
	25	143
	25	144
	25	142
	26	142
	25	141
	26	143
	26	141
	24	141
	25	140
	26	140
	24	140
	25	139
	26	139
	24	139
	27	140
	27	141
	27	139
	27	142
	27	143
	24	147
	25	146
	25	147
	25	145
	26	144
	26	145
	26	137
	27	137
	25	137
	26	138
	26	136
	27	138
	27	136
	25	138
	25	136
	26	134
	27	134
	25	134
	26	135
	26	133
	27	135
	27	133
	25	135
	25	133
	26	132
	27	132
	25	132
	26	131
	27	131
	25	131
	28	132
	28	133
	28	131
	27	130
	28	130
	26	130
	29	131
	29	132
	29	130
	30	131
	30	132
	30	130
	31	131
	31	132
	31	130
	30	129
	31	129
	29	129
	30	128
	31	128
	29	128
	32	129
	32	130
	32	128
	31	127
	32	127
	30	127
	29	127
	30	126
	31	126
	29	126
	28	127
	28	128
	28	126
	29	125
	30	125
	28	125
	27	126
	27	127
	27	125
	28	124
	29	124
	27	124
	26	125
	26	126
	26	124
	25	124
	26	123
	27	123
	25	125
	25	123
	24	123
	25	122
	26	122
	24	124
	24	122
	25	121
	26	121
	24	121
	25	120
	26	120
	24	120
	25	119
	26	119
	24	119
	23	120
	23	121
	23	119
	24	118
	25	118
	23	118
	24	117
	25	117
	23	117
	24	116
	25	116
	23	116
	24	115
	25	115
	23	115
	24	114
	25	114
	23	114
	24	113
	25	113
	23	113
	26	114
	26	115
	26	113
	25	112
	26	112
	24	112
	27	112
	26	111
	27	113
	27	111
	25	111
	26	110
	27	110
	25	110
	28	110
	27	109
	28	111
	28	109
	26	109
	27	108
	28	108
	26	108
	29	108
	28	107
	29	109
	29	107
	27	107
	28	106
	29	106
	27	106
	27	104
	29	104
	28	104
	28	105
	28	103
	29	105
	29	103
	27	105
	27	103
	28	102
	29	102
	27	102
	28	101
	29	101
	27	101
	28	100
	29	100
	27	100
	28	99
	29	99
	27	99
	28	98
	29	98
	27	98
	28	97
	29	97
	27	97
	34	138
	35	138
	33	138
	34	139
	34	137
	35	139
	35	137
	33	139
	33	137
	34	136
	35	136
	33	136
	36	137
	36	138
	36	136
	37	137
	37	138
	37	136
	38	137
	38	138
	38	136
	39	137
	39	138
	39	136
	40	137
	40	138
	40	136
	41	137
	41	138
	41	136
	42	137
	42	138
	42	136
	43	137
	43	138
	43	136
	44	137
	44	138
	44	136
	43	139
	44	139
	42	139
	37	139
	38	139
	36	139
	39	139
	40	139
	41	139
	53	138
	54	138
	52	138
	53	139
	53	137
	54	139
	54	137
	52	139
	52	137
	53	136
	54	136
	52	136
	55	138
	56	138
	55	139
	55	137
	56	139
	56	137
	57	138
	57	139
	57	137
	58	138
	58	139
	58	137
	59	138
	59	139
	59	137
	60	138
	60	139
	60	137
	61	138
	61	139
	61	137
	62	138
	62	139
	62	137
	55	136
	56	136
	57	136
	58	136
	59	136
	60	136
	61	136
	62	136
	63	137
	63	138
	63	136
	64	137
	64	138
	64	136
	65	137
	65	138
	65	136
	66	137
	66	138
	66	136
	65	134
	66	134
	64	134
	65	135
	65	133
	66	135
	66	133
	64	135
	64	133
	67	133
	66	132
	67	134
	67	132
	65	132
	68	132
	67	131
	68	133
	68	131
	66	131
	67	130
	68	130
	66	130
	69	131
	69	132
	69	130
	68	129
	69	129
	67	129
	70	130
	70	131
	70	129
	69	128
	70	128
	68	128
	71	129
	71	130
	71	128
	70	127
	71	127
	69	127
	72	128
	72	129
	72	127
	73	128
	73	129
	73	127
	74	129
	73	130
	74	130
	74	128
	72	130
	75	129
	75	130
	75	128
	74	131
	75	131
	73	131
	76	131
	75	132
	76	132
	76	130
	74	132
	77	131
	77	132
	77	130
	76	133
	77	133
	75	133
	76	134
	77	134
	75	134
	78	133
	78	134
	78	132
	79	133
	79	134
	79	132
	80	133
	80	134
	80	132
	81	133
	81	134
	81	132
	82	132
	81	131
	82	133
	82	131
	80	131
	83	132
	83	133
	83	131
	84	132
	84	133
	84	131
	85	131
	84	130
	85	132
	85	130
	83	130
	86	131
	86	132
	86	130
	87	131
	87	132
	87	130
	88	131
	88	132
	88	130
	89	131
	89	132
	89	130
	90	131
	90	132
	90	130
	91	131
	91	132
	91	130
	92	131
	92	132
	92	130
	93	131
	94	131
	93	132
	93	130
	94	132
	94	130
	91	115
	92	115
	90	115
	91	114
	92	114
	90	114
	93	115
	94	115
	93	114
	95	121
	94	114
	95	115
	96	115
	95	122
	95	114
	96	116
	96	114
	95	127
	95	128
	95	126
	95	129
	95	131
	95	132
	95	130
	96	127
	97	127
	96	128
	96	126
	97	128
	97	126
	98	127
	98	128
	98	126
	99	127
	99	128
	99	126
	100	127
	100	128
	100	126
	99	125
	100	125
	99	124
	100	124
	95	119
	99	123
	100	123
	95	120
	99	122
	100	122
	96	117
	99	121
	100	121
	98	117
	99	120
	100	120
	86	115
	99	118
	100	118
	88	115
	99	119
	99	117
	100	119
	100	117
	87	115
	89	115
	99	115
	100	115
	98	115
	99	116
	99	114
	100	116
	100	114
	98	116
	98	114
	97	115
	97	116
	97	114
	91	113
	92	113
	90	113
	91	112
	92	112
	90	112
	89	113
	89	114
	89	112
	88	113
	88	114
	88	112
	87	113
	87	114
	87	112
	86	113
	85	113
	86	114
	86	112
	85	114
	85	112
	84	113
	84	114
	84	112
	83	113
	83	114
	83	112
	82	113
	82	114
	82	112
	81	113
	81	114
	81	112
	80	113
	80	114
	80	112
	79	113
	79	114
	79	112
	78	113
	78	114
	78	112
	77	114
	77	115
	77	113
	76	114
	76	115
	76	113
	75	114
	75	115
	75	113
	74	114
	74	115
	74	113
	73	114
	73	115
	73	113
	72	114
	72	115
	72	113
	71	114
	71	115
	71	113
	70	114
	70	115
	70	113
	69	114
	69	115
	69	113
	70	116
	71	116
	69	116
	68	115
	68	116
	68	114
	67	115
	67	116
	67	114
	68	113
	67	113
	68	112
	69	112
	67	112
	70	112
	69	111
	70	111
	68	111
	69	110
	70	110
	68	110
	69	109
	70	109
	68	109
	67	109
	68	108
	69	108
	67	110
	67	108
	68	107
	69	107
	67	107
	68	106
	69	106
	67	106
	66	107
	66	108
	66	106
	67	105
	68	105
	66	105
	65	106
	65	107
	65	105
	66	104
	67	104
	65	104
	64	107
	65	108
	64	108
	64	106
	63	107
	63	108
	63	106
	62	108
	63	109
	64	109
	62	109
	62	107
	61	108
	61	109
	61	107
	60	108
	60	109
	60	107
	59	108
	59	109
	59	107
	58	108
	58	109
	58	107
	59	110
	60	110
	58	110
	57	109
	57	110
	57	108
	56	109
	56	110
	56	108
	57	107
	56	107
	55	108
	55	109
	55	107
	54	108
	54	109
	54	107
	53	108
	53	109
	53	107
	54	106
	55	106
	53	106
	52	107
	52	108
	52	106
	53	105
	54	105
	52	105
	51	106
	51	107
	51	105
	50	106
	50	107
	50	105
	49	106
	49	107
	49	105
	48	106
	48	107
	48	105
	48	103
	50	103
	49	103
	49	104
	49	102
	50	104
	50	102
	48	104
	48	102
	49	101
	50	101
	48	101
	49	100
	50	100
	48	100
	49	99
	50	99
	48	99
	49	98
	50	98
	48	98
	49	97
	50	97
	48	97
	36	160
	37	160
	38	160
	36	161
	36	162
	37	162
	37	163
	36	163
	38	163
	38	162
	37	161
	38	161
	39	161
	39	162
	39	160
	30	183
	30	182
	30	181
	30	180
	31	180
	32	180
	32	181
	31	181
	31	182
	31	183
	32	183
	32	182
	33	183
	33	182
	33	181
	33	180
	59	155
	59	156
	60	153
	58	155
	25	98
	26	99
	26	97
	25	99
	25	97
	24	98
	23	98
	24	99
	24	97
	23	99
	23	97
	21	98
	22	98
	20	98
	21	99
	21	97
	22	99
	22	97
	20	99
	20	97
	24	96
	25	96
	23	96
	24	95
	25	95
	23	95
	24	94
	25	94
	23	94
	24	93
	25	93
	23	93
	22	94
	21	94
	22	95
	22	93
	21	95
	21	93
	20	94
	20	95
	20	93
	21	96
	22	96
	20	96
	20	92
	21	92
	19	92
	20	91
	21	91
	19	93
	19	91
	20	90
	21	90
	19	90
	20	89
	21	89
	19	89
	20	88
	21	88
	19	88
	18	89
	18	90
	18	88
	19	87
	20	87
	18	87
	19	86
	20	86
	18	86
	21	87
	21	86
	20	85
	21	85
	19	85
	20	84
	21	84
	19	84
	20	83
	21	83
	19	83
	20	82
	21	82
	19	82
	20	81
	21	81
	19	81
	18	82
	18	83
	18	81
	19	80
	20	80
	18	80
	21	80
	21	79
	22	79
	20	79
	21	78
	22	80
	22	78
	20	78
	23	79
	23	80
	23	78
	24	79
	24	80
	24	78
	25	79
	25	80
	25	78
	24	77
	25	77
	23	77
	24	76
	25	76
	23	76
	22	77
	21	77
	22	76
	21	76
	20	77
	20	76
	24	75
	25	75
	23	75
	21	75
	22	75
	20	75
	19	75
	20	74
	21	74
	19	76
	19	74
	20	73
	21	73
	19	73
	20	72
	21	72
	19	72
	20	71
	21	71
	19	71
	20	70
	21	70
	19	70
	20	69
	21	69
	19	69
	20	68
	21	68
	19	68
	20	67
	21	67
	19	67
	51	98
	52	98
	51	99
	51	97
	52	99
	52	97
	53	98
	53	99
	53	97
	54	97
	53	96
	54	98
	54	96
	52	96
	53	95
	54	95
	52	95
	53	94
	54	94
	52	94
	53	93
	54	93
	52	93
	55	94
	55	95
	55	93
	56	94
	57	94
	56	95
	56	93
	57	95
	57	93
	56	96
	57	96
	55	96
	56	97
	57	97
	55	97
	56	98
	57	98
	55	98
	57	91
	58	91
	56	91
	57	92
	57	90
	58	92
	58	90
	56	92
	56	90
	58	93
	57	88
	58	88
	56	88
	57	89
	57	87
	58	89
	58	87
	56	89
	56	87
	57	86
	58	86
	56	86
	57	85
	58	85
	56	85
	57	84
	58	84
	56	84
	57	83
	58	83
	56	83
	57	82
	58	82
	56	82
	57	81
	58	81
	56	81
	57	80
	58	80
	56	80
	53	79
	54	79
	52	79
	53	80
	53	78
	54	80
	54	78
	52	80
	52	78
	55	79
	55	80
	55	78
	53	77
	54	77
	52	77
	53	76
	54	76
	52	76
	53	75
	54	75
	52	75
	55	76
	55	77
	55	75
	56	78
	56	79
	56	77
	56	76
	56	75
	57	73
	58	73
	56	73
	57	74
	57	72
	58	74
	58	72
	56	74
	56	72
	57	75
	58	75
	57	76
	58	76
	57	77
	58	77
	57	78
	58	78
	57	79
	58	79
	57	70
	58	70
	56	70
	57	71
	57	69
	58	71
	58	69
	56	71
	56	69
	57	68
	58	68
	56	68
	57	67
	58	67
	56	67
	57	66
	58	66
	56	66
	58	65
	59	65
	57	65
	58	64
	59	66
	59	64
	57	64
	58	63
	59	63
	57	63
	58	62
	59	62
	57	62
	58	61
	59	61
	57	61
	60	62
	61	62
	60	63
	60	61
	61	63
	61	61
	62	62
	62	63
	62	61
	61	60
	62	60
	60	60
	61	59
	62	59
	60	59
	61	58
	62	58
	60	58
	61	56
	62	56
	60	56
	61	57
	61	55
	62	57
	62	55
	60	57
	60	55
	61	54
	62	54
	60	54
	61	53
	62	53
	60	53
	61	52
	62	52
	60	52
	61	51
	62	51
	60	51
	61	50
	62	50
	60	50
	61	49
	62	49
	60	49
	61	48
	62	48
	60	48
	61	47
	62	47
	60	47
	61	46
	62	46
	60	46
	61	45
	62	45
	60	45
	61	44
	62	44
	60	44
	61	43
	62	43
	60	43
	61	41
	62	41
	60	41
	61	42
	61	40
	62	42
	62	40
	60	42
	60	40
	61	39
	62	39
	60	39
	61	38
	62	38
	60	38
	61	37
	62	37
	60	37
	61	36
	62	36
	60	36
	61	35
	62	35
	60	35
	61	34
	62	34
	60	34
	61	33
	62	33
	60	33
	61	32
	62	32
	60	32
	61	31
	62	31
	60	31
	61	30
	62	30
	60	30
	61	29
	62	29
	60	29
	61	28
	62	28
	60	28
	62	25
	61	27
	61	24
	60	27
	61	25
	61	23
	62	23
	60	25
	62	27
	60	24
	62	24
	62	26
	60	26
	61	26
	60	23
	60	22
	61	22
	59	22
	60	21
	61	21
	59	23
	59	21
	58	22
	58	23
	58	21
	57	22
	57	23
	57	21
	58	20
	59	20
	57	20
	58	19
	59	19
	57	19
	58	18
	59	18
	57	18
	57	17
	58	17
	56	17
	57	16
	58	16
	56	18
	56	16
	57	14
	58	14
	56	14
	57	15
	57	13
	58	15
	58	13
	56	15
	56	13
	57	12
	58	12
	56	12
	57	11
	58	11
	56	11
	57	10
	58	10
	56	10
	57	9
	58	9
	56	9
	57	8
	58	8
	56	8
	57	7
	58	7
	56	7
	57	6
	58	6
	56	6
	57	5
	58	5
	56	5
	57	4
	58	4
	56	4
	57	3
	58	3
	56	3
	57	2
	58	2
	56	2
	57	1
	58	1
	56	1
	57	0
	58	0
	56	0
	55	0
	54	0
	55	1
	54	1
	53	0
	53	1
	52	0
	52	1
	51	0
	51	1
	50	0
	50	1
	49	0
	49	1
	48	0
	48	1
	47	0
	47	1
	46	0
	46	1
	45	0
	45	1
	44	0
	44	1
	43	0
	43	1
	42	0
	42	1
	41	0
	40	0
	41	1
	40	1
	39	0
	39	1
	38	0
	38	1
	37	0
	37	1
	36	0
	36	1
	35	0
	35	1
	34	0
	34	1
	33	0
	33	1
	32	0
	31	0
	32	1
	31	1
	30	0
	29	0
	30	1
	29	1
	28	0
	28	1
	27	0
	27	1
	26	0
	26	1
	25	0
	25	1
	24	0
	24	1
	23	0
	23	1
	22	0
	22	1
	21	0
	21	1
	20	0
	20	1
	19	0
	19	1
	20	2
	21	2
	19	2
	20	3
	21	3
	19	3
	20	4
	21	4
	19	4
	20	5
	21	5
	19	5
	20	6
	21	6
	19	6
	20	7
	21	7
	19	7
	20	8
	21	8
	19	8
	20	9
	21	9
	19	9
	20	10
	21	10
	19	10
	20	11
	21	11
	19	11
	20	12
	21	12
	19	12
	20	14
	21	14
	19	14
	20	15
	20	13
	21	15
	21	13
	19	15
	19	13
	20	16
	21	16
	19	16
	20	17
	21	17
	19	17
	20	18
	21	18
	19	18
	18	18
	17	18
	18	19
	18	17
	19	19
	17	19
	17	17
	18	20
	19	20
	17	20
	18	21
	19	21
	17	21
	18	22
	19	22
	17	22
	18	23
	19	23
	17	23
	16	22
	16	23
	16	21
	15	22
	15	23
	15	21
	16	24
	15	25
	15	24
	16	25
	14	26
	15	26
	14	25
	14	24
	15	28
	14	27
	16	27
	15	27
	16	26
	14	23
	16	28
	14	28
	15	29
	16	29
	14	29
	15	30
	16	30
	14	30
	15	31
	16	31
	14	31
	15	32
	16	32
	14	32
	15	33
	16	33
	14	33
	15	34
	16	34
	14	34
	15	35
	16	35
	14	35
	13	35
	14	36
	15	36
	13	36
	13	34
	14	37
	15	37
	13	37
	14	38
	15	38
	13	38
	14	39
	15	39
	13	39
	16	38
	16	39
	16	37
	16	36
	15	44
	16	44
	14	44
	15	45
	15	43
	16	45
	16	43
	14	45
	14	43
	15	42
	16	42
	14	42
	15	41
	16	41
	14	41
	15	40
	16	40
	14	40
	15	50
	16	50
	14	50
	15	51
	15	49
	16	51
	16	49
	14	51
	14	49
	15	48
	16	48
	14	48
	15	47
	16	47
	14	47
	15	46
	16	46
	14	46
	15	55
	16	55
	14	55
	15	56
	15	54
	16	56
	16	54
	14	56
	14	54
	15	53
	16	53
	14	53
	15	52
	16	52
	14	52
	14	58
	14	59
	15	58
	16	59
	15	57
	15	61
	16	57
	16	58
	14	57
	16	61
	15	60
	14	60
	16	60
	15	59
	14	61
	15	63
	16	63
	14	63
	15	64
	15	62
	16	64
	16	62
	14	64
	14	62
	17	62
	17	63
	17	61
	18	62
	18	63
	18	61
	19	62
	19	63
	19	61
	18	64
	19	64
	17	64
	18	65
	19	65
	17	65
	18	66
	19	66
	17	66
	20	66
	21	66
	18	67
	17	67
	18	68
	17	68
	56	130
	57	130
	55	130
	56	131
	56	129
	57	131
	57	129
	55	131
	55	129
	56	132
	57	132
	55	132
	56	133
	57	133
	55	133
	56	134
	57	134
	55	134
	56	135
	57	135
	55	135
	41	130
	42	130
	40	130
	41	131
	41	129
	42	131
	42	129
	40	131
	40	129
	41	132
	42	132
	40	132
	41	133
	42	133
	40	133
	41	134
	42	134
	40	134
	41	135
	42	135
	40	135
	32	138
	32	139
	32	137
	32	136
	31	139
	37	132
	39	132
	38	132
	31	138
	31	137
	31	136
	38	133
	38	131
	39	133
	39	131
	37	133
	37	131
	36	132
	36	133
	36	131
	35	132
	34	132
	35	133
	35	131
	34	133
	34	131
	33	132
	32	132
	33	133
	33	131
	32	133
	32	131
	31	133
	30	133
	29	133
	28	123
	29	123
	28	122
	29	122
	27	122
	28	121
	29	121
	27	121
	27	120
	28	120
	27	119
	28	119
	26	118
	26	117
	27	118
	27	117
	26	116
	27	116
	27	115
	27	114
	29	119
	28	118
	29	120
	29	118
	28	117
	29	117
	28	116
	29	116
	28	115
	28	114
	28	113
	28	112
	97	117
	97	118
	98	118
	58	129
	59	129
	60	129
	61	129
	62	129
	63	129
	64	129
	64	130
	64	131
	64	132
	63	132
	63	131
	63	130
	62	130
	61	130
	62	131
	62	132
	62	133
	62	134
	62	135
	63	135
	63	134
	63	133
	61	133
	61	134
	61	135
	61	132
	61	131
	60	130
	60	131
	60	132
	60	133
	60	134
	60	135
	59	135
	59	134
	58	134
	58	133
	58	132
	58	131
	58	130
	59	130
	59	131
	59	132
	59	133
	58	135
	65	131
	65	130
	65	129
	66	129
	18	14
	17	14
	18	15
	18	13
	17	15
	17	13
	16	14
	16	15
	16	13
	17	16
	18	16
	16	16
	16	17
	15	17
	16	18
	15	18
	15	16
	16	19
	15	19
	16	20
	15	20
	14	20
	14	21
	14	19
	14	22
	13	22
	13	23
	13	21
	13	20
	14	18
	14	17
	14	16
	15	15
	15	14
	15	13
	16	12
	17	12
	15	12
	18	12
	17	11
	18	11
	16	11
	17	10
	18	10
	16	10
	17	9
	18	9
	16	9
	18	8
	17	8
	18	7
	17	7
	18	6
	17	6
	18	5
	17	5
	18	4
	17	4
	18	3
	17	3
	16	8
	16	7
	16	6
	16	5
	16	4
	15	4
	16	3
	15	5
	15	3
	16	2
	17	2
	15	2
	16	1
	17	1
	15	1
	16	0
	17	0
	15	0
	18	1
	18	2
	18	0
	15	6
	15	7
	15	8
	15	9
	15	10
	15	11
	14	11
	14	12
	14	10
	14	13
	14	14
	13	14
	14	15
	13	15
	13	13
	13	16
	13	17
	13	18
	13	19
	12	20
	12	21
	12	19
	12	22
	13	24
	13	25
	12	25
	13	26
	12	26
	12	24
	13	27
	12	27
	13	28
	12	28
	13	29
	12	29
	13	30
	12	30
	13	31
	12	31
	13	32
	12	32
	11	32
	12	33
	13	33
	11	33
	11	31
	12	34
	11	34
	12	35
	11	35
	11	30
	12	23
	12	18
	12	17
	12	16
	11	28
	11	29
	11	27
	10	32
	10	33
	10	31
	10	34
	10	35
	9	35
	10	36
	11	36
	9	36
	9	34
	10	37
	11	37
	9	37
	10	38
	11	38
	9	38
	10	39
	11	39
	9	39
	10	40
	11	40
	9	40
	10	41
	11	41
	9	41
	12	41
	11	42
	12	42
	12	40
	10	42
	11	43
	12	43
	10	43
	12	39
	12	38
	13	40
	12	37
	12	36
	13	41
	13	42
	13	43
	12	44
	13	44
	11	44
	12	45
	13	45
	11	45
	12	46
	10	44
	13	46
	11	46
	12	47
	10	45
	13	47
	11	47
	12	48
	10	46
	13	48
	11	48
	12	49
	10	47
	13	49
	11	49
	12	50
	10	48
	10	49
	11	50
	9	48
	9	46
	9	44
	9	45
	9	43
	8	44
	9	42
	8	42
	8	43
	8	41
	7	42
	8	40
	7	41
	9	47
	8	46
	8	47
	9	49
	10	50
	8	48
	9	50
	10	51
	8	49
	11	51
	12	51
	11	52
	13	50
	12	52
	10	52
	11	53
	13	51
	9	51
	12	53
	10	53
	11	54
	13	52
	9	52
	12	54
	10	54
	11	55
	13	53
	9	53
	12	55
	10	55
	11	56
	13	54
	9	54
	13	55
	12	56
	13	56
	12	57
	13	57
	11	57
	12	58
	10	56
	13	58
	11	58
	12	59
	10	57
	13	59
	11	59
	12	60
	10	58
	13	60
	11	60
	12	61
	10	59
	11	61
	10	61
	11	62
	12	62
	10	62
	10	60
	11	63
	13	61
	9	61
	12	63
	13	63
	12	64
	13	64
	13	62
	11	64
	12	65
	10	63
	13	65
	11	65
	12	66
	10	64
	14	65
	13	66
	14	66
	13	67
	15	65
	15	66
	14	67
	15	67
	14	68
	16	66
	15	68
	13	68
	14	69
	16	67
	12	67
	16	68
	15	69
	16	69
	15	70
	16	70
	14	70
	15	71
	17	69
	13	69
	17	70
	16	71
	17	71
	16	72
	18	70
	18	71
	17	72
	18	72
	17	73
	18	73
	16	73
	17	74
	15	72
	18	74
	16	74
	17	75
	15	73
	18	69
	16	65
	14	71
	13	70
	14	72
	18	75
	16	75
	17	76
	18	76
	16	76
	17	77
	15	75
	18	77
	16	77
	17	78
	15	76
	18	78
	16	78
	17	79
	19	77
	15	77
	18	79
	16	79
	17	80
	19	78
	15	78
	16	80
	17	81
	16	81
	17	82
	15	80
	16	82
	17	83
	15	81
	18	84
	17	84
	18	85
	16	83
	17	85
	16	84
	17	86
	16	85
	17	87
	16	86
	17	88
	16	87
	17	89
	16	88
	17	90
	18	91
	16	89
	17	91
	18	92
	16	90
	17	92
	18	93
	16	91
	17	93
	18	94
	16	92
	19	79
	15	83
	15	84
	15	86
	15	87
	15	88
	15	90
	15	91
	16	93
	17	94
	15	92
	19	94
	18	95
	19	95
	17	95
	18	96
	16	94
	19	96
	17	96
	18	97
	16	95
	19	97
	19	98
	18	98
	19	99
	17	97
	20	100
	21	100
	19	100
	20	101
	18	99
	21	101
	19	101
	20	102
	22	100
	18	100
	22	101
	21	102
	23	100
	23	101
	22	102
	23	102
	22	103
	24	101
	24	102
	24	100
	23	103
	25	101
	25	102
	25	100
	24	103
	26	101
	26	102
	26	100
	25	103
	26	103
	26	104
	25	104
	26	105
	25	105
	26	106
	24	104
	24	105
	25	106
	24	106
	25	107
	23	105
	26	107
	24	107
	25	108
	23	106
	24	108
	25	109
	23	107
	24	109
	23	108
	24	110
	23	109
	23	110
	24	111
	22	109
	23	111
	22	110
	22	111
	23	112
	21	110
	22	112
	21	111
	22	113
	21	112
	22	114
	21	113
	22	115
	21	114
	22	108
	21	108
	22	107
	21	109
	21	107
	22	106
	20	108
	21	106
	22	105
	21	105
	22	104
	20	106
	21	104
	20	104
	21	103
	20	105
	20	103
	23	104
	19	104
	19	103
	20	110
	21	115
	22	116
	21	116
	22	117
	20	115
	22	118
	22	119
	21	118
	22	120
	22	121
	23	122
	21	120
	23	123
	22	122
	23	124
	24	125
	22	123
	23	125
	24	126
	22	124
	25	126
	25	127
	26	127
	24	127
	25	128
	23	126
	26	128
	27	128
	26	129
	27	129
	28	129
	25	129
	24	129
	23	129
	24	130
	24	128
	25	130
	23	130
	23	128
	24	131
	22	129
	22	130
	23	131
	22	131
	23	132
	21	130
	24	132
	22	132
	23	133
	21	131
	24	133
	22	133
	23	134
	21	132
	24	134
	22	134
	23	135
	21	133
	24	135
	22	135
	23	136
	21	134
	24	136
	22	136
	23	137
	21	135
	24	137
	22	137
	23	138
	21	136
	24	138
	22	138
	23	139
	21	137
	22	139
	23	140
	21	138
	22	140
	23	141
	21	139
	22	141
	21	140
	21	141
	21	142
	21	143
	20	143
	20	144
	20	145
	19	144
	19	145
	19	146
	19	147
	18	146
	19	148
	20	149
	18	147
	19	149
	18	148
	19	150
	18	149
	18	150
	19	151
	18	151
	17	150
	18	152
	17	151
	18	153
	17	152
	18	154
	17	153
	18	155
	17	154
	18	156
	17	155
	18	157
	19	158
	17	156
	17	148
	18	145
	18	144
	19	143
	17	145
	18	143
	19	142
	17	144
	20	142
	18	142
	19	141
	17	143
	20	140
	19	140
	20	141
	20	139
	19	139
	20	138
	18	140
	20	137
	19	138
	20	136
	20	135
	19	136
	20	134
	20	133
	23	127
	22	128
	22	127
	22	126
	22	125
	21	126
	21	127
	21	129
	21	128
	20	129
	20	130
	20	131
	20	132
	19	132
	19	133
	19	134
	19	137
	19	135
	18	136
	18	137
	18	139
	18	138
	17	139
	18	141
	17	141
	17	146
	17	147
	16	146
	16	147
	17	149
	16	149
	16	150
	16	151
	15	150
	16	152
	15	151
	16	153
	15	152
	15	153
	16	154
	15	154
	16	155
	14	153
	15	155
	16	156
	14	154
	13	154
	14	155
	13	155
	13	153
	14	156
	14	152
	12	154
	15	156
	13	156
	14	157
	12	155
	15	157
	16	157
	15	158
	16	158
	14	158
	15	159
	17	157
	13	157
	16	159
	17	159
	16	160
	17	160
	17	158
	15	160
	16	161
	18	159
	14	159
	18	160
	17	161
	18	161
	17	162
	19	160
	19	161
	18	162
	19	162
	18	163
	20	161
	20	162
	20	160
	19	163
	19	159
	21	162
	20	163
	21	163
	20	164
	22	162
	22	163
	21	164
	22	164
	21	165
	23	164
	22	165
	22	166
	22	167
	21	166
	20	165
	18	158
	19	164
	18	164
	19	165
	18	165
	19	166
	17	164
	20	167
	21	167
	19	167
	20	168
	20	166
	21	168
	19	168
	20	169
	18	167
	22	168
	21	169
	22	169
	21	170
	22	170
	22	171
	21	171
	20	171
	20	170
	19	171
	19	170
	18	171
	18	170
	19	169
	17	171
	18	169
	17	170
	18	168
	17	168
	18	166
	17	167
	17	166
	17	165
	16	165
	17	163
	16	164
	16	166
	17	169
	16	168
	16	170
	17	172
	16	171
	17	173
	17	174
	16	173
	21	175
	17	175
	17	176
	17	177
	16	176
	17	178
	16	177
	17	179
	16	178
	17	180
	16	179
	16	180
	17	181
	15	179
	15	177
	16	175
	16	174
	15	175
	16	172
	15	173
	15	172
	15	171
	16	169
	15	169
	16	167
	15	168
	15	167
	15	170
	14	171
	14	172
	15	174
	14	173
	14	174
	15	176
	14	175
	14	176
	15	178
	14	177
	14	178
	14	179
	15	180
	13	178
	14	180
	15	181
	13	179
	16	181
	14	181
	15	182
	13	180
	16	182
	14	182
	15	183
	13	181
	13	175
	13	173
	13	172
	14	170
	14	169
	13	170
	14	168
	13	169
	14	167
	15	166
	13	168
	13	174
	13	176
	12	175
	13	177
	12	176
	12	177
	12	178
	12	179
	12	180
	11	179
	11	178
	11	177
	11	176
	12	174
	11	175
	12	173
	11	174
	13	171
	12	172
	12	171
	12	170
	15	165
	14	166
	15	164
	16	163
	14	165
	16	162
	15	163
	13	182
	14	183
	12	181
	16	183
	15	184
	17	182
	17	184
	18	184
	16	184
	17	185
	17	183
	18	185
	16	185
	17	186
	19	184
	19	185
	18	186
	19	186
	18	187
	20	185
	19	187
	17	187
	18	188
	20	186
	16	186
	20	187
	19	188
	20	188
	19	189
	20	189
	18	189
	19	190
	17	188
	16	187
	15	186
	16	188
	17	189
	15	187
	18	190
	17	190
	18	191
	16	189
	19	191
	17	191
	18	192
	20	190
	16	190
	20	191
	19	192
	20	184
	14	184
	15	185
	14	185
	13	184
	14	186
	13	185
	14	187
	15	188
	13	186
	15	189
	14	188
	15	190
	16	191
	14	189
	17	192
	18	193
	20	192
	19	193
	20	193
	20	194
	22	194
	23	194
	21	194
	22	195
	24	194
	23	195
	24	195
	23	196
	25	194
	25	195
	24	196
	26	194
	26	195
	27	195
	26	196
	27	196
	27	194
	25	196
	26	197
	28	195
	28	196
	28	194
	27	197
	29	195
	29	196
	29	194
	28	197
	30	195
	30	196
	30	194
	29	197
	31	195
	21	195
	19	194
	20	195
	19	195
	20	196
	18	194
	21	196
	19	196
	20	197
	18	195
	21	197
	19	197
	20	198
	22	196
	18	196
	22	197
	21	198
	23	197
	22	198
	23	198
	22	199
	24	197
	24	198
	23	199
	25	197
	25	198
	24	199
	26	198
	25	199
	27	198
	26	199
	28	198
	27	199
	29	198
	28	199
	30	197
	30	198
	29	199
	31	197
	32	197
	33	197
	32	198
	32	196
	33	198
	33	196
	31	198
	31	196
	32	199
	34	197
	32	195
	35	197
	34	198
	34	196
	35	198
	35	196
	34	199
	36	197
	34	195
	36	198
	36	196
	35	199
	37	197
	35	195
	37	198
	37	196
	36	199
	38	197
	36	195
	35	194
	33	195
	33	194
	32	194
	31	194
	30	199
	31	199
	33	199
	37	199
	38	198
	38	199
	39	198
	38	196
	39	197
	37	195
	38	195
	39	196
	37	194
	36	194
	36	193
	34	194
	37	193
	38	194
	38	193
	39	193
	40	193
	39	194
	40	194
	40	192
	39	195
	41	193
	41	192
	41	191
	42	192
	42	193
	42	191
	41	194
	43	192
	43	191
	43	190
	44	190
	44	189
	45	189
	45	190
	45	188
	44	191
	46	189
	46	188
	45	187
	46	187
	47	188
	47	187
	48	187
	48	188
	48	186
	47	189
	49	187
	49	188
	49	186
	48	189
	50	187
	50	186
	51	186
	51	187
	50	188
	52	186
	40	198
	39	199
	40	199
	40	197
	41	198
	41	197
	40	196
	41	196
	42	197
	40	195
	42	195
	43	195
	41	195
	42	196
	42	194
	43	196
	43	194
	44	195
	44	194
	43	193
	44	193
	45	194
	45	193
	44	192
	45	192
	46	193
	46	192
	45	191
	46	191
	47	192
	47	191
	46	190
	47	190
	48	191
	48	192
	48	190
	47	193
	49	191
	49	190
	49	189
	50	190
	50	189
	51	189
	51	188
	52	188
	53	188
	52	189
	52	187
	53	189
	53	187
	52	190
	54	188
	54	187
	53	186
	54	186
	55	187
	56	187
	55	188
	55	186
	56	188
	56	186
	55	189
	57	187
	55	185
	58	187
	57	188
	57	186
	58	188
	58	186
	57	189
	59	187
	57	185
	59	186
	60	186
	59	185
	60	187
	60	185
	58	185
	59	188
	61	186
	61	187
	61	185
	60	188
	62	186
	62	187
	62	185
	61	188
	63	186
	56	185
	54	185
	54	189
	63	187
	63	185
	62	188
	64	186
	65	186
	66	186
	65	187
	65	185
	66	187
	66	185
	64	187
	64	185
	65	188
	67	186
	68	186
	67	187
	67	185
	68	187
	68	185
	67	188
	69	186
	70	186
	69	187
	69	185
	70	187
	70	185
	69	188
	71	186
	71	187
	71	185
	70	188
	72	186
	72	187
	72	185
	71	188
	73	186
	73	185
	73	184
	74	185
	74	184
	74	183
	75	184
	75	185
	75	183
	74	186
	76	184
	76	183
	75	182
	76	182
	77	183
	75	181
	77	182
	76	181
	77	181
	78	182
	76	180
	77	180
	78	181
	77	179
	78	179
	77	178
	78	180
	78	178
	79	179
	77	177
	78	177
	79	178
	77	176
	78	176
	79	177
	77	175
	79	176
	78	175
	79	175
	80	176
	78	174
	79	174
	77	174
	80	175
	78	173
	79	173
	77	173
	80	174
	78	172
	79	172
	77	172
	80	173
	78	171
	79	171
	77	171
	80	172
	78	170
	79	170
	77	170
	80	171
	78	169
	80	170
	81	171
	79	169
	80	169
	81	170
	79	168
	81	172
	79	180
	79	181
	49	192
	48	193
	50	191
	51	190
	51	191
	50	192
	53	190
	54	190
	53	191
	54	191
	52	191
	53	192
	55	190
	56	189
	56	190
	57	190
	56	191
	58	189
	59	189
	60	189
	59	190
	61	189
	63	188
	64	188
	63	189
	66	188
	65	189
	68	188
	73	187
	75	186
	74	187
	75	187
	74	188
	76	186
	76	187
	76	185
	75	188
	77	186
	73	188
	72	188
	72	189
	70	189
	68	189
	69	189
	67	189
	68	190
	66	189
	64	189
	65	190
	66	190
	64	190
	65	191
	62	189
	63	190
	62	190
	63	191
	61	190
	60	190
	61	191
	62	191
	60	191
	61	192
	59	191
	58	191
	59	192
	60	192
	58	192
	58	190
	59	193
	57	191
	57	192
	56	192
	57	193
	55	191
	55	192
	54	192
	55	193
	52	192
	53	193
	54	193
	52	193
	53	194
	51	192
	51	193
	50	193
	51	194
	49	193
	49	194
	47	194
	48	194
	46	194
	47	195
	46	195
	45	195
	44	196
	77	185
	77	184
	78	185
	78	183
	78	184
	79	183
	79	182
	80	182
	80	183
	80	181
	79	184
	81	182
	80	180
	81	181
	80	179
	81	180
	80	178
	81	179
	80	177
	81	178
	81	177
	81	176
	81	175
	77	169
	76	169
	76	168
	77	168
	75	168
	76	167
	74	168
	75	167
	74	167
	75	166
	73	168
	76	166
	74	166
	77	167
	75	165
	73	167
	73	166
	74	165
	72	167
	72	166
	73	165
	72	165
	73	164
	71	166
	71	165
	72	164
	71	164
	72	163
	70	165
	73	163
	71	163
	74	164
	72	162
	70	164
	71	167
	72	168
	70	166
	78	168
	70	163
	71	162
	70	162
	71	161
	69	162
	70	161
	69	161
	69	160
	70	160
	68	160
	69	159
	68	159
	67	159
	66	159
	67	158
	68	158
	66	158
	67	157
	66	157
	66	156
	65	156
	64	156
	65	155
	66	155
	64	155
	67	156
	65	154
	64	154
	63	154
	64	153
	63	153
	62	153
	63	152
	64	152
	62	152
	65	153
	63	151
	61	153
	61	152
	62	151
	60	152
	61	151
	60	151
	61	150
	59	152
	62	150
	61	149
	63	150
	62	149
	63	149
	64	150
	62	148
	63	148
	64	149
	64	148
	65	149
	63	147
	64	147
	65	148
	63	146
	64	146
	65	147
	65	146
	66	147
	64	145
	65	145
	66	146
	66	145
	65	144
	66	144
	67	145
	66	143
	67	144
	66	142
	67	143
	67	142
	67	141
	68	142
	67	140
	68	141
	67	139
	68	140
	68	139
	67	138
	68	138
	69	139
	67	137
	68	137
	69	138
	67	136
	69	137
	68	136
	69	136
	70	137
	68	135
	69	135
	67	135
	70	136
	68	134
	70	135
	71	136
	69	134
	70	134
	71	135
	69	133
	70	133
	71	134
	71	133
	72	134
	70	132
	71	132
	72	133
	72	132
	71	131
	72	131
	73	132
	73	133
	73	134
	72	135
	74	133
	74	134
	73	135
	74	135
	73	136
	75	135
	74	136
	84	134
	85	134
	83	134
	84	135
	85	135
	85	133
	83	135
	84	136
	86	134
	82	134
	86	135
	86	133
	85	136
	87	134
	87	135
	87	133
	86	136
	88	134
	88	133
	89	133
	89	134
	88	135
	90	133
	91	133
	90	134
	92	133
	93	133
	92	134
	94	133
	96	131
	96	132
	96	130
	95	133
	97	131
	97	130
	96	129
	97	129
	98	130
	98	129
	99	129
	99	130
	98	131
	100	129
	100	130
	99	131
	101	129
	83	136
	84	137
	82	135
	82	136
	83	137
	81	135
	81	136
	82	137
	80	135
	79	135
	80	136
	79	136
	80	137
	78	135
	78	136
	79	137
	77	135
	76	135
	77	136
	76	136
	77	137
	75	136
	76	137
	74	137
	72	136
	72	137
	71	137
	70	138
	78	137
	78	138
	77	138
	75	137
	76	138
	75	138
	73	137
	74	138
	73	138
	74	139
	75	139
	76	139
	77	139
	79	138
	80	138
	79	139
	81	137
	81	138
	80	139
	82	138
	83	138
	85	137
	84	138
	86	137
	85	138
	87	136
	88	136
	87	137
	89	135
	78	139
	77	140
	75	140
	73	139
	74	140
	72	138
	72	139
	73	140
	71	138
	71	139
	72	140
	70	139
	71	140
	70	140
	69	140
	78	140
	81	139
	80	140
	82	139
	83	139
	82	140
	84	139
	86	138
	87	138
	86	139
	88	137
	89	136
	89	137
	88	138
	90	136
	90	135
	91	135
	91	134
	92	135
	91	136
	93	134
	94	134
	93	135
	97	132
	101	128
	101	127
	101	126
	102	127
	102	128
	102	126
	103	127
	101	125
	103	128
	103	126
	102	129
	104	127
	102	125
	103	125
	104	126
	102	124
	104	125
	103	124
	104	124
	105	125
	103	123
	104	123
	102	123
	105	124
	103	122
	101	124
	104	122
	102	122
	105	123
	103	121
	101	123
	104	121
	102	121
	105	122
	103	120
	101	122
	104	120
	102	120
	105	121
	103	119
	101	121
	104	119
	102	119
	105	120
	103	118
	101	120
	101	119
	102	118
	101	118
	102	117
	103	117
	101	117
	104	118
	102	116
	103	116
	101	116
	104	117
	102	115
	103	115
	101	115
	102	114
	103	114
	101	114
	104	115
	102	113
	103	113
	101	113
	104	114
	102	112
	103	112
	101	112
	104	113
	102	111
	100	113
	104	116
	103	129
	102	130
	104	128
	103	130
	101	130
	102	131
	104	129
	103	131
	101	131
	102	132
	104	130
	100	131
	101	132
	100	132
	101	133
	99	132
	100	133
	98	132
	98	133
	99	133
	97	133
	98	134
	96	133
	97	134
	96	134
	97	135
	95	134
	96	135
	95	135
	94	135
	94	136
	95	136
	93	136
	94	137
	92	136
	93	137
	92	137
	91	137
	92	138
	93	138
	91	138
	92	139
	90	137
	90	138
	91	139
	89	138
	90	139
	105	126
	106	125
	106	126
	106	124
	105	127
	107	125
	106	123
	107	124
	106	122
	107	123
	106	121
	107	122
	106	120
	107	121
	105	119
	106	119
	107	120
	105	118
	106	118
	107	119
	105	117
	106	117
	107	118
	105	116
	106	116
	107	117
	105	115
	106	115
	107	116
	105	114
	99	113
	100	112
	99	112
	100	111
	98	113
	98	112
	99	111
	97	113
	97	112
	98	111
	97	111
	98	110
	96	112
	96	113
	96	111
	97	110
	95	112
	95	113
	95	111
	96	110
	94	112
	94	111
	95	110
	94	110
	95	109
	93	111
	93	112
	93	110
	94	113
	94	109
	92	111
	92	110
	93	113
	93	109
	91	111
	91	110
	92	109
	91	109
	92	108
	90	110
	90	111
	90	109
	91	108
	89	110
	89	111
	89	109
	90	108
	88	110
	88	111
	88	109
	89	108
	87	110
	87	111
	87	109
	88	108
	86	110
	85	110
	86	111
	86	109
	85	111
	85	109
	86	108
	84	110
	84	111
	84	109
	85	108
	83	110
	83	111
	83	109
	84	108
	82	110
	82	111
	82	109
	83	108
	81	110
	81	111
	81	109
	82	108
	80	110
	80	111
	79	111
	79	110
	80	109
	78	111
	77	111
	78	110
	77	112
	77	110
	78	109
	76	111
	76	112
	76	110
	77	109
	75	111
	75	112
	75	110
	76	109
	74	111
	74	112
	74	110
	75	109
	73	111
	73	112
	73	110
	74	109
	72	111
	72	112
	72	110
	73	109
	71	111
	71	112
	71	110
	72	109
	71	109
	72	108
	73	108
	74	108
	75	108
	77	108
	79	109
	78	108
	79	108
	80	108
	81	108
	87	108
	93	108
	96	109
	95	108
	97	109
	98	109
	99	110
	97	108
	101	111
	100	110
	101	110
	100	109
	103	111
	104	112
	102	110
	105	129
	105	128
	106	128
	106	127
	107	127
	107	128
	107	126
	106	129
	108	127
	108	126
	108	125
	74	107
	73	107
	72	107
	73	106
	71	108
	71	107
	72	106
	70	108
	70	107
	71	106
	70	106
	71	105
	72	105
	70	105
	71	104
	69	105
	70	104
	69	104
	70	103
	71	103
	69	103
	72	104
	70	102
	68	104
	68	103
	69	102
	68	102
	69	101
	67	103
	67	102
	68	101
	66	103
	66	102
	67	101
	65	103
	65	102
	66	101
	64	103
	64	104
	64	102
	65	101
	63	103
	63	104
	63	102
	64	105
	64	101
	62	103
	62	104
	63	105
	62	105
	61	104
	61	105
	61	103
	62	106
	62	102
	60	104
	60	105
	60	103
	61	106
	61	102
	59	104
	59	105
	59	103
	60	106
	60	102
	58	104
	58	105
	58	103
	59	106
	59	102
	57	104
	57	105
	57	103
	58	106
	58	102
	56	104
	56	105
	56	103
	57	106
	57	102
	55	104
	55	105
	55	103
	56	106
	56	102
	54	104
	54	103
	55	102
	53	104
	53	103
	54	102
	52	104
	52	103
	53	102
	51	104
	52	102
	53	101
	51	103
	54	101
	52	101
	53	100
	51	102
	54	100
	52	100
	55	101
	51	101
	54	99
	55	99
	55	100
	56	99
	56	100
	57	99
	51	100
	57	100
	56	101
	58	99
	58	100
	57	101
	58	101
	59	100
	59	101
	60	101
	61	101
	60	100
	62	101
	61	100
	63	101
	62	100
	63	100
	64	100
	65	100
	66	100
	73	105
	74	106
	75	107
	76	107
	75	106
	76	108
	76	106
	77	107
	75	105
	77	106
	78	107
	76	105
	74	105
	74	104
	73	104
	73	103
	72	103
	71	102
	70	101
	69	100
	68	100
	67	100
	66	99
	64	99
	65	99
	63	99
	64	98
	62	99
	63	98
	61	99
	62	98
	61	98
	62	97
	60	99
	60	98
	61	97
	59	99
	60	97
	61	96
	59	98
	59	97
	60	96
	58	98
	59	96
	60	95
	58	97
	61	95
	59	95
	62	96
	60	94
	58	96
	61	94
	59	94
	62	95
	60	93
	58	95
	61	93
	59	93
	62	94
	60	92
	58	94
	62	93
	63	94
	61	92
	62	92
	63	93
	61	91
	62	91
	60	91
	63	92
	61	90
	59	92
	63	91
	62	90
	63	90
	64	91
	62	89
	63	89
	61	89
	64	90
	62	88
	60	90
	63	88
	61	88
	64	89
	62	87
	60	89
	63	87
	61	87
	64	88
	62	86
	60	88
	64	87
	65	88
	63	86
	64	86
	65	87
	63	85
	64	85
	62	85
	65	86
	63	84
	61	86
	64	84
	62	84
	65	85
	63	83
	61	85
	63	95
	64	94
	59	91
	59	90
	59	89
	60	87
	59	88
	60	86
	59	87
	59	86
	60	85
	59	85
	60	84
	61	84
	59	84
	60	83
	61	83
	59	83
	60	82
	61	82
	59	82
	62	83
	60	81
	62	82
	61	81
	62	81
	63	82
	61	80
	62	80
	60	80
	63	81
	61	79
	59	81
	62	79
	60	79
	63	80
	61	78
	59	80
	62	78
	60	78
	63	79
	61	77
	59	79
	62	77
	60	77
	63	78
	61	76
	59	78
	62	76
	60	76
	61	75
	62	75
	60	75
	63	76
	61	74
	59	76
	59	77
	59	75
	60	74
	59	74
	60	73
	61	73
	59	73
	62	74
	60	72
	61	72
	59	72
	62	73
	60	71
	61	71
	59	71
	62	72
	60	70
	62	71
	63	72
	61	70
	62	70
	63	71
	61	69
	62	69
	60	69
	63	70
	61	68
	59	70
	62	68
	60	68
	63	69
	61	67
	59	69
	62	67
	60	67
	63	68
	61	66
	59	68
	62	66
	60	66
	63	67
	61	65
	59	67
	62	65
	60	65
	63	66
	61	64
	62	64
	60	64
	63	65
	63	64
	64	65
	64	66
	64	64
	65	65
	63	63
	64	63
	65	64
	63	62
	65	63
	66	64
	64	62
	65	62
	66	63
	64	61
	64	83
	64	80
	63	77
	64	78
	63	75
	64	76
	63	74
	64	75
	63	73
	64	74
	64	73
	64	72
	64	71
	64	70
	64	69
	65	70
	64	68
	65	69
	65	68
	64	67
	65	67
	66	68
	65	66
	66	67
	66	66
	66	65
	67	66
	67	65
	67	64
	67	63
	68	64
	66	62
	67	62
	66	61
	67	61
	65	61
	68	62
	66	60
	67	60
	65	60
	66	59
	67	59
	65	59
	68	60
	66	58
	64	60
	67	58
	65	58
	68	59
	66	57
	64	59
	64	58
	65	57
	64	57
	65	56
	63	58
	63	61
	63	60
	63	59
	63	57
	64	56
	63	56
	64	55
	66	56
	67	57
	65	55
	66	55
	67	56
	65	54
	66	54
	64	54
	67	55
	65	53
	63	55
	66	53
	64	53
	67	54
	65	52
	63	54
	66	52
	64	52
	67	53
	65	51
	63	53
	66	51
	64	51
	67	52
	65	50
	63	52
	63	51
	64	50
	63	50
	64	49
	65	49
	63	49
	66	50
	64	48
	65	48
	63	48
	66	49
	64	47
	65	47
	63	47
	66	48
	64	46
	65	46
	63	46
	66	47
	64	45
	65	45
	63	45
	66	46
	64	44
	65	44
	63	44
	66	45
	64	43
	65	43
	63	43
	66	44
	64	42
	65	42
	63	42
	66	43
	64	41
	65	41
	63	41
	66	42
	64	40
	65	40
	63	40
	66	41
	64	39
	65	39
	63	39
	66	40
	64	38
	65	38
	63	38
	66	39
	64	37
	65	37
	63	37
	66	38
	64	36
	65	36
	63	36
	66	37
	64	35
	65	35
	63	35
	66	36
	64	34
	65	34
	63	34
	66	35
	64	33
	65	33
	63	33
	66	34
	64	32
	65	32
	63	32
	66	33
	64	31
	65	31
	63	31
	66	32
	64	30
	65	30
	63	30
	66	31
	64	29
	63	29
	63	28
	64	28
	65	29
	63	27
	64	27
	63	26
	64	26
	65	27
	63	25
	64	25
	63	24
	64	24
	65	25
	63	23
	64	23
	65	24
	63	22
	65	23
	66	24
	64	22
	65	26
	65	28
	67	46
	67	49
	67	50
	67	51
	68	52
	68	50
	67	48
	67	47
	68	48
	67	45
	68	46
	67	44
	67	43
	68	44
	67	42
	68	43
	67	41
	67	40
	68	41
	67	39
	68	40
	67	38
	67	37
	67	36
	67	35
	67	34
	67	33
	67	32
	66	30
	66	29
	67	30
	66	28
	67	29
	66	27
	67	28
	66	26
	67	27
	66	25
	67	26
	64	82
	64	77
	65	73
	65	71
	66	69
	67	67
	67	68
	68	67
	66	72
	67	72
	65	72
	66	73
	66	71
	67	73
	67	71
	66	74
	68	72
	66	70
	65	75
	66	75
	65	76
	65	74
	66	76
	65	77
	67	75
	66	77
	65	78
	66	78
	65	79
	67	77
	65	80
	64	81
	64	79
	65	81
	66	80
	65	82
	66	81
	65	83
	66	82
	65	84
	66	83
	66	79
	68	57
	68	56
	68	55
	68	54
	68	53
	69	54
	68	51
	69	52
	69	55
	69	53
	70	54
	68	58
	69	58
	69	59
	69	57
	70	58
	69	60
	68	61
	70	59
	68	49
	69	49
	69	50
	69	48
	70	49
	68	47
	69	47
	68	45
	69	46
	69	45
	68	42
	69	43
	69	41
	68	39
	68	38
	69	39
	68	36
	68	37
	68	35
	69	36
	68	34
	68	33
	69	34
	68	32
	67	31
	68	31
	69	32
	68	30
	68	29
	69	30
	68	28
	69	28
	68	27
	69	29
	69	27
	70	28
	68	26
	69	25
	70	25
	68	25
	69	26
	69	24
	70	26
	70	24
	68	24
	71	25
	69	23
	67	25
	70	23
	68	23
	71	24
	69	22
	67	24
	70	22
	68	22
	69	21
	70	21
	68	21
	71	22
	69	20
	67	22
	70	20
	68	20
	71	21
	69	19
	67	21
	70	19
	68	19
	71	20
	69	18
	67	20
	67	19
	68	18
	67	18
	68	17
	66	19
	66	18
	67	17
	66	17
	67	16
	65	18
	65	17
	66	16
	65	16
	66	15
	64	17
	64	16
	65	15
	64	15
	65	14
	63	16
	63	15
	62	15
	63	14
	64	14
	62	16
	62	14
	63	17
	63	13
	61	15
	61	16
	61	14
	62	17
	62	13
	60	15
	61	17
	62	18
	60	16
	63	19
	64	19
	62	19
	63	20
	63	18
	64	20
	64	18
	62	20
	63	21
	65	19
	61	19
	65	22
	66	22
	65	21
	66	23
	66	21
	64	21
	65	20
	67	23
	62	22
	62	21
	61	20
	60	20
	60	19
	61	18
	59	17
	60	17
	59	16
	60	18
	59	15
	59	14
	60	14
	59	13
	60	13
	59	12
	60	12
	61	13
	59	11
	60	11
	59	10
	60	10
	61	11
	59	9
	60	9
	61	10
	59	8
	61	9
	62	10
	60	8
	61	12
	62	11
	62	12
	66	20
	66	14
	67	15
	65	13
	64	13
	63	12
	64	12
	63	11
	63	10
	64	11
	62	9
	63	9
	64	10
	62	8
	61	8
	61	7
	62	7
	60	7
	63	8
	61	6
	60	6
	59	6
	60	5
	61	5
	59	7
	59	5
	62	6
	60	4
	59	4
	59	3
	60	3
	61	4
	59	2
	60	2
	61	3
	59	1
	60	1
	61	2
	59	0
	60	0
	61	1
	61	0
	62	0
	62	2
	62	3
	62	1
	63	2
	62	4
	63	4
	62	5
	63	5
	63	3
	64	4
	63	6
	64	6
	63	7
	64	7
	64	5
	65	6
	64	8
	65	8
	64	9
	65	9
	65	7
	66	8
	65	10
	65	11
	66	10
	66	13
	65	12
	66	12
	67	13
	68	15
	67	14
	68	16
	68	14
	69	15
	69	17
	70	18
	66	11
	67	11
	66	7
	65	5
	65	4
	66	5
	64	3
	64	2
	65	2
	64	1
	65	3
	65	1
	63	1
	66	2
	64	0
	63	0
	65	0
	66	3
	66	6
	67	6
	67	8
	66	9
	67	9
	67	7
	68	8
	67	10
	68	10
	68	11
	68	9
	67	12
	69	10
	68	12
	69	12
	68	13
	69	13
	69	11
	70	12
	70	15
	69	16
	69	14
	70	16
	70	14
	71	15
	70	17
	71	17
	71	19
	7	40
	8	39
	7	39
	8	38
	6	40
	7	38
	8	37
	6	39
	9	29
	10	29
	8	29
	9	30
	9	28
	10	30
	10	28
	8	30
	8	28
	9	31
	9	27
	7	29
	10	26
	11	26
	9	26
	10	27
	10	25
	11	25
	9	25
	10	24
	8	26
	11	24
	9	24
	10	23
	11	23
	9	23
	10	22
	8	24
	11	22
	9	22
	10	21
	11	21
	9	21
	10	20
	8	22
	11	20
	11	19
	10	19
	11	18
	9	20
	10	18
	11	17
	10	17
	11	16
	9	18
	12	15
	9	32
	8	31
	9	33
	8	34
	6	41
	6	42
	7	43
	5	41
	7	34
	6	34
	7	35
	7	33
	8	35
	8	33
	6	35
	6	33
	7	36
	7	32
	5	34
	8	27
	7	27
	7	28
	7	26
	8	25
	6	27
	8	23
	7	23
	8	20
	9	19
	8	21
	8	19
	7	20
	10	16
	9	16
	10	15
	11	15
	9	17
	9	15
	10	14
	8	16
	11	12
	12	12
	10	12
	11	13
	11	11
	12	13
	12	11
	10	13
	10	11
	11	14
	13	12
	11	10
	9	12
	13	7
	14	7
	12	7
	13	8
	13	6
	14	8
	14	6
	12	8
	12	6
	13	9
	13	5
	11	7
	14	4
	13	4
	14	5
	14	3
	13	3
	14	2
	12	4
	14	1
	13	2
	14	9
	13	11
	13	10
	12	14
	14	0
	13	0
	13	1
	12	1
	12	2
	12	3
	11	2
	11	3
	12	5
	11	4
	11	8
	11	6
	12	9
	10	7
	12	10
	11	9
	10	10
	9	13
	8	18
	7	24
	7	25
	6	26
	4	41
	5	42
	5	40
	4	42
	4	40
	5	43
	5	39
	3	41
	4	39
	5	38
	3	40
	6	32
	5	32
	6	31
	7	31
	5	33
	5	31
	8	32
	6	30
	4	32
	6	28
	5	28
	6	29
	5	29
	5	27
	4	28
	6	25
	6	24
	5	25
	7	21
	10	9
	9	10
	11	5
	10	6
	10	4
	11	1
	12	0
	10	2
	10	3
	10	5
	9	14
	8	15
	8	17
	15	94
	15	95
	15	93
	16	96
	14	94
	14	93
	15	89
	14	88
	15	85
	14	85
	14	86
	14	84
	13	85
	15	82
	14	82
	14	83
	14	81
	13	82
	14	80
	15	79
	14	79
	13	80
	14	78
	14	77
	13	78
	14	76
	14	75
	15	74
	13	76
	14	74
	14	73
	13	74
	13	73
	13	79
	12	79
	13	81
	12	81
	13	83
	12	82
	13	86
	13	84
	14	87
	12	85
	13	88
	14	89
	13	89
	13	87
	14	90
	12	88
	13	90
	14	91
	13	91
	14	92
	12	90
	13	92
	13	93
	12	92
	13	94
	14	95
	12	93
	13	95
	14	96
	12	94
	15	96
	13	96
	14	97
	15	97
	13	97
	14	98
	12	96
	15	98
	16	98
	15	99
	16	99
	16	97
	14	99
	15	100
	17	98
	13	98
	16	100
	17	100
	16	101
	17	101
	17	99
	15	101
	16	102
	14	100
	17	102
	18	102
	17	103
	18	103
	18	101
	16	103
	17	104
	19	102
	15	102
	18	104
	18	105
	19	105
	17	105
	18	106
	16	104
	12	89
	12	87
	11	88
	12	86
	12	84
	11	85
	11	82
	12	83
	11	83
	11	81
	12	80
	10	82
	11	80
	11	79
	12	78
	10	80
	12	77
	13	77
	11	77
	12	76
	11	78
	11	76
	12	75
	10	77
	13	75
	11	75
	12	74
	11	74
	12	73
	10	75
	11	72
	12	72
	10	72
	11	73
	11	71
	12	71
	10	73
	10	71
	13	72
	11	70
	9	72
	12	70
	10	70
	11	69
	12	69
	10	69
	11	68
	9	70
	12	68
	10	68
	11	67
	10	67
	11	66
	9	68
	10	65
	9	64
	9	62
	9	63
	8	62
	9	59
	8	59
	9	60
	9	58
	8	60
	8	58
	9	57
	7	59
	9	56
	8	56
	9	55
	8	57
	8	55
	7	56
	7	55
	8	54
	7	54
	8	53
	6	55
	13	71
	8	61
	8	52
	7	53
	8	51
	8	50
	7	51
	7	50
	7	49
	6	50
	7	48
	6	49
	7	47
	6	48
	6	47
	7	46
	6	46
	7	45
	5	47
	8	45
	6	45
	7	44
	5	46
	6	44
	5	45
	6	43
	8	36
	7	30
	19	106
	20	107
	19	107
	19	108
	20	109
	18	107
	19	109
	18	108
	19	110
	20	111
	18	109
	19	111
	20	112
	18	110
	19	112
	20	113
	19	113
	20	114
	18	112
	19	114
	18	113
	19	115
	20	116
	18	114
	19	116
	20	117
	18	115
	20	118
	19	118
	20	119
	21	119
	21	117
	19	119
	19	117
	20	120
	18	118
	19	120
	20	121
	18	119
	21	121
	19	121
	20	122
	18	120
	21	122
	19	122
	20	123
	18	121
	21	123
	19	123
	20	124
	18	122
	21	124
	19	124
	20	125
	18	123
	21	125
	19	125
	20	126
	19	126
	20	127
	18	125
	19	129
	20	128
	19	130
	19	128
	18	129
	19	131
	18	131
	18	132
	18	133
	18	134
	18	135
	17	135
	17	136
	17	137
	16	148
	15	149
	14	150
	14	151
	13	151
	15	148
	14	148
	15	147
	14	149
	14	147
	15	146
	13	148
	16	143
	15	143
	16	144
	16	142
	17	142
	15	144
	15	142
	16	145
	16	141
	14	143
	16	140
	17	140
	15	140
	16	139
	15	141
	15	139
	16	138
	14	140
	16	137
	17	138
	16	136
	15	137
	17	134
	16	135
	17	133
	18	130
	17	131
	19	127
	18	128
	18	126
	99	135
	100	135
	98	135
	99	136
	99	134
	100	136
	100	134
	98	136
	99	137
	101	135
	102	133
	101	134
	102	134
	103	133
	103	132
	104	132
	104	131
	105	131
	105	130
	106	130
	106	131
	105	132
	107	130
	107	131
	107	129
	106	132
	108	130
	108	129
	108	128
	109	129
	104	133
	103	134
	104	134
	103	135
	105	133
	102	135
	101	136
	97	136
	98	137
	96	136
	97	137
	96	137
	95	137
	13	166
	13	167
	13	165
	14	164
	12	166
	14	160
	13	160
	14	161
	15	161
	13	161
	13	159
	14	162
	12	160
	12	156
	12	157
	13	158
	11	156
	13	152
	12	152
	12	153
	12	151
	13	150
	11	152
	13	149
	13	147
	14	146
	12	148
	14	141
	14	142
	13	141
	15	138
	15	136
	14	137
	15	135
	16	134
	15	134
	16	133
	14	135
	17	132
	16	132
	16	131
	17	130
	15	132
	17	128
	16	128
	17	129
	17	127
	18	127
	16	129
	16	127
	17	126
	15	128
	16	126
	17	125
	15	127
	17	123
	18	124
	17	124
	17	122
	16	123
	17	121
	17	120
	16	121
	17	119
	17	118
	18	117
	16	119
	17	115
	18	116
	17	116
	17	114
	16	115
	18	111
	17	112
	17	110
	17	106
	15	103
	14	101
	13	100
	13	101
	13	99
	14	102
	12	100
	12	98
	12	99
	12	97
	11	98
	11	97
	11	96
	12	95
	10	97
	66	109
	65	109
	66	110
	65	110
	64	110
	63	110
	62	110
	61	110
	67	111
	62	111
	61	111
	61	112
	60	113
	59	114
	58	114
	59	113
	60	112
	60	111
	59	111
	59	112
	58	113
	58	112
	58	111
	57	114
	56	114
	56	113
	55	113
	62	112
	63	113
	64	113
	65	113
	65	114
	66	114
	66	113
	66	112
	66	111
	65	111
	65	112
	64	112
	64	111
	63	112
	63	111
	57	113
	57	112
	57	111
	56	112
	56	111
	55	112
	55	111
	55	110
	54	112
	53	111
	52	111
	53	112
	54	110
	53	110
	54	111
	52	110
	52	109
	28	136
	29	136
	30	136
	30	137
	29	137
	28	137
	28	138
	29	138
	30	138
	30	139
	29	139
	28	139
	28	140
	29	140
	31	140
	32	140
	33	140
	34	140
	36	140
	37	140
	38	140
	39	140
	40	140
	41	140
	44	140
	43	140
	42	140
	35	140
	30	140
	53	140
	52	140
	54	140
	55	140
	56	140
	57	140
	58	140
	59	140
	60	140
	61	140
	62	140
	21	180
	22	180
	23	180
	24	180
	25	180
	95	118
	95	116
	95	117
	96	122
	95	123
	96	123
	96	121
	95	124
	96	124
	95	125
	96	125
	96	119
	97	119
	96	120
	96	118
	97	120
	98	119
	98	120
	97	121
	98	121
	98	122
	97	122
	98	123
	97	123
	98	124
	97	124
	98	125
	97	125
	17	60
	18	60
	19	60
	20	60
	20	61
	20	62
	20	63
	20	64
	20	65
	26	80
	51	79
	26	79
	26	78
	26	77
	51	80
	26	76
	26	75
	51	78
	51	77
	51	76
	51	75
	26	95
	26	96
	26	94
	26	93
	51	96
	51	95
	51	94
	51	93
	91	129
	92	129
	94	129
	93	129
	91	128
	92	128
	93	128
	94	128
	91	127
	92	127
	93	127
	94	127
	91	126
	92	126
	93	126
	94	126
	91	116
	91	117
	92	118
	91	118
	93	118
	94	118
	94	117
	92	117
	93	117
	92	116
	93	116
	94	116
	83	115
	82	115
	82	116
	83	116
	81	115
	81	116
	90	129
	90	127
	90	128
	90	126
	90	118
	90	117
	90	116
	45	140
	45	139
	45	138
	45	137
	45	136
	65	127
	66	127
	62	128
	64	127
	67	127
	63	128
	64	128
	65	128
	67	128
	66	128
InvisibleObstacle		
AW1		
	69	126
	70	126
	68	126
	69	127
	69	125
	70	127
	70	125
	68	127
	68	125
	68	124
	69	124
	70	124
	69	123
	70	123
	68	123
	69	122
	70	122
	68	122
	69	121
	70	121
	68	121
	69	120
	70	120
	68	120
	69	119
	70	119
	68	119
	69	118
	70	118
	68	118
	69	117
	70	117
	68	117
AW2		
	44	130
	45	130
	43	130
	44	131
	44	129
	45	131
	45	129
	43	131
	43	129
	46	130
	46	131
	46	129
	47	130
	47	131
	47	129
	48	130
	48	131
	48	129
	49	130
	49	131
	49	129
	50	130
	50	131
	50	129
	51	130
	51	131
	51	129
	52	130
	52	131
	52	129
	53	130
	53	131
	53	129
	54	130
	54	131
	54	129
AW3		
	46	137
	47	137
	45	137
	46	138
	46	136
	47	138
	47	136
	45	138
	45	136
	48	137
	48	138
	48	136
	49	137
	49	138
	49	136
	50	137
	50	138
	50	136
	51	137
	51	138
	51	136
	46	139
	47	139
	45	139
	48	139
	49	139
	50	139
	51	139
	51	140
	50	140
	49	140
	48	140
	47	140
	46	140
	45	140
AW4		
	31	107
	32	107
	30	107
	31	108
	31	106
	32	108
	32	106
	30	108
	30	106
	33	107
	34	107
	33	108
	33	106
	34	108
	34	106
	35	107
	36	107
	35	108
	35	106
	36	108
	36	106
	38	107
	39	107
	37	107
	38	108
	38	106
	39	108
	39	106
	37	108
	37	106
	40	107
	41	107
	40	108
	40	106
	41	108
	41	106
	42	107
	43	107
	42	108
	42	106
	43	108
	43	106
	44	108
	45	108
	44	107
	45	107
	44	106
	45	106
	46	107
	46	108
	46	106
	47	107
	47	108
	47	106
	49	107
	50	107
	48	107
	49	108
	49	106
	50	108
	50	106
	48	108
	48	106
	51	107
	51	108
	51	106
	52	107
	52	108
	52	106
AW5		
	31	98
	32	98
	30	98
	31	99
	31	97
	32	99
	32	97
	30	99
	30	97
	33	98
	33	99
	33	97
	34	98
	35	98
	34	99
	34	97
	35	99
	35	97
	37	98
	38	98
	36	98
	37	99
	37	97
	38	99
	38	97
	36	99
	36	97
	39	98
	39	99
	39	97
	40	98
	41	98
	40	99
	40	97
	41	99
	41	97
	42	98
	42	99
	42	97
	43	98
	43	99
	43	97
	44	98
	44	99
	44	97
	45	98
	46	98
	45	99
	45	97
	46	99
	46	97
	47	98
	47	99
	47	97
CG1		
	66	128
	67	128
	65	128
	66	127
	67	127
	65	127
	66	126
	67	126
	65	126
	66	125
	67	125
	65	125
	66	124
	67	124
	65	124
	66	123
	67	123
	65	123
	66	121
	67	121
	65	121
	66	122
	66	120
	67	122
	67	120
	65	122
	65	120
	66	119
	67	119
	65	119
	66	118
	67	118
	65	118
	66	117
	67	117
	65	117
	66	116
	67	116
	65	116
CG2		
	41	127
	42	127
	40	127
	41	128
	41	126
	42	128
	42	126
	40	128
	40	126
	43	127
	44	127
	43	128
	43	126
	44	128
	44	126
	45	127
	46	127
	45	128
	45	126
	46	128
	46	126
	47	127
	47	128
	47	126
	50	127
	51	127
	49	127
	50	128
	50	126
	51	128
	51	126
	49	128
	49	126
	48	127
	48	128
	48	126
	52	127
	52	128
	52	126
	53	127
	54	127
	53	128
	53	126
	54	128
	54	126
	56	127
	57	127
	55	127
	56	128
	56	126
	57	128
	57	126
	55	128
	55	126
CG3		
	28	142
	29	142
	30	142
	31	142
	32	142
	33	142
	34	142
	36	142
	37	142
	38	142
	39	142
	40	142
	41	142
	42	142
	43	142
	44	142
	45	142
	46	142
	47	142
	48	142
	49	142
	49	143
	50	143
	51	143
	50	142
	51	142
	52	142
	53	142
	54	142
	55	142
	56	142
	57	142
	58	142
	59	142
	60	142
	35	142
	28	143
	29	143
	30	143
	31	143
	32	143
	33	143
	34	143
	35	143
	36	143
	37	143
	38	143
	39	143
	40	143
	41	143
	42	143
	43	143
	44	143
	45	143
	46	143
	47	143
	48	143
	52	143
	53	143
	54	143
	55	143
	56	143
	57	143
	58	143
	59	143
CG4		
	30	110
	31	110
	29	110
	30	111
	30	109
	31	111
	31	109
	29	111
	29	109
	33	110
	34	110
	32	110
	33	111
	33	109
	34	111
	34	109
	32	111
	32	109
	35	110
	36	110
	35	111
	35	109
	36	111
	36	109
	37	110
	37	111
	37	109
	39	110
	40	110
	38	110
	39	111
	39	109
	40	111
	40	109
	38	111
	38	109
	42	110
	43	110
	41	110
	42	111
	42	109
	43	111
	43	109
	41	111
	41	109
	44	110
	45	110
	44	111
	44	109
	45	111
	45	109
	46	110
	47	110
	46	111
	46	109
	47	111
	47	109
	48	110
	49	110
	48	111
	48	109
	49	111
	49	109
	50	110
	50	111
	50	109
	51	110
	52	110
	51	111
	51	109
	52	111
	52	109
CG5		
	27	94
	28	94
	26	94
	29	94
	30	94
	31	94
	32	94
	33	94
	34	94
	35	94
	37	94
	38	94
	36	94
	40	94
	41	94
	39	94
	43	94
	44	94
	42	94
	45	94
	46	94
	47	94
	48	94
	49	94
	50	94
	51	94
	27	95
	27	93
	28	93
	28	95
	29	95
	30	95
	31	95
	32	95
	33	95
	34	95
	36	95
	37	95
	38	95
	39	95
	41	95
	42	95
	43	95
	44	95
	45	95
	46	95
	47	95
	48	95
	49	95
	50	95
	51	95
	40	95
	35	95
	29	93
	30	93
	31	93
	32	93
	33	93
	34	93
	35	93
	36	93
	37	93
	38	93
	39	93
	40	93
	41	93
	43	93
	44	93
	42	93
	46	93
	45	93
	47	93
	48	93
	49	93
	50	93
	51	93
