Key	CellX	CellY
VisibleObstacle		
	101	92
	99	95
	100	94
	98	95
	99	93
	99	94
	98	93
	100	92
	99	92
	98	92
	97	92
	97	94
	100	95
	98	94
	100	93
	97	93
	97	95
	102	96
	103	96
	101	96
	102	97
	102	95
	103	97
	103	95
	101	97
	101	95
	102	94
	103	94
	101	94
	104	95
	104	96
	104	94
	103	93
	104	93
	102	93
	103	92
	104	92
	102	92
	105	93
	105	94
	105	92
	104	91
	105	91
	103	91
	104	90
	105	90
	103	90
	106	91
	106	92
	106	90
	105	89
	106	89
	104	89
	107	90
	107	91
	107	89
	106	88
	107	88
	105	88
	108	88
	107	87
	108	89
	108	87
	106	87
	107	86
	108	86
	106	86
	107	85
	108	85
	106	85
	109	86
	109	87
	109	85
	108	84
	109	84
	107	84
	110	85
	110	86
	110	84
	109	83
	110	83
	108	83
	109	82
	110	82
	108	82
	111	82
	110	81
	111	83
	111	81
	109	81
	110	80
	111	80
	109	80
	112	81
	112	82
	112	80
	111	79
	112	79
	110	79
	111	78
	112	78
	110	78
	111	77
	112	77
	110	77
	111	76
	112	76
	110	76
	113	77
	113	78
	113	76
	112	75
	113	75
	111	75
	112	74
	113	74
	111	74
	112	73
	113	73
	111	73
	114	74
	114	75
	114	73
	113	72
	114	72
	112	72
	113	71
	114	71
	112	71
	113	70
	114	70
	112	70
	113	69
	114	69
	112	69
	113	68
	114	68
	112	68
	113	67
	114	67
	112	67
	113	66
	114	66
	112	66
	113	65
	114	65
	112	65
	113	64
	114	64
	112	64
	113	63
	114	63
	112	63
	111	63
	112	62
	113	62
	111	64
	111	62
	112	61
	113	61
	111	61
	112	60
	113	60
	111	60
	112	59
	113	59
	111	59
	112	58
	113	58
	111	58
	110	59
	110	60
	110	58
	111	57
	112	57
	110	57
	111	56
	112	56
	110	56
	111	55
	112	55
	110	55
	109	55
	110	54
	111	54
	109	56
	109	54
	110	53
	111	53
	109	53
	108	54
	108	55
	108	53
	109	52
	110	52
	108	52
	107	52
	108	51
	109	51
	107	53
	107	51
	108	50
	109	50
	107	50
	108	49
	109	49
	107	49
	106	50
	106	51
	106	49
	107	48
	108	48
	106	48
	105	49
	105	50
	105	48
	106	47
	107	47
	105	47
	104	48
	104	49
	104	47
	105	46
	106	46
	104	46
	103	47
	103	48
	103	46
	104	45
	105	45
	103	45
	102	46
	102	47
	102	45
	103	44
	104	44
	102	44
	101	44
	102	43
	103	43
	101	45
	101	43
	100	44
	100	45
	100	43
	101	42
	102	42
	100	42
	99	43
	99	44
	99	42
	100	41
	101	41
	99	41
	98	41
	99	40
	100	40
	98	42
	98	40
	99	39
	100	39
	98	39
	97	40
	97	41
	97	39
	96	40
	96	41
	96	39
	97	38
	98	38
	96	38
	95	39
	95	40
	95	38
	94	39
	94	40
	94	38
	95	37
	96	37
	94	37
	93	38
	93	39
	93	37
	94	36
	95	36
	93	36
	92	37
	92	38
	92	36
	93	35
	94	35
	92	35
	91	36
	91	37
	91	35
	90	36
	90	37
	90	35
	89	36
	89	37
	89	35
	90	34
	91	34
	89	34
	88	35
	88	36
	88	34
	87	35
	87	36
	87	34
	86	34
	87	33
	88	33
	86	35
	86	33
	85	34
	85	35
	85	33
	84	34
	84	35
	84	33
	85	32
	86	32
	84	32
	83	33
	83	34
	83	32
	82	33
	82	34
	82	32
	83	31
	84	31
	82	31
	81	32
	81	33
	81	31
	80	32
	80	33
	80	31
	79	32
	79	33
	79	31
	78	32
	78	33
	78	31
	77	32
	77	33
	77	31
	78	34
	79	34
	77	34
	76	33
	76	34
	76	32
	75	33
	75	34
	75	32
	74	33
	74	34
	74	32
	73	33
	73	34
	73	32
	72	33
	72	34
	72	32
	71	33
	71	34
	71	32
	70	33
	70	34
	70	32
	69	34
	70	35
	71	35
	69	35
	69	33
	68	34
	68	35
	68	33
	67	34
	67	35
	67	33
	66	34
	66	35
	66	33
	67	36
	68	36
	66	36
	65	35
	65	36
	65	34
	64	35
	64	36
	64	34
	63	35
	63	36
	63	34
	64	37
	65	37
	63	37
	62	36
	62	37
	62	35
	61	36
	61	37
	61	35
	62	38
	63	38
	61	38
	60	37
	60	38
	60	36
	61	39
	97	42
	60	39
	59	38
	59	39
	59	37
	58	39
	59	40
	105	51
	58	40
	58	38
	57	39
	57	40
	57	38
	56	39
	56	40
	56	38
	57	41
	58	41
	56	41
	55	40
	55	41
	55	39
	56	42
	57	42
	55	42
	54	41
	54	42
	54	40
	53	41
	53	42
	53	40
	54	43
	55	43
	53	43
	52	42
	52	43
	52	41
	53	44
	54	44
	52	44
	51	43
	51	44
	51	42
	52	45
	53	45
	51	45
	52	46
	107	55
	51	46
	50	45
	50	46
	50	44
	51	47
	47	83
	50	47
	49	46
	49	47
	49	45
	48	46
	48	47
	48	45
	49	48
	50	48
	48	48
	47	47
	47	48
	47	46
	48	49
	49	49
	47	49
	48	50
	49	50
	47	50
	46	49
	46	50
	46	48
	47	51
	48	51
	46	51
	45	50
	45	51
	45	49
	46	52
	47	52
	45	52
	44	52
	45	53
	46	53
	44	53
	44	51
	45	54
	46	54
	44	54
	45	55
	46	55
	44	55
	43	54
	43	55
	43	53
	44	56
	45	56
	43	56
	44	57
	45	57
	43	57
	42	56
	42	57
	42	55
	43	58
	44	58
	42	58
	43	59
	44	59
	42	59
	43	60
	44	60
	42	60
	41	59
	41	60
	41	58
	42	61
	43	61
	41	61
	42	62
	43	62
	41	62
	42	63
	43	63
	41	63
	42	64
	43	64
	41	64
	40	63
	40	64
	40	62
	41	65
	42	65
	40	65
	41	66
	42	66
	40	66
	41	67
	42	67
	40	67
	41	68
	42	68
	40	68
	41	69
	42	69
	40	69
	41	70
	42	70
	40	70
	41	71
	42	71
	40	71
	41	72
	42	72
	40	72
	41	73
	42	73
	40	73
	41	74
	42	74
	40	74
	43	73
	43	74
	43	72
	42	75
	43	75
	41	75
	48	87
	49	87
	47	87
	48	88
	48	86
	49	88
	49	86
	47	88
	47	86
	46	87
	46	88
	46	86
	47	85
	48	85
	46	85
	45	86
	45	87
	45	85
	46	84
	47	84
	45	84
	44	85
	44	86
	44	84
	45	83
	46	83
	44	83
	45	82
	46	82
	44	82
	43	83
	43	84
	43	82
	44	81
	45	81
	43	81
	44	80
	45	80
	43	80
	44	79
	45	79
	43	79
	42	80
	42	81
	42	79
	43	78
	44	78
	42	78
	43	77
	44	77
	42	77
	41	78
	41	79
	41	77
	42	76
	43	76
	41	76
	48	89
	49	89
	47	89
	48	90
	49	90
	47	90
	48	91
	49	91
	47	91
	48	92
	49	92
	47	92
	50	91
	50	92
	50	90
	49	93
	50	93
	48	93
	49	94
	50	94
	48	94
	51	93
	51	94
	51	92
	50	95
	51	95
	49	95
	52	94
	52	95
	52	93
	51	96
	52	96
	50	96
	53	95
	53	96
	53	94
	54	95
	54	96
	54	94
	53	97
	54	97
	52	97
	55	96
	55	97
	55	95
	56	97
	55	98
	56	98
	56	96
	54	98
	57	97
	57	98
	57	96
	58	98
	57	99
	58	99
	58	97
	56	99
	59	98
	59	99
	59	97
	58	100
	59	100
	57	100
	60	99
	60	100
	60	98
	61	99
	61	100
	61	98
	62	99
	62	100
	62	98
	61	101
	62	101
	60	101
	63	100
	63	101
	63	99
	62	102
	63	102
	61	102
	64	101
	64	102
	64	100
	65	101
	65	102
	65	100
	66	101
	66	102
	66	100
	65	103
	66	103
	64	103
	67	102
	67	103
	67	101
	66	104
	67	104
	65	104
	68	103
	68	104
	68	102
	69	103
	69	104
	69	102
	70	103
	70	104
	70	102
	71	104
	70	105
	71	105
	71	103
	69	105
	72	104
	72	105
	72	103
	73	104
	73	105
	73	103
	74	104
	74	105
	74	103
	75	104
	75	105
	75	103
	76	104
	76	105
	76	103
	77	104
	77	105
	77	103
	78	104
	78	105
	78	103
	79	104
	79	105
	79	103
	80	104
	80	105
	80	103
	81	104
	81	105
	81	103
	82	104
	82	105
	82	103
	83	104
	83	105
	83	103
	84	104
	84	105
	84	103
	85	104
	85	105
	85	103
	86	104
	86	105
	86	103
	87	104
	87	105
	87	103
	88	103
	87	102
	88	104
	88	102
	86	102
	89	103
	89	104
	89	102
	90	103
	90	104
	90	102
	89	101
	90	101
	88	101
	91	102
	91	103
	91	101
	92	102
	92	103
	92	101
	91	100
	92	100
	90	100
	93	101
	93	102
	93	100
	94	101
	94	102
	94	100
	95	100
	94	99
	95	101
	95	99
	93	99
	96	100
	96	101
	96	99
	97	100
	97	101
	97	99
	96	98
	97	98
	95	98
	98	99
	98	100
	98	98
	97	97
	98	97
	96	97
	99	98
	99	99
	99	97
	100	97
	99	96
	100	98
	100	96
	98	96
	50	89
	58	96
	56	95
	57	95
	55	94
	56	94
	53	93
	54	93
	52	92
	51	91
	53	92
	71	101
	52	91
	51	90
	52	90
	51	89
	50	88
	44	76
	44	75
	44	74
	43	71
	43	70
	43	69
	43	68
	43	67
	43	66
	43	65
	45	59
	40	60
	45	58
	46	56
	46	81
	44	62
	44	63
	44	61
	70	36
	98	43
	69	36
	72	35
	73	35
	74	35
	75	35
	76	35
	77	35
	80	34
	81	34
	83	35
	82	35
	79	35
	80	35
	78	35
	81	35
	85	36
	86	36
	84	36
	88	37
	91	38
	90	38
	111	70
	111	71
	111	69
	111	68
	111	67
	111	66
	111	65
	110	62
	110	63
	110	61
	109	59
	109	60
	109	58
	109	57
	108	56
	108	57
	107	54
	106	52
	106	53
	110	75
	109	75
	110	74
	109	76
	44	50
	110	73
	111	72
	110	72
	110	71
	110	70
	110	69
	110	68
	110	67
	110	66
	110	65
	110	64
	101	93
	102	91
	102	90
	103	89
	104	88
	105	87
	104	87
	105	86
	105	85
	106	84
	107	83
	106	83
	107	82
	108	81
	107	81
	108	80
	109	79
	108	79
	109	78
	109	77
	71	102
	72	102
	73	102
	74	102
	75	102
	76	102
	77	102
	78	102
	79	102
	80	102
	81	102
	82	102
	83	102
	82	101
	83	101
	81	101
	84	102
	84	101
	85	102
	85	101
	86	101
	87	101
	87	100
	88	100
	86	100
	89	100
	89	99
	90	99
	91	99
	92	99
	91	98
	92	98
	90	98
	93	98
	94	98
	93	97
	94	97
	95	97
	95	96
	96	96
	97	96
	69	101
	70	101
	68	101
	67	100
	64	99
	60	97
	96	95
	96	94
	96	93
	61	196
	62	196
	60	196
	61	197
	61	195
	62	197
	62	195
	60	197
	60	195
	63	196
	63	197
	63	195
	64	196
	64	197
	64	195
	65	196
	65	197
	65	195
	66	196
	67	196
	66	197
	66	195
	67	197
	67	195
	68	196
	68	197
	68	195
	142	32
	141	30
	141	32
	69	197
	140	31
	69	196
	70	197
	142	31
	70	196
	71	197
	141	31
	71	196
	69	195
	70	195
	71	195
	72	196
	72	197
	72	195
	73	196
	73	197
	73	195
	74	196
	74	197
	74	195
	75	196
	75	197
	75	195
	76	196
	76	197
	76	195
	77	196
	77	197
	77	195
	78	196
	78	197
	78	195
	79	196
	79	197
	79	195
	80	196
	80	197
	80	195
	81	196
	81	197
	81	195
	82	196
	82	197
	82	195
	83	196
	83	197
	83	195
	84	196
	84	197
	84	195
	85	196
	85	197
	85	195
	86	196
	86	197
	86	195
	87	196
	87	197
	87	195
	88	196
	88	197
	88	195
	89	196
	89	197
	89	195
	90	196
	90	197
	90	195
	91	196
	91	197
	91	195
	92	196
	92	197
	92	195
	61	194
	62	194
	60	194
	61	193
	62	193
	60	193
	61	192
	62	192
	60	192
	61	191
	62	191
	60	191
	61	190
	62	190
	60	190
	61	189
	62	189
	60	189
	61	188
	62	188
	60	188
	61	187
	62	187
	60	187
	61	186
	62	186
	60	186
	61	185
	62	185
	60	185
	61	184
	62	184
	60	184
	61	183
	62	183
	60	183
	61	182
	62	182
	60	182
	61	181
	62	181
	60	181
	61	180
	62	180
	60	180
	61	179
	62	179
	60	179
	61	178
	62	178
	60	178
	61	177
	62	177
	60	177
	61	176
	62	176
	60	176
	61	175
	62	175
	60	175
	61	174
	62	174
	60	174
	61	173
	62	173
	60	173
	61	172
	62	172
	60	172
	61	171
	62	171
	60	171
	61	170
	62	170
	60	170
	61	169
	62	169
	60	169
	61	168
	62	168
	60	168
	61	167
	62	167
	60	167
	61	166
	62	166
	60	166
	61	165
	62	165
	60	165
	61	164
	62	164
	60	164
	61	163
	62	163
	60	163
	61	162
	62	162
	60	162
	61	161
	62	161
	60	161
	61	160
	62	160
	60	160
	61	159
	62	159
	60	159
	61	158
	62	158
	60	158
	61	157
	62	157
	60	157
	61	156
	62	156
	60	156
	61	155
	62	155
	60	155
	61	154
	62	154
	60	154
	61	153
	62	153
	60	153
	140	30
	60	152
	61	152
	143	31
	140	32
	60	151
	61	151
	142	30
	62	152
	62	151
	61	150
	62	150
	60	150
	61	149
	62	149
	60	149
	61	148
	62	148
	60	148
	63	149
	63	150
	63	148
	62	147
	63	147
	61	147
	62	146
	63	146
	61	146
	62	145
	63	145
	61	145
	64	145
	63	144
	64	146
	64	144
	62	144
	63	143
	64	143
	62	143
	63	142
	64	142
	62	142
	65	143
	65	144
	65	142
	64	141
	65	141
	63	141
	66	142
	66	143
	66	141
	65	140
	66	140
	64	140
	67	141
	67	142
	67	140
	68	140
	67	139
	68	141
	68	139
	66	139
	69	140
	69	141
	69	139
	68	138
	69	138
	67	138
	70	139
	70	140
	70	138
	71	139
	71	140
	71	138
	70	137
	71	137
	69	137
	72	138
	72	139
	72	137
	73	137
	72	136
	73	138
	73	136
	71	136
	74	137
	74	138
	74	136
	75	137
	75	138
	75	136
	76	137
	76	138
	76	136
	77	136
	76	135
	77	137
	77	135
	75	135
	78	136
	78	137
	78	135
	79	136
	79	137
	79	135
	80	136
	80	137
	80	135
	81	136
	81	137
	81	135
	80	138
	81	138
	79	138
	82	137
	82	138
	82	136
	83	137
	83	138
	83	136
	84	138
	83	139
	84	139
	84	137
	82	139
	85	138
	85	139
	85	137
	84	140
	85	140
	83	140
	86	139
	86	140
	86	138
	87	140
	86	141
	87	141
	87	139
	85	141
	88	140
	88	141
	88	139
	87	142
	88	142
	86	142
	89	141
	89	142
	89	140
	88	143
	89	143
	87	143
	90	142
	90	143
	90	141
	89	144
	90	144
	88	144
	91	143
	91	144
	91	142
	90	145
	91	145
	89	145
	90	146
	91	146
	89	146
	92	145
	92	146
	92	144
	91	147
	92	147
	90	147
	91	148
	92	148
	90	148
	91	149
	92	149
	90	149
	143	30
	92	150
	144	31
	143	32
	91	150
	91	194
	92	194
	90	194
	91	193
	92	193
	90	193
	91	192
	92	192
	90	192
	91	191
	92	191
	90	191
	91	190
	92	190
	90	190
	91	189
	92	189
	90	189
	91	188
	92	188
	90	188
	91	187
	92	187
	90	187
	91	186
	92	186
	90	186
	91	185
	92	185
	90	185
	91	184
	92	184
	90	184
	91	183
	92	183
	90	183
	91	182
	92	182
	90	182
	91	181
	92	181
	90	181
	145	32
	92	180
	145	30
	145	31
	91	180
	92	179
	144	30
	91	179
	92	178
	144	32
	91	178
	90	179
	90	180
	90	178
	91	177
	92	177
	90	177
	91	176
	92	176
	90	176
	91	175
	92	175
	90	175
	91	174
	92	174
	90	174
	150	32
	90	173
	91	173
	141	34
	149	31
	90	172
	91	172
	142	34
	90	171
	91	171
	149	32
	90	170
	91	170
	142	35
	90	169
	91	169
	140	34
	92	173
	92	172
	92	171
	92	170
	92	169
	91	168
	92	168
	90	168
	91	167
	92	167
	90	167
	91	166
	92	166
	90	166
	148	30
	141	35
	148	32
	90	165
	91	165
	148	31
	90	164
	91	164
	147	30
	90	163
	91	163
	147	32
	92	164
	92	165
	92	163
	91	162
	92	162
	90	162
	91	161
	92	161
	90	161
	91	160
	92	160
	90	160
	91	159
	92	159
	90	159
	91	158
	92	158
	90	158
	146	30
	90	157
	91	157
	147	31
	146	31
	90	156
	91	156
	146	32
	92	157
	92	156
	91	155
	92	155
	90	155
	91	154
	92	154
	90	154
	91	153
	92	153
	90	153
	91	152
	92	152
	90	152
	91	151
	92	151
	90	151
	90	150
	150	31
	151	32
	140	33
	151	31
	152	32
	142	33
	152	31
	153	32
	141	33
	153	31
	150	30
	151	30
	149	30
	152	30
	153	30
	154	31
	154	32
	154	30
	155	31
	155	32
	155	30
	156	31
	156	32
	156	30
	157	31
	157	32
	157	30
	158	31
	158	32
	158	30
	159	31
	159	32
	159	30
	160	31
	160	32
	160	30
	161	31
	161	32
	161	30
	162	31
	163	31
	162	32
	162	30
	163	32
	163	30
	164	31
	164	32
	164	30
	165	31
	165	32
	165	30
	166	31
	166	32
	166	30
	167	31
	167	32
	167	30
	168	31
	168	32
	168	30
	169	31
	169	32
	169	30
	170	31
	170	32
	170	30
	171	31
	171	32
	171	30
	172	31
	172	32
	172	30
	140	35
	141	36
	142	36
	140	36
	141	37
	142	37
	140	37
	141	38
	142	38
	140	38
	141	39
	142	39
	140	39
	141	40
	142	40
	140	40
	141	41
	142	41
	140	41
	141	42
	142	42
	140	42
	141	43
	142	43
	140	43
	141	44
	142	44
	140	44
	141	45
	142	45
	140	45
	141	46
	142	46
	140	46
	141	47
	142	47
	140	47
	141	48
	142	48
	140	48
	141	49
	142	49
	140	49
	141	50
	142	50
	140	50
	141	51
	142	51
	140	51
	141	52
	142	52
	140	52
	141	53
	142	53
	140	53
	141	54
	142	54
	140	54
	141	55
	142	55
	140	55
	141	56
	142	56
	140	56
	141	57
	142	57
	140	57
	141	58
	142	58
	140	58
	141	59
	142	59
	140	59
	141	60
	142	60
	140	60
	141	61
	142	61
	140	61
	141	62
	142	62
	140	62
	141	63
	142	63
	140	63
	141	64
	142	64
	140	64
	141	65
	142	65
	140	65
	141	66
	142	66
	140	66
	141	67
	142	67
	140	67
	141	68
	142	68
	140	68
	141	69
	142	69
	140	69
	141	70
	142	72
	140	70
	141	71
	142	73
	140	71
	141	72
	142	70
	140	72
	141	73
	142	71
	140	73
	142	105
	140	105
	141	105
	142	74
	139	104
	141	74
	142	75
	139	105
	141	75
	142	76
	139	103
	141	76
	142	77
	138	104
	141	77
	140	76
	140	77
	140	75
	140	74
	141	86
	142	86
	140	86
	141	87
	141	85
	142	87
	142	85
	140	87
	140	85
	135	105
	135	104
	136	103
	140	84
	141	84
	136	105
	140	83
	141	83
	136	104
	140	82
	141	82
	137	103
	140	81
	141	81
	137	105
	142	84
	142	83
	142	82
	142	81
	141	80
	142	80
	140	80
	141	79
	142	79
	140	79
	137	104
	138	103
	140	78
	141	78
	138	105
	142	78
	141	103
	142	103
	140	103
	141	104
	141	102
	142	104
	142	102
	140	104
	140	102
	141	101
	142	101
	140	101
	141	100
	142	100
	140	100
	141	99
	142	99
	140	99
	141	98
	142	98
	140	98
	141	97
	142	97
	140	97
	141	96
	142	96
	140	96
	141	95
	142	95
	140	95
	141	94
	142	94
	140	94
	141	93
	142	93
	140	93
	141	92
	142	92
	140	92
	141	91
	142	91
	140	91
	141	90
	142	90
	140	90
	141	89
	142	89
	140	89
	141	88
	142	88
	140	88
	135	103
	134	104
	134	105
	134	103
	133	104
	133	105
	133	103
	132	104
	132	105
	132	103
	131	103
	130	104
	130	105
	131	105
	130	103
	131	104
	131	106
	132	106
	130	106
	131	107
	132	107
	130	107
	129	106
	128	106
	129	107
	129	105
	128	107
	128	105
	127	106
	126	106
	127	107
	127	105
	126	107
	126	105
	127	108
	128	108
	126	108
	127	109
	128	109
	126	109
	127	110
	128	110
	126	110
	127	111
	128	111
	126	111
	127	112
	128	112
	126	112
	127	113
	128	113
	126	113
	127	114
	128	114
	126	114
	127	115
	128	115
	126	115
	127	116
	128	116
	126	116
	127	117
	128	117
	126	117
	127	118
	128	118
	126	118
	127	119
	128	119
	126	119
	127	120
	128	120
	126	120
	127	121
	128	121
	126	121
	127	122
	128	122
	126	122
	127	123
	128	123
	126	123
	127	124
	128	124
	126	124
	127	125
	128	125
	126	125
	127	126
	128	126
	126	126
	127	127
	128	127
	126	127
	127	128
	128	128
	126	128
	127	129
	128	129
	126	129
	127	130
	128	130
	126	130
	127	131
	128	131
	126	131
	129	131
	130	131
	129	132
	129	130
	130	132
	130	130
	128	132
	127	132
	126	132
	131	131
	131	132
	131	130
	132	131
	132	132
	132	130
	133	131
	133	132
	133	130
	134	131
	134	132
	134	130
	135	131
	135	132
	135	130
	136	131
	136	132
	136	130
	137	131
	137	132
	137	130
	138	131
	138	132
	138	130
	138	129
	139	129
	137	129
	138	128
	139	130
	139	128
	137	128
	140	129
	140	130
	140	128
	141	129
	141	130
	141	128
	142	129
	142	130
	142	128
	143	129
	143	130
	143	128
	144	129
	144	130
	144	128
	145	129
	145	130
	145	128
	146	129
	146	130
	146	128
	147	131
	148	131
	146	131
	147	132
	147	130
	148	132
	148	130
	146	132
	149	131
	149	132
	149	130
	150	131
	150	132
	150	130
	151	131
	151	132
	151	130
	152	131
	152	132
	152	130
	153	131
	153	132
	153	130
	154	131
	154	132
	154	130
	155	131
	155	132
	155	130
	156	131
	157	131
	156	132
	156	130
	157	132
	157	130
	156	129
	157	129
	155	129
	156	128
	157	128
	155	128
	156	127
	157	127
	155	127
	156	126
	157	126
	155	126
	156	125
	157	125
	155	125
	156	124
	157	124
	155	124
	156	123
	157	123
	155	123
	158	124
	158	125
	158	123
	159	124
	159	125
	159	123
	160	124
	160	125
	160	123
	161	124
	161	125
	161	123
	162	124
	162	125
	162	123
	163	124
	163	125
	163	123
	164	124
	164	125
	164	123
	165	124
	165	125
	165	123
	166	124
	166	125
	166	123
	167	124
	167	125
	167	123
	168	124
	168	125
	168	123
	169	124
	169	125
	169	123
	170	124
	170	125
	170	123
	171	124
	171	125
	171	123
	172	123
	171	122
	172	124
	172	122
	170	122
	172	125
	171	120
	172	120
	170	120
	171	121
	171	119
	172	121
	172	119
	170	121
	170	119
	171	118
	172	118
	170	118
	171	117
	172	117
	170	117
	171	116
	172	116
	170	116
	171	115
	172	115
	170	115
	171	114
	172	114
	170	114
	171	113
	172	113
	170	113
	171	112
	172	112
	170	112
	171	111
	172	111
	170	111
	171	110
	172	110
	170	110
	171	109
	172	109
	170	109
	171	108
	172	108
	170	108
	171	107
	172	107
	170	107
	171	106
	172	106
	170	106
	171	105
	172	105
	170	105
	171	104
	172	104
	170	104
	171	103
	172	103
	170	103
	171	102
	172	102
	170	102
	171	101
	172	101
	170	101
	171	99
	172	99
	170	99
	171	100
	171	98
	172	100
	172	98
	170	100
	170	98
	170	97
	171	97
	170	96
	171	96
	172	96
	171	95
	172	97
	172	95
	170	95
	171	94
	172	94
	170	94
	171	93
	172	93
	170	93
	171	92
	172	92
	170	92
	171	91
	172	91
	170	91
	171	90
	172	90
	170	90
	171	89
	172	89
	170	89
	171	88
	172	88
	170	88
	171	87
	172	87
	170	87
	171	86
	172	86
	170	86
	172	85
	171	85
	172	84
	171	84
	172	83
	171	83
	172	82
	171	82
	170	84
	170	85
	170	83
	170	82
	171	81
	172	81
	170	81
	171	80
	172	80
	170	80
	171	79
	172	79
	170	79
	171	78
	172	78
	170	78
	171	76
	172	76
	170	76
	171	77
	171	75
	172	77
	172	75
	170	77
	170	75
	171	74
	172	74
	170	74
	171	73
	172	73
	170	73
	171	72
	172	72
	170	72
	171	71
	172	71
	170	71
	171	70
	172	70
	170	70
	171	69
	172	69
	170	69
	171	68
	172	68
	170	68
	171	67
	172	67
	170	67
	171	66
	172	66
	170	66
	172	65
	171	65
	172	64
	171	64
	172	63
	171	63
	172	62
	171	62
	172	61
	171	61
	172	60
	171	60
	172	59
	170	64
	170	65
	170	63
	170	62
	170	61
	170	60
	171	59
	170	59
	171	58
	172	58
	170	58
	171	57
	172	57
	170	57
	171	56
	172	56
	170	56
	171	55
	172	55
	170	55
	171	54
	172	54
	170	54
	171	53
	172	53
	170	53
	171	52
	172	52
	170	52
	171	51
	172	51
	170	51
	171	50
	172	50
	170	50
	171	49
	172	49
	170	49
	171	48
	172	48
	170	48
	171	47
	172	47
	170	47
	171	46
	172	46
	170	46
	171	45
	172	45
	170	45
	171	44
	172	44
	170	44
	171	43
	172	43
	170	43
	171	42
	172	42
	170	42
	171	41
	172	41
	170	41
	171	40
	172	40
	170	40
	171	39
	172	39
	170	39
	171	38
	172	38
	170	38
	170	37
	171	37
	170	36
	171	36
	170	35
	171	35
	170	34
	171	34
	172	37
	172	36
	172	35
	172	34
	171	33
	172	33
	170	33
	169	122
	168	122
	167	122
	166	122
	165	122
	164	122
	163	122
	162	122
	161	122
	160	122
	155	122
	156	122
	157	122
	158	122
	159	122
	169	109
	168	110
	168	109
	169	110
	169	111
	168	111
	168	112
	169	112
	167	112
	167	111
	167	110
	167	109
	169	106
	168	106
	167	106
	168	105
	169	105
	169	104
	169	103
	169	102
	168	102
	168	103
	167	103
	168	104
	167	105
	167	104
	167	102
	169	95
	168	95
	167	95
	167	96
	168	96
	169	96
	169	94
	168	94
	167	94
	167	93
	168	93
	169	93
	169	88
	168	88
	167	88
	167	87
	168	87
	169	87
	169	86
	168	86
	167	86
	168	89
	167	89
	169	89
	169	85
	168	85
	167	85
	167	97
	168	97
	169	97
	169	59
	169	58
	169	57
	169	60
	169	56
	168	55
	168	54
	168	53
	168	52
	169	52
	169	55
	169	54
	169	53
	169	61
	169	63
	169	64
	169	65
	169	66
	169	67
	169	68
	169	69
	169	70
	169	71
	169	72
	169	73
	169	74
	169	75
	169	76
	169	77
	169	78
	169	79
	169	80
	169	81
	169	82
	169	83
	169	84
	169	91
	169	92
	169	90
	169	98
	169	99
	169	120
	169	121
	169	101
	169	100
	169	119
	169	118
	169	117
	169	116
	169	115
	169	114
	169	113
	169	108
	169	107
	169	62
	169	51
	169	50
	169	49
	169	48
	169	47
	169	46
	169	45
	169	44
	169	43
	169	38
	169	39
	169	40
	169	41
	169	42
	169	37
	169	36
	169	35
	169	33
	169	34
	168	47
	168	46
	168	45
	167	45
	167	46
	167	47
	168	38
	168	37
	168	36
	168	35
	167	35
	167	36
	167	37
	167	38
	168	48
	167	48
	167	55
	167	54
	167	53
	167	52
	167	51
	168	51
	168	44
	167	44
	144	74
	144	75
	143	75
	143	74
	143	73
	143	72
	143	71
	143	70
	143	69
	143	68
	143	67
	143	66
	143	65
	143	64
	144	64
	145	64
	145	63
	144	63
	143	63
	146	63
	146	64
	145	65
	146	65
	144	65
	148	74
	148	75
	148	73
	148	72
	148	71
	148	70
	148	69
	149	69
	149	68
	148	68
	148	67
	148	66
	147	65
	148	65
	148	64
	147	64
	149	70
	149	71
	145	75
	145	76
	145	77
	146	77
	146	76
	146	75
	147	75
	145	78
	146	78
	144	78
	144	77
	144	76
	143	76
	143	77
	143	78
	144	73
	144	72
	144	71
	144	70
	144	69
	144	67
	144	66
	145	68
	144	68
	145	70
	145	71
	145	73
	145	74
	145	69
	145	67
	145	66
	146	66
	147	67
	147	68
	147	69
	146	70
	147	71
	147	72
	147	73
	147	74
	147	70
	147	66
	146	67
	146	68
	146	69
	146	71
	146	72
	146	73
	146	74
	145	72
	167	34
	167	33
	168	33
	168	34
	148	129
	148	128
	148	127
	148	126
	148	125
	148	124
	148	123
	148	122
	149	122
	150	122
	151	122
	152	122
	153	122
	154	122
	154	123
	153	123
	152	123
	151	123
	150	123
	149	123
	147	129
	147	128
	149	129
	149	128
	149	127
	149	126
	149	125
	149	124
	150	124
	151	124
	151	125
	151	126
	151	127
	151	128
	151	129
	150	129
	150	128
	150	127
	150	126
	150	125
	152	124
	153	124
	152	125
	152	126
	152	127
	152	128
	152	129
	153	129
	153	127
	153	126
	153	125
	154	124
	154	125
	154	126
	154	128
	154	129
	153	128
	154	127
	148	121
	149	121
	150	121
	151	121
	152	121
	153	121
	154	121
	155	121
	156	121
	157	121
	158	121
	159	121
	160	121
	161	121
	162	121
	163	121
	164	121
	165	121
	166	121
	167	121
	168	121
	148	120
	149	120
	150	120
	151	120
	152	120
	153	120
	154	120
	155	120
	162	120
	163	120
	164	120
	165	120
	166	120
	167	120
	168	120
	161	120
	160	120
	159	120
	158	120
	157	120
	156	120
	147	127
	147	126
	147	125
	147	124
	147	123
	147	122
	147	121
	147	120
	115	61
	116	61
	114	61
	115	62
	115	60
	116	62
	116	60
	114	62
	114	60
	115	63
	117	61
	115	59
	116	63
	115	64
	117	62
	116	64
	115	65
	117	63
	116	65
	115	66
	117	64
	116	66
	115	67
	117	65
	116	67
	115	68
	117	66
	116	68
	115	69
	117	67
	116	69
	115	70
	117	68
	116	70
	115	71
	117	69
	116	71
	115	72
	117	70
	116	72
	115	73
	117	71
	116	73
	115	74
	117	72
	116	74
	115	75
	117	73
	114	76
	115	76
	114	77
	116	75
	115	77
	114	78
	116	76
	115	78
	114	79
	116	77
	115	79
	113	79
	114	80
	116	78
	115	80
	113	80
	114	81
	116	79
	115	81
	113	81
	114	82
	116	80
	115	82
	113	82
	114	83
	116	81
	113	83
	112	83
	113	84
	114	84
	112	84
	113	85
	115	83
	111	84
	112	85
	111	85
	112	86
	113	86
	111	86
	112	87
	114	85
	113	87
	111	87
	112	88
	114	86
	110	87
	111	88
	110	88
	111	89
	109	88
	110	89
	109	89
	110	90
	109	90
	108	90
	109	91
	110	91
	108	91
	109	92
	111	90
	108	92
	107	92
	108	93
	109	93
	107	93
	108	94
	110	92
	106	93
	107	94
	106	94
	107	95
	106	95
	105	95
	106	96
	105	96
	105	97
	104	97
	104	98
	105	98
	103	98
	104	99
	106	97
	102	98
	103	99
	101	98
	102	99
	101	99
	102	100
	103	100
	101	100
	102	101
	100	99
	100	100
	101	101
	99	101
	100	101
	98	101
	99	102
	99	100
	100	102
	98	102
	99	103
	97	102
	98	103
	96	102
	97	103
	95	102
	96	103
	95	103
	96	104
	94	103
	95	104
	93	103
	94	104
	93	104
	94	105
	92	104
	93	105
	91	104
	92	105
	91	105
	92	106
	90	105
	91	106
	90	106
	91	107
	89	105
	89	106
	90	107
	88	105
	88	106
	89	107
	88	107
	89	108
	87	106
	87	107
	88	108
	86	106
	86	107
	87	108
	85	106
	85	107
	86	108
	84	106
	84	107
	85	108
	83	106
	83	107
	84	108
	82	106
	82	107
	83	108
	81	106
	81	107
	82	108
	81	108
	82	109
	80	107
	80	108
	80	106
	81	109
	79	107
	79	108
	79	106
	80	109
	78	107
	78	108
	78	106
	79	109
	77	107
	77	108
	77	106
	78	109
	76	107
	76	108
	76	106
	77	109
	75	107
	75	108
	75	106
	76	109
	74	107
	73	107
	74	108
	74	106
	73	108
	73	106
	74	109
	72	107
	72	108
	72	106
	73	109
	71	107
	71	108
	71	106
	72	109
	70	107
	70	108
	70	106
	71	109
	69	107
	69	108
	69	106
	70	109
	68	107
	68	108
	68	106
	69	109
	67	107
	67	108
	67	106
	68	109
	68	105
	66	107
	66	108
	66	106
	67	109
	67	105
	65	107
	65	108
	65	106
	66	109
	66	105
	64	107
	64	108
	64	106
	65	109
	65	105
	63	107
	63	106
	64	105
	63	105
	64	104
	62	106
	61	106
	62	107
	62	105
	61	107
	61	105
	62	108
	62	104
	60	106
	60	105
	61	104
	60	104
	61	103
	59	105
	59	106
	59	104
	60	107
	60	103
	58	105
	58	104
	57	104
	58	103
	59	103
	57	105
	57	103
	58	106
	58	102
	56	104
	59	102
	60	102
	63	104
	62	103
	63	103
	63	108
	57	102
	58	101
	56	103
	56	102
	55	102
	56	101
	57	101
	55	103
	55	101
	56	100
	54	102
	54	101
	55	100
	54	100
	55	99
	53	101
	53	100
	52	100
	53	99
	54	99
	52	101
	52	99
	53	102
	53	98
	51	100
	51	101
	51	99
	52	102
	52	98
	50	100
	50	99
	51	98
	50	98
	51	97
	49	99
	50	97
	49	98
	49	97
	48	98
	48	97
	49	96
	48	96
	47	97
	47	96
	48	95
	47	95
	46	96
	46	95
	47	94
	46	94
	47	93
	45	95
	45	94
	46	93
	45	93
	46	92
	44	94
	45	92
	46	91
	44	93
	44	92
	45	91
	44	91
	45	90
	43	92
	43	91
	44	90
	43	90
	44	89
	42	91
	45	89
	43	89
	46	90
	44	88
	42	90
	45	88
	43	88
	46	89
	44	87
	42	89
	42	88
	43	87
	41	89
	59	101
	41	88
	42	87
	41	87
	42	86
	40	88
	40	87
	41	86
	40	86
	41	85
	39	87
	39	86
	40	85
	39	85
	40	84
	38	86
	39	84
	38	84
	39	83
	40	83
	38	85
	38	83
	41	84
	39	82
	37	84
	40	82
	38	82
	39	81
	40	81
	38	81
	41	82
	39	80
	37	82
	38	80
	37	80
	38	79
	39	79
	37	81
	37	79
	40	80
	38	78
	36	80
	39	78
	37	78
	40	79
	38	77
	36	79
	36	78
	37	77
	36	77
	37	76
	35	78
	38	76
	36	76
	37	75
	38	75
	36	75
	39	76
	37	74
	35	76
	38	74
	36	74
	37	73
	38	73
	36	73
	39	74
	37	72
	35	74
	38	72
	36	72
	39	73
	37	71
	35	73
	38	71
	36	71
	37	70
	38	70
	36	70
	39	71
	37	69
	35	71
	38	69
	36	69
	39	70
	37	68
	35	70
	39	72
	35	72
	39	75
	40	75
	40	78
	39	77
	40	77
	41	80
	41	81
	41	83
	42	82
	42	85
	42	84
	43	85
	43	86
	41	90
	41	91
	42	92
	40	90
	40	89
	39	88
	39	89
	38	88
	38	87
	37	86
	37	83
	36	83
	36	81
	35	79
	35	77
	38	68
	36	68
	39	69
	37	67
	35	69
	38	67
	36	67
	39	68
	37	66
	35	68
	38	66
	36	66
	37	65
	38	65
	36	65
	39	66
	37	64
	35	66
	38	64
	36	64
	39	65
	37	63
	35	65
	38	63
	36	63
	39	64
	37	62
	35	64
	38	62
	36	62
	39	63
	37	61
	35	63
	38	61
	39	61
	38	60
	39	62
	39	60
	37	60
	40	61
	38	59
	36	61
	39	59
	37	59
	47	53
	38	58
	36	60
	39	58
	37	58
	38	57
	39	57
	37	57
	40	58
	38	56
	36	58
	40	57
	39	56
	40	56
	41	57
	39	55
	40	55
	38	55
	41	56
	39	54
	37	56
	40	54
	38	54
	41	55
	39	53
	37	55
	37	54
	38	53
	36	55
	36	57
	36	59
	35	59
	35	62
	39	67
	35	67
	35	75
	40	76
	42	83
	37	85
	36	85
	36	84
	35	84
	36	82
	35	83
	35	82
	35	80
	34	75
	34	72
	34	71
	34	70
	34	69
	34	68
	34	67
	34	66
	33	67
	34	65
	33	66
	34	64
	33	65
	34	63
	34	62
	35	61
	33	63
	34	61
	35	60
	33	62
	34	60
	34	59
	35	58
	33	60
	35	57
	36	56
	34	58
	35	56
	34	57
	35	55
	36	54
	34	56
	35	54
	36	53
	34	55
	37	53
	38	52
	39	52
	37	52
	40	53
	38	51
	39	51
	37	51
	40	52
	38	50
	36	52
	39	50
	40	50
	39	49
	40	51
	40	49
	38	49
	41	50
	39	48
	37	50
	41	49
	40	48
	41	48
	42	49
	40	47
	42	48
	41	47
	42	47
	43	48
	41	46
	42	46
	40	46
	43	47
	41	45
	39	47
	43	46
	42	45
	43	45
	44	46
	42	44
	44	45
	43	44
	44	44
	45	45
	43	43
	44	43
	42	43
	45	44
	43	42
	41	44
	45	43
	44	42
	45	42
	46	43
	44	41
	46	44
	44	47
	44	48
	43	49
	45	47
	42	50
	43	50
	42	51
	44	49
	43	51
	41	51
	42	52
	101	91
	41	52
	41	53
	42	53
	41	54
	43	52
	42	54
	40	59
	35	53
	36	51
	35	52
	36	50
	37	49
	35	51
	36	49
	37	48
	35	50
	38	48
	38	47
	39	46
	38	46
	39	45
	40	45
	38	45
	39	44
	37	46
	40	44
	40	43
	41	43
	39	43
	40	42
	38	44
	41	42
	42	42
	41	41
	42	41
	43	41
	42	40
	43	40
	41	40
	42	39
	40	41
	44	40
	43	39
	44	39
	45	40
	43	38
	45	41
	45	39
	46	40
	44	38
	46	39
	45	38
	46	38
	47	39
	45	37
	48	39
	47	40
	47	38
	48	40
	48	38
	47	41
	49	39
	47	37
	49	37
	50	37
	48	37
	49	38
	49	36
	50	38
	50	36
	48	36
	51	37
	49	35
	47	36
	48	35
	46	37
	48	41
	46	41
	47	42
	49	40
	46	42
	47	43
	48	42
	45	46
	46	45
	46	46
	45	48
	46	47
	47	45
	47	44
	48	44
	48	43
	49	42
	49	41
	50	41
	50	40
	50	39
	51	40
	51	39
	51	38
	52	38
	52	39
	52	37
	53	38
	51	36
	52	36
	53	37
	51	35
	46	36
	37	47
	36	47
	36	48
	35	48
	35	49
	34	49
	36	46
	37	45
	36	45
	37	44
	35	46
	38	43
	37	43
	38	42
	36	44
	39	42
	44	37
	47	35
	50	35
	50	34
	52	35
	51	34
	52	34
	53	35
	51	33
	54	35
	53	36
	53	34
	54	36
	54	34
	55	35
	53	33
	55	36
	55	34
	54	37
	56	35
	54	33
	51	41
	50	42
	52	40
	50	43
	49	43
	49	44
	54	39
	53	39
	54	38
	55	38
	55	37
	56	37
	57	37
	56	36
	57	36
	58	37
	57	35
	58	35
	57	34
	58	36
	58	34
	56	34
	59	35
	57	33
	59	34
	58	33
	59	33
	60	34
	58	32
	60	35
	60	33
	59	36
	61	34
	59	32
	62	33
	63	33
	61	33
	62	34
	62	32
	63	32
	61	32
	64	33
	62	31
	64	32
	63	31
	64	31
	65	32
	63	30
	66	32
	65	33
	65	31
	66	31
	67	32
	65	30
	68	32
	67	31
	68	31
	69	32
	67	30
	69	31
	68	30
	66	30
	64	30
	61	31
	62	30
	60	32
	60	31
	57	32
	58	31
	56	33
	55	33
	55	32
	56	32
	56	31
	59	31
	57	31
	58	30
	59	30
	57	30
	58	29
	60	30
	61	30
	60	29
	62	29
	63	29
	61	29
	62	28
	64	29
	65	29
	64	28
	65	28
	63	28
	66	29
	64	27
	67	28
	68	28
	66	28
	67	29
	67	27
	68	29
	68	27
	66	27
	69	28
	67	26
	70	28
	71	28
	70	29
	70	27
	71	29
	71	27
	69	29
	69	27
	70	30
	72	28
	70	26
	73	28
	74	28
	73	29
	73	27
	74	29
	74	27
	72	29
	72	27
	73	30
	75	28
	73	26
	76	28
	77	28
	76	29
	76	27
	77	29
	77	27
	75	29
	75	27
	76	30
	78	28
	76	26
	79	28
	80	28
	79	29
	79	27
	80	29
	80	27
	78	29
	78	27
	79	30
	81	28
	79	26
	81	29
	81	27
	80	30
	82	28
	80	26
	82	29
	82	27
	81	30
	83	28
	81	26
	77	30
	77	26
	75	30
	75	26
	72	30
	72	26
	68	26
	65	27
	63	27
	61	28
	62	27
	70	31
	71	31
	71	30
	69	30
	72	31
	73	31
	74	30
	74	31
	78	30
	82	30
	83	29
	84	29
	83	30
	84	30
	84	28
	85	29
	83	27
	85	30
	86	30
	85	31
	86	31
	86	29
	87	30
	85	28
	88	31
	89	31
	87	31
	88	32
	88	30
	89	32
	89	30
	87	32
	90	31
	88	29
	90	32
	90	30
	89	33
	91	31
	89	29
	91	32
	90	33
	91	33
	92	32
	92	33
	92	31
	93	32
	91	30
	93	33
	92	34
	93	34
	94	33
	87	29
	87	28
	86	28
	75	31
	76	31
	88	28
	90	29
	91	29
	90	28
	91	28
	89	28
	92	29
	90	27
	92	30
	92	28
	93	29
	91	27
	93	31
	94	31
	93	30
	94	32
	94	30
	95	31
	95	32
	96	32
	95	33
	96	33
	96	31
	95	34
	97	32
	95	30
	97	33
	97	31
	96	34
	98	32
	96	30
	97	34
	98	34
	97	35
	98	35
	98	33
	96	35
	97	36
	99	34
	99	35
	100	35
	99	36
	100	36
	100	34
	98	36
	99	37
	101	35
	99	33
	101	37
	102	37
	100	37
	101	38
	101	36
	102	38
	102	36
	100	38
	101	39
	103	37
	102	40
	103	40
	101	40
	102	41
	102	39
	103	41
	103	39
	104	40
	104	41
	104	39
	103	42
	105	40
	103	38
	104	42
	105	41
	98	37
	94	34
	95	35
	96	36
	97	37
	99	38
	105	43
	106	43
	104	43
	105	44
	105	42
	106	44
	106	42
	107	43
	107	44
	106	45
	107	45
	108	44
	108	45
	107	46
	108	46
	109	45
	109	46
	108	47
	109	47
	110	46
	109	48
	110	48
	110	49
	110	47
	111	48
	111	49
	110	50
	111	50
	110	51
	112	49
	111	51
	112	51
	111	52
	112	52
	112	50
	113	51
	112	53
	113	52
	113	53
	112	54
	113	54
	114	53
	113	55
	114	55
	113	56
	114	56
	114	54
	113	57
	115	55
	114	57
	115	57
	114	58
	115	58
	115	56
	114	59
	116	57
	117	60
	116	59
	117	59
	118	60
	116	58
	118	62
	118	63
	118	61
	119	62
	117	58
	118	59
	117	57
	118	58
	116	56
	115	54
	116	54
	115	53
	116	55
	116	53
	117	54
	115	52
	114	52
	114	51
	113	50
	112	48
	111	47
	112	47
	113	48
	111	46
	110	45
	111	45
	112	46
	110	44
	109	44
	108	43
	109	43
	108	42
	107	42
	107	41
	108	41
	106	41
	109	42
	107	40
	106	40
	106	39
	105	39
	105	38
	104	38
	104	37
	103	36
	102	35
	85	27
	86	27
	87	27
	88	27
	118	65
	118	66
	118	67
	118	68
	119	67
	118	69
	119	68
	118	70
	119	69
	118	71
	119	70
	118	72
	119	71
	118	73
	117	74
	119	72
	118	74
	117	75
	119	73
	118	75
	117	76
	119	74
	118	76
	117	77
	118	77
	117	78
	119	76
	117	79
	117	80
	118	79
	117	81
	116	82
	118	80
	117	82
	116	83
	118	81
	115	84
	116	84
	115	85
	117	83
	115	86
	114	87
	116	85
	115	87
	114	88
	116	86
	113	88
	113	89
	112	89
	112	90
	111	91
	117	85
	111	92
	110	93
	112	91
	109	94
	108	95
	109	95
	108	96
	110	94
	107	96
	107	97
	106	98
	66	110
	67	110
	69	110
	70	110
	68	110
	69	111
	71	110
	70	111
	72	110
	71	111
	73	110
	72	111
	74	110
	73	111
	75	109
	75	110
	74	111
	75	111
	74	112
	76	110
	77	110
	78	110
	77	111
	78	111
	76	111
	77	112
	79	110
	79	111
	78	112
	80	110
	81	110
	80	111
	81	111
	80	112
	82	110
	82	111
	81	112
	83	110
	83	111
	83	109
	82	112
	84	110
	85	110
	84	111
	84	109
	85	111
	85	109
	84	112
	86	110
	86	111
	86	109
	85	112
	87	110
	87	111
	87	109
	86	112
	88	110
	88	109
	89	109
	89	110
	88	111
	90	109
	91	109
	90	110
	90	108
	91	110
	91	108
	90	111
	92	109
	92	108
	92	107
	93	108
	93	109
	93	107
	92	110
	94	108
	94	107
	93	106
	94	106
	95	107
	95	106
	96	106
	95	105
	96	107
	96	105
	95	108
	97	106
	97	105
	97	104
	98	105
	98	104
	99	104
	99	105
	98	106
	100	104
	100	103
	101	103
	101	104
	101	102
	100	105
	102	103
	102	102
	103	102
	103	103
	103	101
	102	104
	104	102
	104	101
	104	100
	105	101
	105	100
	106	100
	105	99
	106	101
	106	99
	105	102
	107	100
	107	101
	107	99
	106	102
	108	100
	108	99
	107	98
	108	98
	109	99
	109	98
	108	97
	109	97
	110	98
	109	96
	110	97
	110	95
	110	96
	111	95
	111	94
	111	93
	112	94
	112	93
	112	92
	113	93
	113	91
	113	92
	113	90
	114	91
	114	90
	114	89
	115	90
	115	88
	115	89
	116	88
	116	87
	117	87
	117	86
	118	86
	117	84
	118	84
	118	85
	118	83
	119	84
	118	82
	119	82
	119	81
	119	80
	120	81
	119	79
	118	78
	119	78
	120	79
	120	78
	119	77
	120	77
	121	78
	120	76
	121	77
	119	75
	120	75
	121	76
	120	74
	120	73
	121	74
	121	73
	120	72
	121	72
	122	73
	120	71
	121	71
	122	72
	120	70
	121	70
	120	69
	121	69
	122	70
	120	68
	121	68
	120	67
	121	67
	122	68
	120	66
	121	66
	119	66
	120	65
	121	65
	119	65
	122	66
	120	64
	121	64
	119	64
	120	63
	121	63
	119	63
	122	64
	120	62
	118	64
	121	62
	122	63
	120	61
	121	61
	119	61
	120	60
	121	60
	119	60
	122	61
	120	59
	121	59
	119	59
	120	58
	121	58
	119	58
	122	59
	120	57
	119	57
	118	57
	119	56
	120	56
	118	56
	121	57
	119	55
	120	55
	118	55
	121	56
	119	54
	117	56
	117	55
	118	54
	118	53
	119	53
	117	53
	120	54
	118	52
	117	52
	116	52
	117	51
	118	51
	116	51
	119	52
	117	50
	116	50
	115	50
	116	49
	117	49
	115	51
	115	49
	118	50
	116	48
	114	50
	114	49
	115	48
	114	48
	115	47
	113	49
	114	47
	113	47
	114	46
	115	46
	113	46
	116	47
	114	45
	113	45
	112	45
	113	44
	112	44
	111	44
	112	43
	111	43
	110	43
	111	42
	110	42
	110	41
	111	41
	109	41
	112	42
	110	40
	109	40
	108	40
	108	39
	109	39
	107	39
	108	38
	107	38
	106	38
	106	37
	107	37
	105	37
	106	36
	105	36
	104	36
	103	35
	102	34
	101	34
	101	33
	95	29
	94	29
	94	28
	93	28
	92	27
	93	27
	95	28
	96	29
	94	27
	97	30
	98	31
	98	30
	99	31
	97	29
	99	32
	100	32
	100	33
	104	35
	103	34
	73	112
	67	111
	64	109
	63	109
	64	110
	61	108
	62	109
	59	107
	60	108
	58	107
	59	108
	57	106
	56	105
	56	106
	57	107
	55	105
	55	104
	54	104
	54	103
	53	103
	53	104
	54	105
	52	103
	52	104
	53	105
	51	103
	51	102
	50	102
	50	101
	49	100
	48	99
	48	100
	49	101
	47	99
	47	98
	46	98
	46	97
	45	97
	45	96
	44	96
	44	95
	43	95
	43	93
	43	94
	42	93
	41	92
	40	91
	39	90
	38	89
	37	87
	36	86
	35	85
	34	83
	35	81
	34	82
	34	81
	34	80
	34	79
	33	80
	33	79
	34	78
	33	78
	34	77
	32	79
	33	77
	34	76
	33	76
	32	77
	33	75
	34	74
	33	74
	34	73
	32	75
	33	72
	32	72
	33	73
	33	71
	32	73
	32	71
	33	70
	31	72
	32	70
	33	69
	31	71
	32	69
	33	68
	31	70
	32	68
	31	69
	32	67
	32	66
	31	67
	32	65
	33	64
	32	64
	31	65
	32	63
	31	64
	32	62
	33	61
	32	61
	31	62
	33	59
	32	60
	34	54
	33	55
	34	52
	34	53
	34	51
	33	52
	34	50
	33	50
	33	51
	33	49
	34	48
	32	50
	162	137
	163	137
	161	137
	162	138
	162	136
	163	138
	163	136
	161	138
	161	136
	162	139
	164	137
	162	135
	160	137
	147	133
	148	133
	146	133
	147	134
	148	134
	146	134
	147	135
	149	133
	145	133
	145	134
	145	132
	146	135
	144	133
	144	134
	144	132
	145	135
	145	131
	143	133
	143	132
	142	132
	143	131
	144	131
	142	133
	142	131
	143	134
	141	132
	141	133
	141	131
	142	134
	140	132
	139	132
	140	133
	140	131
	139	133
	139	131
	140	134
	137	133
	138	133
	136	133
	137	134
	135	133
	134	133
	135	134
	133	133
	134	134
	132	133
	133	134
	131	133
	130	133
	131	134
	129	133
	130	134
	128	133
	129	134
	127	133
	128	134
	129	135
	130	135
	132	134
	131	135
	133	135
	134	135
	136	134
	135	135
	136	135
	138	134
	137	135
	139	134
	139	135
	141	134
	141	135
	142	135
	140	135
	141	136
	143	135
	142	136
	144	135
	145	136
	149	135
	150	135
	148	135
	149	136
	149	134
	150	136
	150	134
	148	136
	149	137
	151	135
	151	136
	151	134
	150	137
	152	135
	150	133
	154	135
	155	135
	153	135
	154	136
	154	134
	155	136
	155	134
	153	136
	153	134
	154	137
	156	135
	154	133
	158	136
	159	136
	157	136
	158	137
	158	135
	159	137
	159	135
	157	137
	157	135
	158	138
	160	136
	158	134
	156	136
	160	135
	159	138
	159	134
	161	135
	161	134
	163	135
	164	136
	162	134
	165	136
	166	136
	165	137
	165	135
	166	137
	166	135
	164	135
	165	138
	167	136
	165	134
	164	138
	164	134
	160	134
	160	133
	156	134
	157	134
	156	133
	157	133
	155	133
	153	133
	152	133
	152	134
	151	133
	158	133
	159	133
	158	132
	160	131
	161	131
	159	131
	160	132
	160	130
	161	132
	161	130
	159	132
	159	130
	162	131
	160	129
	158	131
	163	128
	164	128
	162	128
	163	129
	163	127
	164	129
	164	127
	162	129
	162	127
	163	130
	165	128
	163	126
	161	128
	165	129
	165	127
	164	130
	166	128
	164	126
	167	127
	168	127
	166	127
	167	128
	167	126
	168	128
	168	126
	166	126
	167	129
	169	127
	170	127
	171	127
	170	128
	170	126
	171	128
	171	126
	169	128
	169	126
	170	129
	172	127
	172	128
	172	126
	171	129
	173	127
	174	127
	173	128
	173	126
	174	128
	174	126
	173	129
	175	127
	173	125
	165	126
	162	126
	161	126
	161	127
	160	126
	160	127
	159	127
	160	128
	159	128
	159	126
	158	127
	158	128
	158	126
	159	129
	158	129
	158	130
	162	132
	161	133
	162	133
	163	132
	163	133
	164	133
	163	134
	164	132
	165	133
	163	131
	166	134
	166	133
	167	134
	165	132
	168	134
	167	135
	167	133
	168	135
	168	133
	169	134
	167	132
	170	134
	171	134
	170	135
	170	133
	171	135
	171	133
	169	135
	169	133
	170	136
	172	134
	170	132
	174	134
	175	134
	173	134
	174	135
	174	133
	175	135
	175	133
	173	135
	173	133
	174	136
	176	134
	174	132
	166	131
	167	131
	165	131
	166	132
	166	130
	167	130
	165	130
	168	131
	166	129
	164	131
	170	130
	171	130
	169	130
	170	131
	171	131
	169	131
	169	129
	172	130
	168	130
	178	130
	179	130
	177	130
	178	131
	178	129
	179	131
	179	129
	177	131
	177	129
	178	132
	180	130
	178	128
	176	130
	181	130
	182	130
	181	131
	181	129
	182	131
	182	129
	180	131
	180	129
	181	132
	183	130
	181	128
	183	131
	183	129
	182	132
	184	130
	182	128
	184	131
	183	132
	184	132
	183	133
	185	131
	179	132
	179	128
	173	130
	174	130
	173	131
	174	131
	174	129
	172	131
	172	129
	173	132
	175	130
	171	132
	169	132
	168	132
	167	137
	166	138
	168	136
	169	136
	168	137
	169	137
	168	138
	171	136
	172	136
	171	137
	172	137
	172	135
	170	137
	171	138
	173	136
	175	132
	176	133
	172	133
	177	128
	176	128
	177	127
	178	127
	176	129
	176	127
	177	126
	175	128
	178	125
	179	125
	177	125
	178	126
	178	124
	179	126
	179	124
	177	124
	180	125
	178	123
	176	125
	178	122
	179	122
	177	122
	178	121
	179	123
	179	121
	177	123
	177	121
	180	122
	178	120
	176	122
	179	120
	177	120
	178	119
	179	119
	177	119
	180	120
	178	118
	176	120
	179	118
	177	118
	178	117
	179	117
	177	117
	180	118
	178	116
	176	118
	177	116
	176	116
	177	115
	178	115
	176	117
	176	115
	179	116
	177	114
	175	116
	177	112
	178	112
	176	112
	177	113
	177	111
	178	113
	178	111
	176	113
	176	111
	179	112
	177	110
	175	112
	177	108
	178	108
	176	108
	177	109
	177	107
	178	109
	178	107
	176	109
	176	107
	179	108
	177	106
	175	108
	178	106
	176	106
	179	107
	177	105
	175	107
	175	109
	176	110
	174	108
	174	112
	175	113
	175	111
	174	113
	174	111
	175	114
	175	110
	173	112
	175	117
	174	117
	175	118
	174	118
	174	116
	175	119
	175	115
	173	117
	174	122
	175	122
	173	122
	174	123
	174	121
	175	123
	175	121
	173	123
	173	121
	174	124
	174	120
	175	124
	173	124
	174	125
	175	125
	176	124
	175	126
	175	131
	175	129
	176	132
	172	132
	177	133
	168	129
	162	130
	161	129
	176	131
	177	132
	179	127
	180	127
	180	119
	176	119
	179	115
	180	116
	178	114
	179	113
	179	114
	180	113
	179	111
	178	110
	179	110
	180	111
	179	106
	180	107
	178	105
	178	103
	179	103
	177	103
	178	104
	178	102
	179	104
	179	102
	177	104
	177	102
	180	103
	178	101
	176	103
	178	99
	179	99
	177	99
	178	100
	178	98
	179	100
	179	98
	177	100
	177	98
	180	99
	178	97
	176	99
	180	100
	180	98
	179	101
	181	99
	179	97
	180	102
	180	101
	181	102
	180	108
	180	106
	179	109
	181	107
	179	105
	180	109
	180	110
	181	109
	180	112
	181	111
	180	114
	181	113
	175	120
	176	121
	174	119
	176	123
	176	114
	174	114
	174	115
	173	114
	173	120
	176	126
	180	123
	180	121
	181	122
	180	126
	180	124
	181	125
	180	128
	180	132
	179	133
	180	133
	181	133
	180	134
	181	127
	182	126
	183	126
	181	126
	182	127
	182	125
	183	127
	183	125
	184	126
	182	124
	183	124
	181	124
	182	123
	183	123
	181	123
	184	124
	182	122
	183	122
	182	121
	183	121
	181	121
	184	122
	182	120
	181	119
	182	119
	181	120
	181	118
	182	118
	183	119
	181	117
	181	116
	182	116
	181	115
	182	117
	182	115
	180	117
	180	115
	183	116
	181	114
	182	114
	180	105
	176	105
	173	118
	173	116
	173	119
	173	115
	173	113
	173	111
	173	110
	173	109
	174	110
	173	108
	174	109
	173	106
	174	106
	173	107
	173	105
	174	107
	174	105
	175	106
	173	104
	174	104
	173	103
	174	103
	175	104
	173	102
	174	102
	175	103
	173	101
	174	101
	173	100
	174	100
	175	101
	173	99
	174	99
	175	100
	173	98
	174	98
	173	97
	174	97
	175	98
	173	96
	174	96
	173	95
	174	95
	175	96
	173	94
	173	93
	174	93
	173	92
	174	94
	174	92
	175	93
	173	91
	174	91
	173	90
	174	90
	175	91
	173	89
	174	89
	173	88
	174	88
	175	89
	173	87
	173	86
	174	86
	173	85
	174	87
	174	85
	175	86
	173	84
	173	83
	174	83
	173	82
	174	84
	174	82
	175	83
	173	81
	174	81
	175	82
	173	80
	174	80
	175	81
	173	79
	174	79
	175	80
	173	78
	174	78
	173	77
	174	77
	175	78
	173	76
	174	76
	175	77
	173	75
	173	74
	174	74
	173	73
	174	75
	174	73
	175	74
	173	72
	173	71
	174	71
	173	70
	174	72
	174	70
	175	71
	173	69
	174	69
	175	70
	173	68
	174	68
	175	69
	173	67
	174	67
	175	67
	174	66
	175	68
	175	66
	173	66
	176	67
	174	65
	175	65
	173	65
	174	64
	175	64
	173	64
	176	65
	174	63
	175	63
	173	63
	174	62
	175	62
	173	62
	176	63
	174	61
	175	61
	173	61
	176	62
	174	60
	173	60
	173	59
	174	59
	175	60
	173	58
	174	58
	173	57
	174	57
	175	58
	173	56
	174	56
	173	55
	174	55
	175	56
	173	54
	173	53
	173	52
	174	53
	173	51
	174	52
	173	50
	173	49
	174	50
	173	48
	174	49
	173	47
	174	48
	173	46
	174	47
	173	45
	174	46
	173	44
	174	45
	173	43
	173	42
	174	43
	173	41
	173	40
	174	41
	173	39
	174	40
	173	38
	173	37
	174	38
	173	36
	174	37
	173	35
	174	36
	173	34
	174	35
	173	33
	174	34
	174	33
	175	34
	173	32
	175	37
	176	37
	175	38
	175	36
	176	38
	176	36
	175	39
	177	37
	175	35
	176	40
	177	40
	175	40
	176	41
	176	39
	177	41
	177	39
	175	41
	176	42
	178	40
	177	42
	175	42
	176	43
	177	43
	175	43
	176	44
	178	42
	174	42
	177	44
	175	44
	176	45
	177	45
	175	45
	176	46
	178	44
	174	44
	177	46
	175	46
	176	47
	177	47
	175	47
	176	48
	178	46
	177	48
	175	48
	176	49
	177	49
	175	49
	176	50
	178	48
	177	50
	175	50
	176	51
	178	49
	177	51
	175	51
	176	52
	177	52
	175	52
	176	53
	178	51
	174	51
	177	53
	175	53
	176	54
	178	52
	177	54
	178	54
	177	55
	178	55
	178	53
	176	55
	177	56
	179	54
	175	54
	177	57
	178	57
	176	57
	177	58
	178	58
	178	56
	176	58
	176	56
	177	59
	179	57
	175	57
	177	60
	178	60
	176	60
	177	61
	178	61
	178	59
	176	61
	176	59
	177	62
	179	60
	178	62
	177	63
	178	63
	177	64
	179	62
	178	67
	179	67
	177	67
	178	68
	178	66
	179	68
	179	66
	177	68
	177	66
	178	69
	180	67
	178	65
	179	70
	180	70
	178	70
	179	71
	179	69
	180	71
	180	69
	178	71
	179	72
	181	70
	177	70
	180	77
	181	77
	179	77
	180	78
	180	76
	181	78
	181	76
	179	78
	179	76
	180	79
	182	77
	180	75
	178	77
	180	83
	181	83
	179	83
	180	84
	180	82
	181	84
	181	82
	179	84
	179	82
	180	85
	182	83
	180	81
	178	83
	180	86
	181	86
	179	86
	180	87
	181	87
	181	85
	179	87
	179	85
	180	88
	182	86
	178	86
	180	89
	181	89
	179	89
	180	90
	181	90
	181	88
	179	90
	179	88
	180	91
	182	89
	178	89
	181	91
	179	91
	180	92
	181	92
	179	92
	180	93
	182	91
	178	91
	181	93
	179	93
	180	94
	181	94
	179	94
	180	95
	182	93
	178	93
	180	96
	181	96
	179	96
	180	97
	181	97
	181	95
	179	95
	182	96
	178	96
	180	104
	176	104
	176	102
	177	101
	177	96
	176	96
	177	97
	177	95
	178	95
	176	97
	176	95
	177	94
	177	93
	176	93
	177	92
	178	94
	178	92
	176	94
	176	92
	177	91
	177	89
	178	90
	178	88
	177	90
	177	88
	178	87
	176	89
	177	87
	177	86
	178	85
	176	87
	177	83
	178	84
	178	82
	177	84
	177	82
	178	81
	176	83
	178	79
	179	79
	177	79
	178	80
	178	78
	179	80
	177	80
	177	78
	176	79
	178	76
	177	76
	178	75
	179	75
	177	77
	177	75
	178	74
	176	76
	178	73
	179	73
	177	73
	178	72
	179	74
	177	74
	177	72
	180	73
	176	73
	177	71
	176	71
	180	72
	176	72
	179	81
	177	81
	176	82
	175	95
	175	94
	175	99
	176	100
	176	98
	175	97
	176	101
	175	102
	175	105
	176	90
	176	88
	176	84
	177	85
	176	85
	175	84
	176	81
	176	77
	176	78
	175	76
	176	75
	175	75
	176	74
	175	73
	175	72
	176	70
	175	85
	175	88
	175	87
	175	92
	176	91
	175	90
	176	86
	176	80
	175	79
	176	68
	177	69
	176	69
	176	66
	177	65
	179	63
	178	64
	179	64
	180	63
	179	61
	180	61
	179	59
	179	58
	180	59
	179	56
	175	55
	174	54
	175	59
	176	64
	179	65
	180	58
	179	55
	180	56
	180	54
	179	53
	180	55
	180	53
	181	54
	179	52
	180	52
	179	51
	180	51
	181	52
	179	50
	179	49
	180	49
	179	48
	180	50
	180	48
	178	50
	181	49
	179	47
	180	47
	178	47
	179	46
	180	46
	181	47
	179	45
	180	45
	178	45
	181	46
	179	44
	180	44
	179	43
	180	43
	178	43
	181	44
	179	42
	178	41
	179	41
	180	42
	179	40
	180	41
	178	39
	177	38
	178	38
	179	39
	178	37
	179	38
	177	36
	176	35
	177	35
	178	36
	176	34
	177	34
	178	35
	176	33
	175	33
	175	32
	176	32
	174	32
	177	33
	175	31
	174	31
	174	39
	179	37
	178	34
	179	35
	178	33
	179	34
	177	32
	176	31
	178	32
	179	33
	177	31
	173	31
	174	30
	173	30
	175	30
	176	30
	178	31
	179	32
	177	30
	178	30
	179	31
	177	29
	176	29
	175	29
	176	28
	174	29
	175	28
	173	29
	174	28
	172	29
	173	28
	171	29
	170	29
	171	28
	169	29
	170	28
	168	29
	169	28
	167	29
	166	29
	167	28
	165	29
	166	28
	164	29
	165	28
	163	29
	162	29
	163	28
	164	28
	162	28
	163	27
	161	29
	160	29
	161	28
	160	28
	161	27
	159	29
	159	28
	160	27
	158	29
	157	29
	158	28
	157	28
	158	27
	156	29
	155	29
	156	28
	155	28
	156	27
	154	29
	154	28
	155	27
	153	29
	152	29
	151	29
	152	28
	153	28
	151	28
	152	27
	150	29
	149	29
	150	28
	149	28
	150	27
	148	29
	148	28
	149	27
	147	29
	147	28
	148	27
	146	29
	146	28
	147	27
	145	29
	145	28
	146	27
	144	29
	154	27
	157	27
	162	27
	164	27
	168	28
	168	27
	170	27
	172	28
	173	27
	178	29
	179	30
	177	28
	171	27
	172	27
	171	26
	169	27
	169	26
	167	27
	168	26
	165	27
	166	27
	165	26
	166	26
	164	26
	165	25
	163	26
	162	26
	163	25
	159	27
	160	26
	161	26
	159	26
	160	25
	158	26
	157	26
	158	25
	156	26
	155	26
	156	25
	153	27
	154	26
	153	26
	154	25
	151	27
	151	26
	152	26
	150	26
	151	25
	149	26
	148	26
	149	25
	147	26
	146	26
	147	25
	145	27
	144	27
	145	26
	144	28
	144	26
	145	25
	143	27
	142	27
	143	28
	143	26
	142	28
	142	26
	143	29
	143	25
	141	27
	141	28
	141	26
	142	29
	142	25
	140	27
	140	28
	140	26
	141	29
	141	25
	139	27
	139	28
	139	26
	140	29
	140	25
	138	27
	148	25
	148	24
	150	25
	149	24
	152	25
	153	25
	152	24
	155	25
	155	24
	159	25
	157	25
	158	24
	161	25
	160	24
	164	25
	164	24
	167	26
	166	25
	167	25
	166	24
	168	25
	169	25
	170	26
	168	24
	172	26
	171	25
	172	25
	170	25
	173	26
	171	24
	173	25
	174	26
	172	24
	174	27
	175	27
	175	26
	176	27
	174	25
	176	26
	177	27
	175	25
	177	26
	178	27
	176	25
	178	28
	178	26
	179	27
	177	25
	137	28
	138	28
	136	28
	137	29
	137	27
	138	29
	136	29
	136	27
	137	30
	137	26
	135	28
	138	30
	136	30
	137	31
	139	29
	135	29
	138	31
	136	31
	137	32
	138	32
	136	32
	137	33
	139	31
	135	31
	138	33
	136	33
	137	34
	139	32
	135	32
	138	34
	136	34
	137	35
	139	33
	135	33
	138	35
	136	35
	137	36
	139	34
	135	34
	139	30
	138	26
	138	25
	139	25
	137	25
	138	24
	136	26
	138	36
	136	36
	137	37
	139	35
	135	35
	138	37
	136	37
	137	38
	138	38
	136	38
	137	39
	139	37
	135	37
	138	39
	136	39
	137	40
	138	40
	136	40
	137	41
	139	39
	135	39
	138	41
	136	41
	137	42
	138	42
	136	42
	137	43
	139	41
	135	41
	138	43
	136	43
	137	44
	139	42
	135	42
	138	44
	136	44
	137	45
	139	43
	135	43
	135	44
	136	45
	135	45
	136	46
	134	44
	137	46
	135	46
	136	47
	137	47
	135	47
	136	48
	138	46
	134	46
	137	48
	135	48
	136	49
	138	47
	134	47
	137	49
	135	49
	136	50
	138	48
	134	48
	135	40
	134	40
	135	38
	134	38
	135	36
	134	36
	134	35
	134	37
	139	40
	138	45
	139	44
	139	46
	139	48
	138	49
	139	49
	139	47
	138	50
	139	50
	137	50
	138	51
	139	51
	137	51
	138	52
	139	52
	137	52
	138	53
	136	51
	139	53
	137	53
	138	54
	136	52
	139	54
	137	54
	138	55
	139	55
	137	55
	138	56
	136	54
	139	56
	137	56
	138	57
	136	55
	138	58
	139	58
	137	58
	138	59
	139	59
	139	57
	137	59
	137	57
	138	60
	136	58
	139	60
	137	60
	138	61
	139	61
	137	61
	138	62
	136	60
	137	62
	136	62
	137	63
	138	63
	136	63
	136	61
	137	64
	139	62
	135	62
	138	64
	136	64
	137	65
	138	65
	136	65
	137	66
	139	64
	135	64
	137	67
	138	67
	136	67
	137	68
	138	68
	138	66
	136	68
	136	66
	137	69
	139	67
	135	67
	138	69
	136	69
	137	70
	138	70
	136	70
	137	71
	139	69
	135	69
	138	71
	136	71
	137	72
	139	70
	135	70
	138	72
	136	72
	137	73
	138	73
	136	73
	137	74
	139	72
	135	72
	138	74
	136	74
	137	75
	139	73
	135	73
	138	75
	136	75
	137	76
	139	74
	135	74
	138	76
	136	76
	137	77
	139	75
	135	75
	138	77
	136	77
	137	78
	139	76
	135	76
	138	78
	136	78
	137	79
	138	79
	136	79
	137	80
	139	78
	135	78
	138	80
	136	80
	137	81
	138	81
	136	81
	137	82
	139	80
	135	80
	138	82
	136	82
	137	83
	138	83
	136	83
	137	84
	139	82
	135	82
	139	83
	138	84
	139	84
	138	85
	139	85
	137	85
	138	86
	136	84
	139	86
	137	86
	138	87
	139	87
	137	87
	138	88
	136	86
	139	88
	137	88
	138	89
	136	87
	139	89
	137	89
	138	90
	136	88
	139	81
	139	79
	139	77
	139	71
	139	68
	139	66
	139	65
	139	63
	136	56
	136	57
	135	56
	136	53
	135	54
	135	51
	135	52
	135	50
	134	51
	134	49
	134	45
	133	46
	134	43
	133	44
	134	42
	134	41
	133	42
	134	39
	133	39
	139	36
	139	38
	133	41
	133	40
	132	41
	133	38
	133	37
	132	38
	133	35
	134	34
	133	36
	133	34
	134	33
	132	35
	134	32
	133	32
	134	31
	133	33
	133	31
	134	30
	132	32
	135	30
	133	30
	134	29
	132	31
	133	29
	134	28
	133	28
	134	27
	132	29
	135	27
	133	27
	134	26
	132	28
	132	33
	133	43
	132	43
	133	45
	132	45
	133	47
	132	46
	134	50
	133	49
	134	52
	135	53
	133	51
	134	53
	133	52
	134	54
	135	55
	134	55
	133	54
	134	56
	135	57
	134	57
	135	58
	133	56
	134	58
	135	59
	133	57
	136	59
	134	59
	135	60
	133	58
	134	60
	135	61
	133	59
	134	61
	133	60
	135	63
	134	62
	134	63
	135	65
	135	66
	134	65
	135	68
	135	77
	134	76
	135	79
	134	78
	135	81
	135	83
	136	85
	135	84
	135	86
	136	89
	137	90
	135	88
	136	90
	137	91
	138	91
	136	91
	137	92
	139	90
	135	90
	138	92
	136	92
	137	93
	139	91
	135	91
	138	93
	136	93
	137	94
	139	92
	135	92
	138	94
	136	94
	137	95
	139	93
	135	93
	138	95
	136	95
	137	96
	139	94
	135	94
	138	96
	136	96
	137	97
	139	95
	135	95
	138	97
	136	97
	137	98
	139	96
	135	96
	138	98
	136	98
	137	99
	139	97
	135	97
	138	99
	136	99
	137	100
	139	98
	135	98
	138	100
	136	100
	137	101
	139	99
	135	99
	138	101
	136	101
	137	102
	139	100
	135	100
	139	101
	138	102
	139	102
	136	102
	135	101
	134	101
	135	102
	134	102
	134	100
	133	101
	133	102
	133	100
	134	99
	132	101
	132	102
	132	100
	133	99
	131	101
	131	102
	131	100
	132	99
	130	101
	130	102
	130	100
	131	99
	129	101
	129	102
	129	100
	130	99
	128	101
	128	102
	128	100
	129	103
	129	99
	127	101
	126	101
	127	102
	127	100
	126	102
	126	100
	127	103
	127	99
	125	101
	128	103
	126	103
	127	104
	125	102
	125	103
	126	104
	124	102
	125	104
	124	103
	128	104
	129	104
	125	105
	125	106
	124	105
	124	106
	125	107
	124	107
	125	108
	123	106
	123	107
	123	105
	124	108
	124	104
	122	106
	123	108
	124	109
	122	107
	125	109
	123	109
	124	110
	122	108
	122	109
	123	110
	122	110
	123	111
	121	109
	124	111
	122	111
	123	112
	124	112
	122	112
	123	113
	125	111
	121	111
	124	113
	122	113
	123	114
	125	112
	121	112
	124	114
	122	114
	123	115
	125	113
	121	113
	124	115
	122	115
	123	116
	125	114
	121	114
	124	117
	125	117
	123	117
	124	118
	124	116
	125	118
	125	116
	123	118
	124	119
	122	117
	125	119
	123	119
	124	120
	122	118
	125	120
	123	120
	124	121
	125	121
	123	121
	124	122
	122	120
	124	124
	125	124
	123	124
	124	125
	124	123
	125	125
	125	123
	123	125
	123	123
	124	126
	122	124
	125	126
	123	126
	124	127
	125	127
	123	127
	124	128
	122	126
	125	128
	123	128
	124	129
	122	127
	122	123
	123	122
	122	122
	121	123
	121	117
	122	116
	121	118
	121	116
	122	119
	120	117
	120	114
	121	115
	120	115
	120	113
	119	114
	120	112
	119	113
	120	111
	119	111
	120	110
	121	110
	119	112
	119	110
	120	109
	118	111
	121	108
	125	110
	125	100
	126	99
	124	101
	128	99
	127	98
	128	98
	129	98
	128	97
	129	97
	127	97
	130	98
	128	96
	126	98
	129	96
	127	96
	130	97
	128	95
	126	97
	130	96
	131	97
	129	95
	131	98
	131	96
	132	97
	130	95
	123	104
	125	115
	122	121
	121	120
	122	125
	121	124
	122	128
	123	129
	121	127
	122	129
	123	130
	124	130
	122	130
	123	131
	125	129
	121	129
	124	132
	125	132
	123	132
	124	133
	124	131
	125	133
	125	131
	123	133
	124	134
	122	132
	125	134
	123	134
	124	135
	126	133
	122	133
	127	134
	126	134
	127	135
	128	135
	126	135
	127	136
	128	136
	129	136
	128	137
	130	136
	129	137
	132	135
	131	136
	132	136
	131	137
	133	136
	134	136
	133	137
	136	136
	137	136
	135	136
	136	137
	138	135
	139	136
	143	136
	146	136
	147	136
	147	137
	144	136
	143	137
	144	137
	142	137
	143	138
	140	136
	141	137
	138	136
	139	137
	125	130
	122	131
	121	130
	125	122
	121	122
	121	119
	121	121
	120	120
	121	125
	121	126
	120	125
	121	128
	120	127
	120	129
	121	132
	122	134
	123	135
	121	133
	125	135
	124	136
	126	136
	125	136
	126	137
	127	137
	127	138
	128	138
	130	137
	129	138
	134	137
	135	137
	134	138
	138	137
	137	137
	138	138
	146	137
	148	137
	152	136
	152	137
	155	137
	160	138
	156	137
	156	138
	153	137
	154	138
	153	138
	151	137
	150	138
	145	137
	146	138
	145	138
	132	137
	132	138
	130	138
	125	137
	126	138
	123	136
	124	137
	123	137
	124	138
	122	136
	121	136
	122	137
	122	135
	121	137
	121	135
	122	138
	120	136
	121	134
	120	135
	120	134
	119	135
	119	134
	120	133
	119	133
	120	132
	118	134
	119	132
	120	131
	121	131
	119	131
	120	130
	118	132
	119	130
	118	131
	120	128
	119	128
	120	126
	119	127
	120	124
	120	123
	119	124
	120	122
	120	121
	119	122
	120	119
	119	120
	120	118
	119	119
	120	116
	119	117
	119	115
	121	107
	120	108
	123	103
	122	104
	125	99
	132	98
	133	98
	133	97
	134	98
	132	96
	134	97
	133	96
	134	96
	133	95
	134	95
	134	94
	133	94
	134	93
	133	93
	134	92
	132	94
	134	91
	133	91
	134	90
	133	92
	133	90
	134	89
	132	91
	135	89
	133	89
	134	88
	133	88
	134	87
	132	89
	135	87
	133	87
	134	86
	133	86
	134	85
	132	87
	135	85
	133	85
	134	84
	133	84
	134	83
	132	85
	133	83
	134	82
	133	82
	134	81
	132	83
	134	80
	134	79
	133	80
	134	77
	134	75
	133	76
	135	71
	134	72
	134	70
	134	68
	134	66
	134	64
	133	63
	132	58
	133	55
	132	55
	133	53
	132	54
	132	52
	133	61
	132	60
	133	62
	132	62
	133	64
	132	63
	133	65
	132	64
	133	66
	134	67
	132	65
	133	68
	134	69
	133	69
	133	67
	132	68
	134	71
	133	70
	133	71
	134	73
	133	72
	134	74
	133	73
	133	74
	133	77
	133	78
	132	77
	133	79
	132	78
	133	81
	132	80
	132	82
	132	88
	131	88
	132	90
	131	89
	131	90
	132	92
	131	91
	132	93
	131	92
	131	93
	132	95
	131	94
	131	95
	133	50
	132	51
	133	48
	132	48
	132	49
	132	47
	131	48
	131	46
	132	44
	131	44
	132	42
	131	42
	131	43
	131	41
	132	40
	130	42
	131	40
	132	39
	131	39
	130	40
	131	38
	132	37
	131	37
	132	36
	130	38
	131	36
	130	37
	131	35
	132	34
	131	34
	130	35
	131	33
	130	34
	131	32
	131	31
	132	30
	130	32
	131	30
	130	31
	131	29
	135	26
	133	26
	134	25
	132	27
	135	25
	136	25
	135	24
	136	24
	141	24
	144	25
	143	24
	144	24
	146	25
	145	24
	146	24
	151	24
	154	24
	157	24
	162	25
	163	24
	162	24
	163	23
	165	24
	164	23
	167	24
	169	24
	175	24
	178	25
	179	26
	177	24
	180	26
	179	25
	180	27
	180	25
	179	28
	181	26
	179	24
	181	27
	181	25
	180	28
	182	26
	180	24
	182	27
	182	25
	181	28
	183	26
	181	24
	181	29
	182	29
	180	29
	181	30
	182	30
	182	28
	180	30
	181	31
	183	29
	179	29
	182	31
	180	31
	181	32
	183	30
	182	32
	180	32
	181	33
	183	31
	180	33
	180	34
	181	34
	180	35
	181	35
	180	36
	182	34
	180	38
	180	39
	180	37
	181	38
	179	36
	181	45
	182	45
	182	46
	181	48
	182	47
	181	41
	180	40
	181	42
	181	40
	182	41
	181	39
	181	37
	182	38
	181	36
	182	35
InvisibleObstacle		
