Key	CellX	CellY
VisibleObstacle		
	19	43
	20	43
	18	43
	19	44
	19	42
	20	44
	20	42
	18	44
	18	42
	19	41
	20	41
	18	41
	19	40
	20	40
	18	40
	19	39
	20	39
	18	39
	19	38
	20	38
	18	38
	19	37
	20	37
	18	37
	19	36
	20	36
	18	36
	19	35
	20	35
	18	35
	19	33
	20	33
	18	33
	19	34
	19	32
	20	34
	20	32
	18	34
	18	32
	19	30
	20	30
	18	30
	19	31
	19	29
	20	31
	20	29
	18	31
	18	29
	19	28
	20	28
	18	28
	19	27
	20	27
	18	27
	21	28
	22	28
	21	29
	21	27
	22	29
	22	27
	23	28
	23	29
	23	27
	22	26
	23	26
	21	26
	24	27
	24	28
	24	26
	25	26
	24	25
	25	27
	25	25
	23	25
	26	26
	26	27
	26	25
	27	25
	26	24
	27	26
	27	24
	25	24
	28	25
	28	26
	28	24
	29	25
	29	26
	29	24
	30	25
	30	26
	30	24
	31	25
	31	26
	31	24
	32	26
	31	27
	32	27
	32	25
	30	27
	33	26
	33	27
	33	25
	34	27
	33	28
	34	28
	34	26
	32	28
	35	27
	35	28
	35	26
	34	29
	35	29
	33	29
	36	29
	35	30
	36	30
	36	28
	34	30
	37	29
	37	30
	37	28
	38	30
	37	31
	38	31
	38	29
	36	31
	39	30
	39	31
	39	29
	38	32
	39	32
	37	32
	40	31
	40	32
	40	30
	39	33
	40	33
	38	33
	41	32
	41	33
	41	31
	42	32
	42	33
	42	31
	41	34
	42	34
	40	34
	43	33
	43	34
	43	32
	42	35
	43	35
	41	35
	44	34
	44	35
	44	33
	45	34
	45	35
	45	33
	44	36
	45	36
	43	36
	46	35
	46	36
	46	34
	45	37
	46	37
	44	37
	47	36
	47	37
	47	35
	48	37
	47	38
	48	38
	48	36
	46	38
	49	37
	49	38
	49	36
	50	37
	50	38
	50	36
	51	37
	51	38
	51	36
	50	51
	51	51
	49	51
	50	52
	50	50
	51	52
	51	50
	49	52
	49	50
	50	49
	51	49
	49	49
	50	48
	51	48
	49	48
	50	47
	51	47
	49	47
	50	46
	51	46
	49	46
	50	45
	51	45
	49	45
	50	44
	51	44
	49	44
	50	43
	51	43
	49	43
	50	42
	51	42
	49	42
	50	41
	51	41
	49	41
	50	40
	51	40
	49	40
	50	39
	51	39
	49	39
	50	73
	51	73
	49	73
	50	74
	50	72
	51	74
	51	72
	49	74
	49	72
	50	71
	51	71
	49	71
	50	70
	51	70
	49	70
	50	69
	51	69
	49	69
	50	68
	51	68
	49	68
	50	67
	51	67
	49	67
	50	66
	51	66
	49	66
	50	65
	51	65
	49	65
	50	64
	51	64
	49	64
	50	63
	51	63
	49	63
	50	62
	51	62
	49	62
	50	61
	51	61
	49	61
	52	61
	51	60
	52	62
	52	60
	50	60
	51	59
	52	59
	50	59
	51	58
	52	58
	50	58
	51	57
	52	57
	50	57
	49	60
	49	59
	49	58
	49	57
	50	56
	51	56
	49	56
	50	55
	51	55
	49	55
	50	54
	51	54
	49	54
	50	53
	51	53
	49	53
	19	46
	20	46
	18	46
	19	47
	19	45
	20	47
	20	45
	18	47
	18	45
	19	50
	20	50
	18	50
	19	51
	19	49
	20	51
	20	49
	18	51
	18	49
	19	48
	20	48
	18	48
	19	53
	20	53
	18	53
	19	54
	19	52
	20	54
	20	52
	18	54
	18	52
	18	55
	20	55
	19	55
	21	54
	21	55
	21	53
	19	56
	21	56
	20	56
	22	55
	22	56
	22	54
	21	57
	22	57
	18	56
	21	58
	22	58
	15	149
	23	57
	23	58
	23	56
	22	59
	23	59
	21	59
	22	60
	23	60
	21	60
	22	61
	23	61
	21	61
	23	54
	22	53
	23	55
	23	62
	23	53
	22	62
	23	63
	47	86
	22	63
	23	64
	47	87
	22	64
	21	63
	21	64
	21	62
	21	65
	21	66
	20	76
	22	69
	22	68
	21	67
	22	71
	23	71
	22	67
	22	72
	22	70
	21	68
	22	73
	23	70
	23	72
	23	74
	22	74
	23	73
	14	149
	22	75
	22	76
	15	150
	16	149
	23	76
	23	69
	15	148
	23	67
	22	66
	16	150
	22	77
	23	68
	16	148
	20	71
	21	72
	14	150
	20	72
	19	73
	14	148
	21	77
	21	74
	13	148
	21	78
	22	78
	14	147
	21	79
	22	79
	15	147
	23	79
	22	80
	23	80
	23	78
	21	80
	22	81
	23	81
	21	81
	21	102
	22	102
	23	103
	22	103
	23	102
	12	146
	12	147
	23	104
	13	147
	23	105
	13	145
	21	103
	22	104
	12	145
	23	106
	22	105
	14	144
	21	106
	22	106
	21	104
	22	107
	21	105
	23	107
	21	107
	13	144
	23	108
	22	108
	22	110
	21	108
	23	101
	21	101
	22	111
	23	110
	23	111
	22	109
	21	109
	21	110
	23	109
	23	112
	22	112
	21	111
	11	144
	12	143
	12	144
	21	112
	24	111
	13	143
	28	111
	24	112
	11	143
	28	110
	24	110
	13	142
	12	142
	11	142
	11	145
	10	143
	28	112
	10	144
	10	141
	9	142
	10	142
	9	141
	9	143
	11	141
	9	140
	11	140
	10	140
	8	140
	8	142
	8	141
	27	110
	27	112
	27	111
	9	139
	26	110
	10	139
	8	139
	26	112
	9	138
	7	139
	8	138
	10	138
	26	111
	25	110
	25	112
	8	137
	6	138
	7	140
	6	139
	6	137
	7	138
	7	137
	7	136
	25	111
	8	136
	6	136
	9	137
	6	133
	5	136
	7	134
	6	135
	5	133
	6	134
	8	135
	6	132
	5	134
	5	135
	7	133
	23	98
	21	99
	13	149
	22	101
	23	100
	7	135
	21	98
	23	99
	22	98
	22	100
	22	99
	21	100
	21	97
	23	97
	22	97
	21	96
	23	96
	22	96
	23	94
	22	95
	23	95
	21	94
	21	95
	22	94
	21	93
	23	93
	22	93
	21	92
	23	92
	22	92
	21	82
	23	82
	22	82
	23	83
	23	84
	14	146
	22	83
	21	83
	15	146
	22	84
	21	84
	13	146
	14	145
	15	145
	23	85
	21	91
	21	85
	21	86
	22	88
	22	85
	22	86
	21	89
	23	86
	23	87
	22	89
	21	87
	21	88
	21	90
	22	87
	23	91
	22	91
	23	89
	22	90
	23	90
	23	88
	29	111
	29	112
	29	110
	30	111
	30	112
	30	110
	31	111
	31	112
	31	110
	32	111
	32	112
	32	110
	33	111
	33	112
	33	110
	34	111
	34	112
	34	110
	35	111
	35	112
	35	110
	36	111
	36	112
	36	110
	37	111
	37	112
	37	110
	38	111
	38	112
	38	110
	39	111
	39	112
	39	110
	40	111
	40	112
	40	110
	41	111
	41	112
	41	110
	42	111
	42	112
	42	110
	43	111
	43	112
	43	110
	44	111
	44	112
	44	110
	45	111
	45	112
	45	110
	46	111
	46	112
	46	110
	47	111
	47	112
	47	110
	47	91
	47	109
	47	89
	47	90
	47	108
	47	88
	48	108
	47	107
	48	109
	48	107
	47	92
	47	106
	48	106
	47	93
	47	105
	48	105
	47	94
	49	106
	49	107
	49	105
	48	104
	49	104
	47	104
	48	103
	49	103
	47	103
	48	102
	49	102
	47	102
	48	101
	49	101
	47	101
	48	100
	49	100
	47	100
	49	112
	47	99
	48	99
	49	110
	48	110
	47	98
	48	98
	48	112
	47	97
	48	97
	49	111
	47	96
	48	96
	48	111
	49	97
	49	98
	49	96
	48	95
	49	95
	47	95
	50	96
	50	97
	50	95
	49	94
	50	94
	48	94
	49	93
	50	93
	48	93
	49	92
	50	92
	48	92
	49	91
	50	91
	48	91
	49	90
	50	90
	48	90
	49	89
	50	89
	48	89
	49	88
	50	88
	48	88
	49	87
	50	87
	48	87
	49	86
	50	86
	48	86
	49	85
	50	85
	48	85
	49	84
	50	84
	48	84
	49	83
	50	83
	48	83
	49	82
	50	82
	48	82
	49	81
	50	81
	48	81
	49	80
	50	80
	48	80
	49	79
	50	79
	48	79
	49	78
	50	78
	48	78
	51	79
	51	80
	51	78
	50	77
	51	77
	49	77
	50	76
	51	76
	49	76
	50	75
	51	75
	49	75
	49	108
	49	99
	49	109
	20	73
	19	74
	23	66
	23	65
	22	65
	23	77
	23	75
	47	85
	47	84
	47	83
	47	82
	47	81
	47	75
	48	75
	47	76
	47	80
	48	76
	47	79
	47	77
	47	78
	48	77
	48	74
	47	74
	48	73
	47	73
	48	72
	47	72
	48	71
	47	71
	48	70
	47	70
	48	69
	47	69
	48	68
	47	68
	48	67
	47	67
	48	66
	47	66
	48	65
	47	65
	48	64
	47	64
	48	63
	47	63
	48	62
	47	62
	48	61
	47	61
	48	60
	47	60
	48	59
	47	59
	48	58
	47	58
	48	57
	47	57
	48	56
	47	56
	48	55
	47	55
	48	54
	47	54
	48	53
	47	53
	48	52
	47	52
	48	51
	47	51
	48	50
	47	50
	48	49
	47	49
	48	48
	47	48
	48	47
	47	47
	48	46
	47	46
	48	45
	47	45
	48	44
	47	44
	48	43
	47	43
	48	42
	47	42
	48	41
	47	41
	48	40
	47	40
	48	39
	47	39
	7	132
	5	132
	6	131
	7	131
	5	131
	6	130
	7	130
	5	130
	4	130
	5	129
	6	129
	4	131
	4	129
	5	128
	6	128
	4	128
	5	127
	6	127
	4	127
	5	126
	6	126
	4	126
	7	127
	7	128
	7	126
	6	125
	7	125
	5	125
	8	126
	8	127
	8	125
	9	126
	9	127
	9	125
	8	124
	9	124
	7	124
	8	123
	9	123
	7	123
	8	122
	9	122
	7	122
	10	123
	10	124
	10	122
	9	121
	10	121
	8	121
	11	122
	11	123
	11	121
	12	122
	12	123
	12	121
	13	122
	13	123
	13	121
	14	122
	14	123
	14	121
	15	122
	15	123
	15	121
	16	122
	16	123
	16	121
	17	122
	17	123
	17	121
	18	122
	18	123
	18	121
	19	122
	19	123
	19	121
	20	122
	20	123
	20	121
	21	122
	21	123
	21	121
	22	122
	22	123
	22	121
	23	122
	23	123
	23	121
	24	122
	24	123
	24	121
	25	122
	25	123
	25	121
	26	122
	26	123
	26	121
	35	121
	33	123
	36	122
	36	121
	35	122
	34	122
	31	123
	37	122
	35	123
	32	123
	28	122
	33	122
	27	121
	34	121
	31	121
	31	122
	32	121
	30	121
	30	123
	30	122
	29	121
	29	123
	28	121
	27	123
	40	122
	40	121
	27	122
	39	120
	28	123
	39	122
	34	123
	37	123
	38	120
	36	123
	37	121
	39	121
	36	120
	37	120
	33	121
	35	120
	32	122
	38	121
	29	122
	38	122
	40	120
	41	121
	41	122
	41	120
	42	121
	42	122
	42	120
	43	121
	43	122
	43	120
	44	121
	44	122
	44	120
	39	123
	40	123
	38	123
	41	123
	42	123
	43	123
	44	123
	45	122
	45	123
	45	121
	46	122
	46	123
	46	121
	47	122
	47	123
	47	121
	48	122
	48	123
	48	121
	49	122
	49	123
	49	121
	50	122
	50	123
	50	121
	51	122
	51	123
	51	121
	52	122
	52	123
	52	121
	61	139
	62	139
	60	139
	61	140
	61	138
	62	140
	62	138
	60	140
	60	138
	59	139
	59	140
	59	138
	58	138
	59	137
	60	137
	58	139
	58	137
	57	138
	57	139
	57	137
	56	138
	56	139
	56	137
	55	138
	55	139
	55	137
	56	136
	57	136
	55	136
	54	137
	54	138
	54	136
	53	137
	53	138
	53	136
	54	135
	55	135
	53	135
	52	136
	52	137
	52	135
	51	136
	51	137
	51	135
	52	134
	53	134
	51	134
	50	135
	50	136
	50	134
	49	135
	49	136
	49	134
	50	133
	51	133
	49	133
	48	134
	48	135
	48	133
	49	132
	50	132
	48	132
	49	131
	50	131
	48	131
	49	130
	50	130
	48	130
	49	129
	50	129
	48	129
	49	128
	50	128
	48	128
	49	127
	50	127
	48	127
	49	126
	50	126
	48	126
	49	125
	50	125
	48	125
	49	124
	50	124
	48	124
	63	139
	63	140
	63	138
	64	139
	64	140
	64	138
	65	139
	65	140
	65	138
	66	139
	66	140
	66	138
	67	139
	67	140
	67	138
	68	138
	67	137
	68	139
	68	137
	66	137
	69	138
	69	139
	69	137
	70	138
	70	139
	70	137
	71	138
	71	139
	71	137
	72	137
	71	136
	72	138
	72	136
	70	136
	73	137
	73	138
	73	136
	74	137
	74	138
	74	136
	75	137
	75	138
	75	136
	76	137
	76	138
	76	136
	77	137
	77	138
	77	136
	78	136
	77	135
	78	137
	78	135
	76	135
	79	136
	79	137
	79	135
	80	136
	80	137
	80	135
	81	136
	81	137
	81	135
	80	134
	81	134
	79	134
	82	135
	82	136
	82	134
	83	135
	83	136
	83	134
	84	135
	84	136
	84	134
	85	135
	85	136
	85	134
	86	134
	85	133
	86	135
	86	133
	84	133
	87	134
	87	135
	87	133
	86	132
	87	132
	85	132
	88	133
	88	134
	88	132
	87	131
	88	131
	86	131
	87	130
	88	130
	86	130
	89	131
	89	132
	89	130
	88	129
	89	129
	87	129
	90	130
	90	131
	90	129
	89	128
	90	128
	88	128
	91	129
	91	130
	91	128
	92	129
	92	130
	92	128
	91	127
	92	127
	90	127
	93	128
	93	129
	93	127
	94	128
	94	129
	94	127
	93	126
	94	126
	92	126
	95	127
	95	128
	95	126
	96	127
	96	128
	96	126
	95	125
	96	125
	94	125
	97	126
	97	127
	97	125
	98	126
	98	127
	98	125
	97	124
	98	124
	96	124
	99	125
	99	126
	99	124
	98	123
	99	123
	97	123
	100	123
	99	122
	100	124
	100	122
	98	122
	99	121
	100	121
	98	121
	101	122
	102	122
	100	120
	101	121
	101	120
	102	121
	103	122
	104	122
	98	120
	103	121
	99	120
	104	121
	105	122
	106	122
	102	120
	105	121
	103	120
	106	121
	108	122
	109	122
	107	122
	105	120
	108	121
	104	119
	109	121
	104	120
	107	121
	110	121
	111	121
	110	122
	110	120
	111	122
	111	120
	109	120
	112	121
	112	122
	112	120
	113	121
	113	122
	113	120
	114	121
	114	122
	114	120
	115	121
	115	122
	115	120
	116	121
	117	121
	116	122
	116	120
	117	122
	117	120
	118	121
	118	122
	118	120
	119	121
	119	122
	119	120
	120	121
	120	122
	120	120
	121	121
	121	122
	121	120
	122	121
	122	122
	122	120
	123	121
	124	121
	123	122
	123	120
	124	122
	124	120
	125	121
	125	122
	125	120
	126	121
	126	122
	126	120
	127	121
	128	121
	127	122
	127	120
	128	122
	128	120
	129	121
	129	122
	129	120
	130	121
	130	122
	130	120
	131	121
	131	122
	131	120
	132	121
	132	122
	132	120
	133	120
	132	119
	133	121
	133	119
	131	119
	134	120
	134	121
	134	119
	105	119
	103	119
	106	120
	106	119
	107	120
	107	119
	108	120
	108	119
	124	123
	125	123
	123	123
	124	124
	125	124
	123	124
	126	124
	125	125
	126	125
	126	123
	124	125
	125	126
	126	126
	124	126
	125	127
	126	127
	124	127
	127	127
	126	128
	127	128
	127	126
	125	128
	126	129
	127	129
	125	129
	128	128
	128	129
	128	127
	127	130
	128	130
	126	130
	129	129
	129	130
	129	128
	128	131
	129	131
	127	131
	130	130
	130	131
	130	129
	131	130
	131	131
	131	129
	130	132
	131	132
	129	132
	132	131
	132	132
	132	130
	133	131
	133	132
	133	130
	132	133
	133	133
	131	133
	134	132
	134	133
	134	131
	133	134
	134	134
	132	134
	135	133
	135	134
	135	132
	136	133
	136	134
	136	132
	135	135
	136	135
	134	135
	137	134
	137	135
	137	133
	138	134
	138	135
	138	133
	137	136
	138	136
	136	136
	139	135
	139	136
	139	134
	140	135
	140	136
	140	134
	141	135
	141	136
	141	134
	142	135
	142	136
	142	134
	143	136
	142	137
	143	137
	143	135
	141	137
	141	164
	142	164
	140	164
	141	165
	141	163
	142	165
	142	163
	140	165
	140	163
	141	162
	142	162
	140	162
	141	161
	142	161
	140	161
	139	161
	140	160
	141	160
	139	162
	139	160
	140	159
	141	159
	139	159
	140	158
	141	158
	139	158
	140	157
	141	157
	139	157
	140	156
	141	156
	139	156
	140	155
	141	155
	139	155
	140	154
	141	154
	139	154
	140	153
	141	153
	139	153
	140	152
	141	152
	139	152
	140	151
	141	151
	139	151
	140	150
	141	150
	139	150
	140	149
	141	149
	139	149
	140	148
	141	148
	139	148
	140	147
	141	147
	139	147
	140	146
	141	146
	139	146
	140	145
	141	145
	139	145
	140	144
	141	144
	139	144
	140	143
	141	143
	139	143
	140	142
	141	142
	139	142
	140	141
	141	141
	139	141
	140	140
	141	140
	139	140
	140	139
	141	139
	139	139
	140	138
	141	138
	139	138
	140	137
	139	137
	139	169
	140	169
	141	167
	139	170
	139	168
	140	170
	140	168
	141	166
	141	168
	139	167
	140	167
	139	171
	139	166
	140	166
	141	169
	139	165
	141	171
	139	164
	140	171
	139	163
	141	170
	142	166
	142	167
	138	167
	137	167
	138	168
	138	166
	137	168
	137	166
	136	167
	136	168
	136	166
	135	167
	135	168
	135	166
	134	167
	134	168
	134	166
	133	167
	133	168
	133	166
	132	167
	132	168
	132	166
	131	167
	131	168
	131	166
	130	167
	130	168
	130	166
	129	167
	129	168
	129	166
	128	167
	128	168
	128	166
	127	167
	127	168
	127	166
	126	167
	126	168
	126	166
	125	167
	125	168
	125	166
	124	167
	124	168
	124	166
	123	167
	123	168
	123	166
	122	167
	122	168
	122	166
	121	167
	121	168
	121	166
	120	167
	120	168
	120	166
	119	167
	119	168
	119	166
	118	167
	118	168
	118	166
	117	167
	117	168
	117	166
	116	167
	116	168
	116	166
	115	167
	115	168
	115	166
	114	167
	114	168
	114	166
	113	167
	113	168
	113	166
	112	167
	112	168
	112	166
	111	167
	111	168
	111	166
	110	167
	110	168
	110	166
	109	167
	109	168
	109	166
	108	167
	108	168
	108	166
	107	167
	106	167
	107	168
	107	166
	106	168
	106	166
	105	167
	104	167
	105	168
	105	166
	104	168
	104	166
	103	167
	102	167
	103	168
	103	166
	102	168
	102	166
	101	167
	101	168
	101	166
	100	167
	100	168
	100	166
	99	167
	99	168
	99	166
	98	168
	99	169
	100	169
	98	169
	98	167
	97	168
	97	169
	97	167
	96	168
	96	169
	96	167
	95	168
	95	169
	95	167
	94	168
	94	169
	94	167
	93	168
	93	169
	93	167
	92	168
	92	169
	92	167
	98	166
	97	166
	96	166
	95	166
	94	166
	93	166
	91	168
	91	169
	91	167
	90	168
	90	169
	90	167
	89	168
	89	169
	89	167
	88	168
	88	169
	88	167
	87	168
	87	169
	87	167
	92	166
	91	166
	90	166
	89	166
	88	166
	86	167
	85	167
	86	168
	86	166
	87	166
	85	168
	85	166
	84	167
	83	167
	84	168
	84	166
	83	168
	83	166
	82	167
	82	168
	82	166
	81	167
	81	168
	81	166
	80	167
	80	168
	80	166
	79	168
	80	169
	81	169
	79	169
	79	167
	78	168
	77	168
	78	169
	78	167
	77	169
	77	167
	76	168
	76	169
	76	167
	75	168
	75	169
	75	167
	79	166
	78	166
	77	166
	76	166
	75	166
	74	167
	74	168
	74	166
	73	167
	73	168
	73	166
	74	169
	73	169
	72	168
	71	168
	72	169
	72	167
	71	169
	71	167
	70	168
	70	169
	70	167
	69	168
	69	169
	69	167
	68	168
	68	169
	68	167
	67	168
	67	169
	67	167
	66	168
	66	169
	66	167
	71	166
	72	166
	70	166
	69	166
	68	166
	67	166
	65	168
	65	169
	65	167
	64	168
	64	169
	64	167
	66	166
	65	166
	64	166
	63	167
	62	167
	63	168
	63	166
	62	168
	62	166
	61	167
	61	168
	61	166
	60	167
	60	168
	60	166
	59	167
	59	168
	59	166
	58	167
	58	168
	58	166
	57	168
	58	169
	59	169
	57	169
	57	167
	56	168
	56	169
	56	167
	55	168
	55	169
	55	167
	54	168
	54	169
	54	167
	53	168
	53	169
	53	167
	52	168
	52	169
	52	167
	51	168
	51	169
	51	167
	50	168
	50	169
	50	167
	49	168
	49	169
	49	167
	48	168
	48	169
	48	167
	47	168
	47	169
	47	167
	46	168
	46	169
	46	167
	45	168
	45	169
	45	167
	44	168
	44	169
	44	167
	43	168
	43	169
	43	167
	44	170
	45	170
	43	170
	42	169
	42	170
	42	168
	41	169
	41	170
	41	168
	40	169
	40	170
	40	168
	39	169
	39	170
	39	168
	41	167
	42	167
	40	167
	39	167
	38	168
	38	169
	38	167
	17	148
	16	147
	17	149
	17	147
	18	149
	19	149
	18	150
	18	148
	19	150
	19	148
	17	150
	20	149
	20	150
	20	148
	21	149
	21	150
	21	148
	22	149
	22	150
	22	148
	21	151
	22	151
	20	151
	23	150
	23	151
	23	149
	24	150
	24	151
	24	149
	25	150
	25	151
	25	149
	26	150
	26	151
	26	149
	27	151
	26	152
	27	152
	27	150
	25	152
	28	151
	28	152
	28	150
	29	151
	29	152
	29	150
	30	151
	30	152
	30	150
	29	153
	30	153
	28	153
	31	152
	31	153
	31	151
	32	152
	32	153
	32	151
	33	153
	32	154
	33	154
	33	152
	31	154
	34	153
	34	154
	34	152
	35	153
	35	154
	35	152
	34	155
	35	155
	33	155
	36	154
	36	155
	36	153
	37	154
	37	155
	37	153
	38	154
	38	155
	38	153
	37	156
	38	156
	36	156
	39	155
	39	156
	39	154
	40	156
	39	157
	40	157
	40	155
	38	157
	41	156
	41	157
	41	155
	40	158
	41	158
	39	158
	42	157
	42	158
	42	156
	41	159
	42	159
	40	159
	43	159
	42	160
	43	160
	43	158
	41	160
	42	161
	43	161
	41	161
	42	162
	43	162
	41	162
	44	161
	44	162
	44	160
	43	163
	44	163
	42	163
	43	164
	44	164
	42	164
	43	165
	44	165
	42	165
	43	166
	44	166
	42	166
	45	165
	45	166
	45	164
	50	98
	50	99
	50	100
	50	101
	50	102
	50	103
	50	104
	50	105
	50	106
	50	107
	50	108
	50	109
	50	110
	50	111
	50	112
	51	81
	51	82
	51	83
	51	84
	51	85
	51	86
	51	87
	51	88
	51	89
	51	90
	51	91
	51	92
	51	93
	51	94
	51	95
	51	96
	51	97
	51	98
	51	99
	51	100
	51	101
	51	102
	51	103
	51	104
	51	105
	51	106
	51	107
	51	108
	51	109
	51	110
	51	111
	51	112
	52	39
	52	40
	52	41
	52	42
	52	43
	52	44
	52	45
	52	46
	52	47
	52	48
	52	49
	52	50
	52	51
	52	52
	52	53
	52	54
	52	55
	52	56
	52	63
	52	64
	52	65
	52	66
	52	67
	52	68
	52	69
	52	70
	52	71
	52	72
	52	73
	52	74
	52	75
	52	76
	52	77
	52	78
	52	79
	52	80
	52	81
	52	82
	52	83
	52	84
	52	85
	52	86
	52	87
	52	88
	52	89
	52	90
	52	91
	52	92
	52	93
	52	94
	52	95
	52	96
	52	97
	52	98
	52	99
	52	100
	52	101
	52	102
	52	103
	52	104
	52	105
	52	106
	52	107
	52	108
	52	109
	52	110
	52	111
	52	112
	53	39
	53	40
	53	41
	53	42
	53	43
	53	44
	53	45
	53	46
	53	47
	53	48
	53	49
	53	50
	53	51
	53	52
	53	53
	53	54
	53	55
	53	56
	53	57
	53	58
	53	59
	53	60
	53	61
	53	62
	53	63
	53	64
	53	65
	53	66
	53	67
	53	68
	53	69
	53	70
	53	71
	53	72
	53	73
	53	74
	53	75
	53	76
	53	77
	53	78
	53	79
	53	80
	53	81
	53	82
	53	83
	53	84
	53	85
	53	86
	53	87
	53	88
	53	89
	53	90
	53	91
	53	92
	53	93
	53	94
	53	95
	53	96
	53	97
	53	98
	53	99
	53	100
	53	101
	53	102
	53	103
	53	104
	53	105
	53	106
	53	107
	53	108
	53	109
	53	110
	53	111
	53	112
	54	39
	54	40
	54	41
	54	42
	54	43
	54	44
	54	45
	54	46
	54	47
	54	48
	54	49
	54	50
	54	51
	54	52
	54	53
	54	54
	54	55
	54	56
	54	57
	54	58
	54	59
	54	60
	54	61
	54	62
	54	63
	54	64
	54	65
	54	66
	54	67
	54	68
	54	69
	54	70
	54	71
	54	72
	54	73
	54	74
	54	75
	54	76
	54	77
	54	78
	54	79
	54	80
	54	81
	54	82
	54	83
	54	84
	54	85
	54	86
	54	87
	54	88
	54	89
	54	90
	54	91
	54	92
	54	93
	54	94
	54	95
	54	96
	54	97
	54	98
	54	99
	54	100
	54	101
	54	102
	54	103
	54	104
	54	105
	54	106
	54	107
	54	108
	54	109
	54	110
	54	111
	54	112
	55	39
	55	40
	55	41
	55	42
	55	43
	55	44
	55	45
	55	46
	55	47
	55	48
	55	49
	55	50
	55	51
	55	52
	55	53
	55	54
	55	55
	55	56
	55	57
	55	58
	55	59
	55	60
	55	61
	55	62
	55	63
	55	64
	55	65
	55	66
	55	67
	55	68
	55	69
	55	70
	55	71
	55	72
	55	73
	55	74
	55	75
	55	76
	55	77
	55	78
	55	79
	55	80
	55	81
	55	82
	55	83
	55	84
	55	85
	55	86
	55	87
	55	88
	55	89
	55	90
	55	91
	55	92
	55	93
	55	94
	55	95
	55	96
	55	97
	55	98
	55	99
	55	100
	55	101
	55	102
	55	103
	55	104
	55	105
	55	106
	55	107
	55	108
	55	109
	55	110
	55	111
	55	112
	56	39
	56	40
	56	41
	56	42
	56	43
	56	44
	56	45
	56	46
	56	47
	56	48
	56	49
	56	50
	56	51
	56	52
	56	53
	56	54
	56	55
	56	56
	56	57
	56	58
	56	59
	56	60
	56	61
	56	62
	56	63
	56	64
	56	65
	56	66
	56	67
	56	68
	56	69
	56	70
	56	71
	56	72
	56	73
	56	74
	56	75
	56	76
	56	77
	56	78
	56	79
	56	80
	56	81
	56	82
	56	83
	56	84
	56	85
	56	86
	56	87
	56	88
	56	89
	56	90
	56	91
	56	92
	56	93
	56	94
	56	95
	56	96
	56	97
	56	98
	56	99
	56	100
	56	101
	56	102
	56	103
	56	104
	56	105
	56	106
	56	107
	56	108
	56	109
	56	110
	56	111
	56	112
	57	39
	57	40
	57	41
	57	42
	57	43
	57	44
	57	45
	57	46
	57	47
	57	48
	57	49
	57	50
	57	51
	57	52
	57	53
	57	54
	57	55
	57	56
	57	57
	57	58
	57	59
	57	60
	57	61
	57	62
	57	63
	57	64
	57	65
	57	66
	57	67
	57	68
	57	69
	57	70
	57	71
	57	72
	57	73
	57	74
	57	75
	57	76
	57	77
	57	78
	57	79
	57	80
	57	81
	57	82
	57	83
	57	84
	57	85
	57	86
	57	87
	57	88
	57	89
	57	90
	57	91
	57	92
	57	93
	57	94
	57	95
	57	96
	57	97
	57	98
	57	99
	57	100
	57	101
	57	102
	57	103
	57	104
	57	105
	57	106
	57	107
	57	108
	57	109
	57	110
	57	111
	57	112
	58	39
	58	40
	58	41
	58	42
	58	43
	58	44
	58	45
	58	46
	58	47
	58	48
	58	49
	58	50
	58	51
	58	52
	58	53
	58	54
	58	55
	58	56
	58	57
	58	58
	58	59
	58	60
	58	61
	58	62
	58	63
	58	64
	58	65
	58	66
	58	67
	58	68
	58	69
	58	70
	58	71
	58	72
	58	73
	58	74
	58	75
	58	76
	58	77
	58	78
	58	79
	58	80
	58	81
	58	82
	58	83
	58	84
	58	85
	58	86
	58	87
	58	88
	58	89
	58	90
	58	91
	58	92
	58	93
	58	94
	58	95
	58	96
	58	97
	58	98
	58	99
	58	100
	58	101
	58	102
	58	103
	58	104
	58	105
	58	106
	58	107
	58	108
	58	109
	58	110
	58	111
	58	112
	59	39
	59	40
	59	41
	59	42
	59	43
	59	44
	59	45
	59	46
	59	47
	59	48
	59	49
	59	50
	59	51
	59	52
	59	53
	59	54
	59	55
	59	56
	59	57
	59	58
	59	59
	59	60
	59	61
	59	62
	59	63
	59	64
	59	65
	59	66
	59	67
	59	68
	59	69
	59	70
	59	71
	59	72
	59	73
	59	74
	59	75
	59	76
	59	77
	59	78
	59	79
	59	80
	59	81
	59	82
	59	83
	59	84
	59	85
	59	86
	59	87
	59	88
	59	89
	59	90
	59	91
	59	92
	59	93
	59	94
	59	95
	59	96
	59	97
	59	98
	59	99
	59	100
	59	101
	59	102
	59	103
	59	104
	59	105
	59	106
	59	107
	59	108
	59	109
	59	110
	59	111
	59	112
	60	39
	60	40
	60	41
	60	42
	60	43
	60	44
	60	45
	60	46
	60	47
	60	48
	60	49
	60	50
	60	51
	60	52
	60	53
	60	54
	60	55
	60	56
	60	57
	60	58
	60	59
	60	60
	60	61
	60	62
	60	63
	60	64
	60	65
	60	66
	60	67
	60	68
	60	69
	60	70
	60	71
	60	72
	60	73
	60	74
	60	75
	60	76
	60	77
	60	78
	60	79
	60	80
	60	81
	60	82
	60	83
	60	84
	60	85
	60	86
	60	87
	60	88
	60	89
	60	90
	60	91
	60	92
	60	93
	60	94
	60	95
	60	96
	60	97
	60	98
	60	99
	60	100
	60	101
	60	102
	60	103
	60	104
	60	105
	60	106
	60	107
	60	108
	60	109
	60	110
	60	111
	60	112
	7	113
	7	114
	7	115
	7	116
	7	117
	7	118
	7	119
	7	120
	7	121
	8	113
	8	114
	8	115
	8	116
	8	117
	8	118
	8	119
	8	120
	9	113
	9	114
	9	115
	9	116
	9	117
	9	118
	9	119
	9	120
	10	113
	10	114
	10	115
	10	116
	10	117
	10	118
	10	119
	10	120
	11	113
	11	114
	11	115
	11	116
	11	117
	11	118
	11	119
	11	120
	12	113
	12	114
	12	115
	12	116
	12	117
	12	118
	12	119
	12	120
	13	113
	13	114
	13	115
	13	116
	13	117
	13	118
	13	119
	13	120
	14	113
	14	114
	14	115
	14	116
	14	117
	14	118
	14	119
	14	120
	15	113
	15	114
	15	115
	15	116
	15	117
	15	118
	15	119
	15	120
	16	113
	16	114
	16	115
	16	116
	16	117
	16	118
	16	119
	16	120
	17	113
	17	114
	17	115
	17	116
	17	117
	17	118
	17	119
	17	120
	18	113
	18	114
	18	115
	18	116
	18	117
	18	118
	18	119
	18	120
	19	113
	19	114
	19	115
	19	116
	19	117
	19	118
	19	119
	19	120
	20	113
	20	114
	20	115
	20	116
	20	117
	20	118
	20	119
	20	120
	21	113
	21	114
	21	115
	21	116
	21	117
	21	118
	21	119
	21	120
	22	113
	22	114
	22	115
	22	116
	22	117
	22	118
	22	119
	22	120
	23	113
	23	114
	23	115
	23	116
	23	117
	23	118
	23	119
	23	120
	24	113
	24	114
	24	115
	24	116
	24	117
	24	118
	24	119
	24	120
	25	113
	25	114
	25	115
	25	116
	25	117
	25	118
	25	119
	25	120
	26	113
	26	114
	26	115
	26	116
	26	117
	26	118
	26	119
	26	120
	27	113
	27	114
	27	115
	27	116
	27	117
	27	118
	27	119
	27	120
	28	113
	28	114
	28	115
	28	116
	28	117
	28	118
	28	119
	28	120
	29	113
	29	114
	29	115
	29	116
	29	117
	29	118
	29	119
	29	120
	30	113
	30	114
	30	115
	30	116
	30	117
	30	118
	30	119
	30	120
	31	113
	31	114
	31	115
	31	116
	31	117
	31	118
	31	119
	31	120
	32	113
	32	114
	32	115
	32	116
	32	117
	32	118
	32	119
	32	120
	33	113
	33	114
	33	115
	33	116
	33	117
	33	118
	33	119
	33	120
	34	113
	34	114
	34	115
	34	116
	34	117
	34	118
	34	119
	34	120
	35	113
	35	114
	35	115
	35	116
	35	117
	35	118
	35	119
	36	113
	36	114
	36	115
	36	116
	36	117
	36	118
	36	119
	37	113
	37	114
	37	115
	37	116
	37	117
	37	118
	37	119
	38	113
	38	114
	38	115
	38	116
	38	117
	38	118
	38	119
	39	113
	39	114
	39	115
	39	116
	39	117
	39	118
	39	119
	40	113
	40	114
	40	115
	40	116
	40	117
	40	118
	40	119
	41	113
	41	114
	41	115
	41	116
	41	117
	41	118
	41	119
	42	113
	42	114
	42	115
	42	116
	42	117
	42	118
	42	119
	43	113
	43	114
	43	115
	43	116
	43	117
	43	118
	43	119
	44	113
	44	114
	44	115
	44	116
	44	117
	44	118
	44	119
	45	113
	45	114
	45	115
	45	116
	45	117
	45	118
	45	119
	45	120
	46	113
	46	114
	46	115
	46	116
	46	117
	46	118
	46	119
	46	120
	47	113
	47	114
	47	115
	47	116
	47	117
	47	118
	47	119
	47	120
	48	113
	48	114
	48	115
	48	116
	48	117
	48	118
	48	119
	48	120
	49	113
	49	114
	49	115
	49	116
	49	117
	49	118
	49	119
	49	120
	50	113
	50	114
	50	115
	50	116
	50	117
	50	118
	50	119
	50	120
	7	55
	7	56
	7	57
	7	58
	7	59
	7	60
	7	61
	7	62
	7	63
	7	64
	7	65
	7	66
	7	67
	7	68
	7	69
	7	70
	7	71
	7	72
	7	73
	7	74
	7	75
	7	76
	7	77
	7	78
	7	79
	7	80
	7	81
	7	82
	7	83
	7	84
	7	85
	7	86
	7	87
	7	88
	7	89
	7	90
	7	91
	7	92
	7	93
	7	94
	7	95
	7	96
	7	97
	7	98
	7	99
	7	100
	7	101
	7	102
	7	103
	7	104
	7	105
	7	106
	7	107
	7	108
	7	109
	7	110
	7	111
	7	112
	8	55
	8	56
	8	57
	8	58
	8	59
	8	60
	8	61
	8	62
	8	63
	8	64
	8	65
	8	66
	8	67
	8	68
	8	69
	8	70
	8	71
	8	72
	8	73
	8	74
	8	75
	8	76
	8	77
	8	78
	8	79
	8	80
	8	81
	8	82
	8	83
	8	84
	8	85
	8	86
	8	87
	8	88
	8	89
	8	90
	8	91
	8	92
	8	93
	8	94
	8	95
	8	96
	8	97
	8	98
	8	99
	8	100
	8	101
	8	102
	8	103
	8	104
	8	105
	8	106
	8	107
	8	108
	8	109
	8	110
	8	111
	8	112
	9	55
	9	56
	9	57
	9	58
	9	59
	9	60
	9	61
	9	62
	9	63
	9	64
	9	65
	9	66
	9	67
	9	68
	9	69
	9	70
	9	71
	9	72
	9	73
	9	74
	9	75
	9	76
	9	77
	9	78
	9	79
	9	80
	9	81
	9	82
	9	83
	9	84
	9	85
	9	86
	9	87
	9	88
	9	89
	9	90
	9	91
	9	92
	9	93
	9	94
	9	95
	9	96
	9	97
	9	98
	9	99
	9	100
	9	101
	9	102
	9	103
	9	104
	9	105
	9	106
	9	107
	9	108
	9	109
	9	110
	9	111
	9	112
	10	55
	10	56
	10	57
	10	58
	10	59
	10	60
	10	61
	10	62
	10	63
	10	64
	10	65
	10	66
	10	67
	10	68
	10	69
	10	70
	10	71
	10	72
	10	73
	10	74
	10	75
	10	76
	10	77
	10	78
	10	79
	10	80
	10	81
	10	82
	10	83
	10	84
	10	85
	10	86
	10	87
	10	88
	10	89
	10	90
	10	91
	10	92
	10	93
	10	94
	10	95
	10	96
	10	97
	10	98
	10	99
	10	100
	10	101
	10	102
	10	103
	10	104
	10	105
	10	106
	10	107
	10	108
	10	109
	10	110
	10	111
	10	112
	11	55
	11	56
	11	57
	11	58
	11	59
	11	60
	11	61
	11	62
	11	63
	11	64
	11	65
	11	66
	11	67
	11	68
	11	69
	11	70
	11	71
	11	72
	11	73
	11	74
	11	75
	11	76
	11	77
	11	78
	11	79
	11	80
	11	81
	11	82
	11	83
	11	84
	11	85
	11	86
	11	87
	11	88
	11	89
	11	90
	11	91
	11	92
	11	93
	11	94
	11	95
	11	96
	11	97
	11	98
	11	99
	11	100
	11	101
	11	102
	11	103
	11	104
	11	105
	11	106
	11	107
	11	108
	11	109
	11	110
	11	111
	11	112
	12	55
	12	56
	12	57
	12	58
	12	59
	12	60
	12	61
	12	62
	12	63
	12	64
	12	65
	12	66
	12	67
	12	68
	12	69
	12	70
	12	71
	12	72
	12	73
	12	74
	12	75
	12	76
	12	77
	12	78
	12	79
	12	80
	12	81
	12	82
	12	83
	12	84
	12	85
	12	86
	12	87
	12	88
	12	89
	12	90
	12	91
	12	92
	12	93
	12	94
	12	95
	12	96
	12	97
	12	98
	12	99
	12	100
	12	101
	12	102
	12	103
	12	104
	12	105
	12	106
	12	107
	12	108
	12	109
	12	110
	12	111
	12	112
	13	55
	13	56
	13	57
	13	58
	13	59
	13	60
	13	61
	13	62
	13	63
	13	64
	13	65
	13	66
	13	67
	13	68
	13	69
	13	70
	13	71
	13	72
	13	73
	13	74
	13	75
	13	76
	13	77
	13	78
	13	79
	13	80
	13	81
	13	82
	13	83
	13	84
	13	85
	13	86
	13	87
	13	88
	13	89
	13	90
	13	91
	13	92
	13	93
	13	94
	13	95
	13	96
	13	97
	13	98
	13	99
	13	100
	13	101
	13	102
	13	103
	13	104
	13	105
	13	106
	13	107
	13	108
	13	109
	13	110
	13	111
	13	112
	14	55
	14	56
	14	57
	14	58
	14	59
	14	60
	14	61
	14	62
	14	63
	14	64
	14	65
	14	66
	14	67
	14	68
	14	69
	14	70
	14	71
	14	72
	14	73
	14	74
	14	75
	14	76
	14	77
	14	78
	14	79
	14	80
	14	81
	14	82
	14	83
	14	84
	14	85
	14	86
	14	87
	14	88
	14	89
	14	90
	14	91
	14	92
	14	93
	14	94
	14	95
	14	96
	14	97
	14	98
	14	99
	14	100
	14	101
	14	102
	14	103
	14	104
	14	105
	14	106
	14	107
	14	108
	14	109
	14	110
	14	111
	14	112
	15	55
	15	56
	15	57
	15	58
	15	59
	15	60
	15	61
	15	62
	15	63
	15	64
	15	65
	15	66
	15	67
	15	68
	15	69
	15	70
	15	71
	15	72
	15	73
	15	74
	15	75
	15	76
	15	77
	15	78
	15	79
	15	80
	15	81
	15	82
	15	83
	15	84
	15	85
	15	86
	15	87
	15	88
	15	89
	15	90
	15	91
	15	92
	15	93
	15	94
	15	95
	15	96
	15	97
	15	98
	15	99
	15	100
	15	101
	15	102
	15	103
	15	104
	15	105
	15	106
	15	107
	15	108
	15	109
	15	110
	15	111
	15	112
	16	55
	16	56
	16	57
	16	58
	16	59
	16	60
	16	61
	16	62
	16	63
	16	64
	16	65
	16	66
	16	67
	16	68
	16	69
	16	70
	16	71
	16	72
	16	73
	16	74
	16	75
	16	76
	16	77
	16	78
	16	79
	16	80
	16	81
	16	82
	16	83
	16	84
	16	85
	16	86
	16	87
	16	88
	16	89
	16	90
	16	91
	16	92
	16	93
	16	94
	16	95
	16	96
	16	97
	16	98
	16	99
	16	100
	16	101
	16	102
	16	103
	16	104
	16	105
	16	106
	16	107
	16	108
	16	109
	16	110
	16	111
	16	112
	17	55
	17	56
	17	57
	17	58
	17	59
	17	60
	17	61
	17	62
	17	63
	17	64
	17	65
	17	66
	17	67
	17	68
	17	69
	17	70
	17	71
	17	72
	17	73
	17	74
	17	75
	17	76
	17	77
	17	78
	17	79
	17	80
	17	81
	17	82
	17	83
	17	84
	17	85
	17	86
	17	87
	17	88
	17	89
	17	90
	17	91
	17	92
	17	93
	17	94
	17	95
	17	96
	17	97
	17	98
	17	99
	17	100
	17	101
	17	102
	17	103
	17	104
	17	105
	17	106
	17	107
	17	108
	17	109
	17	110
	17	111
	17	112
	18	57
	18	58
	18	59
	18	60
	18	61
	18	62
	18	63
	18	64
	18	65
	18	66
	18	67
	18	68
	18	69
	18	70
	18	71
	18	72
	18	73
	18	74
	18	75
	18	76
	18	77
	18	78
	18	79
	18	80
	18	81
	18	82
	18	83
	18	84
	18	85
	18	86
	18	87
	18	88
	18	89
	18	90
	18	91
	18	92
	18	93
	18	94
	18	95
	18	96
	18	97
	18	98
	18	99
	18	100
	18	101
	18	102
	18	103
	18	104
	18	105
	18	106
	18	107
	18	108
	18	109
	18	110
	18	111
	18	112
	19	57
	19	58
	19	59
	19	60
	19	61
	19	62
	19	63
	19	64
	19	65
	19	66
	20	75
	19	75
	21	75
	20	69
	19	69
	20	67
	19	68
	19	71
	19	72
	19	76
	19	77
	19	78
	19	79
	19	80
	19	81
	19	82
	19	83
	19	84
	19	85
	19	86
	19	87
	19	88
	19	89
	19	90
	19	91
	19	92
	19	93
	19	94
	19	95
	19	96
	19	97
	19	98
	19	99
	19	100
	19	101
	19	102
	19	103
	19	104
	19	105
	19	106
	19	107
	19	108
	19	109
	19	110
	19	111
	19	112
	20	57
	20	58
	20	59
	20	60
	20	61
	20	62
	20	63
	20	64
	20	65
	21	76
	20	74
	21	70
	19	70
	21	69
	20	68
	20	66
	19	67
	20	70
	21	71
	21	73
	20	77
	20	78
	20	79
	20	80
	20	81
	20	82
	20	83
	20	84
	20	85
	20	86
	20	87
	20	88
	20	89
	20	90
	20	91
	20	92
	20	93
	20	94
	20	95
	20	96
	20	97
	20	98
	20	99
	20	100
	20	101
	20	102
	20	103
	20	104
	20	105
	20	106
	20	107
	20	108
	20	109
	20	110
	20	111
	20	112
	7	27
	7	28
	7	29
	7	30
	7	31
	7	32
	7	33
	7	34
	7	35
	7	36
	7	37
	7	38
	7	39
	7	40
	7	41
	7	42
	7	43
	7	44
	7	45
	7	46
	7	47
	7	48
	7	49
	7	50
	7	51
	7	52
	7	53
	7	54
	8	27
	8	28
	8	29
	8	30
	8	31
	8	32
	8	33
	8	34
	8	35
	8	36
	8	37
	8	38
	8	39
	8	40
	8	41
	8	42
	8	43
	8	44
	8	45
	8	46
	8	47
	8	48
	8	49
	8	50
	8	51
	8	52
	8	53
	8	54
	9	27
	9	28
	9	29
	9	30
	9	31
	9	32
	9	33
	9	34
	9	35
	9	36
	9	37
	9	38
	9	39
	9	40
	9	41
	9	42
	9	43
	9	44
	9	45
	9	46
	9	47
	9	48
	9	49
	9	50
	9	51
	9	52
	9	53
	9	54
	10	27
	10	28
	10	29
	10	30
	10	31
	10	32
	10	33
	10	34
	10	35
	10	36
	10	37
	10	38
	10	39
	10	40
	10	41
	10	42
	10	43
	10	44
	10	45
	10	46
	10	47
	10	48
	10	49
	10	50
	10	51
	10	52
	10	53
	10	54
	11	27
	11	28
	11	29
	11	30
	11	31
	11	32
	11	33
	11	34
	11	35
	11	36
	11	37
	11	38
	11	39
	11	40
	11	41
	11	42
	11	43
	11	44
	11	45
	11	46
	11	47
	11	48
	11	49
	11	50
	11	51
	11	52
	11	53
	11	54
	12	27
	12	28
	12	29
	12	30
	12	31
	12	32
	12	33
	12	34
	12	35
	12	36
	12	37
	12	38
	12	39
	12	40
	12	41
	12	42
	12	43
	12	44
	12	45
	12	46
	12	47
	12	48
	12	49
	12	50
	12	51
	12	52
	12	53
	12	54
	13	27
	13	28
	13	29
	13	30
	13	31
	13	32
	13	33
	13	34
	13	35
	13	36
	13	37
	13	38
	13	39
	13	40
	13	41
	13	42
	13	43
	13	44
	13	45
	13	46
	13	47
	13	48
	13	49
	13	50
	13	51
	13	52
	13	53
	13	54
	14	27
	14	28
	14	29
	14	30
	14	31
	14	32
	14	33
	14	34
	14	35
	14	36
	14	37
	14	38
	14	39
	14	40
	14	41
	14	42
	14	43
	14	44
	14	45
	14	46
	14	47
	14	48
	14	49
	14	50
	14	51
	14	52
	14	53
	14	54
	15	27
	15	28
	15	29
	15	30
	15	31
	15	32
	15	33
	15	34
	15	35
	15	36
	15	37
	15	38
	15	39
	15	40
	15	41
	15	42
	15	43
	15	44
	15	45
	15	46
	15	47
	15	48
	15	49
	15	50
	15	51
	15	52
	15	53
	15	54
	16	27
	16	28
	16	29
	16	30
	16	31
	16	32
	16	33
	16	34
	16	35
	16	36
	16	37
	16	38
	16	39
	16	40
	16	41
	16	42
	16	43
	16	44
	16	45
	16	46
	16	47
	16	48
	16	49
	16	50
	16	51
	16	52
	16	53
	16	54
	17	27
	17	28
	17	29
	17	30
	17	31
	17	32
	17	33
	17	34
	17	35
	17	36
	17	37
	17	38
	17	39
	17	40
	17	41
	17	42
	17	43
	17	44
	17	45
	17	46
	17	47
	17	48
	17	49
	17	50
	17	51
	17	52
	17	53
	17	54
	100	112
	100	113
	100	114
	100	115
	100	116
	100	117
	100	118
	100	119
	101	112
	101	113
	101	114
	101	115
	101	116
	101	117
	101	118
	101	119
	102	112
	102	113
	102	114
	102	115
	102	116
	102	117
	102	118
	102	119
	103	112
	103	113
	103	114
	103	115
	103	116
	103	117
	103	118
	104	112
	104	113
	104	114
	104	115
	104	116
	104	117
	104	118
	105	112
	105	113
	105	114
	105	115
	105	116
	105	117
	105	118
	106	112
	106	113
	106	114
	106	115
	106	116
	106	117
	106	118
	107	112
	107	113
	107	114
	107	115
	107	116
	107	117
	107	118
	108	112
	108	113
	108	114
	108	115
	108	116
	108	117
	108	118
	109	112
	109	113
	109	114
	109	115
	109	116
	109	117
	109	118
	109	119
	110	112
	110	113
	110	114
	110	115
	110	116
	110	117
	110	118
	110	119
	111	112
	111	113
	111	114
	111	115
	111	116
	111	117
	111	118
	111	119
	112	112
	112	113
	112	114
	112	115
	112	116
	112	117
	112	118
	112	119
	113	112
	113	113
	113	114
	113	115
	113	116
	113	117
	113	118
	113	119
	114	112
	114	113
	114	114
	114	115
	114	116
	114	117
	114	118
	114	119
	115	112
	115	113
	115	114
	115	115
	115	116
	115	117
	115	118
	115	119
	116	112
	116	113
	116	114
	116	115
	116	116
	116	117
	116	118
	116	119
	117	112
	117	113
	117	114
	117	115
	117	116
	117	117
	117	118
	117	119
	118	112
	118	113
	118	114
	118	115
	118	116
	118	117
	118	118
	118	119
	119	112
	119	113
	119	114
	119	115
	119	116
	119	117
	119	118
	119	119
	120	112
	120	113
	120	114
	120	115
	120	116
	120	117
	120	118
	120	119
	121	112
	121	113
	121	114
	121	115
	121	116
	121	117
	121	118
	121	119
	122	112
	122	113
	122	114
	122	115
	122	116
	122	117
	122	118
	122	119
	123	112
	123	113
	123	114
	123	115
	123	116
	123	117
	123	118
	123	119
	124	112
	124	113
	124	114
	124	115
	124	116
	124	117
	124	118
	124	119
	125	112
	125	113
	125	114
	125	115
	125	116
	125	117
	125	118
	125	119
	126	112
	126	113
	126	114
	126	115
	126	116
	126	117
	126	118
	126	119
	127	112
	127	113
	127	114
	127	115
	127	116
	127	117
	127	118
	127	119
	128	112
	128	113
	128	114
	128	115
	128	116
	128	117
	128	118
	128	119
	129	112
	129	113
	129	114
	129	115
	129	116
	129	117
	129	118
	129	119
	130	112
	130	113
	130	114
	130	115
	130	116
	130	117
	130	118
	130	119
	131	112
	131	113
	131	114
	131	115
	131	116
	131	117
	131	118
	132	112
	132	113
	132	114
	132	115
	132	116
	132	117
	132	118
	133	112
	133	113
	133	114
	133	115
	133	116
	133	117
	133	118
	134	112
	134	113
	134	114
	134	115
	134	116
	134	117
	134	118
	51	120
	51	124
	51	125
	51	126
	51	127
	51	128
	51	129
	51	130
	52	120
	52	124
	52	125
	52	126
	52	127
	52	128
	52	129
	52	130
	53	120
	53	121
	53	122
	53	123
	53	124
	53	125
	53	126
	53	127
	53	128
	53	129
	53	130
	54	120
	54	121
	54	122
	54	123
	54	124
	54	125
	54	126
	54	127
	54	128
	54	129
	54	130
	55	120
	55	121
	55	122
	55	123
	55	124
	55	125
	55	126
	55	127
	55	128
	55	129
	55	130
	56	120
	56	121
	56	122
	56	123
	56	124
	56	125
	56	126
	56	127
	56	128
	56	129
	56	130
	57	120
	57	121
	57	122
	57	123
	57	124
	57	125
	57	126
	57	127
	57	128
	57	129
	57	130
	58	120
	58	121
	58	122
	58	123
	58	124
	58	125
	58	126
	58	127
	58	128
	58	129
	58	130
	59	120
	59	121
	59	122
	59	123
	59	124
	59	125
	59	126
	59	127
	59	128
	59	129
	59	130
	60	120
	60	121
	60	122
	60	123
	60	124
	60	125
	60	126
	60	127
	60	128
	60	129
	60	130
	61	120
	61	121
	61	122
	61	123
	61	124
	61	125
	61	126
	61	127
	61	128
	61	129
	61	130
	62	120
	62	121
	62	122
	62	123
	62	124
	62	125
	62	126
	62	127
	62	128
	62	129
	62	130
	63	120
	63	121
	63	122
	63	123
	63	124
	63	125
	63	126
	63	127
	63	128
	63	129
	63	130
	64	120
	64	121
	64	122
	64	123
	64	124
	64	125
	64	126
	64	127
	64	128
	64	129
	64	130
	65	120
	65	121
	65	122
	65	123
	65	124
	65	125
	65	126
	65	127
	65	128
	65	129
	65	130
	66	120
	66	121
	66	122
	66	123
	66	124
	66	125
	66	126
	66	127
	66	128
	66	129
	66	130
	67	120
	67	121
	67	122
	67	123
	67	124
	67	125
	67	126
	67	127
	67	128
	67	129
	67	130
	68	120
	68	121
	68	122
	68	123
	68	124
	68	125
	68	126
	68	127
	68	128
	68	129
	68	130
	69	120
	69	121
	69	122
	69	123
	69	124
	69	125
	69	126
	69	127
	69	128
	69	129
	69	130
	70	120
	70	121
	70	122
	70	123
	70	124
	70	125
	70	126
	70	127
	70	128
	70	129
	70	130
	71	120
	71	121
	71	122
	71	123
	71	124
	71	125
	71	126
	71	127
	71	128
	71	129
	71	130
	72	120
	72	121
	72	122
	72	123
	72	124
	72	125
	72	126
	72	127
	72	128
	72	129
	72	130
	73	120
	73	121
	73	122
	73	123
	73	124
	73	125
	73	126
	73	127
	73	128
	73	129
	73	130
	74	120
	74	121
	74	122
	74	123
	74	124
	74	125
	74	126
	74	127
	74	128
	74	129
	74	130
	75	120
	75	121
	75	122
	75	123
	75	124
	75	125
	75	126
	75	127
	75	128
	75	129
	75	130
	76	120
	76	121
	76	122
	76	123
	76	124
	76	125
	76	126
	76	127
	76	128
	76	129
	76	130
	77	120
	77	121
	77	122
	77	123
	77	124
	77	125
	77	126
	77	127
	77	128
	77	129
	77	130
	78	120
	78	121
	78	122
	78	123
	78	124
	78	125
	78	126
	78	127
	78	128
	78	129
	78	130
	79	120
	79	121
	79	122
	79	123
	79	124
	79	125
	79	126
	79	127
	79	128
	79	129
	79	130
	80	120
	80	121
	80	122
	80	123
	80	124
	80	125
	80	126
	80	127
	80	128
	80	129
	80	130
	81	120
	81	121
	81	122
	81	123
	81	124
	81	125
	81	126
	81	127
	81	128
	81	129
	81	130
	82	120
	82	121
	82	122
	82	123
	82	124
	82	125
	82	126
	82	127
	82	128
	82	129
	82	130
	83	120
	83	121
	83	122
	83	123
	83	124
	83	125
	83	126
	83	127
	83	128
	83	129
	83	130
	84	120
	84	121
	84	122
	84	123
	84	124
	84	125
	84	126
	84	127
	84	128
	84	129
	84	130
	85	120
	85	121
	85	122
	85	123
	85	124
	85	125
	85	126
	85	127
	85	128
	85	129
	85	130
	86	120
	86	121
	86	122
	86	123
	86	124
	86	125
	86	126
	86	127
	86	128
	86	129
	87	120
	87	121
	87	122
	87	123
	87	124
	87	125
	87	126
	87	127
	87	128
	88	120
	88	121
	88	122
	88	123
	88	124
	88	125
	88	126
	88	127
	89	120
	89	121
	89	122
	89	123
	89	124
	89	125
	89	126
	89	127
	90	120
	90	121
	90	122
	90	123
	90	124
	90	125
	90	126
	91	120
	91	121
	91	122
	91	123
	91	124
	91	125
	91	126
	92	120
	92	121
	92	122
	92	123
	92	124
	92	125
	93	120
	93	121
	93	122
	93	123
	93	124
	93	125
	94	120
	94	121
	94	122
	94	123
	94	124
	95	120
	95	121
	95	122
	95	123
	95	124
	96	120
	96	121
	96	122
	96	123
	97	120
	97	121
	97	122
	51	131
	51	132
	52	131
	52	132
	52	133
	53	131
	53	132
	53	133
	54	131
	54	132
	54	133
	54	134
	55	131
	55	132
	55	133
	55	134
	56	131
	56	132
	56	133
	56	134
	56	135
	57	131
	57	132
	57	133
	57	134
	57	135
	58	131
	58	132
	58	133
	58	134
	58	135
	58	136
	59	131
	59	132
	59	133
	59	134
	59	135
	59	136
	60	131
	60	132
	60	133
	60	134
	60	135
	60	136
	61	131
	61	132
	61	133
	61	134
	61	135
	61	136
	62	131
	62	132
	62	133
	62	134
	62	135
	62	136
	63	131
	63	132
	63	133
	63	134
	63	135
	63	136
	64	131
	64	132
	64	133
	64	134
	64	135
	64	136
	65	131
	65	132
	65	133
	65	134
	65	135
	65	136
	66	131
	66	132
	66	133
	66	134
	66	135
	66	136
	67	131
	67	132
	67	133
	67	134
	67	135
	67	136
	68	131
	68	132
	68	133
	68	134
	68	135
	68	136
	69	131
	69	132
	69	133
	69	134
	69	135
	69	136
	70	131
	70	132
	70	133
	70	134
	70	135
	71	131
	71	132
	71	133
	71	134
	71	135
	72	131
	72	132
	72	133
	72	134
	72	135
	73	131
	73	132
	73	133
	73	134
	73	135
	74	131
	74	132
	74	133
	74	134
	74	135
	75	131
	75	132
	75	133
	75	134
	75	135
	76	131
	76	132
	76	133
	76	134
	77	131
	77	132
	77	133
	77	134
	78	131
	78	132
	78	133
	78	134
	79	131
	79	132
	79	133
	80	131
	80	132
	80	133
	81	131
	81	132
	81	133
	82	131
	82	132
	82	133
	83	131
	83	132
	83	133
	84	131
	84	132
	85	131
	61	137
	62	137
	63	137
	64	137
	65	137
	43	171
	43	172
	43	173
	44	171
	44	172
	44	173
	45	171
	45	172
	45	173
	46	170
	46	171
	46	172
	46	173
	47	170
	47	171
	47	172
	47	173
	48	170
	48	171
	48	172
	48	173
	49	170
	49	171
	49	172
	49	173
	50	170
	50	171
	50	172
	50	173
	51	170
	51	171
	51	172
	51	173
	52	170
	52	171
	52	172
	52	173
	53	170
	53	171
	53	172
	53	173
	54	170
	54	171
	54	172
	54	173
	55	170
	55	171
	55	172
	55	173
	56	170
	56	171
	56	172
	56	173
	57	170
	57	171
	57	172
	57	173
	58	170
	58	171
	58	172
	58	173
	59	170
	59	171
	59	172
	59	173
	60	169
	60	170
	60	171
	60	172
	60	173
	61	169
	61	170
	61	171
	61	172
	61	173
	62	169
	62	170
	62	171
	62	172
	62	173
	63	169
	63	170
	63	171
	63	172
	63	173
	64	170
	64	171
	64	172
	64	173
	65	170
	65	171
	65	172
	65	173
	66	170
	66	171
	66	172
	66	173
	67	170
	67	171
	67	172
	67	173
	68	170
	68	171
	68	172
	68	173
	69	170
	69	171
	69	172
	69	173
	70	170
	70	171
	70	172
	70	173
	71	170
	71	171
	71	172
	71	173
	72	170
	72	171
	72	172
	72	173
	73	170
	73	171
	73	172
	73	173
	74	170
	74	171
	74	172
	74	173
	75	170
	75	171
	75	172
	75	173
	76	170
	76	171
	76	172
	76	173
	77	170
	77	171
	77	172
	77	173
	78	170
	78	171
	78	172
	78	173
	79	170
	79	171
	79	172
	79	173
	80	170
	80	171
	80	172
	80	173
	81	170
	81	171
	81	172
	81	173
	82	169
	82	170
	82	171
	82	172
	82	173
	83	169
	83	170
	83	171
	83	172
	83	173
	84	169
	84	170
	84	171
	84	172
	84	173
	85	169
	85	170
	85	171
	85	172
	85	173
	86	169
	86	170
	86	171
	86	172
	86	173
	87	170
	87	171
	87	172
	87	173
	88	170
	88	171
	88	172
	88	173
	89	170
	89	171
	89	172
	89	173
	90	170
	90	171
	90	172
	90	173
	91	170
	91	171
	91	172
	91	173
	92	170
	92	171
	92	172
	92	173
	93	170
	93	171
	93	172
	93	173
	94	170
	94	171
	94	172
	94	173
	95	170
	95	171
	95	172
	95	173
	96	170
	96	171
	96	172
	96	173
	97	170
	97	171
	97	172
	97	173
	98	170
	98	171
	98	172
	98	173
	99	170
	99	171
	99	172
	99	173
	100	170
	100	171
	100	172
	100	173
	101	169
	101	170
	101	171
	101	172
	101	173
	102	169
	102	170
	102	171
	102	172
	102	173
	103	169
	103	170
	103	171
	103	172
	103	173
	104	169
	104	170
	104	171
	104	172
	104	173
	105	169
	105	170
	105	171
	105	172
	105	173
	106	169
	106	170
	106	171
	106	172
	106	173
	107	169
	107	170
	107	171
	107	172
	107	173
	108	169
	108	170
	108	171
	108	172
	108	173
	109	169
	109	170
	109	171
	109	172
	109	173
	110	169
	110	170
	110	171
	110	172
	110	173
	111	169
	111	170
	111	171
	111	172
	111	173
	112	169
	112	170
	112	171
	112	172
	112	173
	113	169
	113	170
	113	171
	113	172
	113	173
	114	169
	114	170
	114	171
	114	172
	114	173
	115	169
	115	170
	115	171
	115	172
	115	173
	116	169
	116	170
	116	171
	116	172
	116	173
	117	169
	117	170
	117	171
	117	172
	117	173
	118	169
	118	170
	118	171
	118	172
	118	173
	119	169
	119	170
	119	171
	119	172
	119	173
	120	169
	120	170
	120	171
	120	172
	120	173
	121	169
	121	170
	121	171
	121	172
	121	173
	122	169
	122	170
	122	171
	122	172
	122	173
	123	169
	123	170
	123	171
	123	172
	123	173
	124	169
	124	170
	124	171
	124	172
	124	173
	125	169
	125	170
	125	171
	125	172
	125	173
	126	169
	126	170
	126	171
	126	172
	126	173
	127	169
	127	170
	127	171
	127	172
	127	173
	128	169
	128	170
	128	171
	128	172
	128	173
	129	169
	129	170
	129	171
	129	172
	129	173
	130	169
	130	170
	130	171
	130	172
	130	173
	131	169
	131	170
	131	171
	131	172
	131	173
	132	169
	132	170
	132	171
	132	172
	132	173
	133	169
	133	170
	133	171
	133	172
	133	173
	134	169
	134	170
	134	171
	134	172
	134	173
	135	169
	135	170
	135	171
	135	172
	135	173
	136	169
	136	170
	136	171
	136	172
	136	173
	137	169
	137	170
	137	171
	137	172
	137	173
	138	169
	138	170
	138	171
	138	172
	138	173
	139	172
	139	173
	140	172
	140	173
	141	172
	141	173
	142	169
	142	170
	142	171
	142	172
	142	173
	143	169
	143	170
	143	171
	143	172
	143	173
	144	169
	144	170
	144	171
	144	172
	144	173
	142	138
	142	139
	142	140
	142	141
	142	142
	142	143
	142	144
	142	145
	142	146
	142	147
	142	148
	142	149
	142	150
	142	151
	142	152
	142	153
	142	154
	142	155
	142	156
	142	157
	142	158
	142	159
	142	160
	142	168
	143	138
	143	139
	143	140
	143	141
	143	142
	143	143
	143	144
	143	145
	143	146
	143	147
	143	148
	143	149
	143	150
	143	151
	143	152
	143	153
	143	154
	143	155
	143	156
	143	157
	143	158
	143	159
	143	160
	143	161
	143	162
	143	163
	143	164
	143	165
	143	166
	143	167
	143	168
	144	135
	144	136
	144	137
	144	138
	144	139
	144	140
	144	141
	144	142
	144	143
	144	144
	144	145
	144	146
	144	147
	144	148
	144	149
	144	150
	144	151
	144	152
	144	153
	144	154
	144	155
	144	156
	144	157
	144	158
	144	159
	144	160
	144	161
	144	162
	144	163
	144	164
	144	165
	144	166
	144	167
	144	168
	145	135
	145	136
	145	137
	145	138
	145	139
	145	140
	145	141
	145	142
	145	143
	145	144
	145	145
	145	146
	145	147
	145	148
	145	149
	145	150
	145	151
	145	152
	145	153
	145	154
	145	155
	145	156
	145	157
	145	158
	145	159
	145	160
	145	161
	145	162
	145	163
	145	164
	145	165
	145	166
	145	167
	145	168
	145	169
	145	170
	145	171
	145	172
	145	173
	146	135
	146	136
	146	137
	146	138
	146	139
	146	140
	146	141
	146	142
	146	143
	146	144
	146	145
	146	146
	146	147
	146	148
	146	149
	146	150
	146	151
	146	152
	146	153
	146	154
	146	155
	146	156
	146	157
	146	158
	146	159
	146	160
	146	161
	146	162
	146	163
	146	164
	146	165
	146	166
	146	167
	146	168
	146	169
	146	170
	146	171
	146	172
	146	173
	147	135
	147	136
	147	137
	147	138
	147	139
	147	140
	147	141
	147	142
	147	143
	147	144
	147	145
	147	146
	147	147
	147	148
	147	149
	147	150
	147	151
	147	152
	147	153
	147	154
	147	155
	147	156
	147	157
	147	158
	147	159
	147	160
	147	161
	147	162
	147	163
	147	164
	147	165
	147	166
	147	167
	147	168
	147	169
	147	170
	147	171
	147	172
	147	173
	148	135
	148	136
	148	137
	148	138
	148	139
	148	140
	148	141
	148	142
	148	143
	148	144
	148	145
	148	146
	148	147
	148	148
	148	149
	148	150
	148	151
	148	152
	148	153
	148	154
	148	155
	148	156
	148	157
	148	158
	148	159
	148	160
	148	161
	148	162
	148	163
	148	164
	148	165
	148	166
	148	167
	148	168
	148	169
	148	170
	148	171
	148	172
	148	173
	135	122
	135	123
	135	124
	135	125
	135	126
	135	127
	135	128
	135	129
	135	130
	135	131
	136	122
	136	123
	136	124
	136	125
	136	126
	136	127
	136	128
	136	129
	136	130
	136	131
	137	122
	137	123
	137	124
	137	125
	137	126
	137	127
	137	128
	137	129
	137	130
	137	131
	137	132
	138	122
	138	123
	138	124
	138	125
	138	126
	138	127
	138	128
	138	129
	138	130
	138	131
	138	132
	139	122
	139	123
	139	124
	139	125
	139	126
	139	127
	139	128
	139	129
	139	130
	139	131
	139	132
	139	133
	140	122
	140	123
	140	124
	140	125
	140	126
	140	127
	140	128
	140	129
	140	130
	140	131
	140	132
	140	133
	141	122
	141	123
	141	124
	141	125
	141	126
	141	127
	141	128
	141	129
	141	130
	141	131
	141	132
	141	133
	142	122
	142	123
	142	124
	142	125
	142	126
	142	127
	142	128
	142	129
	142	130
	142	131
	142	132
	142	133
	143	122
	143	123
	143	124
	143	125
	143	126
	143	127
	143	128
	143	129
	143	130
	143	131
	143	132
	143	133
	143	134
	144	122
	144	123
	144	124
	144	125
	144	126
	144	127
	144	128
	144	129
	144	130
	144	131
	144	132
	144	133
	144	134
	145	122
	145	123
	145	124
	145	125
	145	126
	145	127
	145	128
	145	129
	145	130
	145	131
	145	132
	145	133
	145	134
	146	122
	146	123
	146	124
	146	125
	146	126
	146	127
	146	128
	146	129
	146	130
	146	131
	146	132
	146	133
	146	134
	147	122
	147	123
	147	124
	147	125
	147	126
	147	127
	147	128
	147	129
	147	130
	147	131
	147	132
	147	133
	147	134
	148	122
	148	123
	148	124
	148	125
	148	126
	148	127
	148	128
	148	129
	148	130
	148	131
	148	132
	148	133
	148	134
	127	123
	127	124
	127	125
	128	123
	128	124
	128	125
	128	126
	129	123
	129	124
	129	125
	129	126
	129	127
	130	123
	130	124
	130	125
	130	126
	130	127
	130	128
	131	123
	131	124
	131	125
	131	126
	131	127
	131	128
	132	123
	132	124
	132	125
	132	126
	132	127
	132	128
	132	129
	133	122
	133	123
	133	124
	133	125
	133	126
	133	127
	133	128
	133	129
	134	122
	134	123
	134	124
	134	125
	134	126
	134	127
	134	128
	134	129
	134	130
	41	166
	40	166
	41	165
	40	165
	41	164
	39	166
	39	165
	40	164
	39	164
	40	163
	38	165
	39	161
	40	161
	38	161
	39	162
	39	160
	40	162
	40	160
	38	162
	38	160
	39	163
	39	159
	37	161
	41	163
	38	164
	38	163
	37	162
	37	160
	36	160
	37	159
	38	159
	36	161
	36	159
	37	158
	35	160
	38	158
	36	158
	37	157
	35	159
	35	158
	36	157
	34	159
	34	158
	33	158
	34	157
	35	157
	33	159
	33	157
	34	160
	34	156
	32	158
	32	159
	32	157
	33	160
	33	156
	31	158
	30	157
	31	157
	29	157
	30	158
	30	156
	31	156
	29	158
	29	156
	30	159
	30	155
	28	157
	28	156
	27	156
	28	155
	29	155
	27	157
	27	155
	28	158
	28	154
	26	156
	26	155
	25	155
	26	154
	27	154
	25	156
	25	154
	26	157
	26	153
	24	155
	24	156
	24	154
	25	157
	25	153
	23	155
	23	154
	22	154
	23	153
	24	153
	22	155
	22	153
	23	156
	23	152
	21	154
	21	153
	22	152
	21	152
	20	153
	20	154
	20	152
	21	155
	19	153
	19	154
	19	152
	20	155
	18	153
	18	152
	19	151
	18	151
	17	152
	17	151
	16	151
	16	152
	17	153
	15	151
	14	151
	13	151
	14	152
	15	152
	13	152
	13	150
	14	153
	12	151
	12	152
	12	150
	13	153
	11	151
	24	152
	27	153
	29	154
	30	154
	31	155
	32	156
	32	155
	35	156
	24	157
	23	157
	24	158
	25	158
	23	158
	24	159
	22	157
	18	154
	19	155
	18	155
	19	156
	17	154
	16	153
	15	153
	14	154
	11	152
	11	150
	12	153
	12	149
	10	151
	10	150
	9	150
	10	149
	11	149
	9	151
	9	149
	10	152
	10	148
	8	150
	8	147
	9	147
	7	147
	8	148
	8	146
	9	148
	9	146
	7	148
	7	146
	8	149
	10	147
	8	145
	6	147
	9	145
	7	145
	10	146
	8	144
	6	146
	11	148
	11	147
	12	148
	6	145
	7	144
	5	146
	5	143
	6	143
	4	143
	5	144
	5	142
	6	144
	6	142
	4	144
	4	142
	5	145
	7	143
	5	141
	3	143
	11	146
	10	145
	9	144
	8	143
	7	142
	6	141
	7	141
	6	140
	5	140
	4	141
	4	140
	5	139
	3	141
	4	139
	5	138
	3	140
	3	139
	4	138
	3	138
	4	137
	2	139
	3	137
	2	137
	3	136
	4	136
	2	138
	2	136
	5	137
	3	135
	1	137
	4	135
	2	135
	3	134
	4	134
	2	134
	3	133
	1	135
	1	133
	2	133
	0	133
	1	134
	1	132
	2	132
	0	134
	0	132
	1	131
	2	131
	0	131
	3	132
	1	130
	2	130
	0	130
	3	131
	1	129
	2	129
	0	129
	1	128
	2	128
	0	128
	3	129
	1	127
	3	130
	3	128
	2	127
	4	133
	4	132
	3	127
	3	126
	2	126
	1	126
	2	125
	0	127
	3	125
	1	125
	2	124
	0	126
	0	125
	1	124
	0	124
	4	125
	3	124
	1	136
	0	136
	1	138
	0	137
	2	140
	1	140
	2	141
	1	141
	1	139
	2	142
	0	140
	3	142
	3	144
	4	145
	2	143
	4	146
	5	147
	3	145
	6	148
	9	152
	10	153
	8	151
	11	153
	12	154
	13	154
	13	155
	14	155
	12	155
	13	156
	15	154
	11	154
	15	155
	14	156
	16	154
	16	155
	17	155
	16	156
	17	156
	15	156
	16	157
	18	156
	17	157
	18	157
	20	156
	21	156
	20	157
	21	157
	19	157
	20	158
	22	156
	21	158
	26	158
	25	159
	27	158
	26	159
	27	159
	26	160
	28	159
	27	160
	31	159
	29	159
	30	160
	31	160
	29	160
	30	161
	32	161
	33	161
	31	161
	32	162
	32	160
	33	162
	31	162
	32	163
	34	161
	34	162
	33	163
	35	161
	35	163
	36	163
	34	163
	35	164
	35	162
	36	164
	36	162
	34	164
	35	165
	37	163
	37	164
	36	165
	37	165
	37	166
	38	166
	36	166
	37	167
	36	167
	37	168
	35	166
	36	168
	37	169
	35	167
	36	169
	37	170
	35	168
	38	170
	38	171
	39	171
	37	171
	38	172
	36	170
	40	171
	39	172
	40	172
	39	173
	41	171
	41	172
	40	173
	42	171
	42	172
	41	173
	42	173
	41	73
	42	73
	43	73
	43	72
	42	72
	41	72
	40	73
	40	72
	40	71
	41	71
	40	70
	41	70
	42	70
	42	71
	43	71
	43	70
	40	74
	41	74
	42	74
	43	74
	44	74
	44	73
	44	72
	44	71
	44	70
InvisibleObstacle		
AW1		
	24	62
	25	62
	23	62
	24	63
	24	61
	25	63
	25	61
	23	63
	23	61
	27	62
	28	62
	26	62
	27	63
	27	61
	28	63
	28	61
	26	63
	26	61
	29	62
	30	62
	29	63
	29	61
	30	63
	30	61
	31	62
	31	63
	31	61
	32	62
	33	62
	32	63
	32	61
	33	63
	33	61
	34	62
	34	63
	34	61
	35	62
	35	63
	35	61
	37	62
	38	62
	36	62
	37	63
	37	61
	38	63
	38	61
	36	63
	36	61
	39	62
	39	63
	39	61
	40	62
	41	62
	40	63
	40	61
	41	63
	41	61
	42	62
	42	63
	42	61
	43	62
	43	63
	43	61
	44	62
	44	63
	44	61
	45	62
	45	63
	45	61
	46	62
	46	63
	46	61
	47	62
	47	63
	47	61
AW2		
	24	82
	25	82
	23	82
	24	83
	24	81
	25	83
	25	81
	23	83
	23	81
	26	82
	27	82
	26	83
	26	81
	27	83
	27	81
	29	82
	30	82
	28	82
	29	83
	29	81
	30	83
	30	81
	28	83
	28	81
	31	82
	31	83
	31	81
	32	82
	32	83
	32	81
	33	82
	33	83
	33	81
	34	82
	34	83
	34	81
	35	82
	35	83
	35	81
	36	82
	36	83
	36	81
	37	82
	37	83
	37	81
	38	82
	38	83
	38	81
	39	82
	39	83
	39	81
	40	82
	41	82
	40	83
	40	81
	41	83
	41	81
	42	82
	42	83
	42	81
	43	82
	43	83
	43	81
	44	82
	44	83
	44	81
	45	82
	45	83
	45	81
	46	82
	46	83
	46	81
	47	82
	47	83
	47	81
AW3		
	82	164
	83	164
	81	164
	82	165
	82	163
	83	165
	83	163
	81	165
	81	163
	80	164
	80	165
	80	163
	81	162
	82	162
	80	162
	81	161
	82	161
	80	161
	81	160
	82	160
	80	160
	81	159
	82	159
	80	159
	81	158
	82	158
	80	158
	81	157
	82	157
	80	157
	81	156
	82	156
	80	156
	81	155
	82	155
	80	155
	81	154
	82	154
	80	154
	81	153
	82	153
	80	153
	81	152
	82	152
	80	152
	81	151
	82	151
	80	151
	81	150
	82	150
	80	150
	81	149
	82	149
	80	149
	81	148
	82	148
	80	148
	81	147
	82	147
	80	147
	81	146
	82	146
	80	146
	81	145
	82	145
	80	145
	81	144
	82	144
	80	144
	81	143
	82	143
	80	143
	81	142
	82	142
	80	142
	80	141
	81	141
	82	141
	81	140
	82	140
	80	140
	81	139
	82	139
	80	139
	81	138
	82	138
	80	138
	81	137
	82	137
	80	137
	83	162
	83	161
	83	160
	83	159
	83	158
	83	157
	83	156
	83	155
	83	154
	83	153
	83	152
	83	151
	83	150
	83	149
	83	148
	83	147
	83	146
	83	145
	83	144
	83	143
	83	142
	83	141
	83	140
	83	139
	83	138
	83	137
