Key	CellX	CellY
VisibleObstacle		
	0	40
	0	41
	0	42
	0	43
	0	44
	1	37
	1	38
	1	39
	1	40
	1	41
	1	42
	1	43
	1	44
	1	45
	1	46
	1	47
	1	48
	1	49
	1	57
	1	58
	1	59
	1	60
	1	61
	1	62
	1	63
	1	64
	1	65
	1	66
	1	67
	1	68
	1	69
	1	70
	1	71
	1	72
	1	73
	1	74
	1	75
	1	76
	1	77
	2	35
	2	36
	2	37
	2	38
	2	39
	2	40
	2	41
	2	42
	2	43
	2	44
	2	45
	2	46
	2	47
	2	48
	2	49
	2	50
	2	51
	2	57
	2	58
	2	59
	2	60
	2	61
	2	62
	2	63
	2	64
	2	65
	2	66
	2	67
	2	68
	2	69
	2	70
	2	71
	2	72
	2	73
	2	74
	2	75
	2	76
	2	77
	2	78
	2	79
	2	80
	2	81
	2	82
	2	83
	2	84
	3	30
	3	31
	3	32
	3	33
	3	34
	3	35
	3	36
	3	37
	3	38
	3	39
	3	40
	3	41
	3	42
	3	43
	3	44
	3	45
	3	46
	3	47
	3	48
	3	49
	3	50
	3	51
	3	52
	3	57
	3	58
	3	59
	3	60
	3	61
	3	62
	3	63
	3	64
	3	65
	3	66
	3	67
	3	68
	3	69
	3	70
	3	71
	3	72
	3	73
	3	74
	3	75
	3	76
	3	77
	3	78
	3	79
	3	80
	3	81
	3	82
	3	83
	3	84
	4	30
	4	31
	4	32
	4	33
	4	34
	4	35
	4	36
	4	37
	4	38
	4	39
	4	40
	4	41
	4	42
	4	43
	4	44
	4	45
	4	46
	4	47
	4	48
	4	49
	4	50
	4	51
	4	52
	4	53
	4	54
	4	55
	4	56
	4	57
	4	58
	4	59
	4	60
	4	61
	4	62
	4	63
	4	64
	4	65
	4	66
	4	67
	4	68
	4	69
	4	70
	4	71
	4	72
	4	73
	4	74
	4	75
	4	76
	4	77
	4	78
	4	79
	4	80
	4	81
	4	82
	4	83
	4	84
	4	85
	4	86
	4	87
	4	88
	4	89
	5	28
	5	29
	5	30
	5	31
	5	32
	5	33
	5	34
	5	35
	5	36
	5	37
	5	38
	5	39
	5	48
	5	49
	5	50
	5	51
	5	52
	5	53
	5	54
	5	55
	5	56
	5	57
	5	58
	5	76
	5	77
	5	78
	5	79
	5	80
	5	81
	5	82
	5	83
	5	84
	5	85
	5	86
	5	87
	5	88
	5	89
	5	90
	5	91
	6	28
	6	29
	6	30
	6	31
	6	32
	6	33
	6	34
	6	35
	6	36
	6	37
	6	38
	6	49
	6	50
	6	51
	6	52
	6	53
	6	54
	6	55
	6	56
	6	57
	6	58
	6	84
	6	85
	6	86
	6	87
	6	88
	6	89
	6	90
	6	91
	6	92
	7	28
	7	29
	7	30
	7	31
	7	32
	7	33
	7	34
	7	35
	7	36
	7	51
	7	52
	7	53
	7	54
	7	55
	7	56
	7	57
	7	58
	7	87
	7	88
	7	89
	7	90
	7	91
	7	92
	8	28
	8	30
	8	31
	8	32
	8	52
	8	53
	37	74
	8	88
	8	89
	8	90
	8	91
	8	92
	9	28
	9	30
	9	31
	9	88
	9	89
	9	90
	9	91
	9	92
	9	97
	9	98
	9	99
	9	100
	9	101
	9	102
	9	103
	9	104
	9	105
	10	28
	10	29
	10	30
	10	31
	8	54
	10	89
	10	90
	10	91
	10	92
	10	93
	10	94
	10	95
	10	96
	10	97
	10	98
	10	99
	10	100
	10	101
	10	102
	10	103
	10	104
	10	105
	10	106
	10	107
	10	108
	11	27
	11	28
	11	30
	9	29
	11	89
	11	90
	11	91
	11	92
	11	93
	11	94
	11	95
	11	96
	11	97
	11	98
	11	99
	11	100
	11	101
	11	102
	11	103
	11	104
	11	105
	11	106
	11	107
	11	108
	12	27
	12	28
	12	29
	12	30
	11	29
	12	90
	12	91
	12	92
	12	93
	12	94
	12	95
	12	96
	12	97
	12	98
	12	99
	12	100
	12	101
	12	102
	12	103
	12	104
	12	105
	12	106
	12	107
	12	108
	13	27
	13	28
	13	29
	13	30
	13	92
	13	93
	13	94
	13	95
	13	96
	13	97
	13	98
	11	112
	12	112
	12	113
	13	113
	14	27
	14	28
	14	29
	14	30
	16	25
	14	115
	15	114
	14	114
	13	114
	19	117
	15	27
	15	28
	15	29
	15	30
	16	115
	18	117
	18	115
	19	115
	16	13
	16	14
	16	15
	16	16
	16	17
	16	18
	16	19
	16	20
	16	21
	16	22
	16	23
	16	26
	16	27
	16	28
	16	29
	16	30
	16	116
	18	116
	18	114
	19	116
	17	12
	17	13
	17	14
	17	15
	17	16
	17	17
	17	18
	17	19
	17	20
	17	21
	17	22
	17	23
	17	24
	17	25
	17	26
	17	27
	17	28
	15	115
	17	117
	17	114
	15	112
	18	11
	18	12
	18	13
	18	14
	18	15
	18	16
	18	17
	18	18
	18	19
	18	20
	18	21
	18	22
	18	23
	18	24
	18	25
	18	26
	18	27
	18	28
	18	29
	16	24
	17	116
	16	114
	14	112
	15	113
	11	110
	19	11
	19	12
	19	13
	19	14
	19	15
	19	16
	19	17
	19	18
	19	19
	19	20
	19	21
	19	22
	19	23
	19	24
	19	25
	19	26
	19	27
	19	28
	19	29
	15	23
	16	113
	14	111
	11	109
	12	111
	19	118
	19	119
	19	120
	19	121
	19	122
	19	123
	20	10
	20	11
	20	12
	20	13
	20	14
	20	15
	20	21
	20	22
	20	23
	20	24
	20	25
	20	26
	20	27
	20	28
	20	29
	13	111
	12	109
	13	112
	20	116
	20	117
	20	118
	20	119
	20	120
	20	121
	20	122
	20	123
	20	124
	20	125
	20	126
	20	127
	21	10
	21	11
	21	12
	21	13
	21	14
	21	26
	21	27
	21	28
	13	110
	12	110
	14	113
	21	116
	21	117
	21	118
	21	119
	21	120
	21	121
	21	122
	21	123
	21	124
	21	125
	21	126
	21	127
	21	128
	21	129
	22	9
	22	10
	22	11
	22	12
	22	13
	22	14
	17	115
	22	116
	22	117
	22	118
	22	119
	22	120
	22	121
	22	122
	22	123
	22	124
	22	125
	22	126
	22	127
	22	128
	22	129
	22	130
	22	131
	22	132
	22	133
	23	5
	23	6
	23	7
	23	8
	23	9
	23	10
	23	11
	23	12
	23	13
	10	109
	23	117
	23	118
	23	119
	23	120
	23	121
	23	122
	23	123
	23	124
	23	125
	23	126
	23	127
	23	128
	23	129
	23	130
	23	131
	23	132
	23	133
	23	134
	23	135
	23	136
	24	5
	24	6
	24	7
	24	8
	24	9
	24	10
	24	11
	24	12
	24	13
	10	111
	10	110
	24	122
	24	123
	24	124
	24	125
	24	126
	24	127
	24	128
	24	129
	24	130
	24	131
	24	132
	24	133
	24	134
	24	135
	24	136
	25	5
	25	6
	25	7
	25	8
	25	9
	25	10
	25	11
	25	12
	25	13
	11	111
	25	128
	25	129
	25	130
	25	131
	25	132
	25	133
	25	134
	25	135
	25	136
	25	137
	25	138
	25	139
	26	5
	26	6
	26	7
	26	8
	26	9
	26	10
	26	11
	26	12
	26	133
	26	134
	26	135
	26	136
	26	137
	26	138
	26	139
	26	140
	27	5
	27	6
	27	7
	27	8
	27	9
	27	10
	27	11
	27	135
	27	136
	27	137
	27	138
	27	139
	27	140
	27	141
	28	5
	28	6
	28	7
	28	8
	28	136
	28	137
	28	138
	28	139
	28	140
	28	141
	28	142
	29	5
	29	6
	29	7
	29	8
	29	138
	29	139
	29	140
	29	141
	29	142
	29	143
	30	5
	30	6
	30	7
	30	8
	30	89
	30	90
	30	88
	30	139
	30	140
	30	141
	30	142
	30	143
	30	144
	31	5
	31	6
	31	7
	31	8
	31	86
	31	88
	31	89
	31	90
	31	91
	31	92
	31	93
	31	94
	31	95
	31	96
	31	140
	31	141
	31	142
	31	143
	31	144
	31	145
	32	5
	32	6
	32	7
	32	8
	32	82
	32	84
	32	85
	32	86
	32	87
	32	88
	32	89
	32	90
	32	91
	32	92
	32	93
	32	94
	32	95
	32	96
	32	97
	32	141
	32	142
	32	143
	32	144
	32	145
	32	146
	33	5
	33	6
	33	7
	33	8
	33	80
	33	81
	33	82
	33	83
	33	84
	33	85
	33	86
	33	87
	33	88
	33	89
	33	90
	33	91
	33	92
	33	93
	33	94
	33	95
	33	96
	33	97
	33	142
	33	143
	33	144
	33	145
	33	146
	33	147
	34	5
	34	6
	34	7
	34	8
	34	80
	34	81
	34	82
	34	83
	34	84
	34	85
	34	86
	34	87
	34	88
	34	92
	34	93
	34	94
	34	95
	34	96
	34	97
	34	143
	34	144
	34	145
	34	146
	34	147
	35	5
	35	6
	35	7
	35	8
	35	78
	35	79
	35	80
	35	81
	35	82
	35	83
	35	84
	35	85
	35	86
	35	93
	35	94
	35	95
	35	96
	35	97
	35	144
	35	145
	35	146
	35	147
	35	148
	35	149
	36	5
	36	6
	36	7
	36	8
	36	77
	36	79
	36	80
	36	81
	36	94
	36	95
	36	96
	36	97
	36	145
	36	146
	36	147
	36	148
	36	149
	37	5
	37	6
	37	7
	37	8
	37	76
	37	77
	37	78
	37	79
	37	80
	37	81
	37	94
	37	95
	37	96
	37	97
	37	98
	37	99
	37	100
	37	101
	37	102
	37	146
	37	147
	37	148
	37	149
	37	150
	38	5
	38	6
	38	7
	38	8
	38	73
	38	74
	38	75
	38	76
	38	77
	38	78
	38	79
	38	94
	38	95
	38	96
	38	97
	38	98
	38	99
	38	100
	38	101
	38	102
	38	103
	38	104
	38	105
	38	106
	38	107
	38	147
	38	148
	38	149
	38	150
	38	151
	38	152
	38	153
	38	154
	39	5
	39	6
	39	7
	39	8
	37	75
	39	73
	39	74
	39	75
	39	76
	39	94
	39	95
	39	96
	39	97
	39	98
	39	99
	39	100
	39	101
	39	102
	39	103
	39	104
	39	105
	39	106
	39	107
	39	108
	39	147
	39	148
	39	149
	39	150
	39	151
	39	152
	39	153
	39	154
	40	5
	40	6
	40	7
	40	8
	40	40
	40	42
	40	44
	40	45
	40	46
	40	47
	40	73
	40	74
	40	75
	40	76
	40	95
	40	96
	40	97
	40	98
	40	99
	40	100
	40	101
	40	102
	40	103
	40	104
	40	105
	40	106
	40	107
	40	148
	40	149
	40	150
	40	151
	40	152
	40	153
	40	154
	41	5
	41	6
	41	7
	41	8
	41	36
	41	37
	41	39
	41	43
	41	44
	41	45
	41	46
	41	47
	41	48
	41	49
	41	73
	41	74
	41	75
	41	76
	41	98
	41	99
	41	100
	41	101
	41	102
	41	103
	41	104
	41	105
	41	149
	41	150
	41	151
	41	152
	41	153
	41	154
	41	155
	42	5
	42	6
	42	7
	42	8
	42	9
	42	10
	42	11
	42	12
	42	13
	42	14
	42	15
	42	16
	42	17
	42	18
	42	19
	42	20
	42	21
	42	22
	42	23
	42	24
	42	25
	42	26
	42	27
	42	28
	42	29
	42	30
	42	31
	42	32
	42	33
	42	34
	42	35
	42	36
	42	37
	42	39
	42	40
	42	41
	42	43
	42	44
	42	45
	42	46
	42	47
	42	48
	42	49
	42	50
	42	51
	42	52
	42	53
	42	55
	42	56
	42	57
	42	58
	42	59
	42	60
	42	61
	42	62
	42	63
	42	64
	42	65
	42	66
	42	67
	42	68
	42	69
	42	70
	42	71
	42	72
	42	73
	42	74
	42	75
	42	76
	42	98
	42	99
	42	100
	42	101
	42	102
	42	103
	42	104
	42	150
	42	151
	42	152
	42	153
	42	154
	42	155
	43	5
	43	6
	43	7
	43	8
	43	9
	43	10
	43	11
	43	12
	43	13
	43	14
	43	15
	43	16
	43	17
	43	18
	43	19
	43	20
	43	21
	43	22
	43	23
	43	24
	43	25
	43	26
	43	27
	43	28
	43	29
	43	30
	43	31
	43	32
	43	33
	43	34
	43	35
	43	36
	43	37
	43	38
	43	39
	43	40
	43	41
	43	42
	43	44
	43	45
	43	46
	43	47
	43	48
	43	49
	43	50
	43	51
	43	52
	43	53
	43	54
	43	55
	43	56
	43	57
	43	58
	43	59
	43	60
	43	61
	43	62
	43	63
	43	64
	43	65
	43	66
	43	67
	43	68
	43	69
	43	70
	43	71
	43	72
	43	73
	43	74
	43	75
	43	76
	43	98
	43	99
	43	100
	43	101
	43	102
	43	103
	43	150
	43	151
	43	152
	43	153
	43	154
	43	155
	43	156
	44	5
	44	6
	44	7
	44	8
	44	9
	44	10
	44	11
	44	12
	44	13
	44	14
	44	15
	44	16
	44	17
	44	18
	44	19
	44	20
	44	21
	44	22
	44	23
	44	24
	44	25
	44	26
	44	27
	44	28
	44	29
	44	30
	44	31
	44	32
	44	33
	44	34
	44	35
	44	36
	44	39
	44	40
	44	49
	44	50
	44	51
	44	52
	44	56
	44	57
	44	58
	44	59
	44	60
	44	61
	44	62
	44	63
	44	64
	44	65
	44	66
	44	67
	44	68
	44	69
	44	70
	44	71
	44	72
	44	73
	44	74
	44	75
	44	98
	44	99
	44	100
	44	101
	44	102
	44	152
	44	153
	44	154
	44	155
	44	156
	45	6
	45	7
	45	8
	45	9
	45	10
	45	11
	45	12
	45	13
	45	14
	45	15
	45	16
	45	17
	45	18
	45	19
	45	20
	45	21
	45	22
	45	23
	45	24
	45	25
	45	26
	45	27
	45	28
	45	29
	45	30
	45	31
	45	32
	45	33
	45	34
	45	35
	45	36
	45	58
	45	60
	45	61
	45	62
	45	63
	45	64
	45	65
	45	66
	45	67
	45	68
	45	69
	45	70
	45	71
	45	72
	45	73
	45	98
	45	99
	45	100
	45	101
	45	102
	45	103
	45	153
	45	154
	45	155
	45	156
	46	9
	46	10
	46	11
	46	12
	46	13
	46	14
	46	100
	46	102
	46	103
	46	153
	46	154
	46	155
	46	156
	47	100
	47	101
	47	102
	47	103
	47	104
	47	105
	47	106
	47	153
	47	154
	47	155
	47	156
	48	100
	48	101
	48	102
	48	103
	48	104
	48	105
	48	106
	48	107
	48	153
	48	154
	48	155
	48	156
	48	157
	48	158
	49	101
	49	102
	49	103
	49	104
	49	105
	49	106
	49	107
	49	108
	49	153
	49	154
	49	155
	49	156
	49	157
	49	158
	49	159
	50	103
	50	104
	50	105
	50	106
	50	107
	50	108
	50	109
	50	153
	50	154
	50	155
	50	156
	50	157
	50	158
	50	159
	50	160
	51	104
	51	105
	51	106
	51	107
	51	108
	51	109
	51	110
	51	153
	51	154
	51	155
	51	156
	51	157
	51	158
	51	159
	51	160
	52	105
	52	106
	52	107
	52	108
	52	109
	52	110
	52	111
	52	153
	52	154
	52	155
	52	156
	52	157
	52	158
	52	159
	52	160
	53	106
	53	107
	53	108
	53	109
	53	110
	53	111
	53	112
	53	157
	53	158
	53	159
	53	160
	54	107
	54	108
	54	109
	54	110
	54	111
	54	112
	54	113
	54	157
	54	158
	54	159
	54	160
	55	108
	55	109
	55	110
	55	111
	55	112
	55	113
	55	114
	55	157
	55	158
	55	159
	55	160
	56	109
	56	110
	56	111
	56	112
	56	113
	56	114
	56	115
	56	157
	56	158
	56	159
	56	160
	57	110
	57	111
	57	112
	57	113
	57	114
	57	115
	57	116
	57	157
	57	158
	57	159
	57	160
	58	111
	58	112
	58	113
	58	114
	58	115
	58	116
	58	117
	58	156
	58	157
	58	158
	58	159
	58	160
	59	112
	59	113
	59	114
	59	115
	59	116
	59	117
	59	118
	59	155
	59	156
	59	157
	59	158
	59	159
	59	160
	60	113
	60	114
	60	115
	60	116
	60	117
	60	118
	60	119
	60	154
	60	155
	60	156
	60	157
	60	158
	60	159
	60	160
	61	114
	61	115
	61	116
	61	117
	61	118
	61	119
	61	120
	61	153
	61	154
	61	155
	61	156
	61	157
	61	158
	61	159
	62	115
	62	116
	62	117
	62	118
	62	119
	62	120
	62	121
	62	151
	62	152
	62	153
	62	154
	62	155
	62	156
	62	157
	62	158
	63	116
	63	117
	63	118
	63	119
	63	120
	63	121
	63	122
	63	150
	63	151
	63	152
	63	153
	63	154
	63	155
	63	156
	63	157
	64	117
	64	118
	64	119
	64	120
	64	121
	64	122
	64	123
	64	149
	64	150
	64	151
	64	152
	64	153
	64	154
	64	155
	64	156
	65	118
	65	119
	65	120
	65	121
	65	122
	65	123
	65	124
	65	148
	65	149
	65	150
	65	151
	65	152
	65	153
	65	154
	65	155
	66	119
	66	120
	66	121
	66	122
	66	123
	66	124
	66	125
	66	146
	66	147
	66	148
	66	149
	66	150
	66	151
	66	152
	66	153
	67	120
	67	121
	67	122
	67	123
	67	124
	67	125
	67	126
	67	127
	67	128
	67	129
	67	144
	67	145
	67	146
	67	147
	67	148
	67	149
	67	150
	67	151
	67	152
	68	121
	68	122
	68	123
	68	124
	68	125
	68	126
	68	127
	68	128
	68	129
	68	130
	68	131
	68	141
	68	142
	68	143
	68	144
	68	145
	68	146
	68	147
	68	148
	68	149
	68	150
	69	122
	69	123
	69	124
	69	125
	69	126
	69	127
	69	128
	69	129
	69	130
	69	131
	69	132
	69	133
	69	137
	69	138
	69	139
	69	140
	69	141
	69	142
	69	143
	69	144
	69	145
	69	146
	69	147
	69	148
	69	149
	70	124
	70	125
	70	126
	70	127
	70	128
	70	129
	70	130
	70	131
	70	132
	70	133
	70	134
	70	135
	70	136
	70	137
	70	138
	70	139
	70	140
	70	141
	70	142
	70	143
	70	144
	70	145
	70	146
	70	147
	71	127
	71	128
	71	129
	71	130
	71	131
	71	132
	71	133
	71	134
	71	135
	71	136
	71	137
	71	138
	71	139
	71	140
	71	141
	71	142
	71	143
	71	144
	71	145
	72	128
	72	129
	72	130
	72	131
	72	132
	72	133
	72	134
	72	135
	72	136
	72	137
	72	138
	72	139
	72	140
	72	141
	72	142
	73	132
	73	133
	73	134
	73	135
	73	136
	73	137
	73	138
	43	43
	42	42
	41	42
	41	41
	41	40
	40	41
	40	43
	42	54
	36	78
	37	73
	36	73
	36	74
	36	75
	36	76
	41	53
	41	54
	41	55
	41	56
	41	57
	41	58
	40	58
	40	57
	40	56
	40	55
	40	54
	38	45
	39	45
	39	44
	39	43
	39	42
	38	44
	13	106
	14	107
	13	107
	13	108
	13	109
	14	108
	20	20
	20	19
	20	18
	20	17
	20	16
	40	53
	41	52
	39	55
	39	56
	39	54
	39	53
	40	52
	39	52
	38	53
	38	54
	38	52
	39	51
	40	51
	38	51
	39	50
	40	50
	38	50
	39	49
	40	49
	38	49
	39	48
	40	48
	38	48
	41	50
	39	47
	41	51
	54	156
	55	156
	53	156
	56	156
	57	156
	56	155
	57	155
	55	155
	58	155
	58	154
	59	154
	57	154
	59	153
	60	153
	58	153
	60	152
	61	152
	59	152
	61	151
	60	151
	62	150
	61	150
	63	149
	62	149
	63	148
	64	148
	62	148
	64	147
	65	147
	63	147
	65	146
	64	146
	66	145
	65	145
	66	144
	65	144
	67	143
	66	143
	67	142
	67	141
	68	140
	68	139
	69	136
	69	135
	69	134
	32	83
	32	81
	32	80
	31	87
	34	79
	39	46
	38	46
	38	47
	15	14
	45	56
	45	57
	46	65
	46	67
	46	68
	38	83
	38	82
	30	92
	30	91
	36	85
	37	83
	38	81
	40	77
	15	25
	15	13
	15	17
	15	18
	15	19
	15	20
	15	21
	15	22
	15	24
	15	26
	8	29
	17	29
	42	38
	41	38
	44	37
	44	38
	37	82
	36	82
	36	83
	36	84
	38	80
	46	101
	23	4
	24	4
	22	4
	23	3
	25	4
	24	3
	26	4
	25	3
	27	4
	26	3
	28	4
	29	4
	28	3
	30	4
	29	3
	31	4
	30	3
	32	4
	31	3
	33	4
	32	3
	34	4
	33	3
	35	4
	36	4
	35	3
	37	4
	38	4
	37	3
	39	4
	38	3
	40	4
	39	3
	41	4
	40	3
	42	4
	41	3
	43	4
	44	4
	43	3
	22	5
	22	3
	27	3
	28	2
	29	2
	27	2
	31	2
	32	2
	30	2
	33	2
	34	3
	34	2
	35	2
	36	3
	36	2
	37	2
	38	2
	39	2
	40	2
	41	2
	42	3
	42	2
	43	2
	44	3
	44	2
	45	3
	45	4
	45	2
	46	3
	46	4
	46	2
	45	5
	46	5
	46	6
	46	7
	46	8
	47	7
	47	8
	47	6
	47	9
	47	10
	47	11
	47	12
	47	13
	47	14
	46	15
	47	15
	48	14
	48	15
	48	13
	47	16
	48	16
	46	16
	47	17
	48	17
	46	17
	47	18
	48	18
	46	18
	47	19
	48	19
	46	19
	49	18
	49	19
	49	17
	47	20
	48	20
	46	20
	46	21
	47	21
	46	22
	47	22
	46	23
	47	23
	46	24
	47	24
	46	25
	47	25
	46	26
	47	26
	46	27
	47	27
	46	28
	47	28
	49	20
	48	21
	49	21
	48	22
	49	22
	48	23
	49	23
	48	24
	49	24
	48	25
	49	25
	48	26
	49	26
	48	27
	49	27
	48	28
	49	28
	47	29
	48	29
	46	29
	47	30
	48	30
	46	30
	47	31
	48	31
	46	31
	47	32
	48	32
	46	32
	47	33
	48	33
	46	33
	46	34
	47	34
	46	35
	47	35
	46	36
	47	36
	46	37
	47	37
	45	37
	46	38
	47	38
	45	38
	46	39
	47	39
	45	39
	46	40
	47	40
	45	40
	46	41
	47	41
	45	41
	48	34
	48	35
	49	30
	49	31
	49	29
	49	32
	44	41
	45	42
	46	42
	44	42
	44	43
	45	43
	44	44
	45	44
	44	45
	44	46
	45	46
	44	47
	45	47
	45	45
	44	48
	45	48
	45	49
	45	50
	45	51
	46	50
	46	51
	46	49
	46	48
	46	47
	46	44
	47	44
	46	45
	46	43
	47	45
	47	43
	47	42
	46	46
	47	46
	47	47
	47	48
	47	49
	47	50
	46	53
	47	53
	45	53
	46	54
	46	52
	47	54
	47	52
	45	54
	45	52
	46	55
	47	55
	45	55
	46	56
	47	56
	46	58
	47	58
	46	59
	46	57
	47	59
	47	57
	45	59
	46	60
	47	60
	46	61
	47	61
	44	53
	44	54
	44	55
	47	51
	48	51
	48	52
	48	50
	48	53
	48	54
	48	55
	48	56
	48	57
	48	58
	48	59
	48	60
	48	61
	47	62
	48	62
	46	62
	47	63
	48	63
	46	63
	47	64
	48	64
	46	64
	47	65
	48	65
	47	66
	48	66
	46	66
	47	67
	48	67
	47	68
	48	68
	47	69
	48	69
	46	69
	47	70
	48	70
	46	70
	47	71
	48	71
	46	71
	47	72
	48	72
	46	72
	47	73
	48	73
	46	73
	47	74
	48	74
	46	74
	47	75
	48	75
	46	75
	47	76
	48	76
	46	76
	45	75
	45	76
	45	74
	46	77
	47	77
	45	77
	44	76
	44	77
	43	77
	44	78
	45	78
	43	78
	42	77
	42	78
	43	79
	44	79
	42	79
	41	78
	41	79
	41	77
	40	78
	40	79
	39	78
	39	79
	39	77
	39	80
	40	80
	39	81
	40	81
	39	82
	40	82
	39	83
	40	83
	39	84
	40	84
	38	84
	41	80
	42	80
	41	81
	42	81
	43	80
	44	80
	45	79
	45	80
	46	79
	46	80
	46	78
	47	78
	48	78
	47	79
	48	79
	48	77
	41	82
	41	83
	37	84
	38	85
	39	85
	37	85
	37	86
	38	86
	36	86
	36	87
	37	87
	35	87
	36	88
	37	88
	35	88
	35	89
	36	89
	34	89
	35	90
	36	90
	34	90
	35	91
	36	91
	34	91
	37	91
	36	92
	37	92
	37	90
	35	92
	36	93
	37	93
	38	92
	38	93
	38	91
	39	93
	39	92
	40	93
	40	94
	40	92
	38	90
	37	89
	38	89
	38	88
	38	87
	39	91
	41	97
	41	96
	42	97
	43	97
	42	96
	43	96
	44	97
	45	97
	44	96
	42	95
	43	95
	41	95
	41	94
	42	94
	41	93
	42	93
	44	95
	46	99
	47	99
	46	98
	47	98
	50	101
	51	101
	50	102
	50	100
	51	102
	51	100
	49	100
	53	102
	54	102
	52	102
	53	103
	53	101
	54	103
	54	101
	52	103
	52	101
	55	102
	55	103
	55	101
	47	97
	48	97
	46	97
	47	96
	48	98
	48	96
	46	96
	48	99
	49	99
	49	98
	51	103
	52	104
	53	105
	53	104
	54	106
	55	107
	53	100
	54	100
	52	100
	54	104
	55	104
	54	105
	55	105
	56	105
	55	106
	56	106
	56	104
	57	106
	56	107
	57	107
	57	105
	56	108
	57	108
	58	108
	57	109
	58	109
	58	107
	58	110
	59	109
	59	110
	59	108
	60	110
	59	111
	60	111
	60	109
	60	112
	61	111
	61	112
	61	110
	61	113
	62	113
	62	114
	62	112
	63	114
	63	115
	63	113
	64	116
	64	115
	65	116
	65	117
	65	115
	58	106
	59	106
	58	105
	59	107
	59	105
	60	108
	60	107
	61	109
	62	109
	61	108
	62	110
	62	108
	62	111
	63	111
	63	112
	63	110
	64	112
	65	112
	64	113
	64	111
	65	113
	65	111
	64	114
	65	114
	66	114
	66	115
	66	113
	67	115
	66	116
	67	116
	67	114
	68	116
	67	117
	68	117
	68	115
	66	117
	67	118
	68	118
	66	118
	69	118
	68	119
	69	119
	69	117
	67	119
	68	120
	69	120
	70	119
	70	120
	70	118
	69	121
	70	121
	71	121
	72	121
	71	122
	71	120
	72	122
	72	120
	70	122
	73	122
	72	123
	73	123
	73	121
	71	123
	70	123
	71	124
	72	124
	73	124
	72	125
	73	125
	71	125
	74	125
	73	126
	74	126
	74	124
	72	126
	71	126
	72	127
	73	127
	73	128
	73	129
	73	130
	74	130
	73	131
	74	131
	74	129
	74	132
	74	133
	74	134
	74	135
	74	136
	74	128
	74	127
	74	137
	74	138
	74	139
	73	139
	74	140
	73	140
	74	141
	73	141
	74	142
	73	142
	74	143
	73	143
	74	144
	73	144
	74	145
	73	145
	74	146
	73	146
	72	143
	72	144
	72	145
	71	146
	71	147
	70	148
	71	148
	72	147
	72	148
	72	146
	73	147
	74	147
	73	148
	72	149
	73	149
	71	149
	72	150
	73	150
	71	150
	70	149
	70	150
	71	151
	72	151
	70	151
	69	150
	69	151
	70	152
	71	152
	69	152
	68	151
	68	152
	69	153
	70	153
	68	153
	67	153
	67	154
	68	154
	66	154
	67	155
	68	155
	66	155
	66	156
	67	156
	65	156
	65	157
	66	157
	64	157
	64	158
	65	158
	63	158
	63	159
	64	159
	62	159
	62	160
	63	160
	61	160
	64	160
	65	159
	65	160
	67	157
	66	158
	67	158
	69	155
	68	156
	69	156
	69	154
	70	155
	71	155
	70	156
	70	154
	71	156
	71	154
	71	153
	72	153
	72	154
	72	152
	73	152
	73	153
	73	151
	59	161
	60	161
	58	161
	57	161
	58	162
	59	162
	57	162
	56	162
	57	163
	58	163
	56	163
	56	161
	55	162
	55	163
	55	161
	54	162
	54	163
	54	161
	53	162
	53	163
	53	161
	60	162
	59	163
	60	163
	61	162
	61	163
	61	161
	62	162
	62	163
	62	161
	63	162
	63	163
	63	161
	64	162
	64	163
	64	161
	52	162
	52	163
	52	161
	51	162
	51	163
	51	161
	50	162
	50	163
	50	161
	49	162
	48	162
	49	163
	49	161
	48	163
	48	161
	47	162
	47	163
	47	161
	46	162
	46	163
	46	161
	53	164
	54	164
	52	164
	49	164
	50	164
	48	164
	49	165
	50	165
	48	165
	46	165
	47	165
	45	165
	46	166
	46	164
	47	166
	47	164
	45	166
	45	164
	45	163
	51	164
	51	165
	52	165
	53	165
	55	164
	54	165
	55	165
	45	161
	46	160
	47	160
	45	162
	45	160
	46	159
	47	159
	45	159
	46	158
	47	158
	45	158
	48	159
	48	160
	49	160
	46	157
	47	157
	45	157
	43	158
	44	158
	42	158
	43	159
	43	157
	44	159
	44	157
	42	159
	42	157
	41	158
	41	159
	41	157
	40	158
	40	159
	40	157
	44	160
	44	161
	40	155
	41	156
	42	156
	40	156
	42	160
	43	160
	41	160
	39	157
	39	158
	39	156
	38	155
	39	155
	37	155
	38	156
	37	156
	37	154
	36	153
	37	153
	35	153
	36	154
	36	152
	37	152
	35	154
	35	152
	34	153
	34	154
	34	152
	36	155
	36	156
	35	151
	36	151
	34	151
	33	151
	34	150
	35	150
	33	152
	33	150
	33	149
	34	149
	32	149
	33	148
	34	148
	32	150
	32	148
	31	147
	32	147
	30	147
	31	148
	31	146
	30	148
	30	146
	29	146
	30	145
	29	147
	29	145
	31	149
	30	149
	36	150
	37	151
	35	155
	34	155
	35	156
	34	156
	33	153
	33	154
	32	152
	32	153
	32	151
	31	151
	31	152
	31	150
	30	150
	30	151
	29	149
	29	150
	29	148
	28	148
	28	149
	28	147
	28	146
	27	146
	28	145
	27	147
	27	145
	26	145
	27	144
	28	144
	26	146
	26	144
	25	145
	25	146
	25	144
	26	143
	27	143
	25	143
	24	143
	25	142
	26	142
	24	144
	24	142
	25	141
	26	141
	24	141
	23	142
	23	143
	23	141
	24	140
	25	140
	23	140
	22	140
	23	139
	24	139
	22	141
	22	139
	22	138
	23	138
	21	138
	22	137
	23	137
	21	139
	21	137
	22	136
	21	136
	22	135
	21	135
	20	136
	20	137
	20	135
	21	134
	22	134
	20	134
	29	144
	28	143
	27	142
	24	138
	24	137
	21	133
	20	138
	19	135
	19	136
	19	134
	20	133
	19	133
	20	132
	21	132
	19	132
	20	131
	21	131
	19	131
	18	132
	18	133
	18	131
	19	130
	20	130
	18	130
	19	129
	20	129
	18	129
	19	128
	20	128
	18	128
	19	127
	18	127
	21	130
	19	126
	18	134
	18	135
	17	132
	17	133
	17	131
	17	130
	17	129
	17	128
	17	127
	18	126
	17	126
	16	127
	16	128
	16	126
	17	125
	18	125
	16	125
	17	124
	18	124
	16	124
	16	123
	17	123
	15	123
	16	122
	17	122
	15	124
	15	122
	16	121
	17	121
	15	121
	16	120
	17	120
	15	120
	16	119
	17	119
	15	119
	19	125
	19	124
	18	123
	18	122
	18	121
	18	120
	18	119
	18	118
	17	118
	14	120
	14	121
	14	119
	15	118
	16	118
	14	118
	13	118
	14	117
	15	117
	13	119
	13	117
	12	117
	13	116
	14	116
	12	118
	12	116
	13	115
	12	115
	11	115
	12	114
	11	116
	11	114
	10	114
	11	113
	10	115
	10	113
	9	114
	9	115
	9	113
	16	117
	15	116
	15	125
	14	122
	13	122
	14	123
	13	123
	13	121
	12	120
	13	120
	11	120
	12	121
	12	119
	11	121
	11	119
	10	119
	11	118
	10	120
	10	118
	9	118
	10	117
	11	117
	9	119
	9	117
	10	116
	9	116
	8	116
	8	117
	8	115
	7	116
	7	117
	7	115
	8	114
	7	114
	8	113
	7	111
	8	111
	6	111
	7	112
	7	110
	8	112
	8	110
	6	112
	6	110
	6	109
	7	109
	5	109
	6	108
	7	108
	5	110
	5	108
	7	113
	8	109
	8	108
	6	115
	6	116
	6	114
	6	113
	7	107
	8	107
	6	107
	5	111
	5	112
	4	108
	5	107
	4	109
	4	107
	5	106
	6	106
	4	106
	7	106
	9	111
	10	112
	9	112
	9	110
	9	109
	9	108
	9	107
	8	106
	9	106
	8	105
	7	105
	8	104
	7	104
	8	103
	7	103
	8	102
	7	102
	6	105
	5	105
	5	103
	6	103
	4	103
	5	104
	5	102
	6	104
	6	102
	4	104
	4	102
	5	101
	6	101
	4	101
	4	105
	5	100
	6	100
	4	100
	5	99
	6	99
	4	99
	4	98
	5	98
	3	98
	4	97
	5	97
	3	99
	3	97
	4	96
	5	96
	3	96
	3	104
	3	105
	3	103
	3	100
	5	95
	6	95
	4	95
	5	94
	6	96
	6	94
	4	94
	5	93
	6	93
	4	93
	7	99
	8	99
	7	100
	7	98
	8	100
	8	98
	6	98
	7	96
	8	96
	7	97
	7	95
	8	97
	8	95
	6	97
	7	94
	8	94
	7	93
	8	93
	9	96
	9	95
	7	101
	8	101
	9	94
	9	93
	3	95
	3	94
	3	92
	4	92
	2	92
	3	93
	3	91
	4	91
	2	93
	2	91
	1	88
	2	88
	0	88
	1	89
	1	87
	2	89
	2	87
	0	89
	0	87
	0	86
	1	86
	0	85
	1	85
	0	84
	1	84
	0	83
	1	83
	1	92
	1	93
	1	91
	2	90
	3	90
	1	90
	3	88
	3	89
	3	87
	4	90
	5	92
	0	90
	0	91
	0	92
	2	94
	1	94
	2	86
	3	86
	2	85
	3	85
	0	82
	1	82
	0	81
	1	81
	0	80
	1	80
	0	79
	1	79
	0	78
	1	78
	0	77
	0	76
	0	75
	0	74
	0	73
	0	72
	0	71
	0	70
	0	69
	0	68
	0	67
	0	66
	0	65
	0	64
	0	63
	0	62
	0	61
	0	60
	0	59
	0	58
	0	57
	0	56
	1	56
	0	55
	1	55
	0	54
	1	54
	0	53
	1	53
	0	52
	1	52
	0	51
	1	51
	2	56
	3	56
	2	55
	3	55
	2	54
	3	54
	2	53
	3	53
	2	52
	0	47
	0	48
	0	46
	0	45
	1	50
	0	50
	0	49
	0	39
	0	38
	0	37
	0	36
	1	36
	0	35
	1	35
	0	34
	1	34
	0	33
	1	33
	0	32
	1	32
	0	31
	1	31
	0	30
	1	30
	0	29
	1	29
	0	28
	1	28
	2	28
	1	27
	2	29
	2	27
	0	27
	2	30
	2	31
	2	32
	2	33
	2	34
	3	29
	3	28
	4	28
	3	27
	4	29
	4	27
	3	26
	4	26
	2	26
	5	27
	5	26
	4	25
	5	25
	3	25
	6	26
	6	27
	6	25
	7	27
	7	26
	7	25
	6	24
	7	24
	5	24
	8	25
	8	26
	8	24
	8	27
	9	25
	9	26
	9	24
	8	23
	9	23
	7	23
	8	22
	9	22
	7	22
	10	26
	9	27
	10	27
	10	25
	10	24
	11	26
	12	26
	11	25
	12	25
	11	23
	12	23
	10	23
	11	24
	11	22
	12	24
	12	22
	10	22
	11	21
	12	21
	10	21
	13	21
	12	20
	13	22
	13	20
	11	20
	13	23
	13	25
	13	26
	13	24
	14	24
	14	25
	14	23
	14	26
	14	22
	14	21
	14	20
	14	19
	14	18
	13	18
	14	17
	13	19
	13	17
	14	16
	15	16
	13	16
	14	15
	15	15
	13	15
	12	18
	11	18
	12	19
	12	17
	11	19
	11	17
	13	14
	14	14
	12	14
	13	13
	14	13
	12	15
	12	13
	12	16
	15	12
	16	12
	14	12
	17	10
	18	10
	16	10
	17	11
	17	9
	18	9
	16	11
	16	9
	17	8
	18	8
	16	8
	15	11
	15	10
	15	9
	19	6
	20	6
	18	6
	19	7
	19	5
	20	7
	20	5
	18	7
	18	5
	21	5
	20	4
	21	6
	21	4
	19	4
	19	9
	20	9
	19	10
	19	8
	20	8
	21	8
	21	9
	21	7
	22	7
	22	8
	22	6
InvisibleObstacle		
AW1		
	10	56
	11	56
	12	56
	13	56
	14	56
	15	56
	16	56
	17	56
	18	56
	19	56
	20	56
	21	56
	22	56
	23	56
	24	56
	25	56
	26	56
	27	56
	28	56
	29	56
	30	56
	31	56
	32	56
	33	56
	34	56
	35	56
	36	56
	37	56
	38	56
	38	55
	39	55
	40	56
	41	56
	41	55
	40	55
	39	56
	37	55
	36	55
	35	55
	34	55
	33	55
	32	55
	31	55
	30	55
	29	55
	28	55
	27	55
	26	55
	25	55
	24	55
	23	55
	22	55
	21	55
	20	55
	19	55
	18	55
	17	55
	16	55
	15	55
	9	56
	8	56
	7	55
	8	55
	9	55
	10	55
	11	55
	12	55
	13	55
	14	55
	13	54
	12	54
	11	54
	10	54
	9	54
	8	54
	14	54
	15	54
	17	54
	18	54
	19	54
	20	54
	21	54
	22	54
	23	54
	24	54
	25	54
	26	54
	27	54
	28	54
	29	54
	30	54
	31	54
	32	54
	33	54
	34	54
	35	54
	38	54
	39	54
	40	54
	41	54
	37	54
	36	54
	16	54
AW2		
	6	80
	7	80
	8	80
	9	80
	10	80
	11	80
	12	80
	13	80
	14	80
	16	80
	17	80
	18	80
	19	80
	20	80
	21	80
	22	80
	23	80
	24	80
	25	80
	26	80
	27	80
	28	80
	29	80
	30	80
	31	80
	32	80
	15	80
	5	79
	6	79
	7	79
	8	79
	9	79
	10	79
	11	79
	12	79
	13	79
	14	79
	15	79
	16	79
	17	79
	18	79
	19	79
	20	79
	21	79
	22	79
	23	79
	24	79
	25	79
	26	79
	27	79
	28	79
	29	79
	30	79
	31	79
	32	79
	33	79
	34	79
	34	78
	33	78
	32	78
	31	78
	30	78
	29	78
	28	78
	27	78
	26	78
	25	78
	24	78
	23	78
	22	78
	21	78
	20	78
	19	78
	18	78
	17	78
	14	78
	13	78
	12	78
	11	78
	10	78
	9	78
	8	78
	7	78
	6	78
	15	78
	16	78
AW3		
	29	112
	29	111
	30	112
	30	111
	31	111
	31	110
	32	110
	32	109
	33	109
	33	108
	34	108
	34	107
	35	107
	35	106
	36	106
	36	105
	37	105
	37	104
	37	103
	36	103
	36	104
	35	105
	34	106
	33	107
	32	108
	31	109
	30	110
	28	110
	29	110
	29	109
	30	109
	30	108
	31	108
	31	107
	32	107
	32	106
	33	106
	33	105
	34	105
	34	104
	35	104
	35	103
	36	102
	27	110
	28	111
	27	111
	27	112
	27	113
	26	113
	26	114
	25	114
	25	115
	24	115
	24	116
	23	116
	23	117
	23	115
	24	114
	25	113
	26	112
	22	115
	23	114
	24	113
	26	111
	25	112
	28	112
	28	113
	27	114
	26	115
	24	117
	25	116
	27	115
	28	114
BB1		
	20	53
	20	50
	20	49
	21	49
	22	49
	23	49
	24	49
	24	48
	25	48
	25	49
	25	50
	25	51
	25	52
	25	53
	24	53
	23	53
	22	53
	21	53
	21	52
	22	52
	23	52
	24	52
	24	51
	24	50
	23	50
	22	50
	21	50
	21	51
	20	51
	22	51
	23	51
	20	52
	20	48
	21	48
	22	48
	23	48
BB2		
	19	77
	19	76
	19	75
	19	74
	19	73
	20	73
	21	73
	22	73
	23	73
	24	73
	24	74
	24	75
	24	76
	24	77
	23	77
	22	77
	21	77
	20	77
	20	76
	21	76
	22	76
	23	76
	23	75
	23	74
	22	74
	21	74
	20	74
	20	75
	21	75
	22	75
BB3		
	23	109
	23	108
	23	107
	23	106
	23	105
	24	105
	23	104
	25	104
	26	104
	27	104
	28	104
	29	104
	29	105
	28	105
	28	106
	28	107
	28	108
	28	109
	27	109
	26	109
	25	109
	24	109
	24	108
	24	104
	24	106
	24	107
	25	107
	25	108
	26	108
	27	108
	27	107
	27	106
	27	105
	26	105
	26	106
	25	106
	26	107
	25	105
	29	106
	29	107
	29	108
LK1		
	10	60
	11	60
	12	60
	13	60
	14	60
	15	60
	16	60
	17	60
	18	60
	19	60
	20	60
	21	60
	22	60
	23	60
	25	60
	28	60
	29	60
	31	60
	33	60
	35	60
	36	60
	38	60
	40	60
	41	60
	39	60
	37	60
	34	60
	30	60
	32	60
	27	60
	24	60
	26	60
	21	59
	20	59
	19	59
	18	59
	17	59
	16	59
	15	59
	14	59
	12	59
	11	59
	13	59
	23	59
	24	59
	25	59
	26	59
	27	59
	28	59
	29	59
	30	59
	35	59
	34	59
	33	59
	32	59
	31	59
	36	59
	37	59
	38	59
	39	59
	40	59
	41	59
	22	59
	9	61
	10	61
	11	61
	12	61
	13	61
	14	61
	15	61
	16	61
	17	61
	18	61
	19	61
	20	61
	21	61
	22	61
	23	61
	24	61
	26	61
	27	61
	28	61
	29	61
	30	61
	33	61
	34	61
	37	61
	40	61
	41	61
	42	61
	39	61
	38	61
	25	61
	32	61
	35	61
	36	61
	31	61
	11	58
	11	57
	11	55
	11	54
	10	53
	9	53
	11	53
	9	52
	8	51
	7	51
	7	50
	7	49
	7	48
	6	48
	5	48
	8	48
	9	48
	10	48
	11	48
	12	48
	13	48
	16	48
	18	48
	19	48
	17	48
	15	48
	14	48
	20	48
	21	48
	22	48
	23	48
	24	48
	25	48
	26	48
	27	48
	28	48
	29	48
	30	48
	31	48
	32	48
	33	48
	34	48
	35	48
	36	48
	37	48
	38	48
	39	48
	40	48
	40	49
	40	50
	41	50
	41	51
	41	52
	41	53
	41	54
	41	55
	41	56
	41	57
	41	58
	40	58
	40	57
	40	56
	40	55
	40	54
	40	53
	40	52
	40	51
	39	51
	39	52
	39	53
	39	54
	39	55
	39	56
	39	57
	39	58
	39	50
	39	49
	38	49
	37	49
	37	50
	37	51
	37	52
	37	53
	38	54
	38	55
	38	56
	38	57
	38	58
	37	58
	37	57
	37	56
	37	55
	37	54
	38	53
	38	52
	38	51
	38	50
	36	49
	35	49
	35	50
	35	51
	35	52
	35	53
	35	54
	35	55
	35	56
	35	57
	35	58
	36	58
	36	57
	36	56
	36	55
	36	54
	36	53
	36	52
	36	51
	34	50
	34	49
	36	50
	33	50
	32	49
	31	49
	30	49
	33	49
	29	50
	29	51
	29	52
	29	53
	29	54
	29	55
	29	56
	29	57
	30	57
	29	58
	30	58
	31	58
	32	58
	33	58
	34	58
	34	57
	34	56
	34	55
	34	54
	34	53
	34	52
	34	51
	33	51
	32	50
	31	50
	30	50
	29	49
	30	51
	31	51
	32	51
	33	52
	32	52
	31	52
	30	52
	30	53
	31	53
	32	53
	33	53
	33	54
	32	54
	31	54
	30	54
	30	55
	31	55
	32	55
	33	55
	33	56
	32	56
	31	56
	30	56
	31	57
	32	57
	33	57
	20	58
	20	57
	20	56
	20	55
	20	54
	20	53
	20	52
	20	51
	20	50
	20	49
	21	49
	22	49
	23	49
	24	49
	25	49
	26	49
	27	49
	28	49
	28	50
	28	51
	28	52
	28	53
	28	54
	28	55
	28	56
	28	57
	28	58
	27	58
	26	58
	25	58
	24	58
	23	58
	21	58
	21	57
	22	58
	22	57
	23	57
	24	57
	25	57
	26	57
	27	57
	27	56
	27	55
	27	54
	27	53
	27	52
	26	52
	26	51
	27	50
	27	51
	26	50
	25	50
	24	50
	23	50
	22	50
	21	50
	21	51
	21	52
	21	53
	21	54
	21	55
	21	56
	25	56
	26	56
	26	55
	26	54
	26	53
	25	53
	25	52
	25	51
	24	51
	23	51
	22	51
	22	52
	22	53
	22	54
	22	55
	22	56
	23	56
	24	56
	24	55
	24	54
	24	53
	24	52
	23	52
	23	53
	23	54
	23	55
	25	55
	25	54
	19	58
	19	57
	19	56
	19	55
	19	54
	19	53
	19	52
	19	51
	19	50
	19	49
	18	49
	18	50
	18	51
	18	52
	18	53
	18	54
	18	55
	18	56
	18	57
	18	58
	17	58
	17	57
	17	56
	17	55
	17	54
	17	53
	17	52
	17	51
	17	50
	17	49
	16	49
	16	50
	16	51
	16	52
	15	53
	15	54
	15	55
	15	56
	15	57
	16	57
	16	58
	15	58
	16	56
	16	55
	16	54
	16	53
	15	52
	15	51
	15	50
	15	49
	14	49
	14	50
	14	51
	14	52
	14	53
	14	54
	14	55
	14	56
	14	57
	14	58
	13	58
	12	58
	13	57
	13	56
	13	55
	13	54
	13	53
	13	52
	13	51
	13	50
	13	49
	12	49
	12	50
	12	51
	12	52
	12	53
	12	54
	12	55
	12	56
	12	57
	11	56
	11	52
	11	51
	11	50
	11	49
	10	49
	9	49
	8	49
	8	50
	9	50
	10	50
	10	51
	10	52
	9	51
	41	62
	41	63
	41	64
	41	65
	41	66
	41	67
	41	68
	41	69
	41	70
	41	71
	41	72
	40	72
	40	71
	40	70
	40	69
	40	68
	40	67
	40	66
	40	65
	40	64
	40	63
	39	62
	40	62
	39	63
	39	64
	39	65
	39	66
	39	67
	39	68
	39	69
	39	70
	39	71
	39	72
	38	72
	38	71
	38	70
	38	69
	38	68
	38	67
	38	66
	38	65
	38	64
	38	63
	38	62
	37	62
	37	63
	37	64
	37	65
	37	66
	37	67
	37	68
	37	69
	37	70
	37	71
	37	72
	37	73
	37	74
	37	75
	36	75
	36	76
	36	74
	36	73
	36	72
	36	71
	36	70
	36	69
	36	68
	36	67
	36	66
	36	65
	36	64
	36	63
	36	62
	35	62
	35	63
	35	64
	35	65
	35	66
	35	67
	35	68
	35	69
	35	70
	35	71
	35	72
	35	73
	35	74
	35	75
	35	76
	35	77
	34	77
	34	76
	34	75
	34	74
	34	73
	34	72
	34	71
	34	70
	34	69
	34	68
	34	67
	34	66
	34	65
	34	64
	34	63
	34	62
	33	62
	32	62
	31	62
	30	62
	30	63
	30	64
	31	64
	32	64
	33	63
	33	64
	32	63
	31	63
	31	65
	30	65
	32	65
	33	65
	33	66
	33	67
	33	68
	33	69
	32	69
	31	69
	30	69
	30	68
	30	67
	30	66
	31	66
	32	66
	32	67
	32	68
	31	68
	31	67
	32	70
	32	71
	31	71
	31	70
	30	70
	30	71
	30	72
	30	73
	31	73
	32	73
	33	72
	33	71
	33	70
	31	72
	32	72
	33	73
	33	74
	33	75
	33	76
	33	77
	32	77
	31	77
	30	77
	30	76
	31	76
	32	76
	32	75
	31	75
	30	75
	30	74
	31	74
	32	74
	29	77
	29	76
	29	75
	29	74
	29	73
	29	72
	29	71
	29	70
	29	69
	29	68
	29	67
	29	66
	29	65
	29	64
	29	63
	29	62
	28	62
	27	62
	26	62
	25	62
	24	62
	23	62
	22	62
	21	62
	20	62
	19	62
	19	63
	19	64
	19	65
	19	66
	19	67
	19	68
	19	69
	19	70
	19	71
	19	72
	19	73
	19	74
	19	75
	19	76
	19	77
	20	77
	21	77
	22	77
	23	77
	24	77
	25	77
	26	77
	27	77
	28	77
	28	76
	28	75
	28	74
	28	73
	28	72
	28	71
	28	70
	28	69
	28	68
	28	67
	28	66
	28	65
	28	64
	28	63
	27	63
	26	63
	25	63
	24	63
	23	63
	22	63
	21	63
	20	63
	20	64
	20	65
	20	66
	20	67
	20	68
	20	69
	20	70
	20	71
	20	72
	20	73
	20	74
	20	75
	20	76
	21	76
	22	76
	23	76
	24	76
	25	76
	26	76
	27	76
	27	75
	27	74
	27	73
	27	72
	27	71
	27	70
	27	69
	27	68
	27	67
	27	66
	27	65
	27	64
	26	64
	25	64
	24	64
	23	64
	22	64
	21	64
	21	65
	21	66
	21	67
	21	68
	21	69
	21	70
	21	71
	21	72
	21	73
	21	74
	21	75
	22	75
	23	75
	24	75
	25	75
	26	75
	26	74
	26	73
	26	72
	26	71
	26	70
	26	69
	26	68
	26	67
	26	66
	26	65
	25	65
	24	65
	23	65
	22	65
	22	66
	22	67
	22	68
	22	69
	22	70
	22	71
	22	72
	22	73
	22	74
	23	74
	24	74
	25	74
	25	73
	25	72
	25	71
	25	70
	25	69
	25	68
	25	67
	25	66
	24	66
	23	66
	23	67
	23	68
	23	69
	23	70
	23	71
	23	72
	23	73
	24	73
	24	72
	24	71
	24	70
	24	69
	24	68
	24	67
	18	62
	17	62
	16	62
	15	62
	14	62
	13	62
	12	62
	11	62
	10	62
	9	62
	8	62
	7	62
	7	61
	6	61
	5	61
	5	62
	5	63
	5	64
	5	65
	5	66
	5	67
	5	68
	5	69
	5	70
	5	71
	5	72
	5	73
	5	74
	5	75
	6	75
	6	76
	6	77
	7	77
	8	77
	9	77
	10	77
	11	77
	12	77
	13	77
	14	77
	15	77
	16	77
	17	77
	18	77
	18	76
	18	75
	18	74
	18	73
	18	72
	18	71
	18	70
	18	69
	18	68
	18	67
	18	66
	18	65
	18	64
	18	63
	17	63
	16	63
	15	63
	14	63
	13	63
	12	63
	11	63
	10	63
	9	63
	8	63
	7	63
	6	63
	6	62
	6	64
	7	64
	8	64
	9	64
	10	64
	11	64
	12	64
	13	64
	14	64
	15	64
	16	64
	17	64
	17	65
	17	66
	17	67
	17	68
	17	69
	17	70
	17	71
	17	72
	17	73
	17	74
	17	75
	17	76
	16	76
	15	76
	14	76
	13	76
	12	76
	11	76
	10	76
	9	76
	8	76
	7	76
	7	75
	6	74
	7	74
	7	73
	7	72
	6	71
	6	70
	6	69
	6	68
	6	67
	6	66
	6	65
	6	72
	6	73
	7	71
	7	70
	7	69
	7	68
	7	67
	7	66
	7	65
	8	65
	9	65
	10	65
	11	65
	12	65
	13	65
	14	65
	15	65
	16	65
	16	66
	16	67
	16	68
	16	69
	16	70
	16	71
	16	72
	16	73
	16	74
	16	75
	15	75
	14	75
	13	75
	12	75
	11	75
	10	75
	9	75
	8	75
	8	74
	8	73
	8	72
	8	71
	8	70
	8	69
	8	68
	8	67
	8	66
	9	66
	10	66
	11	66
	12	66
	13	66
	15	66
	14	66
	15	67
	15	68
	15	69
	15	70
	15	71
	15	72
	15	73
	15	74
	14	74
	13	74
	12	74
	11	74
	10	74
	9	74
	9	73
	9	72
	9	71
	9	70
	9	69
	9	68
	9	67
	10	67
	11	67
	12	67
	13	67
	14	67
	14	68
	14	69
	14	70
	14	71
	14	72
	14	73
	13	73
	12	73
	11	73
	10	73
	10	72
	10	71
	10	70
	10	69
	10	68
	11	68
	12	68
	13	68
	13	69
	13	70
	13	71
	13	72
	12	72
	11	72
	11	71
	11	69
	12	69
	12	70
	12	71
	11	70
LK2		
	5	71
	6	71
	7	71
	8	71
	10	71
	11	71
	12	71
	13	71
	14	71
	15	71
	16	71
	17	71
	18	71
	19	71
	20	71
	21	71
	22	71
	24	71
	25	71
	26	71
	27	71
	28	71
	29	71
	30	71
	31	71
	32	71
	33	71
	34	71
	35	71
	36	71
	37	71
	38	71
	39	71
	40	71
	41	71
	41	72
	40	72
	39	72
	38	72
	37	72
	36	72
	35	72
	34	72
	33	72
	31	72
	30	72
	23	71
	25	72
	26	72
	27	72
	28	72
	29	72
	32	72
	33	73
	34	73
	35	73
	36	73
	37	73
	35	70
	36	70
	37	70
	38	70
	40	70
	41	70
	39	70
	34	70
	33	70
	32	70
	31	70
	30	70
	29	70
	28	70
	27	70
	26	70
	25	70
	24	70
	23	70
	22	70
	21	70
	20	70
	19	70
	18	70
	17	70
	16	70
	15	70
	14	70
	13	70
	12	70
	11	70
	10	70
	9	70
	8	70
	7	70
	6	70
	5	70
	5	72
	6	72
	7	72
	8	72
	9	72
	9	71
	10	72
	11	72
	12	72
	13	72
	14	72
	15	72
	16	72
	17	72
	18	72
	19	72
	20	72
	21	72
	22	72
	23	72
	24	72
LK3		
	25	124
	26	124
	27	124
	28	124
	28	123
	29	123
	29	122
	29	121
	30	121
	30	120
	31	120
	32	119
	33	119
	33	118
	34	118
	34	117
	35	117
	35	116
	36	115
	37	114
	37	113
	38	113
	38	112
	39	112
	39	111
	40	110
	41	109
	42	109
	41	108
	40	108
	40	109
	39	109
	39	110
	38	111
	37	112
	36	114
	34	116
	33	117
	34	115
	35	115
	32	120
	32	118
	31	119
	30	119
	28	122
	27	123
	24	125
	25	125
	25	126
	26	126
	26	127
	25	127
	27	128
	28	128
	29	128
	29	127
	30	127
	31	126
	31	125
	31	124
	32	124
	32	123
	32	122
	33	122
	33	121
	34	121
	34	120
	35	119
	36	118
	37	117
	37	116
	38	116
	39	115
	40	114
	41	113
	42	112
	42	111
	43	111
	43	110
	43	109
	43	108
	42	108
	42	107
	41	107
	40	107
	42	110
	41	111
	41	110
	41	112
	40	112
	40	113
	40	111
	39	114
	38	114
	38	115
	37	115
	34	119
	33	120
	35	118
	36	117
	36	116
	32	121
	31	123
	30	123
	31	121
	35	120
	35	121
	34	122
	34	123
	35	122
	37	120
	38	119
	38	118
	38	117
	37	118
	37	119
	36	119
	36	120
	39	117
	39	116
	33	123
	31	122
	30	122
	30	124
	30	125
	30	126
	29	126
	29	125
	29	124
	28	126
	28	127
	27	126
	27	125
	28	125
	26	125
	27	127
	39	113
CG1		
	22	26
	23	26
	24	26
	25	26
	26	26
	27	26
	28	26
	29	26
	30	26
	31	26
	32	26
	33	26
	34	26
	35	26
	36	26
	37	26
	38	26
	39	26
	40	26
	41	26
	41	27
	41	28
	41	29
	39	29
	38	29
	37	29
	36	29
	34	29
	33	29
	32	29
	31	30
	30	30
	29	30
	28	29
	27	29
	24	29
	23	29
	22	29
	21	29
	26	29
	29	29
	30	29
	31	29
	35	29
	40	29
	40	28
	40	27
	39	28
	39	27
	38	27
	38	28
	37	27
	36	27
	35	27
	34	27
	33	27
	32	27
	31	27
	30	27
	29	27
	28	27
	27	27
	26	27
	25	27
	24	27
	23	27
	23	28
	22	28
	22	27
	24	28
	25	28
	26	28
	27	28
	28	28
	29	28
	30	28
	31	28
	32	28
	33	28
	34	28
	35	28
	36	28
	37	28
	25	29
CG2		
	65	128
	66	128
	64	128
	65	129
	65	127
	66	129
	66	127
	64	129
	64	127
	63	128
	62	128
	63	129
	63	127
	62	129
	62	127
	63	130
	64	130
	62	130
	61	129
	61	130
	61	128
	60	129
	60	130
	60	128
	61	131
	62	131
	60	131
	59	130
	59	131
	59	129
	58	130
	58	131
	58	129
	59	132
	60	132
	58	132
	57	132
	58	133
	59	133
	57	133
	57	131
	56	132
	56	133
	56	131
	55	133
	56	134
	57	134
	55	134
	55	132
	54	134
	55	135
	56	135
	54	135
	54	133
	53	134
	53	135
	53	133
	54	136
	55	136
	53	136
	52	135
	52	136
	52	134
	51	136
	52	137
	53	137
	51	137
	51	135
	50	136
	50	137
	50	135
	51	138
	52	138
	50	138
	49	137
	49	138
	49	136
	50	139
	51	139
	49	139
	48	138
	48	139
	48	137
	47	138
	47	139
	47	137
	48	140
	49	140
	47	140
	46	140
	47	141
	48	141
	46	141
	46	139
	47	142
	48	142
	46	142
	45	141
	45	142
	45	140
	46	143
	47	143
	45	143
	44	142
	44	143
	44	141
	43	142
	43	143
	43	141
	44	144
	45	144
	43	144
	42	143
	42	144
	42	142
	43	145
	44	145
	42	145
	41	144
	41	145
	41	143
	42	146
	43	146
	41	146
	40	145
	40	146
	40	144
	41	147
	42	147
	40	147
	39	146
	39	147
	39	145
	40	148
	41	148
	39	148
AW4		
	21	29
	22	29
	23	29
	24	29
	25	29
	26	29
	27	29
	28	29
	29	29
	30	29
	31	29
	32	29
	33	29
	34	29
	35	29
	36	29
	37	29
	38	29
	39	29
	40	29
	41	29
	41	28
	40	28
	38	28
	37	28
	36	28
	35	28
	33	28
	32	28
	31	28
	30	28
	29	28
	28	28
	27	28
	26	28
	25	28
	24	28
	23	28
	22	28
	39	28
	34	28
	26	27
	25	27
	24	27
	23	27
	22	27
	27	27
	28	27
	29	27
	30	27
	31	27
	32	27
	33	27
	34	27
	35	27
	36	27
	37	27
	38	27
	39	27
	40	27
	41	27
CG4		
	19	82
	19	81
	19	80
	19	79
	20	79
	21	79
	22	79
	23	79
	23	80
	23	81
	23	82
	22	82
	21	82
	20	82
	20	81
	21	81
	22	81
	22	80
	21	80
	20	80
