Key	CellX	CellY
VisibleObstacle		
	36	47
	37	47
	35	47
	36	48
	36	46
	37	48
	37	46
	35	48
	35	46
	36	45
	37	45
	35	45
	36	44
	37	44
	35	44
	36	43
	37	43
	35	43
	36	42
	37	42
	35	42
	36	41
	37	41
	35	41
	38	42
	38	43
	38	41
	37	40
	38	40
	36	40
	37	39
	38	39
	36	39
	37	38
	38	38
	36	38
	39	39
	39	40
	39	38
	38	37
	39	37
	37	37
	40	38
	40	39
	40	37
	39	36
	40	36
	38	36
	41	37
	41	38
	41	36
	40	35
	41	35
	39	35
	42	36
	42	37
	42	35
	41	34
	42	34
	40	34
	43	35
	43	36
	43	34
	42	33
	43	33
	41	33
	44	34
	44	35
	44	33
	43	32
	44	32
	42	32
	45	33
	45	34
	45	32
	46	33
	46	34
	46	32
	45	31
	46	31
	44	31
	47	32
	47	33
	47	31
	48	32
	48	33
	48	31
	49	31
	48	30
	49	32
	49	30
	47	30
	50	31
	50	32
	50	30
	49	29
	50	29
	48	29
	51	30
	51	31
	51	29
	52	30
	52	31
	52	29
	53	30
	53	31
	53	29
	54	30
	54	31
	54	29
	55	30
	55	31
	55	29
	54	32
	55	32
	53	32
	56	31
	56	32
	56	30
	57	31
	57	32
	57	30
	58	31
	58	32
	58	30
	59	31
	59	32
	59	30
	58	33
	59	33
	57	33
	60	32
	60	33
	60	31
	61	32
	61	33
	61	31
	62	33
	61	34
	62	34
	62	32
	60	34
	61	35
	62	35
	60	35
	63	34
	63	35
	63	33
	62	36
	63	36
	61	36
	64	35
	64	36
	64	34
	65	35
	65	36
	65	34
	64	37
	65	37
	63	37
	64	38
	65	38
	63	38
	66	37
	66	38
	66	36
	65	39
	66	39
	64	39
	67	38
	67	39
	67	37
	66	40
	67	40
	65	40
	66	41
	67	41
	65	41
	68	41
	67	42
	68	42
	68	40
	66	42
	67	43
	68	43
	66	43
	67	44
	68	44
	66	44
	69	43
	69	44
	69	42
	68	45
	69	45
	67	45
	68	46
	69	46
	67	46
	36	49
	37	49
	35	49
	36	50
	37	50
	35	50
	36	51
	37	51
	35	51
	38	51
	37	52
	38	52
	38	50
	36	52
	39	51
	39	52
	39	50
	38	53
	39	53
	37	53
	38	54
	39	54
	37	54
	38	55
	39	55
	37	55
	40	54
	40	55
	40	53
	39	56
	40	56
	38	56
	41	55
	41	56
	41	54
	40	57
	41	57
	39	57
	42	57
	41	58
	42	58
	42	56
	40	58
	43	58
	42	59
	43	59
	43	57
	41	59
	44	58
	44	59
	44	57
	45	59
	44	60
	45	60
	45	58
	43	60
	46	59
	46	60
	46	58
	45	61
	46	61
	44	61
	47	60
	47	61
	47	59
	48	60
	48	61
	48	59
	47	62
	48	62
	46	62
	49	61
	49	62
	49	60
	50	61
	50	62
	50	60
	51	61
	51	62
	51	60
	49	63
	50	63
	48	63
	51	63
	52	62
	52	63
	52	61
	53	62
	54	62
	53	63
	53	61
	54	63
	54	61
	55	62
	55	63
	55	61
	56	62
	56	63
	56	61
	57	62
	57	63
	57	61
	56	60
	57	60
	55	60
	58	61
	58	62
	58	60
	59	61
	59	62
	59	60
	58	59
	59	59
	57	59
	60	60
	60	61
	60	59
	61	60
	61	61
	61	59
	62	59
	61	58
	62	60
	62	58
	60	58
	63	59
	63	60
	63	58
	62	57
	63	57
	61	57
	64	57
	63	56
	64	58
	64	56
	62	56
	63	55
	64	55
	62	55
	65	56
	65	57
	65	55
	64	54
	65	54
	63	54
	66	55
	66	56
	66	54
	65	53
	66	53
	64	53
	65	52
	66	52
	64	52
	67	53
	67	54
	67	52
	66	51
	67	51
	65	51
	68	51
	67	50
	68	52
	68	50
	66	50
	67	49
	68	49
	66	49
	67	48
	68	48
	66	48
	69	49
	69	50
	69	48
	68	47
	69	47
	67	47
	4	51
	5	51
	3	51
	4	52
	4	50
	5	52
	5	50
	3	52
	3	50
	4	49
	5	49
	3	49
	4	48
	5	48
	3	48
	4	46
	5	46
	3	46
	4	47
	4	45
	5	47
	5	45
	3	47
	3	45
	4	43
	5	43
	3	43
	4	44
	4	42
	5	44
	5	42
	3	44
	3	42
	4	40
	5	40
	3	40
	4	41
	4	39
	5	41
	5	39
	3	41
	3	39
	6	40
	7	40
	6	41
	6	39
	7	41
	7	39
	8	40
	8	41
	8	39
	9	40
	10	40
	9	41
	9	39
	10	41
	10	39
	11	40
	11	41
	11	39
	12	39
	14	39
	12	40
	14	41
	14	40
	13	40
	12	41
	13	41
	13	39
	15	41
	16	41
	15	52
	16	52
	13	52
	14	52
	12	52
	13	53
	13	51
	14	53
	14	51
	12	53
	12	51
	11	52
	11	53
	11	51
	10	52
	9	52
	10	53
	10	51
	9	53
	9	51
	8	52
	7	52
	8	53
	8	51
	7	53
	7	51
	6	52
	6	53
	6	51
	4	53
	5	53
	3	53
	15	51
	16	51
	15	40
	16	40
	92	52
	93	52
	91	52
	92	53
	92	51
	93	53
	93	51
	91	53
	91	51
	94	52
	94	53
	94	51
	95	52
	95	53
	95	51
	96	52
	96	53
	96	51
	97	52
	97	53
	97	51
	98	52
	98	53
	98	51
	100	52
	101	52
	99	52
	100	53
	100	51
	101	53
	101	51
	99	53
	99	51
	101	50
	102	50
	100	50
	101	49
	102	51
	102	49
	100	49
	101	48
	102	48
	100	48
	101	47
	102	47
	100	47
	101	46
	102	46
	100	46
	101	45
	102	45
	100	45
	101	44
	102	44
	100	44
	101	43
	102	43
	100	43
	102	52
	102	53
	101	41
	102	41
	100	41
	101	42
	101	40
	102	42
	102	40
	100	42
	100	40
	99	40
	98	40
	99	41
	99	39
	100	39
	98	41
	98	39
	97	40
	96	40
	97	41
	97	39
	96	41
	96	39
	95	40
	94	40
	95	41
	95	39
	94	41
	94	39
	93	40
	92	40
	93	41
	93	39
	92	41
	92	39
	91	40
	89	41
	102	39
	101	39
	91	39
	91	41
	90	41
	89	52
	90	52
	89	51
	90	51
	89	40
	90	40
	13	55
	14	55
	12	55
	13	56
	13	54
	14	56
	14	54
	12	56
	12	54
	14	57
	15	57
	13	57
	14	58
	15	58
	15	56
	13	58
	12	57
	12	58
	13	59
	14	59
	12	59
	13	60
	14	60
	12	60
	15	59
	15	60
	14	61
	15	61
	13	61
	16	60
	16	61
	16	59
	15	62
	16	62
	14	62
	15	63
	16	63
	14	63
	17	62
	17	63
	17	61
	16	64
	17	64
	15	64
	16	65
	17	65
	15	65
	16	66
	17	66
	15	66
	18	65
	18	66
	18	64
	17	67
	18	67
	16	67
	19	66
	19	67
	19	65
	18	68
	19	68
	17	68
	18	69
	19	69
	17	69
	20	69
	19	70
	20	70
	20	68
	18	70
	21	70
	20	71
	21	71
	21	69
	19	71
	20	72
	21	72
	19	72
	22	71
	22	72
	22	70
	21	73
	22	73
	20	73
	23	72
	23	73
	23	71
	22	74
	23	74
	21	74
	24	73
	24	74
	24	72
	23	75
	24	75
	22	75
	25	74
	25	75
	25	73
	24	76
	25	76
	23	76
	24	77
	25	77
	23	77
	26	76
	26	77
	26	75
	25	78
	26	78
	24	78
	27	77
	27	78
	27	76
	28	77
	28	78
	28	76
	27	79
	28	79
	26	79
	29	78
	29	79
	29	77
	28	80
	29	80
	27	80
	30	79
	30	80
	30	78
	31	79
	31	80
	32	81
	30	81
	31	81
	29	81
	31	82
	32	82
	32	80
	30	82
	33	81
	33	82
	33	80
	34	82
	33	83
	34	83
	34	81
	32	83
	35	83
	36	83
	35	84
	35	82
	36	84
	36	82
	34	84
	37	83
	37	84
	37	82
	38	83
	38	84
	38	82
	37	85
	38	85
	36	85
	39	84
	39	85
	39	83
	40	84
	40	85
	40	83
	41	85
	40	86
	41	86
	41	84
	39	86
	42	85
	42	86
	42	84
	43	85
	43	86
	43	84
	44	86
	43	87
	44	87
	44	85
	42	87
	45	86
	45	87
	45	85
	47	86
	48	86
	46	86
	47	87
	47	85
	48	87
	48	85
	46	87
	46	85
	49	86
	50	86
	49	87
	49	85
	50	87
	50	85
	51	86
	52	86
	51	87
	51	85
	52	87
	52	85
	53	86
	53	87
	53	85
	44	84
	45	84
	46	84
	47	84
	48	84
	41	83
	39	82
	35	81
	34	80
	32	79
	31	78
	27	75
	55	86
	56	86
	54	86
	55	87
	55	85
	56	87
	56	85
	54	87
	54	85
	57	85
	58	85
	57	86
	57	84
	58	86
	58	84
	56	84
	60	85
	61	85
	59	85
	60	86
	60	84
	61	86
	61	84
	59	86
	59	84
	63	84
	64	84
	62	84
	63	85
	63	83
	64	85
	64	83
	62	85
	62	83
	66	83
	67	83
	65	83
	66	84
	66	82
	67	84
	67	82
	65	84
	65	82
	69	82
	70	82
	68	82
	69	83
	69	81
	70	83
	70	81
	68	83
	68	81
	71	81
	72	81
	71	82
	71	80
	72	82
	72	80
	70	80
	73	80
	74	80
	73	81
	73	79
	74	81
	74	79
	72	79
	75	79
	74	78
	75	80
	75	78
	73	78
	76	78
	77	78
	76	79
	76	77
	77	79
	77	77
	75	77
	78	77
	77	76
	78	78
	78	76
	76	76
	79	76
	78	75
	79	77
	79	75
	77	75
	80	75
	79	74
	80	76
	80	74
	78	74
	81	74
	80	73
	81	75
	81	73
	79	73
	82	73
	81	72
	82	74
	82	72
	80	72
	83	72
	82	71
	83	73
	83	71
	81	71
	84	71
	83	70
	84	72
	84	70
	82	70
	85	70
	84	69
	85	71
	85	69
	83	69
	86	69
	85	68
	86	70
	86	68
	84	68
	87	68
	86	67
	87	69
	87	67
	85	67
	84	67
	86	66
	87	66
	85	66
	88	66
	87	65
	88	67
	88	65
	86	65
	87	64
	88	64
	86	64
	89	64
	88	63
	89	65
	89	63
	87	63
	88	62
	89	62
	87	62
	90	62
	89	61
	90	63
	90	61
	88	61
	89	60
	90	60
	88	60
	89	59
	90	59
	88	59
	91	59
	90	58
	91	60
	91	58
	89	58
	90	57
	91	57
	89	57
	90	56
	91	56
	89	56
	92	56
	91	55
	92	57
	92	55
	90	55
	91	54
	92	54
	90	54
	90	53
	91	38
	92	38
	90	38
	91	37
	92	37
	90	39
	90	37
	90	35
	91	35
	89	35
	90	36
	90	34
	91	36
	91	34
	89	36
	89	34
	89	32
	90	32
	88	32
	89	33
	89	31
	90	33
	90	31
	88	33
	88	31
	88	34
	88	30
	89	30
	87	30
	88	29
	89	29
	87	31
	87	29
	87	28
	88	28
	86	28
	87	27
	88	27
	86	29
	86	27
	86	26
	87	26
	85	26
	86	25
	87	25
	85	27
	85	25
	85	24
	86	24
	84	24
	85	23
	86	23
	84	25
	84	23
	83	23
	84	22
	85	22
	83	24
	83	22
	83	21
	84	21
	82	21
	83	20
	84	20
	82	22
	82	20
	81	20
	82	19
	83	19
	81	21
	81	19
	80	19
	81	18
	82	18
	80	20
	80	18
	79	18
	80	17
	81	17
	79	19
	79	17
	78	17
	79	16
	80	16
	78	18
	78	16
	77	16
	78	15
	79	15
	77	17
	77	15
	76	15
	77	14
	78	14
	76	16
	76	14
	75	14
	76	13
	77	13
	75	15
	75	13
	74	14
	74	15
	74	13
	73	13
	74	12
	75	12
	73	14
	73	12
	72	13
	72	14
	72	12
	71	12
	72	11
	73	11
	71	13
	71	11
	70	11
	71	10
	72	10
	70	12
	70	10
	69	11
	69	12
	69	10
	68	10
	69	9
	70	9
	68	11
	68	9
	65	9
	65	10
	66	10
	66	11
	67	10
	68	8
	66	8
	67	11
	66	9
	65	8
	67	8
	67	9
	64	9
	64	10
	64	8
	63	9
	63	10
	63	8
	62	8
	63	7
	64	7
	62	9
	62	7
	61	8
	61	9
	61	7
	60	8
	60	9
	60	7
	59	8
	59	9
	59	7
	58	8
	58	9
	58	7
	57	7
	58	6
	59	6
	57	8
	57	6
	56	7
	56	8
	56	6
	55	7
	55	8
	55	6
	54	7
	54	8
	54	6
	53	7
	53	8
	53	6
	52	7
	52	8
	52	6
	51	7
	51	8
	51	6
	50	7
	50	8
	50	6
	49	7
	49	8
	49	6
	48	7
	48	8
	48	6
	47	7
	47	8
	47	6
	45	8
	46	8
	44	8
	45	9
	45	7
	46	9
	46	7
	44	9
	44	7
	42	8
	43	8
	41	8
	42	9
	42	7
	43	9
	43	7
	41	9
	41	7
	40	9
	39	9
	40	10
	40	8
	41	10
	39	10
	39	8
	37	10
	38	10
	36	10
	37	11
	37	9
	38	11
	38	9
	36	11
	36	9
	35	11
	34	11
	35	12
	35	10
	36	12
	34	12
	34	10
	39	11
	33	12
	32	12
	33	13
	33	11
	34	13
	32	13
	32	11
	31	13
	30	13
	31	14
	31	12
	32	14
	30	14
	30	12
	29	14
	30	15
	31	15
	29	15
	29	13
	28	15
	27	15
	28	16
	28	14
	29	16
	27	16
	27	14
	26	16
	27	17
	28	17
	26	17
	26	15
	25	17
	26	18
	27	18
	25	18
	25	16
	24	18
	25	19
	26	19
	24	19
	24	17
	23	19
	24	20
	25	20
	23	20
	23	18
	22	20
	23	21
	24	21
	22	21
	22	19
	21	21
	22	22
	23	22
	21	22
	21	20
	20	22
	21	23
	22	23
	20	23
	20	21
	19	23
	20	24
	21	24
	19	24
	19	22
	20	25
	21	25
	19	25
	18	25
	19	26
	20	26
	18	26
	18	24
	17	26
	18	27
	19	27
	17	27
	17	25
	18	28
	19	28
	17	28
	16	28
	17	29
	18	29
	16	29
	16	27
	17	30
	18	30
	16	30
	15	30
	16	31
	17	31
	15	31
	15	29
	16	32
	17	32
	15	32
	14	32
	15	33
	16	33
	14	33
	14	31
	15	34
	16	34
	14	34
	15	35
	16	35
	14	35
	13	35
	14	36
	15	36
	13	36
	13	34
	14	37
	15	37
	13	37
	14	38
	15	38
	13	38
	15	39
	6	50
	6	49
	6	48
	6	47
	6	46
	6	45
	6	44
	6	43
	6	42
	7	42
	8	42
	9	42
	10	42
	11	42
	12	42
	13	42
	14	42
	15	42
	16	42
	89	42
	90	42
	91	42
	92	42
	94	42
	93	42
	95	42
	96	42
	97	42
	98	42
	99	42
	99	50
	99	49
	99	48
	99	46
	99	47
	99	45
	99	44
	99	43
	85	58
	85	57
	85	56
	85	55
	86	55
	86	54
	87	53
	87	54
	88	53
	88	54
	88	55
	87	55
	87	56
	87	57
	87	58
	86	58
	86	57
	86	56
	87	52
	88	52
	70	13
	70	14
	71	14
	71	15
	72	15
	72	16
	72	17
	73	17
	73	18
	74	18
	74	17
	74	16
	73	16
	73	15
InvisibleObstacle		
CG1		
	87	57
	88	57
	86	57
	87	58
	87	56
	88	58
	88	56
	86	58
	86	56
	84	57
	85	57
	83	57
	84	58
	84	56
	85	58
	85	56
	83	58
	83	56
	86	60
	87	60
	85	60
	86	61
	86	59
	87	61
	87	59
	85	61
	85	59
	84	60
	83	60
	84	61
	84	59
	83	61
	83	59
	82	60
	81	60
	82	61
	82	59
	81	61
	81	59
	80	60
	80	61
	80	59
	79	60
	79	61
	79	59
	78	60
	78	61
	78	59
	77	60
	77	61
	77	59
	76	60
	76	61
	76	59
	81	58
	82	58
	80	58
	81	57
	82	57
	80	57
	79	58
	79	57
	78	58
	78	57
	77	58
	77	57
	76	58
	76	57
	75	58
	75	59
	75	57
	75	60
	74	59
	74	60
	74	58
	74	57
	73	58
	73	59
	73	57
	72	58
	72	59
	72	57
	71	58
	71	59
	71	57
	70	58
	70	59
	70	57
	69	58
	69	59
	69	57
	68	58
	68	59
	68	57
	67	58
	67	59
	67	57
	66	58
	66	59
	66	57
	73	60
	74	61
	75	61
	73	61
	72	60
	72	61
	71	60
	71	61
	70	60
	69	60
	68	60
	70	61
	69	61
	68	61
	67	60
	66	60
	67	61
	66	61
	65	60
	64	60
	65	61
	65	59
	64	61
	64	59
	65	58
	64	58
	65	57
	64	57
	82	56
	81	56
	80	56
	79	56
	78	56
	77	56
	76	56
	75	56
	74	56
	73	56
	72	56
	71	56
	70	56
	69	56
	68	56
	67	56
	66	56
CG2		
	87	35
	88	35
	86	35
	87	36
	87	34
	88	36
	88	34
	86	36
	86	34
	84	35
	85	35
	83	35
	84	36
	84	34
	85	36
	85	34
	83	36
	83	34
	86	32
	87	32
	85	32
	86	33
	86	31
	87	33
	87	31
	85	33
	85	31
	66	35
	67	35
	65	35
	66	36
	66	34
	67	36
	67	34
	65	36
	65	34
	68	35
	68	36
	68	34
	69	35
	69	36
	69	34
	70	35
	70	36
	70	34
	71	35
	71	36
	71	34
	72	35
	72	36
	72	34
	73	36
	73	35
	74	36
	74	35
	73	34
	74	34
	75	35
	75	36
	75	34
	76	35
	76	36
	76	34
	77	35
	77	36
	77	34
	78	35
	78	36
	78	34
	79	35
	79	36
	79	34
	80	35
	80	36
	80	34
	81	35
	81	36
	81	34
	82	35
	82	36
	82	34
	64	32
	65	32
	63	32
	64	33
	64	31
	65	33
	65	31
	63	33
	63	31
	66	32
	66	33
	66	31
	67	32
	67	33
	67	31
	68	32
	68	33
	68	31
	69	32
	69	33
	69	31
	70	32
	70	33
	70	31
	71	32
	71	33
	71	31
	72	32
	72	33
	72	31
	73	32
	73	33
	73	31
	74	32
	74	33
	74	31
	75	32
	75	33
	75	31
	76	32
	76	33
	76	31
	77	32
	77	33
	77	31
	78	32
	78	33
	78	31
	79	31
	79	32
	80	31
	80	32
	81	31
	81	32
	80	33
	81	33
	79	33
	82	32
	82	33
	82	31
	83	32
	83	33
	83	31
	84	32
	84	33
	84	31
	62	32
	62	33
	62	31
