Key	CellX	CellY
VisibleObstacle		
	43	37
	44	37
	45	36
	44	36
	46	36
	47	36
	48	35
	47	35
	49	35
	50	34
	49	34
	51	34
	52	34
	53	33
	52	33
	54	32
	54	31
	54	30
	54	29
	54	28
	55	29
	56	29
	57	29
	58	29
	59	29
	60	29
	60	30
	60	31
	60	32
	60	33
	60	34
	60	35
	60	36
	60	37
	60	38
	59	38
	59	39
	59	40
	59	41
	59	42
	59	43
	59	44
	59	45
	59	46
	59	47
	59	48
	59	49
	58	49
	58	50
	58	51
	58	52
	58	53
	58	54
	58	55
	58	56
	57	54
	57	55
	57	56
	56	57
	57	57
	55	58
	56	58
	55	59
	55	60
	57	60
	56	60
	58	61
	58	60
	59	62
	59	61
	60	62
	60	63
	61	62
	62	62
	63	62
	64	62
	65	62
	66	62
	67	62
	69	62
	70	62
	68	62
	71	63
	71	62
	72	63
	73	64
	73	63
	74	64
	74	63
	73	62
	72	62
	71	61
	72	61
	71	60
	71	59
	71	58
	71	57
	71	56
	71	40
	71	39
	72	39
	73	39
	73	38
	73	37
	70	56
	70	55
	70	54
	70	53
	70	52
	70	51
	70	50
	70	49
	70	48
	70	47
	71	47
	71	46
	71	45
	71	44
	71	43
	71	42
	71	41
	73	36
	73	35
	73	34
	73	33
	73	32
	73	31
	74	31
	74	32
	75	32
	75	33
	76	33
	76	34
	77	34
	77	35
	78	35
	78	36
	79	36
	80	36
	81	36
	82	36
	83	36
	84	36
	85	35
	84	35
	85	34
	85	33
	85	32
	84	31
	84	32
	83	31
	83	30
	83	29
	83	28
	83	27
	84	27
	84	26
	85	26
	85	25
	86	25
	87	25
	87	26
	88	26
	89	26
	89	27
	90	27
	86	26
	91	27
	92	27
	92	26
	92	25
	93	25
	93	24
	94	24
	95	23
	94	23
	96	22
	95	22
	96	21
	97	21
	97	20
	97	19
	97	18
	97	17
	97	16
	98	16
	98	15
	99	15
	99	14
	99	13
	100	13
	101	13
	101	14
	102	14
	102	15
	100	14
	103	16
	104	16
	102	16
	105	16
	106	16
	107	16
	107	15
	108	14
	108	13
	107	14
	109	12
	108	12
	110	12
	111	12
	111	13
	112	13
	112	14
	113	14
	113	15
	114	16
	113	16
	113	17
	113	18
	113	19
	113	20
	113	21
	114	21
	115	21
	127	20
	128	20
	128	19
	115	20
	116	20
	117	20
	118	20
	119	20
	120	20
	121	20
	122	20
	123	20
	124	20
	125	20
	126	20
	129	19
	130	19
	129	18
	130	18
	131	18
	132	18
	133	18
	133	17
	134	17
	135	17
	136	17
	137	17
	134	18
	135	18
	136	18
	137	18
	138	18
	138	17
	139	17
	140	17
	139	18
	140	18
	141	18
	142	18
	142	17
	143	17
	144	16
	146	15
	145	15
	144	15
	143	16
	145	16
	148	14
	147	14
	146	14
	150	13
	149	13
	148	13
	151	13
	152	13
	152	12
	153	12
	153	11
	154	11
	155	11
	155	10
	156	10
	157	10
	158	10
	158	9
	159	9
	160	9
	161	9
	161	8
	162	8
	162	9
	163	9
	164	9
	165	9
	165	8
	166	8
	167	9
	168	9
	169	9
	170	9
	171	9
	172	9
	173	9
	174	9
	175	9
	166	9
	173	10
	174	10
	174	11
	174	12
	174	13
	175	13
	175	14
	176	15
	175	15
	177	15
	178	15
	178	16
	179	16
	180	16
	180	17
	181	17
	182	17
	182	18
	183	18
	183	19
	183	20
	183	21
	183	22
	182	22
	182	23
	182	24
	181	24
	181	25
	180	25
	180	26
	179	26
	179	27
	179	28
	179	29
	178	29
	177	29
	176	29
	175	29
	175	28
	174	28
	172	30
	173	30
	173	31
	173	32
	173	33
	172	33
	171	33
	172	36
	171	35
	172	32
	172	31
	171	32
	171	37
	172	37
	171	31
	170	37
	170	35
	176	42
	176	40
	177	40
	178	43
	175	42
	178	41
	178	40
	177	41
	181	44
	181	43
	182	43
	182	42
	183	42
	183	41
	184	41
	184	42
	185	41
	185	40
	186	40
	186	39
	186	38
	187	38
	187	37
	188	37
	188	36
	189	36
	190	36
	190	35
	192	34
	192	33
	191	35
	191	34
	192	32
	193	32
	193	31
	193	30
	194	30
	195	30
	196	30
	196	31
	197	31
	197	32
	198	32
	198	33
	198	34
	199	34
	199	35
	200	35
	200	36
	200	37
	201	37
	201	38
	199	36
	201	39
	200	38
	201	40
	202	40
	203	40
	203	41
	204	41
	204	42
	204	43
	205	43
	205	44
	205	45
	205	46
	206	46
	206	47
	206	48
	206	49
	206	50
	205	50
	205	51
	204	52
	205	52
	204	53
	203	53
	203	54
	203	55
	202	55
	202	56
	201	56
	201	57
	200	58
	201	58
	200	59
	200	60
	199	60
	199	61
	198	61
	198	62
	197	62
	196	63
	196	62
	196	64
	196	65
	197	65
	198	65
	198	66
	199	66
	195	66
	195	65
	194	66
	194	67
	194	79
	195	79
	195	80
	196	80
	197	81
	198	81
	199	82
	200	82
	201	82
	197	80
	199	81
	201	83
	201	84
	201	85
	201	86
	201	87
	201	88
	201	89
	202	89
	202	90
	202	91
	202	92
	203	92
	204	92
	205	93
	206	93
	207	93
	208	93
	205	92
	209	93
	209	94
	209	95
	209	96
	209	97
	209	98
	209	99
	209	100
	209	101
	208	101
	207	101
	206	101
	205	101
	204	101
	203	101
	202	101
	201	101
	200	101
	199	101
	198	101
	197	101
	197	102
	196	102
	196	103
	196	104
	195	104
	195	105
	195	106
	195	107
	195	108
	195	109
	195	110
	194	110
	193	110
	193	109
	192	109
	191	109
	194	109
	192	108
	191	108
	190	108
	188	108
	187	108
	189	108
	186	108
	186	109
	185	109
	185	110
	184	110
	184	111
	183	111
	182	111
	181	111
	181	112
	180	112
	180	113
	179	113
	179	114
	179	115
	179	116
	179	117
	179	112
	178	112
	178	113
	177	113
	176	113
	175	113
	175	114
	174	114
	173	114
	172	114
	172	115
	171	115
	170	115
	169	115
	169	116
	168	116
	167	117
	166	117
	168	117
	165	117
	165	118
	164	118
	164	119
	164	120
	164	121
	165	121
	166	121
	166	122
	167	122
	168	122
	168	123
	169	123
	169	124
	169	125
	169	126
	169	127
	169	128
	169	129
	169	130
	169	131
	174	136
	179	124
	169	134
	166	136
	166	137
	165	137
	164	137
	163	137
	162	137
	161	137
	160	137
	159	137
	158	137
	157	137
	156	137
	155	137
	154	137
	153	137
	152	137
	151	137
	150	137
	149	137
	148	137
	147	137
	146	137
	146	136
	146	135
	146	134
	146	133
	146	132
	145	132
	144	132
	143	132
	142	132
	141	132
	140	132
	139	132
	138	132
	137	132
	136	132
	135	132
	134	132
	133	132
	132	132
	131	132
	130	132
	129	132
	128	132
	127	132
	126	132
	123	132
	122	132
	149	133
	148	133
	121	132
	120	132
	119	132
	119	133
	119	134
	119	135
	119	136
	112	137
	111	137
	93	27
	94	26
	88	27
	85	27
	84	29
	97	22
	98	20
	110	14
	112	15
	101	16
	110	13
	101	15
	86	33
	86	32
	86	35
	81	37
	85	36
	78	37
	194	33
	194	31
	194	32
	193	34
	192	35
	191	36
	107	121
	107	120
	108	120
	190	37
	108	119
	108	118
	109	118
	109	117
	110	117
	110	116
	109	116
	109	115
	108	115
	107	114
	106	114
	105	113
	107	115
	105	114
	104	113
	104	112
	103	112
	102	112
	101	112
	100	111
	99	111
	100	112
	99	110
	98	110
	97	110
	96	110
	96	111
	95	111
	95	112
	95	113
	170	31
	169	33
	169	34
	170	40
	182	44
	172	41
	171	40
	178	28
	91	113
	91	112
	91	111
	91	110
	90	110
	89	110
	89	109
	88	109
	87	108
	88	108
	87	109
	86	108
	85	108
	84	109
	83	109
	85	109
	83	110
	82	111
	81	111
	81	112
	80	112
	83	111
	80	111
	79	111
	78	111
	77	111
	76	111
	75	111
	74	111
	73	111
	72	111
	71	111
	70	111
	70	110
	70	109
	70	108
	70	107
	70	106
	70	105
	69	105
	69	104
	69	103
	70	104
	70	103
	70	102
	70	101
	70	100
	69	100
	70	99
	70	98
	70	97
	70	96
	70	95
	70	94
	70	93
	70	92
	70	91
	70	90
	70	89
	70	88
	70	87
	70	86
	70	85
	70	84
	70	83
	70	82
	70	81
	70	80
	70	79
	71	80
	72	80
	72	81
	73	81
	73	82
	74	82
	74	83
	75	83
	75	84
	76	84
	76	85
	77	85
	78	86
	79	86
	78	85
	80	87
	79	87
	81	87
	81	88
	82	87
	82	86
	83	86
	83	85
	83	84
	84	84
	84	83
	85	83
	85	82
	84	82
	84	81
	83	81
	83	80
	82	80
	82	79
	81	79
	81	78
	80	78
	79	78
	79	77
	78	77
	78	76
	77	76
	77	75
	76	75
	76	74
	80	77
	79	76
	78	75
	77	74
	76	73
	75	73
	74	72
	75	72
	73	72
	72	72
	71	72
	71	73
	70	73
	69	73
	68	73
	67	73
	66	73
	65	73
	64	73
	63	73
	62	73
	61	73
	60	73
	59	73
	58	73
	57	74
	58	74
	56	74
	55	75
	56	75
	55	76
	56	76
	57	76
	58	76
	59	75
	58	75
	60	75
	60	76
	60	77
	60	78
	59	76
	55	77
	55	78
	55	79
	55	80
	55	81
	55	82
	54	82
	54	83
	54	84
	54	85
	55	85
	56	85
	56	86
	57	86
	58	86
	59	86
	60	86
	60	87
	60	88
	60	89
	60	90
	60	91
	60	92
	59	87
	59	88
	59	89
	59	90
	59	91
	59	92
	59	93
	59	94
	59	95
	60	95
	61	95
	61	96
	61	97
	61	98
	60	96
	60	97
	60	98
	60	99
	60	100
	60	101
	59	101
	59	102
	58	103
	59	103
	58	104
	58	105
	57	105
	56	105
	55	105
	55	104
	54	103
	53	102
	54	104
	53	103
	52	101
	52	102
	51	101
	50	101
	50	102
	49	101
	49	100
	48	100
	47	100
	46	100
	46	99
	45	99
	45	98
	44	98
	43	98
	43	97
	42	97
	42	96
	41	96
	41	95
	41	94
	41	93
	40	93
	39	93
	38	93
	37	93
	36	93
	36	92
	35	92
	35	91
	34	91
	33	91
	32	91
	32	92
	32	93
	32	94
	32	95
	32	96
	32	97
	32	98
	32	99
	31	99
	31	100
	31	101
	30	101
	29	101
	29	102
	28	102
	28	103
	28	104
	29	104
	29	105
	28	105
	27	105
	27	106
	26	106
	26	107
	25	107
	24	106
	23	106
	23	105
	22	105
	25	106
	22	106
	22	107
	23	107
	23	108
	24	108
	23	109
	23	110
	23	111
	22	111
	21	111
	20	111
	19	111
	18	111
	17	111
	16	111
	15	111
	14	111
	14	112
	14	113
	14	114
	14	115
	14	116
	14	117
	13	117
	12	117
	11	117
	10	117
	9	117
	8	117
	8	116
	7	116
	7	115
	8	115
	8	114
	8	113
	8	112
	8	111
	9	111
	9	110
	9	109
	9	108
	10	107
	10	106
	10	105
	9	107
	10	104
	10	103
	11	102
	11	101
	10	102
	12	100
	12	99
	12	98
	11	100
	12	97
	12	96
	11	95
	10	95
	10	94
	11	96
	9	94
	8	94
	7	94
	6	94
	5	94
	4	94
	3	94
	3	93
	3	92
	3	91
	3	90
	3	89
	3	88
	3	87
	3	86
	3	85
	3	84
	3	83
	3	82
	2	82
	2	81
	2	80
	3	81
	3	80
	4	80
	4	79
	4	78
	4	77
	4	76
	4	75
	4	74
	4	73
	3	73
	3	72
	3	71
	3	70
	3	69
	3	68
	3	67
	3	66
	3	65
	4	65
	4	64
	4	63
	4	62
	4	61
	4	60
	4	59
	3	58
	3	57
	3	56
	3	59
	3	55
	3	54
	3	53
	3	52
	3	51
	3	50
	3	49
	2	49
	2	48
	2	47
	3	48
	3	46
	3	45
	3	47
	3	44
	3	43
	3	42
	3	41
	3	40
	3	39
	3	38
	3	37
	3	36
	3	35
	3	34
	3	33
	4	32
	5	32
	3	32
	4	33
	4	31
	5	33
	5	31
	3	31
	6	32
	4	34
	5	34
	6	34
	7	34
	8	34
	9	34
	11	34
	12	34
	13	34
	14	34
	15	34
	16	34
	10	34
	17	34
	18	34
	19	34
	20	34
	20	35
	20	36
	21	36
	21	37
	21	38
	20	37
	22	38
	23	38
	24	38
	25	38
	26	38
	26	37
	27	36
	28	36
	28	37
	27	37
	28	38
	27	38
	29	38
	30	38
	31	39
	32	39
	32	40
	31	38
	33	40
	33	41
	34	41
	35	41
	35	42
	36	42
	37	42
	37	41
	38	41
	38	40
	39	40
	40	40
	40	41
	41	41
	42	41
	43	41
	44	41
	44	40
	44	39
	44	38
	182	19
	181	19
	180	19
	180	18
	179	18
	179	17
	74	62
	75	63
	75	64
	6	33
	6	31
	7	32
	7	33
	7	31
	8	32
	8	33
	8	31
	9	32
	9	33
	9	31
	10	32
	10	33
	10	31
	11	32
	11	33
	11	31
	12	32
	12	33
	12	31
	13	32
	13	33
	13	31
	14	32
	14	33
	14	31
	15	32
	15	33
	15	31
	16	32
	16	33
	16	31
	17	32
	17	33
	17	31
	18	32
	18	33
	18	31
	19	32
	19	33
	19	31
	20	32
	20	33
	20	31
	21	32
	21	33
	21	31
	22	32
	22	33
	22	31
	23	32
	23	33
	23	31
	22	34
	23	34
	21	34
	22	35
	23	35
	21	35
	22	36
	23	36
	24	35
	24	36
	24	34
	23	37
	24	37
	22	37
	25	36
	25	37
	25	35
	26	36
	26	35
	25	34
	26	34
	27	35
	27	34
	28	35
	28	34
	29	35
	29	36
	29	34
	29	37
	30	36
	30	37
	30	35
	31	36
	31	37
	31	35
	32	36
	32	37
	32	35
	33	36
	33	37
	33	35
	34	36
	34	37
	34	35
	33	38
	34	38
	32	38
	35	37
	35	38
	35	36
	34	39
	35	39
	33	39
	36	39
	35	40
	36	40
	36	38
	34	40
	37	39
	37	40
	37	38
	36	41
	38	39
	38	38
	39	39
	39	38
	40	39
	40	38
	41	39
	41	40
	41	38
	42	39
	42	40
	42	38
	43	39
	43	40
	43	38
	42	37
	41	37
	42	36
	43	36
	41	36
	42	35
	43	35
	41	35
	42	34
	43	34
	41	34
	42	33
	43	33
	41	33
	44	34
	44	35
	44	33
	45	34
	45	35
	45	33
	46	34
	46	35
	46	33
	47	33
	46	32
	47	34
	47	32
	45	32
	48	33
	48	34
	48	32
	47	31
	48	31
	46	31
	49	32
	49	33
	49	31
	50	32
	50	33
	50	31
	49	30
	50	30
	48	30
	51	31
	51	32
	51	30
	52	31
	52	32
	52	30
	51	29
	52	29
	50	29
	53	30
	53	31
	53	29
	53	32
	51	33
	49	29
	51	28
	52	28
	50	28
	53	28
	52	27
	53	27
	51	27
	54	27
	53	26
	54	26
	55	27
	55	28
	55	26
	56	27
	56	28
	56	26
	55	25
	54	25
	57	26
	57	27
	57	25
	58	26
	58	27
	58	25
	59	26
	59	27
	59	25
	60	26
	60	27
	60	25
	61	26
	61	27
	61	25
	60	28
	61	28
	59	28
	58	28
	57	28
	62	27
	62	28
	62	26
	63	27
	63	28
	63	26
	62	29
	63	29
	61	29
	62	30
	63	30
	61	30
	64	29
	64	30
	64	28
	63	31
	64	31
	62	31
	61	31
	62	32
	63	32
	61	32
	62	33
	63	33
	61	33
	62	34
	63	34
	61	34
	62	35
	63	35
	61	35
	62	36
	63	36
	61	36
	62	37
	63	37
	61	37
	62	38
	63	38
	61	38
	61	39
	62	39
	60	39
	61	40
	62	40
	60	40
	61	41
	62	41
	60	41
	61	42
	62	42
	60	42
	61	43
	62	43
	60	43
	61	44
	62	44
	60	44
	61	45
	62	45
	60	45
	61	46
	62	46
	60	46
	61	47
	62	47
	60	47
	61	48
	62	48
	60	48
	61	49
	62	49
	60	49
	59	51
	60	51
	59	52
	59	50
	60	52
	60	50
	59	53
	60	53
	59	54
	60	54
	59	55
	60	55
	59	56
	60	56
	59	57
	60	57
	58	57
	59	58
	60	58
	58	58
	59	59
	60	59
	58	59
	57	58
	57	59
	59	60
	56	59
	60	60
	60	61
	61	60
	61	61
	61	59
	62	60
	62	61
	62	59
	63	60
	63	61
	63	59
	64	60
	64	61
	64	59
	65	60
	65	61
	65	59
	66	60
	66	61
	66	59
	67	60
	67	61
	67	59
	68	60
	68	61
	68	59
	69	60
	69	61
	69	59
	70	60
	70	61
	70	59
	69	58
	70	58
	68	58
	69	57
	70	57
	68	57
	69	56
	68	56
	69	55
	68	55
	69	54
	68	54
	67	55
	67	56
	67	54
	68	53
	69	53
	67	53
	68	52
	69	52
	67	52
	68	51
	69	51
	67	51
	68	50
	69	50
	67	50
	68	49
	69	49
	67	49
	68	48
	69	48
	67	48
	68	47
	69	47
	67	47
	68	46
	69	46
	67	46
	68	45
	69	45
	67	45
	70	46
	70	45
	69	44
	70	44
	68	44
	69	43
	70	43
	68	43
	69	42
	70	42
	68	42
	69	41
	70	41
	68	41
	70	40
	69	40
	70	39
	69	39
	70	38
	71	38
	69	38
	70	37
	71	37
	69	37
	70	36
	71	36
	69	36
	72	37
	72	38
	72	36
	71	35
	72	35
	70	35
	71	34
	72	34
	70	34
	71	33
	72	33
	70	33
	71	32
	72	32
	70	32
	71	31
	72	31
	70	31
	71	30
	72	30
	70	30
	71	29
	72	29
	70	29
	73	30
	73	29
	74	30
	74	29
	75	30
	75	31
	75	29
	76	30
	76	31
	76	29
	77	30
	77	31
	77	29
	76	32
	77	32
	78	31
	78	32
	78	30
	77	33
	78	33
	79	32
	79	33
	79	31
	78	34
	79	34
	80	33
	80	34
	80	32
	79	35
	80	35
	81	34
	81	35
	81	33
	82	34
	82	35
	82	33
	83	34
	83	35
	83	33
	84	34
	84	33
	83	32
	82	32
	82	31
	81	32
	81	31
	82	30
	81	30
	82	29
	81	29
	82	28
	81	28
	82	27
	81	27
	82	26
	83	26
	81	26
	82	25
	83	25
	81	25
	82	24
	83	24
	81	24
	84	25
	84	24
	83	23
	84	23
	82	23
	85	24
	85	23
	86	24
	86	23
	87	23
	86	22
	87	24
	87	22
	85	22
	88	23
	88	24
	88	22
	89	23
	89	24
	89	22
	90	23
	90	24
	90	22
	91	23
	91	24
	91	22
	90	25
	91	25
	89	25
	90	26
	91	26
	88	25
	92	23
	92	24
	92	22
	93	22
	92	21
	93	23
	93	21
	91	21
	94	21
	93	20
	94	22
	94	20
	92	20
	95	21
	95	20
	94	19
	95	19
	93	19
	96	20
	96	19
	95	18
	96	18
	94	18
	96	17
	95	17
	96	16
	95	16
	96	15
	97	15
	95	15
	96	14
	97	14
	95	14
	96	13
	97	13
	95	13
	98	14
	98	13
	97	12
	98	12
	96	12
	99	12
	98	11
	99	11
	97	11
	100	12
	100	11
	101	12
	101	11
	102	12
	102	13
	102	11
	103	12
	103	13
	103	11
	104	12
	104	13
	104	11
	105	12
	105	13
	105	11
	104	14
	105	14
	103	14
	106	13
	106	14
	106	12
	105	15
	106	15
	104	15
	103	15
	106	11
	107	12
	107	13
	107	11
	106	10
	107	10
	105	10
	108	11
	108	10
	107	9
	108	9
	106	9
	109	10
	109	11
	109	9
	110	10
	110	11
	110	9
	111	10
	111	11
	111	9
	112	10
	112	11
	112	9
	113	10
	113	11
	113	9
	114	10
	114	11
	114	9
	115	10
	115	11
	115	9
	114	12
	115	12
	113	12
	112	12
	113	13
	114	13
	115	13
	114	14
	115	14
	116	13
	116	14
	116	12
	115	15
	116	15
	114	15
	115	16
	116	16
	115	17
	116	17
	114	17
	115	18
	116	18
	114	18
	115	19
	116	19
	114	19
	114	20
	117	18
	118	18
	117	19
	117	17
	118	19
	118	17
	119	18
	119	19
	119	17
	120	18
	120	19
	120	17
	121	18
	121	19
	121	17
	122	18
	122	19
	122	17
	123	18
	123	19
	123	17
	124	18
	124	19
	124	17
	125	18
	125	19
	125	17
	126	18
	126	19
	126	17
	125	16
	126	16
	124	16
	127	17
	127	18
	127	16
	127	19
	128	18
	128	17
	129	17
	128	16
	129	16
	130	16
	129	15
	130	17
	130	15
	128	15
	131	16
	131	17
	131	15
	132	16
	132	17
	132	15
	133	15
	132	14
	133	16
	133	14
	131	14
	134	15
	134	16
	134	14
	135	15
	135	16
	135	14
	136	15
	136	16
	136	14
	137	15
	137	16
	137	14
	138	15
	138	16
	138	14
	139	15
	139	16
	139	14
	140	15
	140	16
	140	14
	141	15
	141	16
	141	14
	142	15
	142	16
	142	14
	141	17
	143	15
	143	14
	144	14
	143	13
	144	13
	142	13
	145	14
	145	13
	144	12
	145	12
	143	12
	146	13
	146	12
	147	13
	147	12
	148	12
	147	11
	148	11
	146	11
	149	12
	149	11
	150	11
	149	10
	150	12
	150	10
	148	10
	151	11
	151	12
	151	10
	152	11
	152	10
	151	9
	152	9
	150	9
	153	10
	153	9
	154	9
	153	8
	154	10
	154	8
	152	8
	155	9
	155	8
	156	9
	156	8
	155	7
	156	7
	154	7
	157	8
	157	9
	157	7
	158	7
	157	6
	158	8
	158	6
	156	6
	159	7
	159	8
	159	6
	160	7
	160	8
	160	6
	161	7
	161	6
	160	5
	161	5
	159	5
	162	6
	162	7
	162	5
	163	6
	163	7
	163	5
	164	6
	164	7
	164	5
	165	6
	165	7
	165	5
	163	8
	164	8
	166	7
	166	6
	167	7
	167	8
	167	6
	168	7
	168	8
	168	6
	169	7
	170	7
	169	8
	169	6
	170	8
	170	6
	171	7
	171	8
	171	6
	172	7
	172	8
	172	6
	173	7
	173	8
	173	6
	174	7
	174	8
	174	6
	175	7
	175	8
	175	6
	176	7
	176	8
	176	6
	177	7
	177	8
	177	6
	176	9
	177	9
	176	10
	177	10
	175	10
	176	11
	177	11
	175	11
	178	11
	177	12
	178	12
	178	10
	176	12
	177	13
	178	13
	176	13
	175	12
	177	14
	178	14
	176	14
	179	13
	179	14
	179	12
	179	15
	180	15
	180	14
	181	15
	181	16
	181	14
	182	15
	182	16
	182	14
	183	16
	183	17
	183	15
	181	18
	184	18
	184	19
	184	17
	185	18
	185	19
	185	17
	186	19
	185	20
	186	20
	186	18
	184	20
	185	21
	186	21
	184	21
	185	22
	184	22
	184	23
	183	23
	183	24
	183	25
	182	25
	182	26
	182	27
	181	26
	181	27
	182	28
	183	28
	181	28
	180	27
	180	28
	181	29
	182	29
	180	29
	180	31
	181	31
	179	31
	180	32
	180	30
	181	30
	179	32
	179	30
	178	31
	178	32
	178	30
	177	31
	177	32
	177	30
	176	31
	176	32
	176	30
	175	31
	175	32
	175	30
	174	31
	174	32
	174	30
	173	29
	174	29
	172	29
	173	34
	174	34
	172	34
	173	35
	174	35
	174	33
	172	35
	171	34
	171	36
	170	36
	173	37
	172	38
	173	38
	174	39
	171	38
	173	36
	173	40
	174	38
	173	39
	174	40
	172	40
	172	39
	177	43
	176	43
	177	42
	179	43
	175	38
	175	40
	174	36
	174	41
	174	37
	175	39
	176	41
	173	41
	175	41
	180	43
	179	42
	180	42
	178	42
	181	42
	180	41
	181	41
	179	41
	180	40
	181	40
	182	41
	182	40
	181	39
	182	39
	183	40
	183	39
	182	38
	183	38
	184	39
	184	40
	184	38
	185	39
	185	38
	185	37
	186	37
	186	36
	187	36
	187	35
	187	34
	188	35
	188	34
	188	33
	189	34
	189	35
	189	33
	189	32
	190	33
	190	34
	190	32
	190	31
	191	32
	191	33
	191	31
	190	30
	191	30
	192	31
	192	30
	192	29
	193	29
	191	29
	192	28
	193	28
	193	27
	194	28
	194	29
	194	27
	195	28
	195	29
	195	27
	196	28
	196	29
	196	27
	197	28
	197	29
	197	27
	198	28
	198	29
	198	27
	199	28
	199	29
	199	27
	200	29
	199	30
	200	30
	200	28
	198	30
	199	31
	200	31
	198	31
	201	30
	201	31
	201	29
	197	30
	199	32
	200	32
	199	33
	200	33
	201	32
	201	33
	200	34
	201	34
	201	35
	202	34
	202	35
	202	33
	201	36
	202	36
	202	37
	203	37
	202	38
	203	38
	203	36
	204	38
	203	39
	204	39
	204	37
	202	39
	205	39
	204	40
	205	40
	205	38
	206	39
	207	39
	206	40
	206	38
	207	40
	207	38
	206	41
	207	41
	205	41
	206	42
	207	42
	205	42
	208	41
	208	42
	208	40
	207	43
	208	43
	206	43
	207	44
	208	44
	206	44
	207	45
	208	45
	206	45
	209	44
	209	45
	209	43
	208	46
	209	46
	207	46
	208	47
	209	47
	207	47
	208	48
	209	48
	207	48
	208	49
	209	49
	207	49
	208	50
	209	50
	207	50
	208	51
	209	51
	207	51
	208	52
	209	52
	207	52
	206	51
	206	52
	207	53
	208	53
	206	53
	207	54
	208	54
	206	54
	205	53
	205	54
	206	55
	207	55
	205	55
	204	54
	204	55
	205	56
	206	56
	204	56
	203	56
	204	57
	205	57
	203	57
	204	58
	205	58
	203	58
	202	57
	202	58
	203	59
	204	59
	202	59
	201	59
	202	60
	203	60
	201	60
	202	61
	203	61
	201	61
	200	61
	201	62
	202	62
	200	62
	201	63
	202	63
	200	63
	199	62
	199	63
	200	64
	201	64
	199	64
	200	65
	201	65
	199	65
	200	66
	201	66
	198	64
	197	66
	197	64
	198	63
	197	63
	198	67
	199	67
	197	67
	198	68
	199	68
	197	68
	196	67
	196	68
	196	66
	197	69
	198	69
	196	69
	195	69
	196	70
	197	70
	195	70
	195	68
	194	69
	194	70
	194	68
	195	67
	194	71
	195	71
	194	72
	194	73
	194	74
	194	75
	194	76
	194	77
	194	78
	195	77
	196	77
	195	78
	195	76
	196	78
	196	76
	197	78
	198	78
	197	79
	197	77
	198	79
	198	77
	196	79
	199	78
	199	79
	199	77
	200	78
	200	79
	200	77
	199	80
	200	80
	198	80
	201	79
	201	80
	201	78
	200	81
	201	81
	202	80
	202	81
	202	79
	202	82
	203	81
	203	82
	203	80
	204	81
	204	82
	204	80
	203	83
	204	83
	202	83
	205	83
	204	84
	205	84
	205	82
	203	84
	204	85
	205	85
	203	85
	204	86
	205	86
	203	86
	204	87
	205	87
	203	87
	202	85
	202	86
	202	84
	202	87
	203	88
	204	88
	202	88
	203	89
	204	89
	203	90
	204	90
	205	89
	205	90
	205	88
	204	91
	205	91
	203	91
	206	90
	206	91
	206	89
	206	92
	207	91
	207	92
	207	90
	208	91
	208	92
	208	90
	209	91
	209	92
	209	90
	210	91
	210	92
	210	90
	211	91
	211	92
	211	90
	210	93
	211	93
	212	92
	212	93
	212	91
	211	94
	212	94
	210	94
	211	95
	212	95
	210	95
	211	96
	212	96
	210	96
	213	95
	213	96
	213	94
	212	97
	213	97
	211	97
	212	98
	213	98
	211	98
	212	99
	213	99
	211	99
	212	100
	213	100
	211	100
	212	101
	213	101
	211	101
	210	97
	210	98
	210	99
	210	100
	210	101
	211	102
	212	102
	210	102
	211	103
	212	103
	210	103
	209	102
	209	103
	210	104
	211	104
	209	104
	208	103
	208	104
	208	102
	207	103
	207	104
	207	102
	206	103
	206	104
	206	102
	205	103
	205	104
	205	102
	204	103
	204	104
	204	102
	203	103
	203	104
	203	102
	204	105
	205	105
	203	105
	202	104
	202	105
	202	103
	201	104
	201	105
	201	103
	200	104
	200	105
	200	103
	199	104
	199	105
	199	103
	200	102
	201	102
	199	102
	198	103
	198	104
	198	102
	197	103
	197	104
	202	102
	197	105
	198	105
	196	105
	197	106
	198	106
	196	106
	197	107
	198	107
	196	107
	196	108
	197	108
	196	109
	197	109
	196	110
	197	110
	196	111
	197	111
	195	111
	196	112
	197	112
	195	112
	196	113
	197	113
	195	113
	194	112
	194	113
	194	111
	193	112
	193	113
	193	111
	192	112
	192	113
	192	111
	193	114
	194	114
	192	114
	191	113
	191	114
	191	112
	191	111
	190	112
	190	113
	190	111
	191	110
	192	110
	190	110
	189	111
	189	112
	189	110
	190	109
	189	109
	188	110
	188	111
	188	109
	187	110
	187	111
	187	109
	186	110
	186	111
	185	111
	186	112
	187	112
	185	112
	186	113
	187	113
	185	113
	184	113
	185	114
	186	114
	184	114
	184	112
	183	113
	183	114
	183	112
	182	114
	183	115
	184	115
	182	115
	182	113
	181	114
	181	115
	181	113
	182	112
	180	114
	180	115
	181	116
	182	116
	180	116
	178	115
	178	116
	178	114
	177	115
	177	116
	177	114
	176	115
	176	116
	176	114
	177	117
	178	117
	176	117
	175	116
	175	117
	175	115
	174	116
	174	117
	174	115
	173	116
	173	117
	173	115
	174	118
	175	118
	173	118
	172	117
	172	118
	172	116
	171	117
	171	118
	171	116
	170	118
	171	119
	172	119
	170	119
	170	117
	170	116
	169	118
	169	119
	169	117
	168	118
	168	119
	169	120
	170	120
	168	120
	167	119
	167	120
	167	118
	166	120
	167	121
	168	121
	166	119
	165	120
	165	119
	166	118
	169	121
	170	121
	169	122
	170	122
	171	122
	170	123
	171	123
	171	121
	170	124
	171	124
	170	125
	171	125
	172	124
	172	125
	172	123
	171	126
	172	126
	170	126
	171	127
	172	127
	170	127
	171	128
	172	128
	170	128
	171	129
	172	129
	170	129
	171	130
	172	130
	170	130
	171	131
	172	131
	170	131
	171	132
	172	132
	170	132
	170	133
	171	133
	170	134
	171	134
	170	135
	171	135
	169	135
	170	136
	171	136
	169	136
	170	137
	171	137
	169	137
	168	136
	168	137
	177	131
	167	136
	167	137
	177	132
	167	138
	168	138
	166	138
	165	138
	164	138
	163	138
	162	138
	161	138
	157	138
	156	138
	155	138
	154	138
	153	138
	152	138
	151	138
	150	138
	149	138
	148	138
	147	138
	145	137
	144	137
	145	136
	144	136
	143	136
	144	135
	145	135
	143	135
	144	134
	145	134
	143	134
	144	133
	145	133
	143	133
	142	134
	141	134
	142	135
	142	133
	141	135
	141	133
	140	134
	140	135
	140	133
	139	134
	138	134
	139	135
	139	133
	138	135
	138	133
	137	134
	136	134
	137	135
	137	133
	136	135
	136	133
	135	134
	134	134
	135	135
	135	133
	134	135
	134	133
	133	134
	133	135
	133	133
	132	135
	133	136
	134	136
	132	136
	132	134
	131	135
	131	136
	131	134
	130	135
	130	136
	130	134
	129	135
	129	136
	129	134
	128	135
	128	136
	128	134
	127	135
	127	136
	127	134
	126	135
	126	136
	126	134
	132	133
	131	133
	130	133
	129	133
	128	133
	127	133
	126	133
	125	134
	125	135
	125	133
	124	134
	124	135
	124	133
	123	134
	123	135
	123	133
	122	134
	122	135
	122	133
	121	134
	121	135
	121	133
	120	134
	120	135
	120	133
	121	136
	122	136
	120	136
	94	25
	86	27
	96	23
	95	24
	87	27
	96	24
	93	26
	85	28
	95	25
	85	31
	84	30
	84	28
	112	16
	112	17
	115	22
	120	21
	111	17
	123	21
	121	21
	111	16
	131	19
	130	20
	113	22
	131	20
	122	21
	114	22
	124	21
	119	22
	111	15
	117	22
	134	19
	132	20
	132	19
	137	19
	136	19
	135	19
	133	20
	133	19
	129	20
	116	22
	111	14
	119	21
	117	21
	100	16
	118	22
	116	21
	98	19
	118	21
	109	13
	109	14
	99	17
	99	18
	100	15
	195	33
	144	17
	140	19
	138	19
	99	16
	98	17
	98	18
	86	34
	98	21
	82	37
	146	16
	76	36
	80	37
	139	19
	76	35
	77	36
	195	32
	79	37
	75	35
	75	34
	74	34
	74	33
	196	34
	197	34
	197	33
	193	33
	191	37
	196	32
	190	38
	196	33
	189	38
	189	37
	195	31
	189	39
	188	38
	188	40
	188	39
	187	39
	106	118
	187	40
	107	119
	107	118
	106	117
	107	117
	105	117
	108	117
	107	116
	108	116
	106	116
	106	115
	105	116
	105	115
	104	116
	104	117
	104	115
	104	114
	103	115
	103	116
	103	114
	102	115
	102	116
	102	114
	103	113
	102	113
	101	114
	101	115
	101	113
	100	114
	177	28
	100	113
	99	113
	177	27
	99	112
	98	113
	176	28
	98	112
	97	113
	173	28
	97	112
	98	111
	97	111
	96	112
	96	113
	171	30
	170	32
	172	28
	183	43
	184	44
	185	44
	186	41
	184	43
	185	42
	186	42
	185	43
	180	44
	179	44
	176	44
	183	44
	178	44
	177	44
	174	43
	175	43
	172	42
	174	42
	173	42
	171	41
	169	36
	169	32
	170	38
	171	39
	170	39
	169	35
	178	27
	178	26
	179	23
	89	113
	90	113
	88	113
	89	112
	90	112
	88	112
	87	113
	179	25
	87	112
	88	111
	89	111
	87	111
	90	111
	88	110
	87	110
	86	111
	86	112
	86	110
	85	111
	85	112
	85	110
	86	109
	84	110
	84	111
	84	112
	83	112
	84	113
	85	113
	83	113
	82	112
	82	113
	83	114
	84	114
	82	114
	81	113
	81	114
	80	113
	80	114
	79	113
	79	114
	79	112
	78	113
	78	114
	78	112
	77	113
	77	114
	77	112
	180	21
	180	24
	180	23
	76	114
	181	23
	76	113
	75	114
	180	22
	75	113
	74	114
	181	20
	74	113
	73	114
	181	22
	73	113
	72	114
	181	21
	72	113
	71	114
	70	114
	182	20
	71	113
	182	21
	70	113
	71	112
	72	112
	70	112
	76	112
	75	112
	74	112
	73	112
	69	113
	68	113
	69	114
	69	112
	68	114
	68	112
	67	113
	67	114
	67	112
	68	111
	69	111
	67	111
	66	112
	66	113
	66	111
	67	110
	68	110
	66	110
	69	110
	68	109
	69	109
	67	109
	68	108
	69	108
	67	108
	68	107
	69	107
	67	107
	68	106
	69	106
	67	106
	66	107
	66	108
	66	106
	67	105
	68	105
	66	105
	67	104
	68	104
	66	104
	67	103
	68	103
	66	103
	67	102
	68	102
	66	102
	67	101
	68	101
	66	101
	69	102
	69	101
	68	100
	67	100
	68	99
	69	99
	67	99
	66	99
	67	98
	68	98
	66	100
	66	98
	67	97
	68	97
	66	97
	67	96
	68	96
	66	96
	67	95
	68	95
	66	95
	69	97
	69	98
	69	96
	69	95
	68	94
	69	94
	67	94
	68	93
	69	93
	67	93
	68	92
	69	92
	67	92
	68	91
	69	91
	67	91
	68	90
	69	90
	67	90
	68	89
	69	89
	67	89
	68	88
	69	88
	67	88
	68	87
	69	87
	67	87
	68	86
	69	86
	67	86
	68	85
	69	85
	67	85
	68	84
	69	84
	67	84
	68	83
	69	83
	67	83
	68	82
	69	82
	67	82
	68	81
	69	81
	67	81
	68	80
	69	80
	67	80
	68	79
	69	79
	67	79
	68	78
	69	78
	67	78
	70	78
	69	77
	70	77
	68	77
	71	78
	71	79
	71	77
	72	78
	72	79
	72	77
	73	78
	73	79
	73	77
	74	78
	74	79
	74	77
	75	79
	74	80
	75	80
	75	78
	73	80
	76	80
	75	81
	76	81
	76	79
	74	81
	77	80
	77	81
	77	79
	76	82
	77	82
	75	82
	78	81
	78	82
	78	80
	77	83
	78	83
	76	83
	79	83
	78	84
	79	84
	79	82
	77	84
	80	84
	79	85
	80	85
	80	83
	80	86
	81	85
	81	86
	81	84
	82	85
	82	84
	81	83
	82	83
	83	83
	82	82
	83	82
	81	82
	82	81
	81	81
	80	81
	81	80
	80	82
	80	80
	79	81
	79	80
	80	79
	79	79
	78	79
	78	78
	77	78
	76	78
	77	77
	76	77
	75	77
	76	76
	75	76
	74	76
	73	76
	74	75
	75	75
	73	75
	74	74
	75	74
	73	74
	74	73
	73	73
	72	74
	72	75
	72	73
	71	74
	71	75
	70	74
	70	75
	71	76
	72	76
	70	76
	69	75
	69	76
	69	74
	68	75
	68	76
	68	74
	67	75
	67	76
	67	74
	66	75
	66	76
	66	74
	65	75
	65	76
	65	74
	64	75
	64	76
	64	74
	63	75
	63	76
	63	74
	64	77
	65	77
	63	77
	62	76
	62	77
	62	75
	61	76
	61	77
	61	75
	62	74
	61	74
	60	74
	59	74
	58	77
	59	77
	57	77
	57	75
	58	78
	59	78
	57	78
	56	77
	56	78
	57	79
	58	79
	56	79
	57	80
	58	80
	56	80
	56	81
	57	81
	56	82
	57	82
	56	83
	57	83
	55	83
	56	84
	57	84
	55	84
	58	84
	57	85
	58	85
	58	83
	59	85
	59	84
	60	85
	60	84
	61	85
	61	86
	61	84
	62	85
	62	86
	62	84
	61	87
	62	87
	61	88
	62	88
	61	89
	62	89
	63	88
	63	89
	63	87
	62	90
	63	90
	61	90
	62	91
	63	91
	61	91
	62	92
	63	92
	61	92
	62	93
	63	93
	61	93
	60	93
	61	94
	62	94
	60	94
	62	95
	62	96
	62	97
	62	98
	61	99
	62	99
	61	100
	62	100
	63	99
	63	100
	63	98
	62	101
	63	101
	61	101
	62	102
	63	102
	61	102
	60	102
	61	103
	62	103
	60	103
	61	104
	62	104
	60	104
	61	105
	62	105
	60	105
	59	104
	59	105
	60	106
	61	106
	59	106
	60	107
	61	107
	59	107
	58	106
	58	107
	57	107
	58	108
	59	108
	57	108
	57	106
	56	107
	55	107
	56	108
	56	106
	55	108
	55	106
	54	107
	54	108
	54	106
	53	107
	53	108
	53	106
	52	107
	52	108
	52	106
	53	105
	54	105
	52	105
	53	104
	52	104
	51	105
	51	106
	51	104
	52	103
	51	103
	50	104
	50	105
	50	103
	51	102
	49	103
	49	104
	49	102
	48	103
	48	104
	48	102
	47	103
	47	102
	46	103
	46	102
	47	101
	48	101
	46	101
	45	102
	45	101
	44	101
	45	100
	44	100
	44	99
	43	99
	42	98
	41	98
	41	97
	40	97
	39	97
	39	96
	40	96
	39	95
	40	95
	38	95
	39	94
	40	94
	38	94
	37	95
	37	94
	36	95
	36	94
	35	95
	35	94
	34	95
	34	94
	33	95
	33	96
	33	94
	34	93
	35	93
	33	93
	34	92
	33	92
	31	103
	31	102
	30	103
	29	103
	30	102
	28	106
	27	107
	26	109
	26	108
	25	109
	24	109
	25	110
	25	108
	24	110
	24	107
	24	111
	23	112
	22	112
	21	113
	21	114
	21	112
	20	113
	20	114
	20	112
	19	113
	19	114
	19	112
	18	113
	18	114
	18	112
	17	113
	17	114
	17	112
	16	113
	16	114
	16	112
	15	113
	15	114
	15	112
	16	115
	17	115
	15	115
	16	116
	17	116
	15	116
	16	117
	17	117
	15	117
	16	118
	17	118
	15	118
	16	119
	17	119
	15	119
	16	120
	17	120
	15	120
	14	119
	14	120
	14	118
	13	119
	13	120
	13	118
	12	119
	12	120
	12	118
	11	119
	11	120
	11	118
	10	119
	10	120
	10	118
	9	119
	9	120
	9	118
	8	119
	8	120
	8	118
	7	119
	7	120
	7	118
	6	119
	6	120
	6	118
	5	119
	5	120
	5	118
	6	117
	7	117
	5	117
	6	116
	5	116
	6	115
	5	115
	6	114
	7	114
	5	114
	6	113
	7	113
	5	113
	6	112
	7	112
	5	112
	6	111
	7	111
	5	111
	6	110
	7	110
	5	110
	6	109
	7	109
	5	109
	6	108
	7	108
	5	108
	8	109
	8	110
	8	108
	7	107
	8	107
	6	107
	7	106
	8	106
	6	106
	9	106
	8	105
	9	105
	7	105
	8	104
	9	104
	7	104
	8	103
	9	103
	7	103
	8	102
	9	102
	7	102
	8	101
	9	101
	7	101
	10	101
	9	100
	10	100
	8	100
	9	99
	10	99
	8	99
	9	98
	10	98
	8	98
	11	99
	11	98
	10	97
	11	97
	9	97
	10	96
	9	96
	8	96
	9	95
	8	97
	8	95
	7	96
	7	97
	7	95
	6	96
	6	97
	6	95
	5	96
	5	97
	5	95
	4	96
	4	97
	4	95
	3	96
	3	97
	3	95
	2	96
	2	97
	2	95
	1	96
	1	97
	1	95
	0	95
	1	94
	2	94
	0	96
	0	94
	1	93
	2	93
	0	93
	1	92
	2	92
	0	92
	1	91
	2	91
	0	91
	1	90
	2	90
	0	90
	0	89
	1	89
	0	88
	1	88
	0	87
	1	87
	0	86
	1	86
	0	85
	1	85
	0	84
	1	84
	0	83
	1	83
	0	82
	1	82
	2	85
	2	86
	2	84
	2	87
	2	88
	2	89
	2	83
	1	81
	0	81
	1	80
	0	80
	1	79
	2	79
	0	79
	1	78
	2	78
	0	78
	1	77
	2	77
	0	77
	3	78
	3	79
	3	77
	2	76
	3	76
	1	76
	2	75
	3	75
	1	75
	2	74
	3	74
	1	74
	0	75
	0	76
	0	74
	1	73
	2	73
	0	73
	1	72
	2	72
	0	72
	0	71
	1	71
	0	70
	1	70
	0	69
	1	69
	0	68
	1	68
	0	67
	1	67
	2	71
	2	70
	2	69
	2	68
	2	67
	1	66
	2	66
	0	66
	0	65
	1	65
	0	64
	1	64
	0	63
	1	63
	2	64
	2	65
	2	63
	3	63
	2	62
	3	64
	3	62
	1	62
	2	61
	3	61
	1	61
	2	60
	3	60
	1	60
	0	60
	1	59
	2	59
	0	61
	0	59
	1	58
	2	58
	0	58
	1	57
	2	57
	0	57
	1	56
	2	56
	0	56
	1	55
	2	55
	0	55
	1	54
	2	54
	0	54
	0	53
	1	53
	0	52
	1	52
	0	51
	1	51
	0	50
	1	50
	0	49
	1	49
	0	48
	1	48
	2	53
	2	52
	2	51
	2	50
	1	47
	0	47
	1	46
	2	46
	0	46
	1	45
	2	45
	0	45
	1	44
	2	44
	0	44
	1	43
	2	43
	0	43
	1	42
	2	42
	0	42
	1	41
	2	41
	0	41
	1	40
	2	40
	0	40
	1	39
	2	39
	0	39
	1	38
	2	38
	0	38
	1	37
	2	37
	0	37
	1	36
	2	36
	0	36
	1	35
	2	35
	0	35
	1	34
	2	34
	0	34
	1	33
	2	33
	0	33
	1	32
	2	32
	0	32
	1	31
	2	31
	0	31
	22	110
	21	110
	22	109
	21	109
	22	108
	21	108
	24	105
	25	105
	26	105
	25	104
	26	104
	24	104
	27	104
	26	103
	27	103
	25	103
	27	102
	26	102
	27	101
	28	101
	26	101
	28	100
	29	100
	27	100
	30	100
	29	99
	30	99
	28	99
	29	98
	30	98
	28	98
	31	98
	30	97
	31	97
	29	97
	30	96
	31	96
	29	96
	31	95
	30	95
	31	94
	30	94
	31	93
	92	112
	93	112
	92	113
	92	111
	93	113
	93	111
	94	112
	94	113
	94	111
	93	110
	94	110
	92	110
	95	110
	170	33
	170	34
	179	24
	109	120
	108	121
	109	121
	109	119
	108	122
	109	122
	107	122
	108	123
	109	123
	107	123
	108	124
	109	124
	107	124
	108	125
	109	125
	107	125
	108	126
	109	126
	107	126
	108	127
	109	127
	107	127
	108	128
	109	128
	107	128
	108	129
	109	129
	107	129
	108	130
	109	130
	107	130
	108	131
	109	131
	107	131
	108	132
	109	132
	107	132
	107	133
	108	133
	106	133
	107	134
	108	134
	106	132
	108	135
	118	136
	118	135
	118	134
	117	134
	118	133
	117	135
	117	133
	118	132
	161	132
	151	133
	160	132
	162	132
	165	132
	125	132
	166	132
	152	133
	167	132
	168	132
	164	133
	150	133
	153	133
	159	133
	162	133
	163	132
	124	132
	164	132
	166	133
	168	133
	154	133
	167	133
	165	133
	163	133
	155	133
	161	133
	160	133
	158	133
	157	133
	147	132
	147	133
	156	133
	147	134
	147	135
	147	136
	149	136
	150	136
	148	136
	151	136
	152	136
	153	136
	154	136
	155	136
	156	136
	157	136
	158	136
	159	136
	160	136
	161	136
	162	136
	163	136
	164	136
	165	136
	117	136
	116	136
	115	136
	113	136
	114	136
	112	136
	111	136
	110	136
	109	136
	145	17
	146	17
	149	14
	150	14
	149	15
	150	15
	148	15
	153	13
	154	12
	154	13
	155	12
	155	13
	156	11
	156	12
	157	11
	158	11
	159	10
	159	11
	160	10
	147	15
	4	99
	5	99
	3	99
	4	100
	4	98
	5	100
	5	98
	3	100
	3	98
	6	99
	6	100
	6	98
	7	98
	7	99
	7	100
	5	101
	6	101
	4	101
	5	102
	6	102
	4	102
	5	103
	6	103
	4	103
	5	105
	6	105
	4	105
	5	106
	5	104
	6	104
	4	106
	4	104
	3	106
	4	107
	5	107
	3	107
	3	105
	4	108
	3	108
	3	103
	3	104
	3	102
	2	100
	3	101
	2	101
	2	99
	1	99
	2	98
	1	100
	1	98
	1	101
	2	103
	1	103
	2	104
	2	102
	1	104
	1	102
	2	105
	1	105
	2	106
	1	106
	2	107
	1	107
	2	108
	1	108
	2	109
	3	109
	1	109
	2	110
	3	110
	1	110
	0	103
	0	104
	0	102
	0	101
	0	100
	0	99
	0	98
	0	97
	0	105
	0	106
	0	107
	0	108
	0	109
	0	110
	0	111
	1	111
	0	112
	1	112
	1	113
	2	113
	0	113
	1	114
	2	114
	2	112
	0	114
	1	115
	2	115
	0	115
	2	116
	3	116
	1	116
	2	117
	3	117
	3	115
	1	117
	2	118
	3	118
	1	118
	4	118
	3	119
	4	119
	4	117
	2	119
	3	120
	4	120
	2	120
	4	121
	5	121
	3	121
	6	121
	5	122
	6	122
	4	122
	7	121
	7	122
	8	121
	8	122
	2	121
	3	122
	2	122
	1	121
	1	122
	1	120
	0	121
	0	122
	0	120
	1	123
	2	123
	0	123
	3	123
	1	119
	3	114
	3	113
	3	112
	2	111
	3	111
	4	109
	4	110
	4	111
	4	112
	4	113
	4	114
	4	116
	4	115
	0	118
	0	119
	0	117
	6	123
	7	123
	5	123
	9	122
	8	123
	9	123
	9	121
	10	122
	10	123
	10	121
	12	122
	13	122
	11	122
	12	123
	12	121
	13	123
	13	121
	11	123
	11	121
	14	122
	15	122
	14	123
	14	121
	15	123
	15	121
	4	123
	0	116
	14	124
	15	124
	13	124
	16	123
	16	122
	17	122
	18	122
	19	123
	19	122
	16	121
	17	121
	2	124
	3	124
	1	124
	0	124
	4	124
	5	124
	6	124
	7	124
	8	124
	9	124
	10	124
	11	124
	10	125
	11	125
	9	125
	12	124
	13	125
	14	125
	12	125
	20	122
	19	121
	20	121
	18	121
	18	120
	19	120
	18	119
	19	119
	18	118
	19	118
	18	116
	19	116
	18	117
	18	115
	19	117
	19	115
	20	118
	20	119
	20	117
	20	120
	21	119
	21	120
	21	118
	20	116
	21	116
	20	115
	21	117
	21	115
	22	113
	22	114
	23	113
	25	111
	28	107
	30	104
	33	99
	32	100
	33	100
	33	98
	34	99
	35	99
	34	100
	34	98
	35	100
	35	98
	34	97
	35	97
	33	97
	36	98
	36	99
	36	97
	37	98
	37	99
	37	97
	36	96
	37	96
	35	96
	32	102
	33	102
	32	103
	32	101
	33	101
	27	108
	28	108
	26	110
	26	111
	24	112
	25	112
	24	113
	25	113
	29	106
	30	106
	29	107
	30	105
	31	104
	34	101
	35	101
	36	100
	36	101
	27	113
	25	115
	24	116
	23	116
	24	117
	24	115
	23	117
	23	115
	22	117
	23	118
	22	118
	22	116
	22	115
	23	114
	24	114
	27	112
	28	112
	26	112
	27	111
	28	111
	26	113
	34	102
	35	102
	26	114
	25	114
	29	110
	28	110
	34	96
	29	109
	27	110
	37	101
	38	101
	37	100
	38	100
	38	99
	38	98
	38	97
	38	96
	39	98
	27	109
	28	109
	39	102
	40	102
	39	101
	40	101
	41	101
	40	100
	41	102
	41	100
	39	100
	42	99
	43	100
	42	100
	40	98
	41	99
	40	99
	39	99
	43	101
	42	101
	43	102
	44	102
	42	102
	49	105
	48	105
	49	106
	50	106
	48	106
	51	107
	50	107
	49	107
	47	105
	46	105
	47	106
	47	104
	46	104
	44	104
	45	104
	43	104
	44	103
	45	105
	45	103
	43	103
	42	103
	41	103
	42	104
	51	108
	49	108
	48	107
	54	109
	55	109
	53	109
	56	109
	57	109
	56	110
	57	110
	61	78
	62	78
	59	79
	60	79
	59	80
	60	80
	59	81
	60	81
	58	81
	58	82
	59	82
	59	83
	60	83
	61	83
	60	82
	61	82
	62	82
	63	82
	62	83
	62	81
	63	83
	63	81
	61	81
	64	81
	63	80
	64	82
	64	80
	62	80
	65	79
	66	79
	64	79
	65	80
	65	78
	66	80
	66	78
	64	78
	66	77
	67	77
	63	79
	63	78
	62	79
	61	79
	61	80
	63	84
	63	85
	63	86
	64	89
	64	90
	64	88
	65	92
	66	92
	64	92
	65	93
	65	91
	66	93
	66	91
	64	93
	64	91
	65	94
	66	94
	64	94
	65	96
	64	96
	65	97
	65	95
	64	97
	64	95
	65	98
	64	98
	65	99
	64	99
	65	100
	64	100
	65	101
	64	101
	65	103
	64	103
	65	104
	65	102
	64	104
	64	102
	65	105
	64	105
	65	106
	64	106
	66	90
	66	89
	66	88
	66	87
	66	85
	66	86
	66	84
	66	83
	66	82
	66	81
	65	83
	65	84
	65	82
	65	85
	65	86
	65	87
	65	88
	65	89
	64	87
	65	90
	63	95
	63	96
	63	94
	63	97
	64	86
	64	84
	64	85
	64	83
	65	81
	63	103
	63	104
	63	105
	62	106
	63	106
	63	107
	64	107
	62	107
	65	107
	65	108
	64	108
	65	109
	66	109
	64	109
	63	108
	63	109
	65	110
	64	110
	65	111
	64	111
	65	112
	64	112
	70	115
	71	115
	69	115
	72	115
	73	115
	74	115
	75	115
	76	115
	74	116
	78	115
	79	115
	73	116
	68	115
	71	116
	81	115
	84	115
	83	115
	85	114
	86	115
	86	114
	87	115
	87	116
	87	114
	88	114
	89	114
	90	114
	91	114
	91	115
	92	114
	92	115
	93	114
	93	115
	95	114
	96	114
	94	114
	95	115
	96	115
	94	115
	98	114
	99	114
	97	114
	98	115
	99	115
	97	115
	100	115
	100	116
	101	116
	99	116
	98	116
	97	116
	96	116
	86	113
	99	117
	100	117
	98	117
	99	118
	100	118
	98	118
	101	118
	100	119
	101	119
	101	117
	99	119
	102	118
	103	118
	102	119
	102	117
	103	119
	103	117
	104	118
	104	119
	103	120
	104	120
	102	120
	105	119
	105	120
	105	118
	106	119
	106	120
	105	121
	106	121
	104	121
	105	122
	106	122
	104	122
	106	123
	105	123
	106	124
	105	124
	106	125
	105	125
	106	126
	105	126
	106	127
	105	127
	106	128
	105	128
	106	129
	105	129
	106	130
	105	130
	105	133
	105	132
	104	125
	104	126
	104	124
	103	122
	104	123
	103	123
	103	121
	102	121
	102	122
	103	124
	109	133
	109	134
	109	135
	110	135
	110	134
	105	131
	106	131
	104	131
	104	130
	104	129
	104	128
	103	127
	104	127
	103	126
	103	125
	102	124
	102	123
	101	122
	101	121
	100	121
	100	120
	101	120
	97	117
	98	119
	96	117
	95	117
	95	116
	69	116
	68	117
	68	116
	67	116
	65	116
	65	115
	66	115
	64	115
	63	114
	64	114
	62	114
	63	113
	64	113
	62	113
	61	113
	59	112
	60	112
	58	111
	59	111
	57	111
	58	110
	61	112
	62	112
	61	111
	62	111
	60	111
	63	112
	63	111
	65	113
	65	114
	66	114
	67	115
	61	110
	62	110
	60	110
	61	109
	62	109
	60	109
	59	109
	58	109
	59	110
	60	108
	63	110
	61	108
	62	108
	123	136
	124	136
	125	136
	126	137
	127	137
	128	137
	135	136
	136	136
	138	136
	139	136
	137	136
	142	136
	141	136
	140	136
	169	138
	170	138
	172	137
	172	136
	174	134
	175	134
	173	134
	174	135
	174	133
	175	135
	175	133
	173	135
	173	133
	175	131
	176	131
	174	131
	175	132
	175	130
	176	132
	176	130
	174	132
	174	130
	176	129
	177	129
	175	129
	176	128
	177	130
	177	128
	175	128
	177	126
	178	126
	176	126
	177	127
	177	125
	178	127
	178	125
	176	127
	176	125
	177	124
	178	124
	176	124
	177	123
	178	123
	176	123
	178	122
	179	122
	177	122
	178	121
	179	123
	179	121
	177	121
	176	122
	175	122
	176	121
	175	123
	175	121
	173	127
	174	127
	173	128
	173	126
	174	128
	174	126
	173	131
	173	132
	173	130
	172	133
	172	134
	172	135
	173	136
	173	129
	174	129
	174	125
	175	125
	173	125
	174	124
	175	126
	175	124
	173	124
	174	123
	174	122
	176	120
	177	120
	175	120
	176	119
	177	119
	175	119
	176	118
	177	118
	174	120
	174	121
	174	119
	173	120
	173	121
	173	119
	172	120
	172	121
	171	120
	172	122
	173	122
	173	123
	175	127
	169	133
	169	132
	181	117
	180	117
	185	115
	167	135
	180	118
	179	118
	178	118
	168	135
	178	119
	180	121
	179	120
	180	122
	180	120
	178	120
	181	120
	180	119
	181	121
	181	119
	179	119
	186	115
	187	114
	188	114
	187	115
	188	115
	188	113
	189	114
	190	114
	189	115
	189	113
	190	115
	191	115
	192	115
	195	114
	194	115
	195	115
	193	115
	196	114
	196	115
	197	114
	198	113
	198	114
	198	112
	188	112
	183	116
	184	116
	182	117
	183	117
	181	118
	182	118
	182	120
	182	121
	182	119
	184	119
	185	119
	183	119
	184	120
	184	118
	185	120
	185	118
	183	120
	183	118
	188	117
	189	117
	187	117
	188	118
	188	116
	189	118
	189	116
	187	118
	187	116
	192	116
	193	116
	191	116
	192	117
	193	117
	191	117
	194	116
	195	116
	197	115
	199	112
	198	111
	199	113
	199	111
	200	111
	199	110
	200	112
	200	110
	198	110
	201	110
	200	109
	201	111
	201	109
	199	109
	202	109
	201	108
	202	110
	202	108
	200	108
	201	107
	202	107
	200	107
	199	108
	199	107
	198	108
	198	109
	190	116
	186	116
	186	117
	185	117
	184	117
	185	116
	186	118
	186	119
	187	119
	186	120
	187	120
	190	118
	191	118
	190	119
	190	117
	191	119
	189	119
	194	117
	203	108
	203	109
	203	107
	203	106
	204	106
	202	106
	204	107
	205	106
	206	105
	206	106
	207	105
	207	106
	208	105
	209	105
	208	106
	209	106
	201	106
	200	106
	199	106
	205	107
	204	108
	205	108
	206	107
	207	107
	206	108
	207	108
	208	107
	209	107
	208	108
	209	108
	210	107
	210	108
	210	106
	211	106
	212	106
	211	107
	211	105
	212	107
	212	105
	210	105
	213	105
	212	104
	213	106
	213	104
	214	104
	213	103
	214	105
	214	103
	213	102
	214	102
	215	103
	215	104
	215	102
	214	101
	215	101
	214	100
	215	100
	216	100
	215	99
	216	101
	214	99
	215	98
	216	98
	214	98
	215	97
	214	97
	215	96
	216	96
	214	96
	215	95
	216	95
	214	95
	215	93
	214	93
	215	94
	215	92
	216	92
	214	94
	214	92
	215	91
	214	91
	213	92
	213	93
	213	91
	216	103
	217	104
	217	102
	216	104
	216	102
	216	105
	215	105
	215	106
	214	106
	214	107
	209	89
	210	89
	208	89
	207	88
	208	88
	206	88
	207	89
	207	87
	208	87
	206	87
	206	85
	207	85
	206	86
	206	84
	207	86
	207	84
	206	83
	205	81
	205	80
	203	79
	202	78
	203	78
	202	76
	203	76
	201	76
	202	77
	202	75
	203	77
	203	75
	201	77
	201	75
	200	75
	201	74
	202	74
	200	76
	200	74
	201	73
	202	73
	200	73
	204	75
	203	74
	204	76
	204	74
	207	82
	208	82
	206	82
	207	83
	207	81
	208	83
	208	81
	206	81
	209	86
	210	86
	208	86
	209	87
	209	85
	210	87
	210	85
	208	85
	211	89
	210	88
	211	88
	209	88
	212	90
	206	80
	204	79
	205	79
	204	78
	205	78
	201	72
	202	72
	200	72
	197	74
	198	74
	196	74
	197	75
	197	73
	198	75
	198	73
	196	75
	196	73
	195	74
	195	75
	195	73
	198	76
	199	76
	197	76
	199	75
	199	74
	199	73
	199	72
	198	72
	199	71
	200	71
	198	71
	199	70
	200	70
	198	70
	201	70
	200	69
	201	71
	201	69
	199	69
	197	71
	196	71
	197	72
	196	72
	201	67
	202	67
	200	67
	201	68
	202	68
	202	66
	200	68
	202	65
	203	65
	202	64
	203	66
	203	64
	203	63
	204	63
	203	62
	204	64
	204	62
	205	63
	205	64
	205	62
	202	69
	203	69
	202	70
	203	70
	203	68
	203	73
	203	72
	204	77
	195	72
	202	71
	203	67
	204	65
	204	61
	205	61
	204	60
	205	60
	205	59
	206	60
	206	61
	206	59
	206	58
	206	57
	207	57
	207	58
	207	56
	208	55
	208	56
	209	53
	210	51
	210	52
	210	50
	209	55
	209	56
	209	54
	204	67
	205	67
	204	68
	204	66
	205	68
	205	66
	207	62
	208	62
	206	62
	207	63
	207	61
	208	63
	208	61
	206	63
	208	57
	209	57
	208	58
	209	58
	210	53
	211	53
	210	54
	211	54
	211	52
	211	51
	211	50
	212	50
	211	49
	212	51
	212	49
	210	49
	211	48
	212	48
	210	48
	210	55
	210	56
	208	59
	209	59
	207	59
	208	60
	209	60
	207	60
	209	61
	210	45
	211	45
	210	46
	210	44
	211	46
	211	44
	211	43
	212	45
	212	43
	210	43
	211	41
	210	41
	211	42
	210	42
	210	40
	212	46
	211	47
	212	47
	210	47
	211	55
	211	56
	210	57
	211	57
	210	58
	211	58
	210	59
	211	59
	210	60
	211	60
	212	52
	213	46
	210	37
	208	34
	207	34
	208	35
	207	35
	208	37
	209	37
	207	37
	208	38
	208	36
	209	38
	209	36
	207	36
	209	40
	209	41
	209	39
	210	39
	208	39
	209	42
	206	36
	205	36
	206	37
	206	35
	205	37
	205	35
	204	36
	204	35
	203	35
	204	34
	205	34
	203	34
	197	26
	198	26
	199	26
	202	30
	202	31
	202	29
	204	32
	203	32
	204	33
	205	33
	203	33
	203	31
	206	34
	201	28
	200	27
	198	25
	176	39
	202	32
	175	35
	178	34
	176	34
	175	34
	176	33
	177	33
	175	33
	178	33
	179	33
	183	29
	182	30
	186	17
	184	15
	185	15
	184	16
	184	14
	185	16
	185	14
	183	14
	183	13
	184	13
	182	13
	183	12
	184	12
	182	12
	181	12
	182	11
	183	11
	181	13
	181	11
	180	10
	181	10
	179	10
	180	11
	180	9
	181	9
	179	11
	179	9
	179	8
	180	8
	178	8
	179	7
	180	7
	178	9
	178	7
	178	6
	179	6
	180	12
	180	13
	187	20
	187	19
	177	5
	178	5
	176	5
	177	4
	178	4
	176	4
	177	3
	178	3
	176	3
	175	4
	175	5
	175	3
	179	4
	179	5
	179	3
	180	5
	181	5
	180	6
	180	4
	181	6
	181	4
	182	8
	183	8
	181	8
	182	9
	182	7
	183	9
	183	7
	181	7
	184	11
	183	10
	184	10
	182	10
	185	13
	185	12
	186	14
	186	15
	186	13
	186	16
	187	16
	187	17
	187	15
	187	18
	188	18
	188	19
	188	17
	188	20
	174	5
	173	5
	174	4
	173	4
	172	4
	171	4
	172	5
	172	3
	173	3
	171	5
	171	3
	169	4
	170	4
	168	4
	169	5
	169	3
	170	5
	170	3
	168	5
	168	3
	167	3
	166	3
	167	4
	167	2
	168	2
	166	4
	166	2
	165	3
	164	3
	165	4
	165	2
	164	4
	164	2
	161	3
	162	3
	160	3
	161	4
	161	2
	162	4
	162	2
	160	4
	160	2
	158	3
	159	3
	157	3
	158	4
	158	2
	159	4
	159	2
	157	4
	157	2
	156	3
	156	4
	156	2
	158	5
	157	5
	163	4
	166	5
	167	5
	174	3
	174	2
	175	2
	173	2
	172	2
	171	2
	170	2
	171	1
	172	1
	170	1
	169	2
	169	1
	168	1
	167	1
	166	1
	163	2
	164	1
	165	1
	163	3
	163	1
	156	5
	147	10
	148	9
	149	9
	147	9
	143	11
	144	11
	142	11
	143	10
	144	10
	142	12
	142	10
	140	12
	141	12
	139	12
	140	13
	140	11
	141	13
	141	11
	139	13
	139	11
	138	13
	137	13
	145	11
	146	10
	145	10
	151	8
	153	7
	155	6
	154	6
	155	3
	155	4
	155	2
	153	4
	154	4
	152	4
	153	5
	153	3
	154	5
	154	3
	152	5
	152	3
	150	6
	151	6
	149	6
	150	7
	150	5
	151	7
	151	5
	149	7
	149	5
	148	7
	147	7
	148	8
	148	6
	149	8
	147	8
	147	6
	144	9
	145	9
	143	9
	136	13
	137	12
	138	12
	136	12
	135	13
	134	13
	130	14
	126	15
	127	15
	125	15
	122	16
	123	16
	121	16
	122	15
	123	15
	121	15
	120	16
	119	16
	120	15
	119	15
	118	16
	118	15
	117	16
	117	15
	124	15
	129	14
	128	14
	129	13
	130	13
	128	13
	133	12
	134	12
	132	12
	133	13
	133	11
	134	11
	132	13
	132	11
	138	10
	139	10
	137	10
	138	11
	138	9
	139	9
	137	11
	137	9
	143	7
	144	7
	142	7
	143	8
	143	6
	144	8
	144	6
	142	8
	142	6
	151	4
	151	3
	150	4
	149	4
	150	3
	149	3
	145	5
	146	5
	144	5
	145	6
	145	4
	146	6
	146	4
	144	4
	141	6
	140	6
	141	7
	141	5
	142	5
	140	7
	140	5
	138	8
	139	8
	137	8
	138	7
	139	7
	137	7
	135	10
	136	10
	134	10
	135	11
	135	9
	136	11
	136	9
	134	9
	135	12
	133	10
	131	11
	132	10
	131	12
	131	10
	130	12
	129	12
	130	11
	131	13
	129	11
	126	12
	127	12
	125	12
	126	13
	126	11
	127	13
	127	11
	125	13
	125	11
	121	13
	122	13
	120	13
	121	14
	121	12
	122	14
	122	12
	120	14
	120	12
	119	14
	118	14
	119	13
	118	13
	140	10
	141	10
	140	9
	141	9
	146	7
	147	5
	145	7
	148	5
	152	6
	153	6
	143	5
	139	6
	138	6
	139	5
	138	5
	137	6
	137	5
	142	9
	146	9
	146	8
	150	8
	152	7
	155	5
	148	4
	145	8
	141	8
	140	8
	136	8
	136	7
	133	9
	130	10
	128	12
	128	11
	127	14
	126	14
	124	13
	125	14
	124	14
	124	12
	123	13
	123	14
	123	12
	117	13
	118	12
	119	12
	117	14
	117	12
	116	11
	124	11
	125	10
	126	10
	124	10
	123	11
	122	11
	123	10
	122	10
	119	11
	120	11
	118	11
	119	10
	120	10
	118	10
	116	10
	117	10
	116	9
	117	11
	117	9
	104	10
	105	9
	104	9
	94	16
	94	17
	94	15
	92	18
	93	18
	91	18
	92	19
	92	17
	93	17
	91	19
	91	17
	89	19
	90	19
	88	19
	89	20
	89	18
	90	20
	90	18
	88	20
	88	18
	86	21
	87	21
	85	21
	86	20
	87	20
	85	20
	83	22
	84	22
	82	22
	80	24
	81	23
	80	25
	80	23
	78	25
	79	25
	77	25
	78	26
	78	24
	79	26
	79	24
	77	26
	77	24
	75	26
	76	26
	74	26
	75	27
	75	25
	76	27
	76	25
	74	27
	71	28
	72	28
	72	27
	67	29
	68	30
	69	30
	67	30
	66	30
	67	31
	68	31
	66	31
	66	29
	65	30
	65	31
	65	29
	64	52
	65	52
	63	52
	64	53
	64	51
	65	53
	65	51
	63	53
	63	51
	65	54
	66	54
	64	54
	65	55
	66	55
	66	53
	64	55
	67	57
	67	58
	66	58
	65	58
	66	57
	65	57
	64	58
	64	57
	63	58
	63	57
	62	58
	61	58
	62	57
	61	57
	66	56
	64	56
	65	56
	63	56
	63	55
	62	55
	61	55
	62	56
	62	54
	63	54
	61	56
	61	54
	66	51
	65	50
	66	52
	66	50
	64	50
	65	49
	66	49
	64	49
	65	48
	66	48
	64	48
	65	47
	66	47
	64	47
	63	50
	62	53
	61	53
	62	52
	61	52
	61	50
	62	50
	61	51
	62	51
	63	46
	64	46
	63	47
	63	45
	64	45
	64	43
	65	43
	63	43
	64	44
	64	42
	65	44
	65	42
	63	44
	63	42
	64	41
	65	41
	63	41
	66	41
	67	41
	66	42
	66	40
	67	42
	67	40
	65	40
	64	40
	65	46
	66	46
	65	45
	66	45
	63	49
	63	48
	68	40
	68	36
	69	35
	68	37
	68	35
	69	33
	68	33
	69	34
	69	32
	68	34
	68	32
	72	26
	73	27
	73	28
	75	28
	76	28
	74	28
	78	29
	77	28
	78	28
	79	30
	79	29
	80	31
	80	30
	80	29
	79	28
	80	28
	80	27
	79	27
	80	26
	77	27
	69	31
	67	32
	66	32
	65	32
	66	33
	67	33
	65	33
	64	33
	64	34
	64	32
	65	34
	64	35
	65	35
	64	36
	65	36
	64	39
	65	39
	63	39
	64	38
	65	38
	63	40
	66	44
	67	44
	66	43
	67	43
	66	39
	65	37
	66	37
	64	37
	66	38
	66	36
	66	35
	66	34
	67	34
	67	36
	67	37
	67	35
	67	38
	67	39
	68	39
	68	38
	64	27
	65	27
	64	26
	65	28
	65	26
	66	28
	89	21
	90	21
	88	21
	91	20
	98	10
	99	10
	97	10
	94	13
	95	12
	94	14
	94	12
	90	16
	91	16
	89	16
	90	17
	90	15
	91	15
	89	17
	89	15
	87	18
	86	18
	87	19
	87	17
	88	17
	86	19
	86	17
	84	20
	83	20
	84	21
	84	19
	85	19
	83	21
	83	19
	81	22
	92	16
	93	16
	92	15
	93	15
	93	14
	92	14
	103	10
	102	10
	101	10
	100	10
	93	13
	64	25
	63	25
	62	25
	62	24
	63	24
	61	24
	59	24
	60	24
	58	24
	78	27
	44	28
	44	29
	45	29
	43	29
	42	30
	43	30
	41	30
	42	31
	43	31
	41	31
	41	29
	39	32
	40	32
	38	32
	39	33
	39	31
	40	33
	40	31
	38	33
	38	31
	36	35
	37	35
	35	35
	36	36
	36	34
	37	36
	37	34
	35	34
	36	37
	37	37
	38	37
	38	36
	40	35
	40	36
	40	34
	43	32
	44	32
	42	32
	44	31
	45	31
	44	30
	45	30
	46	30
	46	29
	47	29
	47	30
	47	28
	48	28
	49	28
	48	29
	48	27
	40	37
	39	37
	39	36
	39	35
	38	35
	39	34
	41	32
	40	30
	37	33
	36	33
	37	32
	38	34
	36	32
	35	33
	34	34
	33	34
	34	33
	33	33
	32	34
	32	33
	31	34
	30	34
	31	33
	30	33
	29	33
	28	33
	27	33
	26	33
	25	33
	24	33
	24	32
	25	32
	24	31
	27	32
	28	32
	26	32
	29	32
	30	32
	32	32
	33	32
	31	32
	32	31
	33	31
	31	31
	37	30
	36	31
	37	31
	35	31
	38	30
	33	30
	32	30
	34	31
	30	30
	29	30
	30	31
	29	31
	28	31
	27	31
	26	31
	26	30
	25	31
	25	30
	24	30
	23	30
	22	30
	35	32
	34	32
	7	30
	8	30
	6	30
	4	30
	5	30
	3	30
	1	30
	2	30
	0	30
	0	29
	1	29
	3	29
	9	30
	10	30
	9	29
	10	29
	8	29
	12	30
	13	30
	11	30
	12	29
	13	29
	11	29
	14	30
	15	30
	14	29
	15	29
	19	30
	20	30
	18	30
	19	29
	20	29
	18	29
	21	30
	22	29
	23	29
	21	29
	24	29
	25	29
	21	28
	20	28
	19	28
	17	29
	17	30
	17	28
	16	29
	16	30
	15	28
	14	28
	13	28
	14	27
	13	27
	12	28
	11	28
	12	27
	10	28
	10	27
	8	28
	9	28
	7	28
	7	29
	6	28
	6	29
	6	27
	5	28
	5	29
	5	27
	4	28
	4	29
	0	28
	24	28
	23	28
	20	27
	213	107
	212	108
	211	108
	210	109
	211	109
	209	109
	121	11
	121	10
	79	22
	80	22
	79	23
	79	21
	80	21
	78	23
	81	21
	82	21
	82	20
	85	17
	86	16
	87	16
	85	18
	85	16
	88	16
	87	15
	88	15
	86	15
	88	14
	89	14
	87	14
	90	14
	91	14
	91	13
	92	13
	90	13
	93	12
	92	12
	96	11
	178	131
	178	132
	178	130
	176	133
	177	133
	176	134
	177	134
	176	135
	177	135
	13	26
	5	26
	148	135
	150	135
	151	135
	153	135
	154	135
	149	135
	152	135
	156	135
	159	135
	161	135
	162	135
	163	135
	164	135
	165	135
	166	135
	160	135
	158	135
	157	135
	155	135
	111	135
	112	135
	113	135
	114	135
	115	135
	116	135
	148	134
	150	134
	151	134
	152	134
	153	134
	154	134
	155	134
	149	134
	156	134
	157	134
	158	134
	159	134
	160	134
	162	134
	163	134
	164	134
	165	134
	166	134
	167	134
	161	134
	168	134
	111	134
	112	134
	113	134
	114	134
	115	134
	116	134
	159	132
	158	132
	157	132
	156	132
	155	132
	154	132
	153	132
	152	132
	151	132
	150	132
	149	132
	148	132
	117	132
	115	132
	114	132
	113	132
	112	132
	111	132
	110	132
	113	133
	116	132
	116	133
	115	133
	114	133
	112	133
	111	133
	110	133
InvisibleObstacle		
AW1		
	62	71
	63	71
	61	71
	62	72
	62	70
	63	72
	63	70
	61	72
	61	70
	62	69
	63	69
	61	69
	62	68
	63	68
	61	68
	64	68
	63	67
	64	69
	64	67
	62	67
	63	66
	64	66
	62	66
	63	65
	64	65
	62	65
	63	64
	64	64
	62	64
	63	63
	64	63
	62	63
	61	64
	61	65
	61	63
	61	66
	61	67
	65	67
	65	68
	65	66
	66	68
	65	69
	66	69
	66	67
	67	69
	66	70
	67	70
	67	68
	65	70
	64	70
	65	71
	66	71
	64	71
	65	72
	66	72
	64	72
	67	71
	67	72
	68	71
	68	72
	68	70
	69	71
	69	72
	69	70
	68	69
	69	69
	68	68
	69	68
	67	67
	68	67
	67	66
	68	66
	66	66
	67	65
	65	65
	66	65
	67	64
	68	64
	66	64
	68	65
	65	64
	66	63
	67	63
	65	63
	68	63
	69	64
	69	65
	69	63
	69	66
	69	67
