Key	CellX	CellY
VisibleObstacle		
	26	2
	27	2
	25	2
	26	3
	26	1
	27	3
	27	1
	25	3
	25	1
	28	2
	28	3
	28	1
	29	2
	29	3
	29	1
	30	2
	30	3
	30	1
	31	2
	31	3
	31	1
	32	2
	32	3
	32	1
	33	2
	33	3
	33	1
	34	2
	34	3
	34	1
	35	2
	35	3
	35	1
	36	2
	36	3
	36	1
	37	2
	37	3
	37	1
	38	2
	38	3
	38	1
	39	2
	39	3
	39	1
	40	2
	40	3
	40	1
	41	2
	41	3
	41	1
	42	2
	42	3
	42	1
	43	2
	43	3
	43	1
	44	2
	44	3
	44	1
	45	2
	45	3
	45	1
	46	2
	46	3
	46	1
	47	2
	47	3
	47	1
	48	2
	48	3
	48	1
	49	2
	49	3
	49	1
	50	2
	50	3
	50	1
	51	2
	51	3
	51	1
	24	3
	23	3
	24	4
	24	2
	25	4
	23	4
	23	2
	24	5
	25	5
	23	5
	24	6
	25	6
	23	6
	24	7
	25	7
	23	7
	24	8
	25	8
	23	8
	24	9
	25	9
	23	9
	24	10
	25	10
	23	10
	24	31
	25	31
	23	31
	24	32
	24	30
	25	32
	25	30
	23	32
	23	30
	24	29
	25	29
	23	29
	24	28
	25	28
	23	28
	24	27
	25	27
	23	27
	24	26
	25	26
	23	26
	24	25
	25	25
	23	25
	24	24
	25	24
	23	24
	24	23
	25	23
	23	23
	24	22
	25	22
	23	22
	24	21
	25	21
	23	21
	24	20
	25	20
	23	20
	24	19
	25	19
	23	19
	24	18
	25	18
	23	18
	24	17
	25	17
	23	17
	24	16
	25	16
	23	16
	24	15
	25	15
	23	15
	24	14
	25	14
	23	14
	24	13
	25	13
	23	13
	24	12
	25	12
	23	12
	24	11
	25	11
	23	11
	58	3
	58	1
	57	1
	58	15
	56	17
	56	14
	58	17
	57	14
	57	17
	56	18
	58	18
	57	18
	56	19
	58	19
	57	19
	56	20
	58	20
	57	20
	56	21
	58	21
	57	21
	56	22
	58	22
	57	22
	56	23
	58	23
	57	23
	56	24
	58	24
	57	24
	59	24
	61	24
	60	24
	61	25
	60	23
	60	25
	59	23
	59	25
	61	23
	59	26
	61	26
	60	26
	59	27
	61	27
	60	27
	59	30
	61	28
	60	31
	61	31
	59	28
	59	31
	60	32
	60	28
	61	32
	59	32
	60	29
	60	33
	61	33
	60	30
	59	33
	60	34
	61	30
	61	34
	59	34
	59	29
	60	35
	25	35
	25	33
	24	33
	59	35
	61	35
	24	35
	60	36
	59	36
	23	34
	25	34
	24	34
	61	36
	61	29
	23	35
	23	33
	24	36
	25	36
	23	36
	24	37
	25	37
	23	37
	24	38
	25	38
	23	38
	24	39
	25	39
	23	39
	24	40
	25	40
	23	40
	57	64
	23	41
	24	41
	55	64
	56	64
	23	42
	24	42
	56	65
	23	43
	24	43
	56	63
	25	42
	25	43
	25	41
	24	44
	25	44
	23	44
	56	15
	57	15
	58	14
	56	13
	56	16
	58	13
	58	16
	57	13
	57	16
	56	12
	58	12
	57	12
	56	11
	58	11
	57	11
	56	10
	58	10
	57	10
	56	9
	58	9
	57	9
	56	8
	58	8
	57	8
	56	7
	58	7
	57	7
	56	4
	56	6
	58	4
	58	6
	57	4
	57	6
	56	5
	58	5
	57	5
	57	65
	57	63
	55	65
	55	63
	56	62
	57	62
	55	62
	56	61
	57	61
	55	61
	56	60
	57	60
	55	60
	56	59
	57	59
	55	59
	56	58
	57	58
	55	58
	56	57
	57	57
	55	57
	56	56
	57	56
	55	56
	59	38
	61	38
	60	38
	61	39
	60	37
	60	39
	59	37
	59	39
	61	37
	59	40
	61	40
	60	40
	56	2
	55	3
	56	3
	58	2
	57	2
	55	2
	55	1
	57	3
	56	1
	52	1
	52	3
	54	1
	54	3
	53	1
	53	3
	52	2
	54	2
	53	2
	59	42
	61	42
	60	42
	59	41
	59	43
	61	41
	61	43
	60	41
	60	43
	59	45
	61	45
	60	45
	61	46
	60	44
	60	46
	59	44
	59	46
	61	44
	59	47
	61	47
	60	47
	21	43
	22	43
	20	43
	21	44
	21	42
	22	44
	22	42
	20	44
	20	42
	19	43
	19	44
	19	42
	18	43
	18	44
	18	42
	17	43
	17	44
	17	42
	17	64
	18	64
	16	64
	17	65
	17	63
	18	65
	18	63
	16	65
	16	63
	17	62
	18	62
	16	62
	17	61
	18	61
	16	61
	17	60
	18	60
	16	60
	17	59
	18	59
	16	59
	17	58
	18	58
	16	58
	17	57
	18	57
	16	57
	17	56
	18	56
	16	56
	17	55
	18	55
	16	55
	17	54
	18	54
	16	54
	17	53
	18	53
	16	53
	17	52
	18	52
	16	52
	17	51
	18	51
	16	51
	17	50
	18	50
	16	50
	17	49
	18	49
	16	49
	17	48
	18	48
	16	48
	17	47
	18	47
	16	47
	17	46
	18	46
	16	46
	17	45
	18	45
	16	45
	16	43
	16	44
	16	42
	17	67
	18	67
	16	67
	17	68
	17	66
	18	68
	18	66
	16	68
	16	66
	17	69
	18	69
	16	69
	17	70
	18	70
	16	70
	17	71
	18	71
	16	71
	17	72
	18	72
	16	72
	17	73
	18	73
	16	73
	17	74
	18	74
	16	74
	17	75
	18	75
	16	75
	17	76
	18	76
	16	76
	17	77
	18	77
	16	77
	17	78
	18	78
	16	78
	17	79
	18	79
	16	79
	17	80
	18	80
	16	80
	17	81
	18	81
	16	81
	56	67
	57	67
	55	67
	56	68
	56	66
	57	68
	57	66
	55	68
	55	66
	56	69
	57	69
	55	69
	56	70
	57	70
	55	70
	56	71
	57	71
	55	71
	56	72
	57	72
	55	72
	56	73
	57	73
	55	73
	56	74
	57	74
	55	74
	56	75
	57	75
	55	75
	56	76
	57	76
	55	76
	56	77
	57	77
	55	77
	56	78
	57	78
	55	78
	56	79
	57	79
	55	79
	56	80
	57	80
	55	80
	56	81
	57	81
	55	81
	17	82
	18	82
	16	82
	17	83
	18	83
	16	83
	19	82
	19	83
	19	81
	20	82
	20	83
	20	81
	21	82
	21	83
	21	81
	22	82
	22	83
	22	81
	23	82
	23	83
	23	81
	24	82
	24	83
	24	81
	25	82
	25	83
	25	81
	26	82
	26	83
	26	81
	27	82
	27	83
	27	81
	28	82
	28	83
	28	81
	29	82
	29	83
	29	81
	30	82
	30	83
	30	81
	31	82
	31	83
	31	81
	32	82
	32	83
	32	81
	33	82
	33	83
	33	81
	34	82
	34	83
	34	81
	35	82
	35	83
	35	81
	36	82
	36	83
	36	81
	37	82
	37	83
	37	81
	38	82
	38	83
	38	81
	39	82
	39	83
	39	81
	40	82
	40	83
	40	81
	41	82
	41	83
	41	81
	42	82
	42	83
	42	81
	43	82
	43	83
	43	81
	44	82
	44	83
	44	81
	45	82
	45	83
	45	81
	46	82
	46	83
	46	81
	47	82
	47	83
	47	81
	48	82
	48	83
	48	81
	49	82
	49	83
	49	81
	50	82
	50	83
	50	81
	51	82
	51	83
	51	81
	52	82
	52	83
	52	81
	53	82
	53	83
	53	81
	54	82
	54	83
	54	81
	55	82
	56	82
	57	82
	56	83
	57	83
	55	83
	54	60
	54	59
	54	61
	60	48
	61	48
	59	48
	60	49
	61	49
	59	49
	60	50
	61	50
	59	50
	60	51
	61	51
	59	51
	56	55
	57	55
	55	55
	58	56
	58	57
	58	55
	59	56
	59	57
	59	55
	60	56
	60	57
	60	55
	61	56
	61	57
	61	55
	60	53
	61	53
	59	53
	60	54
	60	52
	61	54
	61	52
	59	54
	59	52
	14	82
	15	82
	13	82
	14	83
	14	81
	15	83
	15	81
	13	83
	13	81
	14	80
	15	80
	13	80
	14	79
	15	79
	13	79
	14	78
	15	78
	13	78
	14	77
	15	77
	13	77
	14	76
	15	76
	13	76
	14	75
	15	75
	13	75
	14	74
	15	74
	13	74
	15	73
	14	73
	15	72
	14	72
	15	71
	14	71
	15	70
	14	70
	13	71
	13	72
	13	70
	13	73
	14	69
	15	69
	13	69
	14	68
	15	68
	13	68
	14	67
	15	67
	13	67
	14	66
	15	66
	13	66
	14	65
	15	65
	13	65
	15	64
	14	64
	15	63
	14	63
	15	62
	14	62
	13	63
	13	64
	13	62
	14	61
	15	61
	13	61
	14	60
	15	60
	13	60
	14	59
	15	59
	13	59
	14	58
	15	58
	13	58
	14	57
	15	57
	13	57
	14	56
	15	56
	13	56
	14	55
	15	55
	13	55
	14	54
	15	54
	13	54
	14	53
	15	53
	13	53
	14	52
	15	52
	13	52
	14	51
	15	51
	13	51
	14	50
	15	50
	13	50
	14	49
	15	49
	13	49
	14	48
	15	48
	13	48
	14	47
	15	47
	13	47
	14	46
	15	46
	13	46
	14	45
	15	45
	13	45
	14	44
	15	44
	13	44
	14	43
	15	43
	13	43
	14	42
	15	42
	13	42
	14	40
	15	40
	13	40
	14	41
	14	39
	15	41
	15	39
	13	41
	13	39
	16	40
	16	41
	16	39
	17	40
	17	41
	17	39
	18	40
	18	41
	18	39
	19	40
	19	41
	19	39
	20	40
	20	41
	20	39
	21	40
	21	41
	21	39
	22	40
	22	41
	22	39
	21	38
	22	38
	20	38
	21	37
	22	37
	20	37
	21	36
	22	36
	20	36
	22	35
	21	35
	22	34
	21	34
	22	33
	21	33
	20	34
	20	35
	20	33
	21	32
	22	32
	20	32
	21	31
	22	31
	20	31
	21	30
	22	30
	20	30
	21	29
	22	29
	20	29
	21	28
	22	28
	20	28
	21	27
	22	27
	20	27
	21	26
	22	26
	20	26
	21	25
	22	25
	20	25
	21	24
	22	24
	20	24
	21	23
	22	23
	20	23
	21	22
	22	22
	20	22
	21	21
	22	21
	20	21
	21	20
	22	20
	20	20
	21	19
	22	19
	20	19
	21	18
	22	18
	20	18
	21	17
	22	17
	20	17
	21	16
	22	16
	20	16
	21	15
	22	15
	20	15
	21	14
	22	14
	20	14
	21	13
	22	13
	20	13
	21	12
	22	12
	20	12
	21	11
	22	11
	20	11
	22	10
	21	10
	22	9
	21	9
	22	8
	21	8
	22	7
	21	7
	22	6
	21	6
	20	8
	20	9
	20	7
	20	10
	20	6
	21	5
	22	5
	20	5
	21	4
	22	4
	20	4
	21	3
	22	3
	20	3
	21	2
	22	2
	20	2
	21	1
	22	1
	20	1
	21	0
	22	0
	20	0
	23	1
	23	0
	24	1
	24	0
	25	0
	26	0
	27	0
	28	0
	29	0
	30	0
	31	0
	32	0
	33	0
	34	0
	35	0
	36	0
	37	0
	38	0
	39	0
	40	0
	41	0
	42	0
	43	0
	44	0
	45	0
	46	0
	47	0
	48	0
	49	0
	50	0
	51	0
	52	0
	53	0
	54	0
	55	0
	56	0
	57	0
	58	0
	59	0
	59	1
	60	0
	60	1
	60	22
	61	22
	59	22
	60	21
	61	21
	59	21
	60	20
	61	20
	59	20
	60	19
	61	19
	59	19
	60	18
	61	18
	59	18
	60	17
	61	17
	59	17
	60	16
	61	16
	59	16
	60	15
	61	15
	59	15
	60	14
	61	14
	59	14
	60	13
	61	13
	59	13
	60	12
	61	12
	59	12
	60	11
	61	11
	59	11
	60	10
	61	10
	59	10
	60	9
	61	9
	59	9
	60	8
	61	8
	59	8
	60	7
	61	7
	59	7
	60	6
	61	6
	59	6
	60	5
	61	5
	59	5
	60	4
	61	4
	59	4
	60	3
	61	3
	59	3
	60	2
	61	2
	59	2
	61	1
	61	0
	63	56
	64	56
	62	56
	63	57
	63	55
	64	57
	64	55
	62	57
	62	55
	63	54
	64	54
	62	54
	63	53
	64	53
	62	53
	63	52
	64	52
	62	52
	63	51
	64	51
	62	51
	63	50
	64	50
	62	50
	63	49
	64	49
	62	49
	63	48
	64	48
	62	48
	63	47
	64	47
	62	47
	63	46
	64	46
	62	46
	63	45
	64	45
	62	45
	63	44
	64	44
	62	44
	63	43
	64	43
	62	43
	63	42
	64	42
	62	42
	63	41
	64	41
	62	41
	63	40
	64	40
	62	40
	63	39
	64	39
	62	39
	63	38
	64	38
	62	38
	63	37
	64	37
	62	37
	63	36
	64	36
	62	36
	63	35
	64	35
	62	35
	63	34
	64	34
	62	34
	63	33
	64	33
	62	33
	63	32
	64	32
	62	32
	63	31
	64	31
	62	31
	63	30
	64	30
	62	30
	63	29
	64	29
	62	29
	62	28
	63	28
	62	27
	63	27
	62	26
	63	26
	62	25
	63	25
	62	24
	63	24
	64	25
	64	26
	64	24
	64	27
	64	28
	63	23
	64	23
	62	23
	63	22
	64	22
	62	22
	63	21
	64	21
	62	21
	63	20
	64	20
	62	20
	63	19
	64	19
	62	19
	59	82
	60	82
	58	82
	59	83
	59	81
	60	83
	60	81
	58	83
	58	81
	59	80
	60	80
	58	80
	59	79
	60	79
	58	79
	59	78
	60	78
	58	78
	59	77
	60	77
	58	77
	59	76
	60	76
	58	76
	59	75
	60	75
	58	75
	59	74
	60	74
	58	74
	59	73
	60	73
	58	73
	59	72
	60	72
	58	72
	59	71
	60	71
	58	71
	59	70
	60	70
	58	70
	59	69
	60	69
	58	69
	59	68
	60	68
	58	68
	59	67
	60	67
	58	67
	59	66
	60	66
	58	66
	59	65
	60	65
	58	65
	59	64
	60	64
	58	64
	59	63
	60	63
	58	63
	59	62
	60	62
	58	62
	59	61
	60	61
	58	61
	59	60
	60	60
	58	60
	59	59
	60	59
	58	59
	59	58
	60	58
	58	58
	61	58
	62	58
	61	59
	62	59
	14	85
	15	85
	13	85
	14	86
	14	84
	15	86
	15	84
	13	86
	13	84
	16	85
	16	86
	16	84
	17	85
	17	86
	17	84
	18	84
	18	85
	19	84
	19	85
	20	84
	20	85
	21	84
	21	85
	19	86
	20	86
	18	86
	21	86
	22	85
	22	86
	22	84
	23	85
	23	86
	23	84
	24	85
	24	86
	24	84
	25	85
	25	86
	25	84
	26	85
	26	86
	26	84
	27	85
	27	86
	27	84
	28	85
	28	86
	28	84
	29	85
	29	86
	29	84
	30	85
	30	86
	30	84
	31	85
	31	86
	31	84
	32	85
	32	86
	32	84
	33	85
	33	86
	33	84
	34	85
	34	86
	34	84
	35	85
	35	86
	35	84
	36	85
	36	86
	36	84
	37	85
	37	86
	37	84
	38	85
	38	86
	38	84
	39	85
	39	86
	39	84
	40	85
	40	86
	40	84
	41	85
	41	86
	41	84
	42	85
	42	86
	42	84
	43	85
	43	86
	43	84
	44	85
	44	86
	44	84
	45	85
	45	86
	45	84
	46	85
	46	86
	46	84
	47	85
	47	86
	47	84
	48	84
	48	85
	49	84
	49	85
	50	84
	50	85
	51	84
	51	85
	52	84
	52	85
	53	84
	53	85
	49	86
	50	86
	48	86
	51	86
	52	86
	53	86
	54	85
	54	86
	54	84
	55	85
	55	86
	55	84
	56	85
	56	86
	56	84
	57	85
	57	86
	57	84
	58	85
	58	86
	58	84
	59	85
	59	86
	59	84
	60	85
	60	86
	60	84
	61	60
	61	61
	37	60
	37	61
InvisibleObstacle		
DS1		
	29	13
	30	13
	28	13
	29	14
	29	12
	30	14
	30	12
	28	14
	28	12
	31	13
	32	13
	31	14
	31	12
	32	14
	32	12
	33	13
	33	14
	33	12
	32	10
	33	10
	31	10
	32	11
	32	9
	33	11
	33	9
	31	11
	31	9
	29	10
	30	10
	28	10
	29	11
	29	9
	30	11
	30	9
	28	11
	28	9
ZY1		
	43	13
	44	13
	42	13
	43	14
	43	12
	44	14
	44	12
	42	14
	42	12
	46	13
	47	13
	45	13
	46	14
	46	12
	47	14
	47	12
	45	14
	45	12
	46	10
	47	10
	45	10
	46	11
	46	9
	47	11
	47	9
	45	11
	45	9
	43	10
	44	10
	42	10
	43	11
	43	9
	44	11
	44	9
	42	11
	42	9
AW1		
	27	25
	28	25
	26	25
	27	26
	27	24
	28	26
	28	24
	26	26
	26	24
	29	25
	29	26
	29	24
	31	25
	32	25
	30	25
	31	26
	31	24
	32	26
	32	24
	30	26
	30	24
	33	25
	34	25
	33	26
	33	24
	34	26
	34	24
	35	25
	36	25
	35	26
	35	24
	36	26
	36	24
	38	25
	39	25
	37	25
	38	26
	38	24
	39	26
	39	24
	37	26
	37	24
	40	25
	41	25
	40	26
	40	24
	41	26
	41	24
	43	25
	44	25
	42	25
	43	26
	43	24
	44	26
	44	24
	42	26
	42	24
	45	25
	46	25
	45	26
	45	24
	46	26
	46	24
	47	25
	48	25
	47	26
	47	24
	48	26
	48	24
	49	25
	50	25
	49	26
	49	24
	50	26
	50	24
	51	25
	51	26
	51	24
	53	25
	54	25
	52	25
	53	26
	53	24
	54	26
	54	24
	52	26
	52	24
	56	25
	57	25
	55	25
	56	26
	56	24
	57	26
	57	24
	55	26
	55	24
	58	25
	58	26
	58	24
