Key	CellX	CellY
VisibleObstacle		
	36	70
	37	70
	35	70
	36	71
	36	69
	37	71
	37	69
	35	71
	35	69
	36	72
	37	72
	35	72
	38	71
	38	72
	38	70
	37	73
	38	73
	36	73
	39	72
	39	73
	39	71
	40	73
	39	74
	40	74
	40	72
	38	74
	41	73
	41	74
	47	75
	46	74
	42	74
	47	74
	41	75
	42	75
	40	75
	43	74
	43	75
	48	75
	44	74
	44	75
	49	75
	43	76
	44	76
	42	76
	45	75
	45	76
	50	75
	46	75
	46	76
	45	74
	45	73
	47	76
	51	75
	46	77
	47	77
	45	77
	48	76
	48	77
	44	73
	49	76
	49	77
	42	73
	50	76
	50	77
	53	76
	49	78
	50	78
	48	78
	51	77
	51	78
	51	76
	52	77
	52	78
	52	76
	53	77
	53	78
	54	76
	54	77
	54	78
	56	76
	53	79
	54	79
	52	79
	55	78
	55	79
	55	77
	56	78
	56	79
	56	77
	57	78
	57	79
	57	77
	58	78
	58	79
	58	77
	59	78
	59	79
	59	77
	60	78
	60	79
	60	77
	61	78
	61	79
	63	76
	62	78
	62	79
	62	76
	63	78
	63	79
	61	76
	64	78
	64	79
	64	77
	65	78
	65	79
	65	77
	64	76
	65	76
	60	76
	66	77
	66	78
	66	76
	67	77
	67	78
	67	76
	68	77
	68	78
	68	76
	69	76
	61	77
	69	77
	69	75
	63	77
	70	76
	70	77
	70	75
	71	76
	71	77
	71	75
	72	76
	72	77
	72	75
	66	75
	72	74
	62	77
	73	75
	73	76
	73	74
	74	75
	74	76
	74	74
	68	75
	70	74
	67	75
	75	74
	75	75
	75	73
	76	74
	76	75
	76	73
	71	74
	72	73
	57	76
	77	73
	77	74
	77	72
	78	73
	78	74
	78	72
	73	73
	78	71
	55	76
	79	72
	79	73
	79	71
	80	72
	80	73
	80	71
	74	72
	80	70
	74	73
	81	71
	81	72
	81	70
	80	69
	81	69
	76	72
	82	70
	82	71
	82	69
	81	68
	82	68
	75	72
	83	69
	83	70
	83	68
	77	71
	83	67
	76	71
	84	68
	84	69
	84	67
	79	70
	84	66
	78	70
	85	67
	85	68
	85	66
	80	68
	85	65
	79	69
	86	66
	86	67
	86	65
	87	65
	86	64
	87	66
	87	64
	81	67
	86	63
	87	63
	82	66
	88	64
	88	65
	88	63
	87	62
	88	62
	82	67
	86	61
	88	61
	85	63
	89	62
	89	63
	89	61
	87	60
	89	60
	84	64
	90	61
	90	62
	90	60
	89	59
	90	59
	86	62
	84	65
	90	58
	87	61
	91	59
	91	60
	91	58
	83	65
	91	57
	83	66
	85	64
	91	56
	88	59
	87	59
	91	55
	88	60
	92	56
	92	57
	92	55
	91	54
	92	54
	88	58
	91	53
	92	53
	89	58
	89	57
	92	52
	90	55
	93	53
	93	54
	93	52
	92	51
	93	51
	88	57
	92	50
	93	50
	89	56
	90	57
	93	49
	89	55
	90	56
	93	48
	90	54
	94	48
	93	47
	94	49
	94	47
	91	52
	93	46
	94	46
	91	51
	93	45
	94	45
	92	48
	93	44
	94	44
	92	46
	93	43
	94	43
	92	45
	93	42
	94	42
	92	44
	93	41
	94	41
	92	49
	92	47
	94	40
	91	49
	91	47
	94	39
	91	50
	91	48
	94	38
	91	38
	93	37
	94	37
	92	39
	92	42
	92	36
	93	36
	92	40
	91	36
	92	35
	93	35
	92	41
	92	34
	93	34
	92	43
	92	33
	93	33
	91	33
	92	32
	93	32
	91	32
	91	35
	91	34
	92	37
	92	31
	93	31
	91	31
	92	30
	93	30
	91	30
	91	37
	90	30
	91	29
	92	29
	90	29
	91	28
	92	28
	90	28
	91	27
	92	27
	90	27
	89	27
	90	26
	91	26
	89	28
	89	26
	90	25
	91	25
	89	25
	90	24
	91	24
	89	24
	88	25
	88	26
	88	24
	89	23
	90	23
	88	23
	87	24
	93	40
	87	23
	88	22
	89	22
	87	22
	93	39
	92	38
	86	22
	87	21
	88	21
	86	21
	89	29
	93	38
	85	21
	89	30
	85	20
	86	20
	88	28
	90	31
	85	19
	86	19
	84	19
	90	32
	88	27
	83	19
	84	18
	85	18
	83	18
	82	19
	87	26
	82	18
	83	17
	84	17
	82	17
	87	25
	84	22
	81	17
	82	16
	83	16
	81	16
	85	22
	86	23
	80	16
	81	15
	82	15
	80	15
	85	23
	84	20
	79	15
	84	21
	83	20
	78	15
	79	14
	80	14
	78	14
	86	24
	83	21
	77	14
	76	14
	77	13
	78	13
	82	20
	76	13
	77	12
	78	12
	76	12
	75	13
	81	18
	75	12
	76	11
	77	11
	75	11
	74	12
	81	19
	74	11
	73	12
	77	15
	73	11
	76	15
	80	18
	72	11
	80	17
	74	13
	71	11
	72	10
	73	10
	71	10
	70	11
	79	17
	70	10
	79	16
	73	13
	69	10
	70	9
	71	9
	69	9
	68	10
	75	14
	68	9
	67	10
	72	13
	67	9
	78	16
	72	12
	66	9
	67	8
	68	8
	66	8
	65	9
	71	12
	65	8
	64	9
	74	14
	64	8
	63	9
	70	12
	63	8
	64	7
	65	7
	63	7
	62	8
	62	9
	62	7
	61	8
	69	11
	61	7
	60	8
	67	11
	60	7
	59	8
	68	11
	59	7
	58	8
	66	10
	58	7
	57	8
	65	10
	57	7
	56	8
	63	10
	56	7
	55	8
	55	9
	55	7
	54	8
	54	9
	54	7
	53	8
	53	9
	53	7
	52	8
	52	9
	52	7
	51	8
	51	9
	51	7
	50	8
	50	9
	50	7
	62	10
	61	10
	61	9
	49	9
	49	10
	49	8
	48	9
	48	10
	48	8
	57	9
	64	10
	60	9
	47	10
	59	9
	47	9
	46	10
	46	11
	46	9
	45	10
	45	11
	45	9
	58	9
	56	10
	56	9
	44	11
	44	12
	44	10
	43	11
	43	12
	43	10
	42	11
	42	12
	42	10
	41	11
	41	12
	41	10
	42	13
	41	13
	40	12
	40	13
	40	11
	39	13
	39	14
	39	12
	38	13
	38	14
	38	12
	37	13
	37	14
	37	12
	38	15
	37	15
	36	14
	36	15
	36	13
	37	16
	36	16
	35	15
	35	16
	35	14
	35	17
	34	16
	34	17
	34	15
	34	18
	33	17
	33	18
	33	16
	33	19
	32	18
	32	19
	32	17
	32	20
	31	19
	31	20
	31	18
	31	21
	30	20
	30	21
	30	19
	29	21
	30	22
	31	22
	29	22
	29	20
	29	23
	28	22
	28	23
	28	21
	28	24
	28	25
	27	24
	27	25
	27	23
	28	26
	27	26
	27	27
	27	28
	26	27
	26	28
	26	26
	25	28
	23	40
	23	41
	22	40
	22	41
	23	42
	22	42
	23	43
	22	43
	23	44
	22	44
	23	45
	25	46
	22	45
	23	46
	24	46
	22	46
	23	47
	24	47
	22	47
	23	48
	24	48
	22	48
	25	47
	29	58
	25	42
	24	49
	28	58
	23	49
	24	50
	28	57
	23	50
	30	60
	25	51
	31	62
	29	59
	24	51
	25	52
	28	56
	24	52
	25	53
	27	56
	24	53
	25	54
	26	52
	24	54
	33	64
	34	65
	32	63
	26	51
	27	55
	25	55
	26	56
	26	53
	25	56
	35	67
	36	67
	35	66
	26	50
	25	48
	26	57
	27	58
	26	48
	26	58
	27	59
	26	49
	26	59
	38	69
	27	54
	37	68
	28	60
	29	60
	27	60
	28	61
	29	61
	27	61
	28	62
	29	62
	27	62
	30	61
	30	62
	39	70
	29	63
	30	63
	28	63
	41	72
	31	63
	40	71
	30	64
	31	64
	29	64
	30	65
	31	65
	29	65
	32	64
	32	65
	41	71
	31	66
	32	66
	30	66
	31	67
	32	67
	30	67
	33	66
	33	67
	33	65
	34	67
	33	68
	34	68
	34	66
	32	68
	43	73
	35	68
	43	72
	34	69
	33	69
	36	68
	42	72
	34	70
	35	73
	36	74
	37	74
	35	74
	36	75
	37	75
	35	75
	36	76
	37	76
	35	76
	36	77
	37	77
	35	77
	38	76
	38	77
	38	75
	39	76
	39	77
	39	75
	38	78
	39	78
	37	78
	40	77
	40	78
	40	76
	41	77
	41	78
	41	76
	40	79
	41	79
	39	79
	42	78
	42	79
	42	77
	43	78
	43	79
	43	77
	44	78
	44	79
	44	77
	43	80
	44	80
	42	80
	45	79
	45	80
	45	78
	46	79
	46	80
	46	78
	47	80
	46	81
	47	81
	47	79
	45	81
	48	80
	48	81
	48	79
	49	80
	49	81
	49	79
	50	80
	50	81
	50	79
	49	82
	50	82
	48	82
	51	81
	51	82
	51	80
	52	81
	52	82
	52	80
	47	78
	51	79
	53	80
	53	81
	54	80
	54	81
	53	82
	54	82
	55	81
	55	82
	55	80
	56	81
	56	82
	56	80
	57	81
	57	82
	57	80
	58	81
	58	82
	58	80
	59	81
	59	82
	59	80
	60	81
	60	82
	60	80
	61	81
	61	82
	61	80
	62	81
	62	82
	62	80
	63	81
	63	82
	63	80
	64	81
	64	82
	64	80
	65	81
	65	82
	65	80
	66	81
	66	82
	66	80
	67	81
	67	82
	67	80
	68	81
	68	82
	68	80
	67	79
	68	79
	66	79
	69	80
	69	81
	69	79
	70	80
	70	81
	70	79
	71	80
	71	81
	71	79
	70	78
	71	78
	69	78
	72	79
	72	80
	72	78
	73	78
	73	79
	73	77
	74	78
	74	79
	74	77
	75	77
	75	78
	75	76
	76	77
	76	78
	76	76
	77	77
	77	78
	77	76
	78	77
	78	78
	78	76
	77	75
	78	75
	79	76
	79	77
	79	75
	80	75
	79	74
	80	76
	80	74
	81	75
	81	76
	81	74
	81	73
	82	74
	82	75
	82	73
	82	72
	83	73
	83	74
	83	72
	83	71
	84	71
	84	72
	84	70
	85	71
	85	72
	85	70
	85	69
	86	70
	86	71
	86	69
	86	68
	87	69
	87	70
	87	68
	87	67
	88	68
	88	69
	88	67
	89	68
	89	69
	89	67
	88	66
	89	66
	90	67
	90	68
	90	66
	89	65
	90	65
	91	66
	91	67
	91	65
	90	64
	91	64
	89	64
	90	63
	91	63
	92	64
	92	65
	92	63
	91	62
	92	62
	91	61
	92	61
	93	62
	93	63
	93	61
	92	60
	93	60
	92	59
	93	59
	92	58
	93	58
	93	57
	94	58
	94	59
	94	57
	93	56
	94	56
	93	55
	94	55
	95	55
	94	54
	95	56
	95	54
	94	53
	95	53
	94	52
	95	52
	94	51
	95	51
	96	52
	96	53
	96	51
	95	50
	96	50
	94	50
	95	49
	96	49
	95	48
	96	48
	95	47
	96	47
	97	48
	97	49
	97	47
	96	46
	97	46
	95	46
	96	45
	97	45
	95	45
	96	44
	97	44
	95	44
	96	43
	97	43
	95	43
	96	42
	97	42
	95	42
	96	41
	97	41
	95	41
	96	40
	97	40
	95	40
	96	39
	97	39
	95	39
	96	38
	97	38
	95	38
	95	37
	96	37
	95	36
	96	36
	94	36
	95	35
	96	35
	94	35
	95	34
	96	34
	94	34
	95	33
	96	33
	94	33
	95	32
	96	32
	94	32
	95	31
	96	31
	94	31
	95	30
	96	30
	94	30
	97	34
	97	35
	97	33
	97	32
	95	29
	96	29
	94	29
	93	29
	94	28
	95	28
	93	28
	94	27
	95	27
	93	27
	93	26
	94	26
	92	26
	92	25
	93	25
	92	24
	93	24
	91	23
	92	23
	91	22
	92	22
	90	22
	90	21
	91	21
	89	21
	90	20
	91	20
	89	20
	88	20
	89	19
	90	19
	88	19
	87	19
	88	18
	89	18
	87	20
	87	18
	88	17
	89	17
	87	17
	86	18
	86	17
	87	16
	88	16
	86	16
	85	17
	85	16
	84	16
	85	15
	86	15
	84	15
	83	15
	84	14
	85	14
	83	14
	82	14
	83	13
	84	13
	82	13
	81	14
	81	13
	80	13
	81	12
	82	12
	80	12
	79	13
	79	12
	80	11
	81	11
	79	11
	80	10
	81	10
	79	10
	78	11
	78	10
	79	9
	80	9
	78	9
	77	10
	77	9
	76	10
	76	9
	77	8
	78	8
	76	8
	75	9
	75	10
	75	8
	74	9
	74	10
	74	8
	73	9
	73	8
	74	7
	75	7
	73	7
	72	8
	72	9
	72	7
	71	8
	71	7
	72	6
	73	6
	71	6
	70	7
	70	8
	70	6
	69	7
	69	8
	69	6
	70	5
	71	5
	69	5
	68	6
	68	7
	68	5
	67	6
	67	7
	67	5
	66	6
	66	7
	66	5
	67	4
	68	4
	66	4
	65	5
	65	6
	65	4
	64	5
	64	6
	64	4
	63	5
	63	6
	63	4
	62	5
	62	6
	62	4
	61	5
	61	6
	61	4
	60	5
	60	6
	60	4
	59	5
	59	6
	59	4
	58	5
	58	6
	58	4
	57	5
	57	6
	57	4
	56	5
	56	6
	56	4
	55	5
	55	6
	55	4
	54	5
	54	6
	54	4
	53	5
	53	6
	53	4
	52	5
	52	6
	52	4
	51	5
	51	6
	51	4
	50	5
	50	6
	50	4
	49	5
	49	6
	49	4
	48	5
	48	6
	48	4
	47	5
	47	6
	47	4
	46	5
	46	6
	46	4
	47	7
	48	7
	46	7
	45	6
	45	7
	45	5
	44	6
	44	7
	44	5
	45	8
	46	8
	44	8
	43	7
	43	8
	43	6
	44	9
	43	9
	42	8
	42	9
	42	7
	47	8
	49	7
	43	5
	42	6
	42	5
	41	7
	41	8
	41	6
	41	9
	40	8
	40	9
	40	7
	39	9
	40	10
	39	10
	39	8
	38	10
	39	11
	38	11
	38	9
	37	11
	37	10
	36	12
	36	11
	35	12
	35	13
	35	11
	34	13
	34	14
	34	12
	33	14
	33	15
	33	13
	32	14
	32	15
	32	13
	31	15
	32	16
	31	16
	31	14
	30	15
	30	16
	30	14
	31	17
	30	17
	29	16
	29	17
	29	15
	30	18
	29	18
	28	17
	28	18
	28	16
	27	18
	28	19
	29	19
	27	19
	27	17
	28	20
	27	20
	26	20
	27	21
	26	21
	26	19
	27	22
	26	22
	25	21
	25	22
	25	20
	26	23
	25	23
	26	24
	25	24
	24	23
	24	24
	24	22
	25	25
	26	25
	24	25
	25	26
	24	26
	25	27
	24	27
	23	26
	23	27
	23	25
	24	28
	23	28
	22	28
	22	27
	21	40
	20	40
	21	41
	20	41
	19	41
	20	42
	21	42
	19	42
	19	40
	20	43
	21	43
	19	43
	20	44
	21	44
	19	44
	18	43
	18	44
	18	42
	19	45
	20	45
	18	45
	19	46
	20	46
	18	46
	18	41
	18	40
	19	47
	20	47
	18	47
	19	48
	20	48
	18	48
	21	48
	20	49
	21	49
	21	47
	19	49
	20	50
	21	50
	19	50
	20	51
	21	51
	19	51
	20	52
	21	52
	19	52
	22	51
	22	52
	22	50
	21	53
	22	53
	20	53
	21	54
	22	54
	20	54
	23	53
	23	54
	23	52
	22	55
	23	55
	21	55
	24	55
	23	56
	24	56
	22	56
	23	57
	24	57
	22	57
	25	57
	24	58
	25	58
	23	58
	25	59
	24	59
	26	60
	25	60
	26	61
	26	62
	27	63
	28	64
	28	65
	29	66
	31	68
	30	68
	32	69
	34	74
	34	75
	34	73
	33	73
	34	72
	33	74
	33	72
	32	73
	32	74
	32	72
	33	71
	34	71
	32	71
	31	71
	32	70
	33	70
	31	72
	31	70
	31	69
	30	70
	30	71
	30	69
	29	67
	29	68
	28	66
	28	67
	27	64
	27	65
	26	63
	26	64
	25	61
	25	62
	24	60
	24	61
	23	59
	23	51
	22	49
	21	46
	21	45
	21	56
	21	57
	22	58
	21	58
	22	59
	21	59
	23	60
	22	60
	23	61
	22	61
	23	62
	24	62
	22	62
	23	63
	24	63
	22	63
	25	63
	24	64
	25	64
	23	64
	25	65
	26	65
	24	65
	26	66
	27	66
	25	66
	27	67
	26	67
	28	68
	27	68
	28	69
	29	69
	27	69
	29	70
	28	70
	29	71
	28	71
	30	72
	29	72
	31	73
	30	73
	94	62
	94	63
	94	61
	94	60
	95	60
	95	61
	95	59
	95	58
	96	59
	96	60
	96	58
	95	57
	96	57
	96	56
	97	56
	96	55
	97	57
	97	55
	96	54
	97	54
	97	53
	97	52
	98	53
	98	54
	98	52
	97	51
	98	51
	97	50
	98	50
	98	49
	98	48
	99	48
	98	47
	99	49
	99	47
	98	46
	99	46
	98	45
	99	45
	98	44
	99	44
	98	43
	99	43
	98	42
	99	42
	98	41
	99	41
	98	40
	99	40
	98	39
	99	39
	98	38
	99	38
	98	37
	99	37
	97	37
	97	36
	98	36
	98	35
	98	34
	33	12
	34	11
	33	11
	35	10
	36	10
	34	10
	36	9
	37	9
	35	9
	38	8
	25	40
	26	37
	25	45
	25	44
	25	41
	24	42
	25	43
	24	41
	24	43
	26	38
	25	39
	25	38
	24	40
	24	39
	24	38
	24	37
	24	36
	25	37
	25	36
	26	36
	25	35
	26	35
	26	34
	26	33
	26	32
	27	32
	27	31
	27	30
	28	30
	28	29
	28	28
	29	27
	29	28
	29	26
	30	26
	30	25
	30	24
	31	24
	31	23
	32	22
	32	23
	33	22
	33	21
	34	20
	33	20
	34	19
	35	19
	35	18
	36	18
	36	19
	35	20
	34	21
	37	17
	37	18
	38	17
	38	16
	39	16
	39	15
	40	15
	41	15
	41	14
	42	14
	43	13
	53	10
	54	10
	55	10
	40	14
	36	17
	32	21
	52	10
	51	10
	50	10
	50	11
	49	11
	48	11
	47	11
	46	12
	45	12
	47	12
	45	13
	44	13
	43	14
	30	23
	29	24
	29	25
	28	27
	27	29
	26	31
	26	29
	26	30
	24	44
	25	50
	25	49
	24	45
	26	54
	26	55
	27	57
	28	59
	24	29
	25	29
	23	29
	24	30
	25	30
	23	30
	22	31
	23	31
	21	31
	22	32
	22	30
	23	32
	21	32
	21	30
	21	33
	22	33
	20	33
	21	34
	22	34
	20	34
	20	32
	20	36
	21	36
	19	36
	20	37
	20	35
	21	37
	21	35
	19	37
	19	35
	20	39
	21	39
	19	39
	20	38
	21	38
	19	38
	22	29
	21	29
	21	28
	18	36
	18	37
	18	35
	18	38
	17	42
	17	43
	17	41
	17	44
	19	34
	20	31
	19	31
	20	30
	19	32
	19	30
	18	39
	18	34
	17	40
	17	39
	17	38
	19	33
	21	27
	22	26
	22	25
	21	26
	20	29
	19	29
	23	23
	23	24
	23	22
	24	21
	21	25
	24	20
	25	19
	24	19
	20	28
	20	27
	22	24
	25	31
	24	31
	25	32
	24	32
	25	33
	24	33
	24	34
	25	34
	23	34
	24	35
	23	35
	23	33
	23	37
	22	37
	23	38
	23	36
	22	38
	22	36
	22	39
	23	39
	22	35
	17	48
	18	49
	17	49
	17	47
	18	52
	17	52
	18	53
	18	51
	19	53
	17	53
	17	51
	18	54
	19	54
	17	54
	18	55
	19	55
	17	55
	20	55
	19	56
	20	56
	18	56
	19	57
	20	57
	18	57
	19	58
	20	58
	18	58
	21	60
	20	60
	21	61
	20	61
	20	59
	21	62
	21	63
	18	50
	17	50
	17	46
	17	45
	16	49
	16	50
	16	48
	16	47
	16	41
	16	42
	16	40
	16	39
	60	85
	61	85
	59	85
	60	86
	60	84
	61	86
	61	84
	59	86
	59	84
	60	83
	61	83
	59	83
	60	87
	61	87
	59	87
	60	88
	61	88
	59	88
	60	89
	61	89
	59	89
	62	88
	62	89
	62	87
	63	88
	64	88
	63	89
	63	87
	64	89
	64	87
	65	88
	65	89
	65	87
	66	88
	66	89
	66	87
	67	88
	67	89
	67	87
	68	88
	68	89
	68	87
	69	88
	70	88
	69	89
	69	87
	70	89
	70	87
	71	88
	71	89
	71	87
	72	88
	73	88
	72	89
	72	87
	73	89
	73	87
	74	88
	74	89
	74	87
	75	88
	75	89
	75	87
	76	88
	77	88
	76	89
	76	87
	77	89
	77	87
	78	88
	79	88
	78	89
	78	87
	79	89
	79	87
	81	88
	82	88
	80	88
	81	89
	81	87
	82	89
	82	87
	80	89
	80	87
	83	88
	84	88
	83	89
	83	87
	84	89
	84	87
	86	88
	87	88
	85	88
	86	89
	86	87
	87	89
	87	87
	85	89
	85	87
	89	88
	90	88
	88	88
	89	89
	89	87
	90	89
	90	87
	88	89
	88	87
	93	88
	94	88
	92	88
	93	89
	93	87
	94	89
	94	87
	92	89
	92	87
	95	88
	96	88
	95	89
	95	87
	96	89
	96	87
	98	88
	99	88
	97	88
	98	89
	98	87
	99	89
	99	87
	97	89
	97	87
	100	88
	100	89
	100	87
	101	88
	101	89
	101	87
	102	88
	102	89
	102	87
	103	88
	103	89
	103	87
	104	88
	104	89
	104	87
	105	88
	106	88
	105	89
	105	87
	106	89
	106	87
	107	88
	107	89
	107	87
	108	88
	108	89
	108	87
	109	88
	110	88
	109	89
	109	87
	110	89
	110	87
	111	88
	111	89
	111	87
	112	88
	113	88
	112	89
	112	87
	113	89
	113	87
	114	88
	114	89
	114	87
	115	88
	115	89
	115	87
	116	88
	116	89
	116	87
	117	88
	117	89
	117	87
	118	88
	118	89
	118	87
	119	88
	119	89
	119	87
	91	88
	91	89
	91	87
	62	86
	63	86
	62	85
	63	85
	62	84
	63	84
	64	85
	64	86
	64	84
	63	83
	64	83
	62	83
	65	84
	65	85
	65	83
	66	85
	65	86
	66	86
	66	84
	67	85
	67	86
	67	84
	68	85
	68	86
	68	84
	69	84
	68	83
	69	85
	69	83
	67	83
	70	84
	70	85
	70	83
	69	82
	70	82
	66	83
	71	84
	71	85
	71	83
	73	84
	74	84
	72	84
	73	85
	73	83
	74	85
	74	83
	72	85
	72	83
	75	84
	75	85
	75	83
	74	82
	75	82
	73	82
	74	81
	75	81
	73	81
	74	80
	75	80
	73	80
	72	81
	72	82
	71	82
	69	86
	70	86
	71	86
	72	86
	73	86
	74	86
	75	86
	76	86
	77	86
	76	85
	77	85
	78	85
	77	84
	78	86
	78	84
	76	84
	79	84
	78	83
	79	85
	79	83
	77	83
	78	82
	79	82
	77	82
	78	81
	79	81
	77	81
	78	80
	79	80
	77	80
	76	80
	77	79
	78	79
	76	81
	76	79
	75	79
	76	82
	76	83
	79	78
	79	79
	80	78
	80	79
	80	77
	81	77
	81	78
	82	77
	82	78
	82	76
	81	79
	80	80
	80	81
	81	80
	81	81
	82	80
	82	81
	82	79
	83	79
	83	80
	83	78
	83	77
	83	76
	84	77
	84	78
	84	76
	83	75
	84	75
	84	74
	85	75
	85	76
	85	74
	84	73
	85	73
	86	74
	86	75
	86	73
	87	73
	86	72
	87	74
	87	72
	88	73
	88	74
	88	72
	89	72
	88	71
	89	73
	89	71
	87	71
	90	71
	89	70
	90	72
	90	70
	88	70
	90	69
	91	69
	91	70
	91	68
	92	69
	92	70
	92	68
	92	67
	93	68
	93	69
	93	67
	92	66
	93	66
	94	67
	94	68
	94	66
	93	65
	94	65
	95	66
	95	67
	95	65
	94	64
	95	64
	93	64
	95	63
	96	63
	95	62
	96	64
	96	62
	97	63
	97	64
	97	62
	96	61
	97	61
	98	61
	97	60
	98	62
	98	60
	97	59
	98	59
	99	59
	98	58
	99	60
	99	58
	97	58
	98	57
	99	57
	98	56
	99	56
	100	56
	99	55
	100	57
	100	55
	98	55
	99	54
	100	54
	99	53
	100	53
	99	52
	100	52
	101	52
	100	51
	101	53
	101	51
	99	51
	100	50
	101	50
	99	50
	100	49
	101	49
	100	48
	101	48
	100	47
	101	47
	100	46
	101	46
	100	45
	101	45
	100	44
	101	44
	100	43
	101	43
	100	42
	101	42
	100	41
	101	41
	100	40
	101	40
	100	39
	101	39
	100	38
	101	38
	100	37
	101	37
	100	36
	101	36
	99	36
	100	35
	101	35
	99	35
	100	34
	101	34
	99	34
	100	33
	101	33
	99	33
	100	32
	101	32
	99	32
	100	31
	101	31
	99	31
	98	31
	99	30
	100	30
	98	32
	98	30
	97	31
	97	30
	98	29
	99	29
	97	29
	97	28
	98	28
	96	28
	96	27
	97	27
	98	33
	99	28
	98	27
	96	26
	97	26
	95	26
	95	25
	96	25
	94	25
	94	24
	95	24
	94	23
	95	23
	93	23
	93	22
	94	22
	93	21
	94	21
	92	21
	92	20
	93	20
	92	19
	93	19
	91	19
	91	18
	92	18
	90	18
	91	17
	92	17
	90	17
	91	16
	92	16
	90	16
	89	16
	90	15
	91	15
	89	15
	88	15
	89	14
	90	14
	88	14
	87	15
	87	14
	88	13
	89	13
	87	13
	86	14
	86	13
	85	13
	86	12
	87	12
	85	12
	84	12
	85	11
	86	11
	84	11
	85	10
	86	10
	84	10
	83	11
	83	12
	83	10
	82	11
	82	10
	83	9
	84	9
	82	9
	81	9
	81	8
	82	8
	80	8
	79	8
	77	7
	78	7
	76	7
	74	6
	75	6
	73	5
	74	5
	72	5
	72	4
	73	4
	71	4
	70	4
	71	3
	72	3
	70	3
	69	4
	69	3
	68	3
	67	3
	68	2
	69	2
	67	2
	66	3
	66	2
	65	3
	65	2
	64	3
	64	2
	63	3
	63	2
	62	3
	62	2
	61	3
	61	2
	60	3
	60	2
	59	2
	60	1
	61	1
	59	3
	59	1
	58	2
	58	3
	58	1
	57	2
	56	2
	57	3
	57	1
	56	3
	56	1
	55	2
	55	3
	55	1
	54	2
	54	3
	54	1
	53	2
	53	3
	53	1
	52	2
	52	3
	52	1
	51	2
	51	3
	51	1
	50	2
	50	3
	50	1
	49	2
	49	3
	49	1
	48	2
	48	3
	48	1
	47	3
	47	2
	46	3
	46	2
	45	3
	45	4
	45	2
	44	4
	44	3
	43	4
	42	4
	41	5
	41	4
	40	5
	40	6
	40	4
	39	5
	39	6
	39	4
	38	5
	38	6
	38	4
	39	7
	38	7
	37	6
	37	7
	37	5
	37	8
	36	7
	36	8
	36	6
	35	8
	35	7
	34	8
	34	9
	34	7
	33	9
	33	10
	33	8
	32	9
	32	10
	32	8
	32	11
	31	11
	30	11
	31	12
	31	10
	32	12
	30	12
	30	10
	29	12
	30	13
	31	13
	29	13
	29	11
	28	13
	29	14
	28	14
	28	12
	27	13
	27	14
	27	12
	28	15
	27	15
	26	14
	26	15
	26	13
	27	16
	26	16
	25	16
	26	17
	25	17
	25	15
	23	19
	22	19
	23	20
	23	18
	24	18
	22	20
	22	18
	23	21
	22	21
	21	21
	22	22
	21	22
	21	20
	22	23
	21	23
	20	22
	20	23
	20	21
	21	24
	20	24
	20	25
	19	24
	19	25
	19	23
	21	19
	25	18
	26	18
	24	17
	24	16
	23	17
	20	26
	19	26
	19	27
	18	27
	19	28
	18	28
	18	26
	18	29
	18	30
	17	30
	18	31
	17	31
	17	29
	18	32
	17	32
	16	32
	17	33
	18	33
	16	33
	16	31
	17	34
	16	34
	15	33
	15	34
	15	32
	16	35
	17	35
	15	35
	16	36
	17	36
	15	36
	16	37
	17	37
	15	37
	14	37
	15	38
	16	38
	14	38
	14	36
	15	39
	14	39
	15	40
	14	40
	15	41
	14	41
	15	42
	14	42
	13	42
	14	43
	15	43
	13	43
	13	41
	14	44
	15	44
	13	44
	14	45
	15	45
	13	45
	14	46
	15	46
	13	46
	16	46
	15	47
	16	45
	14	47
	15	48
	14	48
	16	44
	16	43
	15	49
	14	49
	15	50
	14	50
	15	51
	16	51
	14	51
	15	52
	16	52
	14	52
	15	53
	16	53
	14	53
	16	54
	15	54
	16	55
	15	55
	16	56
	17	56
	15	56
	17	57
	16	57
	17	58
	16	58
	17	59
	18	59
	16	59
	17	60
	18	60
	16	60
	19	60
	18	61
	19	61
	19	59
	17	61
	18	62
	19	62
	17	62
	20	62
	19	63
	20	63
	18	63
	20	64
	21	64
	19	64
	20	65
	21	65
	19	65
	22	64
	22	65
	23	65
	22	66
	23	66
	21	66
	22	67
	23	67
	21	67
	22	68
	23	68
	21	68
	24	67
	24	68
	24	66
	23	69
	24	69
	22	69
	23	70
	24	70
	22	70
	25	69
	25	70
	25	68
	26	70
	25	71
	26	71
	26	69
	24	71
	27	71
	26	72
	27	72
	27	70
	25	72
	28	72
	27	73
	28	73
	26	73
	27	74
	28	74
	26	74
	25	73
	24	72
	25	67
	26	68
	29	73
	31	74
	30	74
	29	74
	30	75
	31	75
	29	75
	32	75
	33	75
	32	76
	33	76
	31	76
	27	75
	28	75
	26	75
	27	76
	28	76
	26	76
	25	74
	25	75
	24	74
	24	75
	24	73
	30	76
	34	76
	34	77
	33	77
	36	78
	35	78
	38	79
	37	79
	39	80
	40	80
	38	80
	36	79
	35	79
	36	80
	37	80
	35	80
	32	77
	31	77
	32	78
	33	78
	31	78
	30	77
	29	76
	32	79
	33	79
	31	79
	33	80
	34	80
	32	80
	33	81
	34	81
	34	79
	32	81
	35	81
	36	81
	37	81
	36	82
	37	82
	35	82
	38	81
	38	82
	39	81
	39	82
	40	81
	40	82
	41	81
	41	82
	41	80
	42	81
	42	82
	43	81
	43	82
	44	81
	44	82
	45	82
	46	82
	47	82
	47	83
	48	83
	46	83
	49	83
	50	83
	51	83
	52	83
	51	84
	52	84
	50	84
	53	83
	53	84
	54	83
	54	84
	55	83
	55	84
	56	83
	56	84
	57	83
	57	84
	56	85
	57	85
	55	85
	58	84
	58	85
	58	83
	58	86
	57	86
	56	86
	55	86
	54	85
	54	86
	53	85
	52	85
	51	85
	49	84
	50	85
	49	85
	48	84
	47	84
	45	83
	46	84
	45	84
	44	83
	43	83
	42	83
	34	78
	41	83
	40	83
	44	84
	43	84
	46	85
	47	85
	45	85
	48	85
	51	86
	52	86
	50	86
	53	86
	56	87
	57	87
	55	87
	58	87
	58	88
	58	89
	56	88
	57	88
	55	88
	56	89
	57	89
	55	89
	54	88
	54	89
	54	87
	53	88
	53	89
	53	87
	52	88
	52	89
	52	87
	51	88
	50	88
	51	89
	51	87
	50	89
	50	87
	49	87
	48	87
	49	88
	49	86
	48	88
	48	86
	47	87
	46	87
	47	88
	47	86
	46	88
	46	86
	45	87
	44	87
	45	88
	45	86
	44	88
	44	86
	43	87
	43	88
	43	86
	42	87
	42	88
	42	86
	41	87
	40	87
	41	88
	41	86
	40	88
	40	86
	39	86
	38	86
	39	87
	39	85
	40	85
	38	87
	38	85
	37	86
	37	87
	37	85
	36	86
	36	87
	36	85
	35	86
	34	86
	35	87
	35	85
	34	87
	34	85
	33	86
	33	87
	33	85
	32	85
	31	85
	32	86
	32	84
	33	84
	31	86
	31	84
	30	85
	29	85
	30	86
	30	84
	29	86
	29	84
	28	84
	29	83
	30	83
	28	85
	28	83
	27	83
	28	82
	29	82
	27	84
	27	82
	26	82
	27	81
	28	81
	26	83
	26	81
	25	81
	26	80
	27	80
	25	82
	25	80
	26	79
	27	79
	25	79
	24	80
	24	81
	24	79
	25	78
	26	78
	24	78
	31	82
	32	82
	30	82
	31	83
	31	81
	32	83
	30	81
	42	89
	43	89
	41	89
	44	89
	45	89
	46	89
	47	89
	43	85
	44	85
	42	85
	41	85
	42	84
	41	84
	40	84
	39	83
	38	83
	37	83
	36	83
	35	83
	33	82
	34	82
	31	80
	30	80
	29	80
	30	79
	29	81
	29	79
	28	80
	28	79
	27	78
	28	78
	26	77
	27	77
	25	77
	24	77
	33	83
	34	83
	34	84
	35	84
	36	84
	37	84
	38	84
	39	84
	30	78
	29	78
	29	77
	28	77
	23	73
	23	74
	23	72
	23	71
	23	75
	24	76
	25	76
	23	76
	23	77
	23	78
	22	76
	22	77
	22	75
	22	74
	21	75
	21	76
	21	74
	22	73
	21	73
	22	72
	21	72
	22	71
	21	71
	20	71
	21	70
	20	72
	20	70
	21	69
	20	69
	19	70
	19	71
	19	69
	20	68
	19	68
	20	67
	19	67
	18	67
	19	66
	20	66
	18	68
	18	66
	18	65
	17	65
	18	64
	17	66
	17	64
	17	63
	16	63
	16	64
	16	62
	16	61
	15	62
	15	63
	15	61
	15	60
	14	60
	15	59
	14	61
	14	59
	13	59
	14	58
	15	58
	13	60
	13	58
	14	57
	15	57
	13	57
	12	58
	12	59
	12	57
	13	56
	14	56
	12	56
	13	55
	14	55
	12	55
	11	55
	12	54
	13	54
	11	56
	11	54
	12	53
	13	53
	11	53
	12	52
	13	52
	11	52
	12	51
	13	51
	11	51
	13	50
	12	50
	13	49
	12	49
	14	54
	11	50
	11	49
	12	48
	13	48
	11	48
	12	47
	13	47
	11	47
	10	48
	10	49
	10	47
	12	46
	11	46
	12	45
	11	45
	10	45
	11	44
	12	44
	10	46
	10	44
	11	43
	12	43
	10	43
	11	42
	12	42
	10	42
	12	41
	11	41
	10	41
	11	40
	12	40
	10	40
	12	38
	13	38
	11	38
	12	39
	12	37
	13	39
	13	37
	11	39
	11	37
	13	36
	12	36
	13	35
	14	35
	12	35
	13	40
	11	36
	11	35
	12	34
	13	34
	11	34
	14	34
	13	33
	14	33
	12	33
	13	32
	14	32
	12	32
	14	31
	15	31
	13	31
	14	30
	15	30
	13	30
	15	29
	16	29
	14	29
	15	28
	16	30
	16	28
	14	28
	15	27
	16	27
	14	27
	17	27
	16	26
	17	28
	17	26
	15	26
	16	25
	17	25
	15	25
	18	25
	17	24
	18	24
	16	24
	18	23
	17	23
	18	22
	19	22
	17	22
	18	21
	19	21
	17	21
	19	20
	20	20
	18	20
	19	19
	20	19
	18	19
	19	18
	20	18
	18	18
	21	18
	20	17
	21	17
	19	17
	22	17
	21	16
	22	16
	20	16
	21	15
	22	15
	20	15
	23	15
	22	14
	23	16
	23	14
	21	14
	24	14
	25	14
	24	15
	24	13
	25	13
	23	13
	25	12
	26	12
	24	12
	26	11
	27	11
	25	11
	28	11
	27	10
	28	10
	26	10
	29	10
	28	9
	29	9
	27	9
	28	8
	29	8
	27	8
	30	9
	30	8
	29	7
	30	7
	28	7
	31	8
	31	9
	31	7
	32	7
	31	6
	32	6
	30	6
	31	5
	32	5
	30	5
	33	6
	33	7
	33	5
	32	4
	33	4
	31	4
	34	5
	34	6
	34	4
	35	4
	34	3
	35	5
	35	3
	33	3
	36	4
	36	5
	36	3
	37	4
	37	3
	36	2
	37	2
	35	2
	38	3
	38	2
	39	3
	39	2
	40	3
	40	2
	41	2
	40	1
	41	3
	41	1
	39	1
	42	2
	42	3
	42	1
	43	2
	43	3
	43	1
	44	2
	44	1
	45	1
	44	0
	45	0
	43	0
	46	1
	46	0
	47	1
	47	0
	48	0
	49	0
	51	0
	52	0
	50	0
	54	0
	55	0
	53	0
	56	0
	57	0
	58	0
	59	0
	60	0
	61	0
	62	1
	63	1
	62	0
	63	0
	64	1
	64	0
	65	1
	65	0
	66	1
	67	1
	66	0
	67	0
	68	1
	68	0
	69	1
	69	0
	70	1
	70	2
	70	0
	71	1
	71	2
	71	0
	72	1
	72	2
	72	0
	73	1
	74	1
	73	2
	73	0
	74	2
	74	0
	75	1
	75	2
	75	0
	76	1
	76	2
	76	0
	77	2
	78	2
	77	3
	77	1
	78	3
	78	1
	76	3
	79	2
	79	3
	79	1
	80	2
	80	3
	80	1
	81	2
	81	3
	81	1
	35	6
	74	3
	75	3
	73	3
	74	4
	75	4
	76	4
	80	6
	81	6
	79	6
	80	7
	80	5
	81	7
	81	5
	79	7
	79	5
	82	7
	82	6
	83	7
	84	7
	83	8
	83	6
	84	8
	84	6
	85	8
	85	9
	85	7
	86	9
	86	8
	87	9
	87	10
	87	8
	87	11
	88	10
	88	11
	88	9
	80	4
	81	4
	79	4
	78	4
	78	5
	77	4
	77	5
	76	5
	75	5
	76	6
	77	6
	78	6
	82	2
	82	3
	82	1
	79	0
	80	0
	78	0
	77	0
	82	4
	83	4
	82	5
	83	5
	83	3
	84	4
	84	5
	84	3
	85	5
	85	6
	85	4
	86	7
	88	8
	89	10
	89	11
	89	9
	90	10
	91	10
	90	11
	90	9
	91	11
	91	9
	92	11
	91	12
	92	12
	92	10
	90	12
	94	13
	95	13
	93	13
	94	14
	94	12
	95	14
	95	12
	93	14
	93	12
	96	15
	97	15
	95	15
	96	16
	96	14
	97	16
	97	14
	95	16
	97	17
	98	17
	96	17
	97	18
	98	18
	98	16
	96	18
	98	19
	99	19
	97	19
	98	20
	99	20
	99	18
	97	20
	99	21
	100	21
	98	21
	99	22
	100	22
	100	20
	98	22
	99	23
	100	23
	98	23
	99	24
	100	24
	98	24
	99	25
	100	25
	98	25
	99	26
	100	26
	98	26
	99	27
	100	27
	100	28
	97	25
	97	24
	97	22
	96	22
	97	23
	97	21
	96	23
	96	21
	96	20
	95	20
	96	19
	95	21
	95	19
	95	18
	94	18
	95	17
	94	19
	94	17
	93	17
	94	16
	93	18
	93	16
	93	15
	94	15
	92	15
	92	14
	92	13
	91	13
	91	14
	89	12
	89	8
	90	8
	88	7
	89	7
	87	7
	87	6
	88	6
	86	6
	94	20
	95	22
	96	24
	88	12
	90	13
	86	5
	87	5
	88	5
	87	4
	88	4
	86	4
	87	3
	88	3
	86	3
	83	2
	84	2
	83	1
	84	1
	81	0
	82	0
	83	0
	85	2
	86	2
	85	3
	85	1
	86	1
	87	2
	88	2
	87	1
	88	1
	89	2
	90	2
	89	3
	89	1
	90	3
	90	1
	91	3
	90	4
	91	4
	91	2
	89	4
	92	3
	92	4
	92	2
	93	3
	94	3
	93	4
	93	2
	94	4
	94	2
	95	3
	95	4
	95	2
	96	3
	97	3
	96	4
	96	2
	97	4
	97	2
	98	3
	99	3
	98	4
	98	2
	99	4
	99	2
	100	3
	101	3
	100	4
	100	2
	101	4
	101	2
	103	3
	104	3
	102	3
	103	4
	103	2
	104	4
	104	2
	102	4
	102	2
	105	3
	106	3
	105	4
	105	2
	106	4
	106	2
	108	3
	109	3
	107	3
	108	4
	108	2
	109	4
	109	2
	107	4
	107	2
	111	3
	112	3
	110	3
	111	4
	111	2
	112	4
	112	2
	110	4
	110	2
	113	3
	114	3
	113	4
	113	2
	114	4
	114	2
	115	3
	115	4
	115	2
	116	3
	116	4
	116	2
	117	3
	117	4
	117	2
	118	3
	118	4
	118	2
	119	2
	118	1
	119	3
	119	1
	117	1
	118	0
	119	0
	117	0
	116	1
	116	0
	115	1
	114	1
	115	0
	114	0
	113	1
	112	1
	113	0
	112	0
	111	1
	111	0
	110	1
	110	0
	109	1
	109	0
	108	1
	108	0
	107	1
	106	1
	107	0
	106	0
	105	1
	105	0
	104	1
	104	0
	103	1
	103	0
	102	1
	101	1
	102	0
	101	0
	100	1
	100	0
	99	1
	98	1
	99	0
	98	0
	97	1
	97	0
	96	1
	95	1
	96	0
	95	0
	94	1
	93	1
	94	0
	93	0
	92	1
	92	0
	91	1
	91	0
	90	0
	89	0
	88	0
	87	0
	86	0
	85	0
	84	0
	92	7
	93	7
	91	7
	92	8
	92	6
	93	8
	93	6
	91	8
	91	6
	95	9
	96	9
	94	9
	95	10
	95	8
	96	10
	96	8
	94	10
	94	8
	98	10
	99	10
	97	10
	98	11
	98	9
	99	11
	99	9
	97	11
	97	9
	100	11
	101	11
	100	12
	100	10
	101	12
	101	10
	99	12
	98	12
	97	12
	93	10
	93	11
	93	9
	94	11
	92	9
	89	6
	90	6
	89	5
	90	7
	90	5
	91	5
	94	7
	94	6
	95	7
	96	7
	97	8
	96	11
	95	11
	96	12
	97	13
	98	13
	96	13
	99	13
	98	14
	99	14
	98	15
	99	15
	100	15
	99	16
	100	16
	100	14
	99	17
	100	17
	101	17
	100	18
	101	18
	101	16
	100	19
	101	19
	101	20
	101	21
	101	22
	102	22
	101	23
	102	23
	102	21
	101	24
	102	24
	101	25
	102	25
	101	26
	102	26
	101	27
	102	27
	101	28
	102	28
	103	27
	103	28
	103	26
	102	29
	103	29
	101	29
	102	30
	103	30
	101	30
	102	31
	103	31
	104	30
	104	31
	104	29
	103	32
	104	32
	102	32
	103	33
	104	33
	102	33
	100	29
	102	34
	103	34
	102	35
	103	35
	102	36
	103	36
	102	37
	103	37
	102	38
	103	38
	104	38
	103	39
	104	39
	104	37
	102	39
	103	40
	104	40
	102	40
	103	41
	104	41
	102	41
	103	42
	104	42
	102	42
	103	43
	104	43
	102	43
	103	44
	104	44
	102	44
	103	45
	104	45
	102	45
	103	46
	104	46
	102	46
	103	47
	104	47
	102	47
	102	48
	103	48
	102	49
	103	49
	102	50
	103	50
	102	51
	102	52
	102	53
	101	54
	102	54
	81	86
	82	86
	80	86
	81	85
	82	85
	80	85
	84	84
	85	84
	83	84
	84	85
	84	83
	85	85
	85	83
	83	85
	83	83
	87	83
	88	83
	86	83
	87	84
	87	82
	88	84
	88	82
	86	84
	86	82
	91	81
	92	81
	90	81
	91	82
	91	80
	92	82
	92	80
	90	82
	90	80
	94	80
	95	80
	93	80
	94	81
	94	79
	95	81
	95	79
	93	81
	93	79
	96	80
	96	81
	96	79
	97	79
	98	79
	97	80
	97	78
	98	80
	98	78
	96	78
	99	78
	100	78
	99	79
	99	77
	100	79
	100	77
	98	77
	101	76
	102	76
	100	76
	101	77
	101	75
	102	77
	102	75
	100	75
	102	74
	103	74
	101	74
	102	73
	103	75
	103	73
	101	73
	104	70
	105	70
	103	70
	104	71
	104	69
	105	71
	105	69
	103	71
	103	69
	105	67
	106	67
	104	67
	105	68
	105	66
	106	68
	106	66
	104	68
	104	66
	106	64
	107	64
	105	64
	106	65
	106	63
	107	65
	107	63
	105	65
	105	63
	106	62
	107	62
	105	62
	108	60
	109	60
	107	60
	108	61
	108	59
	109	61
	109	59
	107	61
	107	59
	109	56
	110	56
	108	56
	109	57
	109	55
	110	57
	110	55
	108	57
	108	55
	109	54
	110	54
	108	54
	109	53
	110	53
	108	53
	83	86
	88	79
	89	79
	87	79
	88	80
	88	78
	89	80
	89	78
	87	80
	87	78
	90	76
	91	76
	89	76
	90	77
	90	75
	91	77
	91	75
	89	77
	89	75
	92	74
	93	74
	91	74
	92	75
	92	73
	93	75
	93	73
	91	73
	94	74
	94	75
	94	73
	96	72
	97	72
	95	72
	96	73
	96	71
	97	73
	97	71
	95	73
	95	71
	98	71
	97	70
	98	72
	98	70
	96	70
	101	68
	102	68
	100	68
	101	69
	101	67
	102	69
	102	67
	100	69
	100	67
	103	66
	104	65
	103	67
	103	65
	108	62
	109	62
	108	63
	109	63
	110	59
	111	59
	110	60
	110	58
	111	60
	111	58
	109	58
	111	57
	111	56
	112	56
	111	55
	112	57
	112	55
	83	81
	82	82
	83	82
	81	82
	89	74
	88	75
	87	75
	91	71
	92	71
	91	72
	92	72
	94	69
	95	69
	94	70
	95	70
	95	68
	93	70
	99	65
	100	65
	98	65
	99	66
	99	64
	100	66
	100	64
	98	66
	98	64
	103	61
	104	61
	102	61
	103	62
	103	60
	104	62
	104	60
	102	62
	102	60
	107	57
	108	58
	107	58
	107	56
	111	54
	112	54
	111	53
	112	53
	113	52
	114	52
	112	52
	113	53
	113	51
	114	53
	114	51
	112	51
	79	86
	80	84
	81	84
	80	83
	81	83
	82	83
	82	84
	84	82
	84	81
	85	81
	84	80
	85	82
	85	80
	86	80
	85	79
	86	81
	86	79
	84	79
	86	78
	85	78
	87	77
	88	77
	86	77
	88	76
	87	76
	90	74
	90	73
	93	71
	93	72
	94	71
	96	67
	96	68
	96	66
	96	65
	97	65
	97	66
	98	63
	99	63
	99	62
	99	61
	100	61
	100	62
	100	60
	101	60
	100	59
	101	61
	101	59
	102	59
	101	58
	102	58
	100	58
	101	57
	102	57
	103	57
	102	56
	103	58
	103	56
	101	56
	102	55
	103	55
	101	55
	104	55
	103	54
	104	56
	104	54
	103	53
	104	53
	103	52
	104	52
	105	52
	104	51
	105	53
	105	51
	103	51
	104	50
	105	50
	104	49
	105	49
	104	48
	105	48
	105	47
	105	46
	105	45
	106	46
	106	47
	106	45
	105	44
	106	44
	105	43
	106	43
	105	42
	106	42
	105	41
	106	41
	105	40
	106	40
	105	39
	106	39
	107	40
	107	41
	107	39
	106	38
	107	38
	105	38
	103	63
	104	63
	102	63
	106	57
	105	57
	106	58
	106	56
	105	58
	105	56
	111	52
	110	52
	113	50
	114	50
	112	50
	113	49
	114	49
	112	49
	114	48
	115	48
	113	48
	114	47
	115	49
	115	47
	113	47
	116	47
	115	46
	116	48
	116	46
	114	46
	115	45
	116	45
	114	45
	115	44
	116	44
	114	44
	116	43
	117	43
	115	43
	116	42
	117	44
	117	42
	115	42
	118	42
	117	41
	118	43
	118	41
	116	41
	117	40
	118	40
	116	40
	117	39
	118	39
	116	39
	119	39
	118	38
	119	40
	119	38
	117	38
	118	37
	119	37
	117	37
	119	36
	118	36
	119	35
	118	35
	119	33
	118	33
	119	34
	119	32
	118	34
	118	32
	119	31
	118	31
	119	30
	118	30
	117	31
	117	32
	117	30
	116	32
	117	33
	116	33
	116	31
	115	32
	115	33
	115	31
	115	34
	116	34
	114	34
	115	35
	116	35
	114	35
	114	33
	115	36
	116	36
	114	36
	113	36
	114	37
	115	37
	113	37
	113	35
	113	39
	114	39
	112	39
	113	40
	113	38
	114	40
	114	38
	112	40
	112	38
	112	41
	113	41
	111	41
	112	42
	113	42
	111	42
	111	40
	110	42
	111	43
	112	43
	110	43
	110	41
	109	43
	110	44
	111	44
	109	44
	109	42
	108	43
	108	44
	108	42
	107	42
	108	41
	109	41
	107	43
	108	40
	109	40
	108	39
	109	39
	116	38
	116	37
	117	36
	110	35
	111	35
	109	35
	110	36
	110	34
	111	36
	111	34
	109	36
	109	34
	107	35
	108	35
	106	35
	107	36
	107	34
	108	36
	108	34
	106	36
	106	34
	104	35
	105	35
	104	36
	104	34
	105	36
	105	34
	113	34
	112	34
	113	33
	112	35
	112	33
	117	34
	114	31
	113	31
	114	32
	114	30
	115	30
	113	32
	113	30
	111	31
	112	31
	110	31
	111	32
	111	30
	112	32
	112	30
	110	32
	110	30
	109	31
	108	31
	109	32
	109	30
	108	32
	108	30
	107	30
	106	30
	107	31
	107	29
	108	29
	106	31
	106	29
	105	30
	105	31
	105	29
	105	28
	106	28
	104	28
	107	28
	108	28
	109	29
	110	29
	109	28
	110	28
	111	29
	112	29
	111	28
	112	28
	113	29
	114	29
	113	28
	114	28
	115	29
	115	28
	116	29
	116	30
	116	28
	117	29
	117	28
	118	29
	118	28
	117	27
	118	27
	116	27
	119	28
	119	29
	119	27
	115	27
	114	27
	113	27
	112	27
	111	27
	112	26
	113	26
	111	26
	110	27
	109	27
	110	26
	109	26
	108	27
	108	26
	107	27
	107	26
	106	27
	106	26
	105	27
	105	26
	104	27
	104	26
	103	25
	104	25
	105	25
	107	25
	108	25
	106	25
	107	24
	108	24
	106	24
	111	24
	112	24
	110	24
	111	25
	111	23
	112	25
	112	23
	110	25
	110	23
	114	24
	115	24
	113	24
	114	25
	114	23
	115	25
	115	23
	113	25
	113	23
	116	23
	117	23
	116	24
	116	22
	117	24
	117	22
	115	22
	118	23
	118	24
	118	22
	119	23
	119	24
	119	22
	119	25
	118	25
	119	26
	118	26
	117	26
	117	25
	116	26
	116	25
	115	26
	114	26
	109	25
	109	24
	107	23
	108	23
	106	23
	103	24
	103	23
	103	22
	105	23
	104	23
	105	24
	105	22
	106	22
	104	24
	104	22
	107	22
	109	23
	108	22
	109	22
	110	22
	111	22
	112	22
	113	22
	114	22
	119	21
	118	21
	119	20
	118	20
	117	20
	118	19
	119	19
	117	21
	117	19
	116	20
	116	21
	116	19
	115	19
	116	18
	117	18
	115	20
	115	18
	114	19
	113	19
	114	20
	114	18
	113	20
	113	18
	112	19
	111	19
	112	20
	112	18
	111	20
	111	18
	110	19
	109	19
	110	20
	110	18
	109	20
	109	18
	108	19
	108	20
	108	18
	107	19
	106	19
	107	20
	107	18
	106	20
	106	18
	105	20
	106	21
	107	21
	105	21
	105	19
	104	20
	103	20
	104	21
	104	19
	103	21
	103	19
	102	20
	102	19
	108	21
	109	21
	110	21
	111	21
	112	21
	113	21
	114	21
	115	21
	118	18
	119	18
	118	17
	119	17
	117	17
	118	16
	119	16
	117	16
	118	15
	119	15
	117	15
	116	16
	116	17
	116	15
	115	16
	115	17
	115	15
	114	16
	114	17
	114	15
	113	16
	113	17
	113	15
	112	16
	111	16
	112	17
	112	15
	111	17
	111	15
	110	17
	110	16
	109	17
	109	16
	108	17
	108	16
	107	17
	107	16
	106	17
	106	16
	105	17
	104	17
	105	18
	105	16
	104	18
	104	16
	103	17
	103	18
	103	16
	102	17
	102	18
	102	16
	101	15
	102	15
	101	14
	102	14
	101	13
	102	13
	100	13
	102	12
	103	13
	103	14
	103	12
	103	15
	104	14
	104	15
	104	13
	105	14
	105	15
	105	13
	106	14
	106	15
	106	13
	107	14
	107	15
	107	13
	108	14
	108	15
	108	13
	109	14
	109	15
	109	13
	110	14
	110	15
	110	13
	111	14
	111	13
	112	14
	112	13
	113	14
	113	13
	114	14
	114	13
	115	14
	115	13
	116	14
	116	13
	117	14
	117	13
	118	14
	118	13
	119	14
	119	13
	118	12
	119	12
	117	12
	118	11
	119	11
	117	11
	118	10
	119	10
	117	10
	118	9
	119	9
	117	9
	116	11
	116	12
	116	10
	115	11
	115	12
	115	10
	114	11
	114	12
	114	10
	113	11
	113	12
	113	10
	112	11
	112	12
	112	10
	111	11
	111	12
	111	10
	110	11
	110	12
	110	10
	109	11
	109	12
	109	10
	108	11
	108	12
	108	10
	107	11
	107	12
	107	10
	106	11
	106	12
	106	10
	105	11
	105	12
	105	10
	104	11
	103	11
	104	12
	104	10
	103	10
	102	11
	102	10
	100	9
	101	9
	98	8
	99	8
	97	7
	98	7
	95	6
	96	6
	93	5
	94	5
	92	5
	95	5
	97	6
	96	5
	97	5
	98	6
	98	5
	99	6
	99	7
	99	5
	100	6
	100	7
	100	5
	100	8
	101	7
	101	8
	101	6
	102	7
	102	8
	102	6
	102	9
	103	8
	103	9
	103	7
	104	8
	104	9
	104	7
	105	9
	105	8
	106	9
	106	8
	107	9
	107	8
	108	9
	108	8
	109	9
	109	8
	110	9
	110	8
	111	9
	111	8
	112	9
	112	8
	113	9
	113	8
	114	9
	114	8
	115	9
	115	8
	116	9
	116	8
	117	8
	116	7
	117	7
	115	7
	118	8
	118	7
	119	8
	119	7
	118	6
	119	6
	117	6
	118	5
	119	5
	117	5
	119	4
	116	5
	116	6
	115	5
	115	6
	114	6
	113	6
	114	7
	114	5
	113	7
	113	5
	112	6
	112	7
	112	5
	111	6
	111	7
	111	5
	110	6
	110	7
	110	5
	109	5
	109	6
	108	5
	108	6
	107	5
	107	6
	106	5
	106	6
	105	5
	105	6
	104	5
	104	6
	103	6
	103	5
	102	5
	101	5
	105	7
	106	7
	107	7
	108	7
	109	7
	109	33
	110	33
	108	33
	107	33
	106	33
	107	32
	106	32
	105	32
	105	33
	111	33
	108	37
	109	37
	107	37
	106	37
	105	37
	108	38
	110	37
	109	38
	110	38
	111	38
	110	39
	111	39
	111	37
	112	37
	110	40
	112	36
	117	35
	115	38
	115	39
	115	40
	115	41
	114	41
	114	42
	114	43
	113	43
	113	44
	112	44
	113	45
	112	45
	111	45
	112	46
	113	46
	111	46
	112	47
	111	47
	112	48
	111	48
	110	48
	111	49
	110	49
	110	47
	111	50
	110	50
	109	49
	109	50
	109	48
	110	51
	111	51
	109	51
	109	52
	108	51
	108	52
	108	50
	107	53
	107	54
	107	52
	106	54
	107	55
	106	55
	106	53
	105	55
	105	54
	106	59
	105	59
	106	60
	105	60
	106	61
	105	61
	104	59
	103	59
	104	58
	104	57
	106	52
	107	51
	106	51
	107	50
	106	50
	107	49
	108	49
	106	49
	107	48
	108	48
	106	48
	107	47
	108	47
	107	46
	108	46
	107	45
	108	45
	107	44
	109	45
	109	46
	110	45
	110	46
	109	47
	119	41
	119	42
	119	43
	118	44
	119	44
	118	45
	119	45
	117	45
	118	46
	119	46
	117	46
	118	47
	119	47
	117	47
	118	48
	119	48
	117	48
	118	49
	119	49
	117	49
	118	50
	119	50
	117	50
	118	51
	119	51
	117	51
	116	50
	116	51
	116	49
	117	52
	118	52
	116	52
	117	53
	118	53
	116	53
	117	54
	118	54
	116	54
	117	55
	118	55
	116	55
	117	56
	118	56
	116	56
	119	56
	118	57
	119	57
	119	55
	117	57
	118	58
	119	58
	117	58
	118	59
	119	59
	117	59
	119	54
	119	53
	119	52
	118	60
	119	60
	117	60
	118	61
	119	61
	117	61
	118	62
	119	62
	117	62
	118	63
	119	63
	117	63
	118	64
	119	64
	117	64
	118	65
	119	65
	117	65
	118	66
	119	66
	117	66
	116	66
	117	67
	118	67
	116	67
	116	65
	117	68
	118	68
	116	68
	117	69
	118	69
	116	69
	117	70
	118	70
	116	70
	117	71
	118	71
	116	71
	117	72
	118	72
	116	72
	117	73
	118	73
	116	73
	117	74
	118	74
	116	74
	117	75
	118	75
	116	75
	119	75
	118	76
	119	76
	119	74
	117	76
	118	77
	119	77
	117	77
	118	78
	119	78
	117	78
	118	79
	119	79
	117	79
	118	80
	119	80
	117	80
	118	81
	119	81
	117	81
	118	82
	119	82
	117	82
	118	83
	119	83
	117	83
	118	84
	119	84
	117	84
	118	85
	119	85
	117	85
	118	86
	119	86
	117	86
	119	72
	119	73
	119	71
	119	70
	119	69
	119	68
	119	67
	80	82
	85	77
	86	76
	87	81
	84	86
	85	86
	86	86
	86	85
	87	86
	87	85
	88	86
	88	85
	89	86
	89	85
	90	86
	90	85
	91	86
	91	85
	92	86
	92	85
	93	86
	93	85
	94	86
	94	85
	95	86
	96	86
	95	85
	96	85
	97	86
	97	85
	98	85
	97	84
	98	86
	98	84
	96	84
	99	85
	100	85
	99	86
	99	84
	100	86
	100	84
	101	85
	102	85
	101	86
	101	84
	102	86
	102	84
	103	85
	103	86
	103	84
	104	84
	103	83
	104	85
	104	83
	102	83
	105	84
	105	85
	105	83
	106	84
	107	84
	106	85
	106	83
	107	85
	107	83
	108	84
	108	85
	108	83
	109	84
	109	85
	109	83
	110	84
	110	85
	110	83
	111	85
	110	86
	111	86
	111	84
	109	86
	112	85
	112	86
	112	84
	113	85
	113	86
	113	84
	114	85
	114	86
	114	84
	115	85
	115	86
	115	84
	116	84
	115	83
	116	85
	116	83
	114	83
	116	82
	115	82
	116	81
	116	80
	116	79
	116	86
	108	86
	107	86
	106	86
	105	86
	104	86
	95	84
	94	84
	93	84
	92	84
	93	83
	94	83
	92	83
	91	84
	91	83
	93	82
	90	83
	90	84
	89	83
	89	84
	89	82
	89	81
	88	81
	94	82
	95	82
	96	82
	95	83
	96	83
	97	82
	97	83
	97	81
	98	82
	98	83
	98	81
	99	82
	99	83
	99	81
	100	82
	100	83
	100	81
	101	82
	101	83
	101	81
	102	82
	102	81
	103	81
	102	80
	103	82
	103	80
	101	80
	104	81
	104	82
	104	80
	105	81
	105	82
	105	80
	106	81
	106	82
	106	80
	107	82
	107	81
	108	82
	108	81
	109	82
	109	81
	110	82
	110	81
	111	82
	111	83
	111	81
	112	82
	112	83
	112	81
	113	82
	113	83
	113	81
	114	82
	114	81
	115	81
	114	80
	115	80
	113	80
	115	79
	114	79
	115	78
	116	78
	114	78
	116	77
	115	77
	116	76
	115	76
	114	76
	115	75
	114	77
	114	75
	113	75
	114	74
	115	74
	113	76
	113	74
	114	73
	115	73
	113	73
	114	72
	115	72
	113	72
	114	71
	115	71
	113	71
	114	70
	115	70
	113	70
	114	69
	115	69
	113	69
	114	68
	115	68
	113	68
	114	67
	115	67
	113	67
	114	66
	115	66
	113	66
	114	65
	115	65
	113	65
	114	64
	115	64
	113	64
	114	63
	115	63
	113	63
	114	62
	115	62
	113	62
	116	62
	115	61
	116	63
	116	61
	114	61
	115	60
	116	60
	114	60
	115	59
	116	59
	114	59
	115	58
	116	58
	114	58
	116	57
	115	57
	115	56
	114	56
	115	55
	114	57
	114	55
	115	54
	114	54
	115	53
	115	52
	113	54
	115	51
	115	50
	113	57
	113	58
	113	56
	113	59
	113	60
	116	64
	113	55
	112	60
	113	61
	112	61
	112	59
	111	61
	112	62
	111	62
	112	58
	110	61
	110	62
	111	63
	112	63
	110	63
	111	64
	112	64
	110	64
	111	65
	112	65
	110	65
	111	66
	112	66
	110	66
	111	67
	112	67
	110	67
	112	68
	111	68
	112	69
	111	69
	112	70
	111	70
	112	71
	111	71
	112	72
	111	72
	112	73
	111	73
	112	74
	111	74
	112	75
	111	75
	112	76
	113	77
	112	77
	113	78
	113	79
	112	80
	112	79
	111	80
	111	79
	110	80
	110	79
	109	80
	109	79
	108	80
	108	79
	109	78
	110	78
	108	78
	107	79
	107	80
	107	78
	106	79
	106	78
	105	79
	105	78
	104	79
	104	78
	103	79
	103	78
	102	79
	102	78
	101	79
	101	78
	100	80
	99	80
	95	78
	94	78
	92	79
	93	78
	92	78
	91	79
	90	79
	91	78
	90	78
	92	77
	92	76
	93	76
	93	77
	94	76
	94	77
	95	76
	95	77
	95	75
	96	76
	96	77
	96	75
	97	76
	97	77
	97	75
	98	76
	98	75
	99	76
	99	75
	103	76
	103	77
	104	76
	104	77
	104	75
	105	76
	105	77
	105	75
	106	76
	106	77
	106	75
	107	76
	108	76
	107	77
	107	75
	108	77
	108	75
	109	76
	109	77
	109	75
	110	76
	110	77
	110	75
	111	76
	111	77
	112	78
	111	78
	108	74
	109	74
	107	74
	108	73
	109	73
	107	73
	110	74
	110	73
	110	72
	109	72
	110	71
	109	71
	110	70
	109	70
	110	69
	109	69
	110	68
	109	68
	109	67
	109	66
	109	65
	109	64
	108	67
	107	67
	108	68
	108	66
	107	68
	107	66
	107	71
	108	71
	106	71
	107	72
	107	70
	108	72
	108	70
	106	72
	106	70
	106	73
	106	74
	105	74
	105	73
	107	69
	108	69
	106	69
	108	65
	108	64
	103	68
	104	72
	105	72
	103	72
	102	72
	104	73
	102	71
	104	74
	102	70
	102	66
	101	66
	101	65
	101	64
	101	62
	100	63
	101	63
	102	64
	103	64
	102	65
	104	64
	99	69
	100	70
	101	70
	99	70
	99	68
	100	71
	101	71
	99	71
	100	72
	101	72
	99	72
	100	73
	99	73
	99	74
	100	74
	98	74
	98	73
	97	74
	96	74
	95	74
	94	72
	96	69
	97	69
	98	69
	97	68
	98	68
	99	67
	98	67
	97	67
	49	89
	48	89
	39	88
	38	88
	39	89
	40	89
	38	89
	37	89
	37	88
	36	89
	36	88
	35	89
	34	89
	35	88
	34	88
	33	89
	33	88
	32	89
	31	89
	32	88
	31	88
	30	89
	30	88
	29	89
	29	88
	28	89
	28	88
	27	89
	27	88
	26	89
	26	88
	25	89
	24	89
	25	88
	24	88
	23	89
	22	89
	23	88
	22	88
	21	89
	21	88
	20	89
	19	89
	20	88
	19	88
	18	89
	17	89
	18	88
	17	88
	16	89
	15	89
	16	88
	15	88
	14	89
	14	88
	13	89
	13	88
	12	89
	11	89
	12	88
	11	88
	10	89
	9	89
	10	88
	9	88
	8	89
	7	89
	8	88
	7	88
	5	89
	6	89
	4	89
	5	88
	6	88
	4	88
	2	89
	3	89
	1	89
	2	88
	3	88
	1	88
	0	89
	0	88
	32	87
	30	87
	31	87
	29	87
	28	86
	27	86
	28	87
	27	87
	27	85
	26	86
	25	86
	26	87
	26	85
	25	87
	25	85
	24	86
	23	86
	24	87
	24	85
	23	87
	23	85
	22	86
	22	87
	22	85
	21	86
	20	86
	21	87
	21	85
	20	87
	20	85
	19	86
	18	86
	19	87
	19	85
	18	87
	18	85
	17	86
	17	87
	17	85
	16	86
	15	86
	16	87
	16	85
	15	87
	15	85
	14	86
	13	86
	14	87
	14	85
	13	87
	13	85
	12	86
	11	86
	12	87
	12	85
	11	87
	11	85
	10	86
	10	87
	10	85
	9	86
	8	86
	9	87
	9	85
	8	87
	8	85
	7	86
	7	87
	7	85
	6	86
	6	87
	6	85
	5	86
	5	87
	5	85
	4	86
	3	86
	4	87
	4	85
	3	87
	3	85
	2	86
	2	87
	2	85
	1	86
	0	86
	1	87
	1	85
	0	87
	0	85
	23	84
	24	84
	22	84
	23	83
	24	83
	22	83
	21	83
	20	83
	21	84
	21	82
	22	82
	20	84
	20	82
	18	83
	19	83
	17	83
	18	84
	18	82
	19	84
	19	82
	17	84
	17	82
	15	83
	16	83
	14	83
	15	84
	15	82
	16	84
	16	82
	14	84
	14	82
	13	83
	12	83
	13	84
	13	82
	12	84
	12	82
	10	83
	11	83
	9	83
	10	84
	10	82
	11	84
	11	82
	9	84
	9	82
	8	83
	7	83
	8	84
	8	82
	7	84
	7	82
	6	83
	5	83
	6	84
	6	82
	5	84
	5	82
	4	83
	3	83
	4	84
	4	82
	3	84
	3	82
	2	83
	2	84
	2	82
	1	83
	1	84
	1	82
	0	83
	0	84
	0	82
	26	84
	25	83
	25	84
	24	82
	23	82
	21	81
	22	81
	20	81
	19	81
	20	80
	21	80
	19	80
	20	79
	21	79
	19	79
	22	79
	21	78
	22	80
	22	78
	20	78
	21	77
	20	77
	20	76
	20	75
	19	75
	20	74
	19	76
	19	74
	18	74
	17	74
	18	75
	18	73
	19	73
	17	75
	17	73
	18	72
	19	72
	17	72
	17	71
	18	71
	16	71
	17	70
	18	70
	16	72
	16	70
	17	69
	18	69
	16	69
	17	68
	16	68
	17	67
	16	67
	16	66
	16	65
	15	65
	15	66
	15	64
	14	64
	14	65
	14	63
	13	63
	14	62
	13	64
	13	62
	20	73
	23	79
	23	80
	23	81
	19	77
	19	78
	18	77
	18	78
	18	76
	17	77
	17	78
	17	76
	16	77
	16	78
	16	76
	15	77
	14	77
	15	78
	15	76
	14	78
	14	76
	13	77
	13	78
	13	76
	12	77
	11	77
	12	78
	12	76
	11	78
	11	76
	10	77
	10	78
	10	76
	9	76
	8	76
	9	77
	9	75
	10	75
	8	77
	8	75
	7	76
	6	76
	7	77
	7	75
	6	77
	6	75
	5	76
	4	76
	5	77
	5	75
	4	77
	4	75
	3	76
	3	77
	3	75
	2	76
	1	76
	2	77
	2	75
	1	77
	1	75
	0	76
	0	77
	0	75
	0	78
	1	78
	0	79
	1	79
	0	80
	1	80
	2	79
	2	80
	2	78
	1	81
	2	81
	0	81
	3	80
	3	81
	3	79
	5	80
	6	80
	4	80
	5	81
	5	79
	6	81
	6	79
	4	81
	4	79
	7	80
	7	81
	7	79
	8	80
	8	81
	8	79
	9	80
	9	81
	9	79
	10	80
	11	80
	10	81
	10	79
	11	81
	11	79
	12	80
	13	80
	12	81
	12	79
	13	81
	13	79
	15	80
	16	80
	14	80
	15	81
	15	79
	16	81
	16	79
	14	81
	14	79
	17	80
	18	80
	17	81
	17	79
	18	81
	18	79
	9	78
	7	78
	8	78
	6	78
	5	78
	4	78
	3	78
	1	74
	2	74
	0	74
	1	73
	2	73
	0	73
	3	74
	3	73
	4	73
	3	72
	4	74
	4	72
	2	72
	5	73
	5	74
	5	72
	6	73
	6	74
	6	72
	7	73
	7	74
	7	72
	8	73
	9	73
	8	74
	8	72
	9	74
	9	72
	10	73
	10	74
	10	72
	11	73
	12	73
	11	74
	11	72
	12	74
	12	72
	13	73
	13	74
	13	72
	14	73
	14	74
	14	72
	15	74
	14	75
	15	75
	15	73
	13	75
	12	75
	11	75
	16	74
	16	75
	16	73
	15	72
	15	71
	14	71
	15	70
	14	70
	15	69
	14	69
	15	68
	14	68
	15	67
	14	67
	14	66
	13	67
	13	68
	13	66
	13	65
	12	65
	12	66
	12	64
	11	64
	12	63
	11	65
	11	63
	12	62
	11	62
	10	62
	11	61
	12	61
	10	63
	10	61
	9	56
	10	56
	8	56
	9	57
	9	55
	10	57
	10	55
	8	57
	8	55
	10	58
	11	58
	9	58
	10	59
	11	59
	11	57
	9	59
	10	60
	11	60
	9	60
	9	61
	12	60
	13	61
	11	66
	12	67
	11	67
	12	68
	13	69
	12	69
	11	69
	12	70
	13	70
	11	70
	11	68
	12	71
	13	71
	11	71
	10	71
	10	70
	9	71
	9	70
	8	71
	8	70
	7	71
	6	71
	7	70
	6	70
	5	71
	5	70
	4	71
	4	70
	3	71
	2	71
	3	70
	2	70
	1	71
	1	72
	1	70
	0	71
	0	72
	0	70
	1	69
	2	69
	0	69
	1	68
	2	68
	0	68
	1	67
	2	67
	0	67
	1	66
	2	66
	0	66
	1	65
	2	65
	0	65
	3	67
	3	68
	3	66
	4	68
	3	69
	4	69
	4	67
	5	68
	5	69
	5	67
	6	68
	6	69
	6	67
	7	68
	7	69
	7	67
	8	68
	8	69
	8	67
	9	68
	9	69
	9	67
	10	68
	10	69
	10	67
	10	66
	9	66
	10	65
	9	65
	10	64
	9	64
	9	63
	8	64
	8	65
	8	63
	7	65
	8	66
	7	66
	7	64
	6	65
	5	65
	6	66
	6	64
	5	66
	5	64
	4	65
	4	66
	4	64
	3	65
	3	64
	2	64
	1	64
	0	64
	1	63
	2	63
	0	63
	1	62
	2	62
	0	62
	1	61
	2	61
	0	61
	1	60
	2	60
	0	60
	1	59
	2	59
	0	59
	1	58
	2	58
	0	58
	1	57
	2	57
	0	57
	1	56
	2	56
	0	56
	1	55
	2	55
	0	55
	1	54
	2	54
	0	54
	1	53
	2	53
	0	53
	1	52
	2	52
	0	52
	1	51
	2	51
	0	51
	1	49
	2	49
	0	49
	1	50
	1	48
	2	50
	2	48
	0	50
	0	48
	1	47
	2	47
	0	47
	1	46
	2	46
	0	46
	1	45
	2	45
	0	45
	1	44
	2	44
	0	44
	1	43
	2	43
	0	43
	1	42
	2	42
	0	42
	6	63
	7	63
	5	63
	6	62
	7	62
	5	62
	5	60
	6	60
	4	60
	5	61
	5	59
	6	61
	6	59
	4	61
	4	59
	4	58
	5	58
	3	58
	4	57
	5	57
	3	59
	3	57
	4	56
	5	56
	3	56
	4	55
	5	55
	3	55
	4	53
	5	53
	3	53
	4	54
	4	52
	5	54
	5	52
	3	54
	3	52
	3	51
	4	51
	3	50
	4	50
	3	47
	4	47
	3	48
	3	46
	4	48
	4	46
	3	44
	4	44
	3	45
	3	43
	4	45
	4	43
	3	42
	4	42
	3	41
	4	41
	2	41
	9	62
	8	61
	8	62
	8	60
	7	60
	8	59
	7	61
	7	59
	8	58
	7	58
	6	58
	7	57
	6	57
	6	56
	7	56
	6	55
	6	54
	6	53
	6	52
	5	51
	6	51
	5	50
	6	50
	4	49
	5	49
	3	49
	5	48
	5	46
	5	47
	5	45
	3	60
	3	61
	3	62
	4	62
	3	63
	4	63
	7	55
	8	54
	9	54
	7	54
	8	53
	9	53
	7	53
	8	52
	9	52
	7	52
	8	51
	9	51
	7	51
	8	50
	9	50
	7	50
	8	49
	9	49
	7	49
	8	48
	9	48
	7	48
	8	47
	9	47
	7	47
	8	46
	9	46
	7	46
	7	45
	8	45
	6	45
	7	44
	8	44
	6	46
	6	44
	7	43
	8	43
	6	43
	7	42
	8	42
	6	42
	7	41
	8	41
	6	41
	7	40
	8	40
	6	40
	7	39
	8	39
	6	39
	9	39
	8	38
	9	40
	9	38
	7	38
	8	37
	9	37
	7	37
	8	36
	9	36
	7	36
	8	35
	9	35
	7	35
	8	34
	9	34
	7	34
	9	33
	10	33
	8	33
	9	32
	10	34
	10	32
	8	32
	9	31
	10	31
	8	31
	9	30
	10	30
	8	30
	9	29
	10	29
	8	29
	9	28
	10	28
	8	28
	9	27
	10	27
	8	27
	9	26
	10	26
	8	26
	11	26
	10	25
	11	27
	11	25
	9	25
	10	24
	11	24
	9	24
	10	23
	11	23
	9	23
	10	22
	11	22
	9	22
	10	21
	11	21
	9	21
	10	20
	11	20
	9	20
	10	19
	11	19
	9	19
	10	18
	11	18
	9	18
	10	17
	11	17
	9	17
	10	16
	11	16
	9	16
	10	15
	11	15
	9	15
	10	13
	11	13
	9	13
	10	14
	10	12
	11	14
	11	12
	9	14
	9	12
	12	13
	12	14
	12	12
	12	10
	13	10
	11	10
	12	11
	12	9
	13	11
	13	9
	11	11
	11	9
	12	8
	13	8
	11	8
	14	7
	15	7
	13	7
	14	8
	14	6
	15	8
	15	6
	13	6
	16	6
	17	6
	16	7
	16	5
	17	7
	17	5
	15	5
	18	5
	19	5
	18	6
	18	4
	19	6
	19	4
	17	4
	20	5
	21	5
	20	6
	20	4
	21	6
	21	4
	23	5
	24	5
	22	5
	23	6
	23	4
	24	6
	24	4
	22	6
	22	4
	25	5
	25	6
	25	4
	26	4
	27	4
	26	5
	26	3
	27	5
	27	3
	25	3
	28	4
	29	4
	28	5
	28	3
	29	5
	29	3
	29	6
	28	6
	22	13
	21	13
	19	15
	18	15
	19	16
	19	14
	20	14
	18	16
	18	14
	17	16
	16	16
	17	17
	17	15
	18	17
	16	17
	16	15
	14	17
	15	17
	13	17
	14	18
	14	16
	15	18
	15	16
	13	18
	13	16
	6	12
	7	12
	5	12
	6	13
	6	11
	7	13
	7	11
	5	13
	5	11
	3	10
	4	10
	2	10
	3	11
	3	9
	4	11
	4	9
	2	11
	2	9
	2	8
	3	8
	1	8
	2	7
	3	7
	1	9
	1	7
	0	7
	1	6
	2	6
	0	8
	0	6
	2	5
	3	5
	1	5
	2	4
	3	6
	3	4
	1	4
	4	2
	5	2
	3	2
	4	3
	4	1
	5	3
	5	1
	3	3
	3	1
	8	1
	9	1
	7	1
	8	2
	8	0
	9	2
	9	0
	7	2
	7	0
	10	4
	11	4
	9	4
	10	5
	10	3
	11	5
	11	3
	9	5
	9	3
	10	6
	11	6
	9	6
	10	7
	11	7
	9	7
	8	6
	8	7
	8	5
	6	5
	7	5
	5	5
	6	6
	6	4
	7	6
	7	4
	5	6
	5	4
	4	4
	6	3
	4	5
	6	2
	6	1
	12	0
	13	0
	11	0
	12	1
	13	1
	11	1
	15	0
	16	0
	14	0
	15	1
	16	1
	14	1
	17	1
	18	1
	17	2
	17	0
	18	2
	18	0
	16	2
	20	1
	21	1
	19	1
	20	2
	20	0
	21	2
	21	0
	19	2
	19	0
	24	1
	25	1
	23	1
	24	2
	24	0
	25	2
	25	0
	23	2
	23	0
	26	1
	27	1
	26	2
	26	0
	27	2
	27	0
	29	1
	30	1
	28	1
	29	2
	29	0
	30	2
	30	0
	28	2
	28	0
	33	1
	34	1
	32	1
	33	2
	33	0
	34	2
	34	0
	32	2
	32	0
	35	1
	36	1
	35	0
	36	0
	26	6
	22	7
	23	7
	21	7
	20	7
	21	8
	22	8
	20	8
	19	8
	20	9
	21	9
	19	9
	19	7
	18	9
	19	10
	20	10
	18	10
	18	8
	18	11
	19	11
	17	11
	18	12
	19	12
	17	12
	17	10
	17	13
	18	13
	16	13
	17	14
	16	14
	16	12
	15	15
	15	14
	16	18
	15	19
	16	19
	14	19
	15	20
	16	20
	14	20
	15	21
	16	21
	14	21
	14	22
	15	22
	13	22
	14	23
	15	23
	13	23
	13	21
	13	25
	14	25
	12	25
	13	26
	13	24
	14	26
	14	24
	12	26
	12	24
	12	28
	13	28
	11	28
	12	29
	12	27
	13	29
	13	27
	11	29
	11	30
	12	30
	11	31
	12	31
	11	32
	11	33
	10	35
	10	36
	10	37
	10	38
	10	39
	9	42
	9	43
	9	41
	9	44
	9	45
	10	50
	10	51
	10	52
	10	53
	10	54
	6	49
	6	48
	6	47
	5	44
	5	43
	5	42
	5	41
	5	39
	6	38
	5	40
	5	38
	6	35
	6	36
	6	34
	7	32
	7	33
	7	31
	7	29
	7	30
	7	28
	8	25
	8	23
	8	24
	8	22
	8	20
	8	21
	8	19
	8	17
	8	18
	8	16
	8	15
	8	14
	8	13
	7	14
	7	15
	6	15
	7	16
	6	16
	6	14
	5	16
	6	17
	7	17
	5	17
	5	15
	6	18
	7	18
	5	18
	6	19
	7	19
	5	19
	5	20
	6	20
	4	20
	5	21
	6	21
	4	21
	4	19
	5	22
	6	22
	4	22
	5	23
	6	23
	4	23
	5	24
	6	24
	4	24
	5	25
	6	25
	4	25
	4	28
	5	28
	3	28
	4	29
	4	27
	5	29
	5	27
	3	29
	3	27
	4	30
	5	30
	3	30
	4	31
	5	31
	3	31
	4	32
	5	32
	3	32
	4	33
	5	33
	3	33
	3	35
	4	35
	2	35
	3	36
	3	34
	4	36
	4	34
	2	36
	2	34
	3	37
	4	37
	2	37
	3	38
	4	38
	2	38
	3	39
	4	39
	2	39
	3	40
	4	40
	2	40
	1	40
	1	41
	1	39
	0	40
	0	41
	0	39
	0	38
	1	38
	0	37
	1	37
	0	36
	1	36
	0	35
	1	35
	0	34
	1	34
	0	33
	1	33
	0	32
	1	32
	0	31
	1	31
	0	30
	1	30
	0	29
	1	29
	0	28
	1	28
	0	27
	1	27
	0	26
	1	26
	0	25
	1	25
	0	24
	1	24
	0	23
	1	23
	0	22
	1	22
	0	21
	1	21
	0	20
	1	20
	0	19
	1	19
	0	17
	1	17
	0	18
	0	16
	1	18
	1	16
	0	15
	1	15
	0	14
	1	14
	0	13
	1	13
	0	12
	1	12
	2	12
	1	11
	2	13
	0	11
	1	10
	0	10
	0	9
	2	14
	3	14
	2	15
	3	15
	3	13
	2	16
	3	16
	2	17
	3	17
	2	18
	3	18
	2	19
	3	19
	2	20
	3	20
	2	21
	3	21
	2	22
	3	22
	2	23
	3	23
	2	24
	3	24
	2	25
	3	25
	2	26
	3	26
	2	27
	2	28
	2	29
	2	30
	2	31
	2	32
	2	33
	5	35
	5	36
	5	34
	5	37
	6	37
	6	33
	6	32
	6	31
	6	30
	6	29
	6	28
	6	27
	7	27
	6	26
	7	26
	5	26
	7	25
	7	24
	7	23
	7	22
	7	21
	7	20
	4	26
	16	22
	17	20
	13	20
	12	20
	13	19
	12	21
	12	19
	12	22
	12	23
	15	24
	16	23
	17	19
	17	18
	19	13
	20	13
	21	12
	22	12
	20	12
	21	11
	22	11
	20	11
	21	10
	22	10
	23	11
	23	12
	23	10
	22	9
	23	9
	24	10
	25	10
	24	11
	24	9
	25	9
	24	8
	25	8
	23	8
	26	8
	25	7
	26	9
	26	7
	24	7
	27	6
	27	7
	30	4
	30	3
	31	3
	32	3
	31	2
	31	1
	37	1
	38	1
	37	0
	38	0
	39	0
	40	0
	41	0
	42	0
	31	0
	22	1
	22	2
	22	0
	20	3
	21	3
	19	3
	22	3
	23	3
	24	3
	17	3
	18	3
	16	3
	16	4
	15	3
	15	4
	15	2
	14	3
	14	4
	14	2
	13	4
	14	5
	13	5
	13	3
	12	4
	12	5
	12	3
	8	4
	8	3
	7	3
	2	3
	2	2
	1	2
	2	1
	1	3
	1	1
	0	2
	0	3
	0	1
	0	4
	0	5
	1	0
	2	0
	0	0
	6	0
	5	0
	4	0
	3	0
	10	0
	10	1
	12	2
	13	2
	11	2
	10	2
	18	7
	17	8
	16	8
	16	9
	17	9
	15	9
	16	10
	15	10
	14	10
	15	11
	16	11
	14	11
	14	9
	15	12
	14	12
	14	13
	15	13
	13	13
	14	14
	13	14
	13	12
	13	15
	14	15
	12	15
	12	16
	12	17
	12	18
	8	12
	8	11
	9	11
	8	10
	9	10
	7	10
	9	9
	10	9
	8	9
	9	8
	10	10
	10	8
	8	8
	12	7
	12	6
	10	11
	7	8
	7	9
	7	7
	6	8
	6	9
	6	7
	5	7
	5	8
	4	7
	4	8
	4	6
	5	10
	6	10
	5	9
	4	12
	4	13
	3	12
	4	14
	4	15
	4	16
	5	14
	4	17
	4	18
InvisibleObstacle		
