Key	CellX	CellY
VisibleObstacle		
	126	151
	121	151
	97	154
	97	153
	103	155
	96	153
	103	151
	98	153
	98	154
	96	154
	102	154
	103	154
	97	152
	103	152
	120	151
	97	155
	123	151
	122	152
	102	153
	110	155
	117	154
	95	153
	121	153
	121	152
	110	151
	111	154
	126	150
	111	152
	117	155
	116	154
	93	152
	112	153
	132	148
	93	153
	94	152
	115	154
	93	151
	116	155
	94	153
	92	152
	92	153
	92	151
	113	154
	95	152
	93	150
	94	151
	91	152
	91	153
	115	155
	93	154
	92	150
	92	154
	91	151
	90	151
	90	153
	90	152
	89	151
	89	152
	91	154
	88	150
	89	150
	90	150
	89	149
	88	149
	87	150
	88	151
	88	152
	90	154
	89	153
	114	155
	141	143
	139	145
	134	148
	87	149
	135	147
	84	148
	85	149
	86	150
	84	145
	84	147
	83	146
	85	148
	86	149
	88	148
	87	151
	138	147
	139	144
	139	146
	138	146
	142	142
	144	144
	93	147
	143	143
	83	147
	94	147
	142	143
	143	144
	95	148
	93	149
	94	149
	141	147
	94	148
	143	145
	140	146
	93	146
	140	144
	142	144
	141	144
	98	149
	140	145
	133	148
	142	146
	141	146
	98	151
	141	145
	137	145
	138	145
	136	146
	142	145
	137	146
	135	146
	136	147
	134	147
	125	146
	130	149
	131	148
	126	145
	126	146
	127	146
	123	146
	125	147
	126	147
	122	151
	121	150
	123	147
	122	147
	122	148
	121	148
	121	149
	122	150
	119	147
	120	148
	99	150
	118	148
	101	150
	97	148
	119	148
	81	148
	80	148
	99	149
	81	146
	118	149
	73	147
	73	145
	79	147
	72	146
	74	146
	70	145
	70	146
	75	146
	69	145
	71	146
	64	145
	60	143
	64	144
	61	143
	65	142
	58	143
	63	143
	62	144
	56	143
	65	144
	56	139
	67	142
	51	139
	64	143
	52	138
	49	139
	66	145
	49	138
	66	144
	48	138
	66	143
	49	137
	60	139
	70	143
	67	143
	72	143
	71	144
	70	142
	77	144
	71	143
	76	145
	78	145
	77	145
	76	143
	76	144
	75	144
	77	146
	68	144
	90	146
	91	145
	88	144
	79	144
	92	146
	90	144
	89	145
	72	144
	76	146
	67	138
	73	142
	72	142
	83	148
	73	143
	78	146
	79	145
	79	146
	58	138
	56	138
	63	139
	58	139
	61	139
	51	138
	49	136
	52	137
	54	138
	46	136
	46	134
	48	135
	47	136
	48	136
	41	135
	41	133
	41	136
	45	135
	40	133
	40	130
	42	131
	41	132
	42	132
	41	128
	41	130
	41	131
	40	127
	40	126
	39	128
	44	131
	40	120
	37	120
	39	125
	39	120
	39	126
	38	118
	38	119
	39	127
	36	120
	37	118
	39	119
	36	121
	35	120
	37	119
	31	118
	31	116
	36	117
	30	117
	32	115
	33	120
	31	115
	31	114
	32	119
	29	116
	30	116
	29	114
	30	115
	28	115
	30	114
	29	115
	36	119
	40	128
	40	129
	40	131
	45	136
	40	135
	47	135
	46	135
	46	137
	50	137
	53	137
	55	139
	57	138
	74	143
	84	149
	64	139
	53	138
	85	144
	75	147
	74	144
	75	145
	71	147
	80	145
	81	142
	80	143
	90	145
	89	147
	70	144
	68	146
	71	145
	116	151
	69	147
	69	143
	47	137
	67	145
	67	144
	48	137
	68	143
	50	138
	67	146
	53	139
	65	143
	63	144
	59	144
	114	149
	64	142
	69	144
	112	151
	69	146
	68	145
	73	144
	73	148
	72	145
	72	147
	74	145
	73	146
	82	147
	74	147
	80	147
	81	147
	100	149
	116	149
	80	146
	116	150
	117	149
	82	148
	117	150
	102	151
	81	149
	119	149
	116	153
	120	149
	113	150
	117	148
	120	150
	119	150
	115	150
	84	29
	85	29
	83	29
	84	30
	84	28
	85	30
	85	28
	83	30
	83	28
	84	31
	86	29
	84	27
	82	29
	82	30
	82	28
	83	31
	83	27
	81	29
	81	28
	80	28
	81	27
	82	27
	80	29
	80	27
	81	30
	81	26
	79	28
	78	28
	79	29
	79	27
	78	29
	78	27
	79	30
	79	26
	77	28
	76	28
	77	29
	77	27
	76	29
	76	27
	77	30
	77	26
	75	28
	74	28
	75	29
	75	27
	74	29
	74	27
	75	30
	75	26
	73	28
	72	28
	73	29
	73	27
	72	29
	72	27
	73	30
	73	26
	71	28
	71	29
	71	27
	72	30
	72	26
	70	28
	70	29
	70	27
	71	30
	71	26
	69	28
	69	29
	69	27
	70	30
	70	26
	68	28
	68	29
	68	27
	69	30
	69	26
	67	28
	66	28
	67	29
	67	27
	66	29
	66	27
	67	30
	67	26
	65	28
	65	29
	65	27
	66	30
	66	26
	64	28
	64	29
	64	27
	65	30
	65	26
	63	28
	63	29
	63	27
	64	30
	64	26
	62	28
	62	29
	62	27
	63	30
	63	26
	61	28
	61	29
	61	27
	62	30
	62	26
	60	28
	60	29
	60	27
	61	30
	61	26
	59	28
	59	29
	59	27
	60	30
	60	26
	58	28
	58	29
	58	27
	59	30
	59	26
	57	28
	57	29
	57	27
	58	30
	58	26
	56	28
	56	29
	56	27
	57	30
	57	26
	55	28
	55	29
	55	27
	56	30
	56	26
	54	28
	54	29
	54	27
	55	30
	55	26
	53	28
	53	29
	53	27
	54	30
	54	26
	52	28
	52	29
	52	27
	53	30
	53	26
	51	28
	51	29
	51	27
	52	30
	52	26
	50	28
	49	28
	50	29
	50	27
	49	29
	49	27
	50	30
	50	26
	48	28
	48	29
	48	27
	49	30
	49	26
	47	28
	47	29
	47	27
	48	30
	48	26
	46	28
	46	29
	46	27
	47	30
	47	26
	45	28
	44	28
	45	29
	45	27
	44	29
	44	27
	45	30
	45	26
	43	28
	42	28
	43	29
	43	27
	42	29
	42	27
	43	30
	43	26
	41	28
	40	28
	41	29
	41	27
	40	29
	40	27
	41	30
	41	26
	39	28
	38	28
	39	29
	39	27
	38	29
	38	27
	39	30
	39	26
	37	28
	37	29
	37	27
	38	30
	38	26
	36	28
	36	29
	36	27
	37	30
	37	26
	35	28
	35	29
	35	27
	36	30
	36	26
	34	28
	34	29
	34	27
	35	30
	35	26
	33	28
	33	29
	33	27
	34	30
	34	26
	32	28
	32	29
	32	27
	33	30
	33	26
	31	28
	30	28
	31	29
	31	27
	30	29
	30	27
	31	30
	31	26
	29	28
	29	29
	29	27
	30	30
	30	26
	28	28
	29	30
	30	31
	28	29
	28	30
	29	31
	28	31
	29	32
	27	30
	27	31
	27	29
	28	32
	26	30
	27	32
	28	33
	26	31
	26	32
	27	33
	25	31
	26	33
	27	34
	25	32
	25	33
	26	34
	24	32
	24	33
	25	34
	24	34
	25	35
	23	33
	23	34
	23	32
	24	35
	24	31
	22	33
	22	34
	23	35
	22	35
	23	36
	21	34
	24	36
	22	36
	23	37
	21	35
	21	36
	22	37
	20	35
	21	37
	22	38
	20	36
	21	38
	20	38
	21	39
	22	39
	20	39
	20	37
	21	40
	23	38
	19	38
	19	39
	19	37
	20	40
	18	38
	19	40
	20	41
	18	39
	19	41
	18	41
	19	42
	20	42
	18	42
	18	40
	19	43
	21	41
	17	41
	20	43
	18	43
	19	44
	20	44
	18	44
	19	45
	21	43
	131	149
	20	45
	18	45
	19	46
	20	46
	18	46
	19	47
	21	45
	17	45
	20	47
	18	47
	19	48
	21	46
	17	46
	20	48
	18	48
	19	49
	21	47
	127	150
	20	49
	18	49
	19	50
	21	48
	17	48
	20	50
	18	50
	19	51
	21	49
	17	49
	21	50
	20	51
	21	51
	20	52
	22	50
	22	51
	22	49
	21	52
	23	50
	23	51
	23	49
	22	52
	24	50
	22	48
	86	30
	86	28
	85	31
	87	29
	85	27
	88	29
	87	30
	87	28
	88	30
	88	28
	87	31
	89	29
	87	27
	91	30
	92	30
	90	30
	91	31
	91	29
	92	31
	92	29
	90	31
	90	29
	93	30
	91	28
	89	30
	94	30
	93	31
	93	29
	94	31
	94	29
	95	30
	93	28
	95	31
	96	31
	96	30
	97	31
	95	29
	98	31
	97	30
	98	30
	99	31
	97	29
	105	31
	99	30
	100	31
	98	29
	105	29
	100	30
	105	30
	101	31
	99	29
	106	30
	106	31
	102	31
	103	31
	106	29
	102	30
	104	31
	107	30
	104	30
	109	29
	109	30
	108	31
	108	28
	107	31
	109	31
	110	31
	128	30
	127	31
	123	28
	126	31
	130	31
	131	31
	128	31
	129	31
	117	31
	118	31
	117	28
	118	30
	120	30
	120	31
	119	31
	121	29
	120	29
	125	30
	125	31
	123	29
	123	31
	122	31
	126	30
	124	30
	125	29
	130	30
	131	30
	129	30
	132	31
	130	29
	134	31
	135	31
	133	31
	134	30
	135	30
	133	30
	136	31
	134	29
	138	31
	139	31
	137	31
	138	30
	139	30
	137	30
	140	31
	138	29
	142	31
	143	31
	141	31
	142	30
	143	30
	141	30
	144	31
	142	29
	146	31
	147	31
	145	31
	146	30
	147	30
	145	30
	148	31
	146	29
	149	31
	150	31
	149	30
	150	30
	148	30
	151	31
	149	29
	152	31
	153	31
	152	30
	153	30
	151	30
	154	31
	152	29
	155	31
	156	31
	155	30
	156	30
	154	30
	157	31
	155	29
	158	31
	159	31
	158	30
	159	30
	157	30
	160	31
	158	29
	161	31
	160	30
	161	30
	162	31
	160	29
	163	31
	162	30
	163	30
	164	31
	162	29
	164	30
	165	31
	163	29
	165	30
	166	31
	164	29
	166	30
	167	31
	165	29
	167	30
	168	31
	166	29
	169	31
	168	30
	170	31
	169	30
	171	31
	170	30
	172	31
	171	30
	173	31
	172	30
	174	31
	173	30
	175	31
	176	32
	174	30
	176	33
	176	34
	176	35
	177	34
	176	36
	176	37
	177	36
	176	38
	177	37
	176	39
	176	40
	177	39
	176	42
	177	42
	176	43
	176	41
	177	43
	177	41
	175	43
	176	44
	178	42
	176	45
	177	45
	175	45
	176	46
	177	46
	177	44
	175	46
	175	44
	176	47
	178	45
	174	45
	177	47
	175	47
	176	48
	177	48
	175	48
	176	49
	178	47
	174	47
	176	50
	177	50
	175	50
	176	51
	177	51
	177	49
	175	51
	175	49
	176	52
	178	50
	174	50
	177	52
	175	52
	176	53
	177	53
	175	53
	176	54
	178	52
	174	52
	177	54
	175	54
	176	55
	177	55
	175	55
	176	56
	178	54
	174	54
	177	56
	175	56
	176	57
	177	57
	175	57
	176	58
	178	56
	174	56
	177	58
	175	58
	176	59
	177	59
	175	59
	176	60
	178	58
	174	58
	177	60
	175	60
	176	61
	178	59
	174	59
	177	61
	175	61
	176	62
	178	60
	174	60
	177	62
	175	62
	176	63
	177	63
	175	63
	176	64
	178	62
	174	62
	177	64
	175	64
	176	65
	178	63
	174	63
	177	65
	175	65
	176	66
	178	64
	174	64
	177	66
	175	66
	176	67
	178	65
	174	65
	177	67
	175	67
	176	68
	178	66
	174	66
	177	68
	175	68
	176	69
	177	69
	175	69
	176	70
	178	68
	174	68
	177	70
	175	70
	176	71
	178	69
	174	69
	177	71
	175	71
	176	72
	178	70
	174	70
	177	72
	175	72
	176	73
	178	71
	174	71
	177	73
	175	73
	176	74
	178	72
	174	72
	177	74
	175	74
	176	75
	178	73
	174	73
	177	75
	175	75
	176	76
	178	74
	174	74
	178	75
	177	76
	179	74
	178	76
	177	77
	179	75
	176	77
	175	77
	176	78
	177	78
	175	78
	175	76
	176	79
	178	77
	174	77
	175	79
	174	79
	175	80
	176	80
	174	80
	174	78
	175	81
	177	79
	173	79
	175	82
	176	82
	174	82
	175	83
	176	83
	176	81
	174	83
	174	81
	175	84
	177	82
	173	82
	175	85
	176	85
	174	85
	175	86
	176	86
	176	84
	174	86
	174	84
	175	87
	177	85
	173	85
	175	88
	176	88
	174	88
	175	89
	176	89
	176	87
	174	89
	174	87
	175	90
	177	88
	173	88
	174	91
	175	91
	173	91
	174	92
	174	90
	175	92
	173	92
	173	90
	174	93
	176	91
	172	91
	174	94
	175	94
	173	94
	174	95
	175	95
	175	93
	173	95
	173	93
	174	96
	176	94
	172	94
	175	96
	173	96
	174	97
	175	97
	173	97
	174	98
	176	96
	172	96
	175	98
	173	98
	174	99
	176	97
	172	97
	175	99
	173	99
	174	100
	176	98
	172	98
	175	100
	173	100
	174	101
	175	101
	173	101
	174	102
	176	100
	172	100
	175	102
	173	102
	174	103
	175	103
	173	103
	174	104
	176	102
	172	102
	175	104
	173	104
	174	105
	175	105
	173	105
	174	106
	176	104
	172	104
	175	106
	173	106
	174	107
	176	105
	172	105
	175	107
	173	107
	174	108
	175	108
	173	108
	174	109
	176	107
	172	107
	175	109
	173	109
	174	110
	175	110
	173	110
	174	111
	176	109
	172	109
	175	111
	173	111
	174	112
	176	110
	172	110
	175	112
	173	112
	174	113
	176	111
	172	111
	175	113
	173	113
	174	114
	176	112
	172	112
	172	113
	173	114
	171	112
	171	113
	171	111
	172	114
	170	112
	170	113
	170	111
	171	114
	171	110
	135	29
	136	30
	121	28
	117	29
	124	29
	131	29
	133	29
	139	29
	132	29
	132	30
	127	29
	123	30
	132	28
	124	31
	137	29
	145	29
	148	29
	150	29
	148	28
	126	138
	147	28
	138	28
	144	30
	145	28
	147	29
	143	29
	149	28
	153	29
	143	28
	140	30
	151	29
	144	29
	141	28
	141	29
	140	29
	177	111
	173	115
	170	116
	171	116
	169	116
	170	117
	170	115
	171	117
	171	115
	169	117
	169	115
	170	118
	172	116
	170	114
	168	116
	166	120
	167	120
	165	120
	166	121
	166	119
	167	121
	167	119
	165	121
	165	119
	166	122
	168	120
	166	118
	164	120
	163	123
	164	123
	162	123
	163	124
	163	122
	164	124
	164	122
	162	124
	162	122
	163	125
	165	123
	163	121
	161	123
	161	126
	162	126
	160	126
	161	127
	161	125
	162	127
	162	125
	160	127
	160	125
	161	128
	163	126
	161	124
	159	126
	159	127
	159	125
	160	128
	160	124
	158	126
	158	129
	159	129
	157	129
	158	130
	158	128
	159	130
	159	128
	157	130
	157	128
	158	131
	160	129
	158	127
	156	129
	156	130
	155	130
	156	131
	157	131
	155	131
	155	129
	156	132
	156	128
	154	130
	154	131
	155	132
	154	132
	155	133
	153	131
	153	133
	154	133
	152	133
	153	134
	153	132
	154	134
	152	134
	152	132
	153	135
	151	133
	151	134
	152	135
	151	135
	152	136
	150	134
	149	135
	150	135
	148	135
	149	136
	149	134
	150	136
	148	136
	148	134
	149	137
	149	133
	147	135
	146	137
	147	137
	145	137
	146	138
	146	136
	147	138
	147	136
	145	138
	145	136
	146	139
	148	137
	146	135
	144	137
	143	139
	144	139
	142	139
	143	140
	143	138
	144	140
	144	138
	142	140
	142	138
	143	141
	145	139
	143	137
	141	139
	140	140
	141	140
	139	140
	140	141
	140	139
	141	141
	139	141
	139	139
	140	142
	140	138
	138	140
	138	142
	139	142
	137	142
	138	143
	138	141
	139	143
	137	143
	137	141
	138	144
	136	142
	136	143
	135	143
	136	144
	137	144
	135	144
	135	142
	136	145
	136	141
	134	143
	133	143
	134	144
	134	142
	133	144
	133	142
	134	145
	134	141
	132	143
	133	145
	132	145
	133	146
	134	146
	132	146
	132	144
	133	147
	135	145
	131	145
	131	146
	131	144
	132	147
	130	145
	130	146
	129	146
	130	147
	131	147
	129	147
	129	145
	130	148
	130	144
	128	146
	128	148
	129	148
	127	148
	128	149
	128	147
	129	149
	127	149
	127	147
	128	150
	126	148
	124	149
	125	149
	123	149
	124	150
	124	148
	125	150
	125	148
	123	150
	123	148
	124	151
	126	149
	124	147
	122	149
	118	152
	119	152
	117	152
	118	153
	118	151
	119	153
	119	151
	117	153
	117	151
	118	154
	120	152
	118	150
	116	152
	114	152
	115	152
	113	152
	114	153
	114	151
	115	153
	115	151
	113	153
	113	151
	114	154
	114	150
	112	152
	109	153
	110	153
	108	153
	109	154
	109	152
	110	154
	110	152
	108	154
	108	152
	109	155
	111	153
	109	151
	107	153
	105	153
	106	153
	104	153
	105	154
	105	152
	106	154
	106	152
	104	154
	104	152
	105	155
	105	151
	103	153
	100	152
	101	152
	99	152
	100	153
	100	151
	101	153
	101	151
	99	153
	99	151
	100	154
	102	152
	100	150
	98	152
	96	150
	97	150
	95	150
	96	151
	96	149
	97	151
	97	149
	95	151
	95	149
	96	152
	98	150
	96	148
	94	150
	91	148
	92	148
	90	148
	91	149
	91	147
	92	149
	92	147
	90	149
	90	147
	91	150
	93	148
	91	146
	89	148
	87	146
	88	146
	86	146
	87	147
	87	145
	88	147
	88	145
	86	147
	86	145
	87	148
	89	146
	87	144
	85	146
	85	147
	85	145
	86	148
	86	144
	84	146
	82	144
	83	144
	81	144
	82	145
	82	143
	83	145
	83	143
	81	145
	81	143
	82	146
	84	144
	82	142
	80	144
	78	142
	79	142
	77	142
	78	143
	78	141
	79	143
	79	141
	77	143
	77	141
	78	144
	80	142
	78	140
	76	142
	75	141
	76	141
	74	141
	75	142
	75	140
	76	140
	74	142
	74	140
	75	143
	75	139
	73	141
	71	140
	72	140
	70	140
	71	141
	71	139
	72	141
	72	139
	70	141
	70	139
	71	142
	73	140
	71	138
	69	140
	68	140
	69	141
	69	139
	68	141
	68	139
	69	142
	69	138
	67	140
	67	141
	67	139
	68	142
	68	138
	66	140
	65	140
	66	141
	66	139
	65	141
	65	139
	66	142
	66	138
	64	140
	62	141
	63	141
	61	141
	62	142
	62	140
	63	142
	63	140
	61	142
	61	140
	62	143
	64	141
	62	139
	60	141
	59	141
	58	141
	59	142
	59	140
	60	142
	60	140
	58	142
	58	140
	59	143
	59	139
	57	141
	56	141
	57	142
	57	140
	56	142
	56	140
	57	143
	57	139
	55	141
	54	141
	53	141
	54	142
	54	140
	55	142
	55	140
	53	142
	53	140
	54	143
	54	139
	52	141
	51	141
	52	142
	52	140
	51	142
	51	140
	52	143
	52	139
	50	141
	49	141
	50	142
	50	140
	49	142
	49	140
	50	143
	50	139
	48	141
	47	141
	48	142
	48	140
	47	142
	47	140
	48	143
	48	139
	46	141
	46	140
	47	139
	46	139
	47	138
	45	140
	45	141
	45	139
	46	142
	46	138
	44	140
	44	138
	45	138
	43	138
	44	139
	44	137
	45	137
	43	139
	43	137
	44	136
	42	138
	42	137
	43	136
	42	136
	43	135
	41	137
	43	134
	44	134
	42	134
	43	133
	44	135
	44	133
	42	135
	42	133
	45	134
	43	132
	41	134
	43	129
	44	129
	42	129
	43	130
	43	128
	44	130
	44	128
	42	130
	42	128
	43	131
	45	129
	43	127
	41	129
	44	127
	42	127
	43	126
	44	126
	42	126
	45	127
	43	125
	41	127
	42	125
	41	125
	42	124
	43	124
	41	126
	41	124
	44	125
	42	123
	40	125
	43	123
	41	123
	44	124
	42	122
	40	124
	40	123
	41	122
	40	122
	41	121
	39	123
	39	124
	39	122
	40	121
	38	123
	38	122
	37	122
	38	121
	39	121
	37	123
	37	121
	38	124
	38	120
	36	122
	34	118
	35	118
	33	118
	34	119
	34	117
	35	119
	35	117
	33	119
	33	117
	34	120
	36	118
	34	116
	32	118
	32	117
	33	116
	32	116
	33	115
	31	117
	30	111
	31	111
	29	111
	30	112
	30	110
	31	112
	31	110
	29	112
	29	110
	30	113
	32	111
	30	109
	28	111
	28	110
	29	109
	28	109
	29	108
	27	110
	27	106
	28	106
	26	106
	27	107
	27	105
	28	107
	28	105
	26	107
	26	105
	27	108
	29	106
	27	104
	25	106
	28	104
	26	104
	29	105
	27	103
	25	105
	27	101
	28	101
	26	101
	27	102
	27	100
	28	102
	28	100
	26	102
	26	100
	29	101
	27	99
	25	101
	28	99
	26	99
	29	100
	27	98
	25	100
	26	96
	27	96
	25	96
	26	97
	26	95
	27	97
	27	95
	25	97
	25	95
	26	98
	28	96
	26	94
	24	96
	26	91
	27	91
	25	91
	26	92
	26	90
	27	92
	27	90
	25	92
	25	90
	26	93
	28	91
	26	89
	24	91
	26	85
	27	85
	25	85
	26	86
	26	84
	27	86
	27	84
	25	86
	25	84
	26	87
	28	85
	26	83
	24	85
	26	79
	27	79
	25	79
	26	80
	26	78
	27	80
	27	78
	25	80
	25	78
	26	81
	28	79
	26	77
	24	79
	25	74
	26	74
	24	74
	25	75
	25	73
	26	75
	26	73
	24	75
	24	73
	25	76
	27	74
	25	72
	23	74
	25	69
	26	69
	24	69
	25	70
	25	68
	26	70
	26	68
	24	70
	24	68
	25	71
	27	69
	25	67
	23	69
	25	64
	26	64
	24	64
	25	65
	25	63
	26	65
	26	63
	24	65
	24	63
	25	66
	27	64
	25	62
	23	64
	26	62
	24	62
	25	61
	26	61
	24	61
	27	62
	25	60
	23	62
	25	56
	26	56
	24	56
	25	57
	25	55
	26	57
	26	55
	24	57
	24	55
	25	58
	27	56
	25	54
	23	56
	24	53
	25	53
	23	53
	24	54
	24	52
	25	52
	23	54
	23	52
	26	53
	24	51
	22	53
	24	49
	25	50
	23	48
	22	47
	17	44
	16	45
	130	150
	28	114
	29	113
	28	113
	27	114
	28	112
	31	113
	27	113
	27	112
	27	111
	26	112
	26	111
	27	109
	28	108
	26	110
	26	109
	29	107
	30	108
	26	108
	30	107
	28	103
	26	103
	29	104
	25	104
	29	103
	25	103
	25	102
	24	102
	24	101
	25	99
	24	100
	25	98
	24	99
	28	98
	24	98
	28	97
	24	97
	27	94
	25	94
	28	95
	24	95
	27	93
	25	93
	28	94
	24	94
	28	93
	24	93
	27	89
	25	89
	28	90
	26	88
	24	90
	27	88
	25	88
	28	89
	24	89
	27	87
	25	87
	28	87
	24	87
	28	86
	24	86
	27	83
	25	83
	28	84
	26	82
	24	84
	28	83
	27	82
	28	82
	29	83
	27	81
	28	81
	29	82
	25	82
	28	80
	29	81
	25	81
	29	80
	28	78
	29	79
	27	77
	28	77
	29	78
	27	76
	28	76
	26	76
	29	77
	27	75
	25	77
	28	75
	29	76
	28	74
	27	73
	28	73
	29	74
	27	72
	26	72
	26	71
	27	71
	27	70
	28	71
	24	71
	23	70
	26	67
	24	67
	27	68
	23	68
	26	66
	24	66
	27	67
	23	67
	23	65
	23	66
	22	65
	23	63
	22	64
	23	61
	24	60
	23	60
	24	59
	22	61
	25	59
	23	59
	26	60
	24	58
	22	60
	23	58
	26	59
	22	59
	23	57
	26	58
	22	58
	22	67
	24	72
	23	72
	24	78
	24	81
	28	88
	24	88
	28	92
	24	92
	176	113
	175	114
	177	112
	172	115
	173	116
	172	117
	174	115
	171	118
	172	118
	171	119
	173	117
	172	119
	170	119
	171	120
	173	118
	169	118
	169	119
	170	120
	169	120
	170	121
	168	119
	168	121
	169	121
	168	122
	169	122
	167	122
	168	123
	167	123
	166	123
	167	124
	165	122
	166	124
	165	124
	166	125
	165	125
	164	125
	164	126
	163	127
	157	127
	157	126
	158	125
	156	127
	155	128
	154	129
	152	131
	153	130
	152	130
	153	129
	151	131
	151	132
	150	133
	151	136
	150	137
	151	137
	150	138
	148	138
	149	138
	148	139
	147	139
	147	140
	145	140
	146	140
	145	141
	144	141
	142	141
	143	142
	144	142
	141	142
	140	143
	135	141
	131	143
	132	142
	137	147
	139	147
	144	143
	159	124
	160	123
	161	122
	162	121
	164	121
	163	120
	167	118
	168	118
	167	117
	168	117
	102	150
	104	151
	103	150
	104	150
	107	152
	107	151
	108	151
	106	151
	111	151
	112	150
	111	150
	110	150
	109	150
	108	150
	107	150
	106	150
	105	150
	115	149
	116	148
	115	148
	113	149
	112	149
	113	148
	114	148
	112	148
	111	149
	110	149
	111	148
	110	148
	109	149
	108	149
	109	148
	108	148
	107	149
	107	148
	106	148
	107	147
	108	147
	106	149
	106	147
	105	148
	105	149
	105	147
	104	148
	103	148
	104	149
	104	147
	103	149
	103	147
	102	148
	102	149
	102	147
	101	148
	100	148
	101	149
	101	147
	100	147
	99	148
	98	148
	99	147
	98	147
	97	147
	96	147
	109	147
	112	147
	113	147
	111	147
	112	146
	113	146
	111	146
	114	147
	115	147
	114	146
	115	146
	116	147
	116	146
	117	147
	117	146
	118	147
	118	146
	120	147
	121	147
	120	146
	121	146
	119	146
	122	146
	122	145
	123	145
	121	145
	124	146
	124	145
	125	145
	127	145
	110	147
	95	147
	95	146
	96	146
	94	146
	97	146
	99	146
	100	146
	98	146
	101	146
	102	146
	103	146
	104	146
	105	146
	106	146
	107	146
	108	146
	109	146
	110	146
	114	145
	115	145
	113	145
	116	145
	117	145
	118	145
	119	145
	120	145
	128	145
	110	145
	111	145
	109	145
	108	145
	112	145
	113	144
	114	144
	112	144
	111	144
	110	144
	109	144
	108	144
	107	145
	107	144
	106	145
	105	145
	104	145
	103	145
	102	145
	101	145
	100	145
	99	145
	98	145
	97	145
	96	145
	95	145
	94	145
	93	145
	92	145
	95	144
	96	144
	94	144
	98	144
	99	144
	97	144
	100	144
	101	144
	102	144
	103	144
	104	144
	105	144
	106	144
	112	143
	113	143
	111	143
	114	143
	115	144
	115	143
	116	144
	116	143
	117	144
	117	143
	118	144
	118	143
	119	144
	119	143
	120	144
	120	143
	121	144
	121	143
	122	144
	122	143
	123	144
	124	144
	123	143
	124	143
	125	144
	125	143
	126	144
	126	143
	127	144
	127	143
	128	144
	128	143
	129	144
	129	143
	130	143
	108	143
	109	143
	107	143
	110	143
	106	143
	105	143
	104	143
	103	143
	102	143
	101	143
	100	143
	99	143
	98	143
	97	143
	96	143
	95	143
	94	143
	93	144
	93	143
	92	144
	92	143
	91	144
	91	143
	90	143
	89	144
	89	143
	88	143
	98	142
	99	142
	97	142
	98	141
	99	141
	97	141
	98	140
	99	140
	97	140
	98	139
	99	139
	97	139
	98	138
	99	138
	97	138
	98	137
	99	137
	97	137
	98	136
	99	136
	97	136
	98	135
	99	135
	97	135
	98	134
	99	134
	97	134
	98	133
	99	133
	97	133
	98	132
	99	132
	97	132
	100	142
	101	142
	100	141
	101	141
	100	140
	101	140
	100	139
	101	139
	100	138
	101	138
	100	137
	101	137
	100	136
	101	136
	100	135
	101	135
	100	134
	101	134
	100	133
	100	132
	99	131
	100	131
	98	131
	99	130
	100	130
	98	130
	99	129
	100	129
	98	129
	101	133
	101	132
	101	131
	101	130
	101	129
	100	128
	101	128
	99	128
	100	127
	101	127
	99	127
	96	134
	96	135
	96	133
	96	132
	97	131
	96	131
	97	130
	96	130
	97	129
	96	129
	98	128
	97	128
	98	127
	97	127
	98	126
	99	126
	97	126
	96	142
	96	141
	96	140
	96	139
	96	138
	96	137
	96	136
	124	141
	125	141
	123	141
	124	142
	124	140
	125	142
	125	140
	123	142
	123	140
	124	139
	125	139
	123	139
	124	138
	125	138
	123	138
	124	137
	125	137
	123	137
	125	136
	126	136
	124	136
	125	135
	126	137
	126	135
	124	135
	125	134
	126	134
	124	134
	125	133
	126	133
	124	133
	125	132
	126	132
	124	132
	125	131
	126	131
	124	131
	125	130
	126	130
	124	130
	122	142
	122	141
	122	140
	122	139
	122	138
	123	136
	123	135
	123	134
	123	133
	123	132
	123	131
	123	130
	124	129
	125	129
	123	129
	124	128
	125	128
	123	128
	124	127
	125	127
	123	127
	126	127
	125	126
	126	128
	126	126
	124	126
	125	125
	126	125
	124	125
	125	124
	126	124
	124	124
	123	125
	123	126
	123	124
	124	123
	125	123
	123	123
	124	122
	125	122
	123	122
	124	121
	125	121
	123	121
	124	120
	125	120
	123	120
	124	119
	125	119
	123	119
	124	118
	125	118
	123	118
	124	117
	125	117
	123	117
	124	116
	125	116
	123	116
	124	115
	125	115
	123	115
	124	114
	125	114
	123	114
	124	113
	125	113
	123	113
	126	114
	126	115
	126	113
	125	112
	126	112
	124	112
	100	126
	99	125
	100	125
	98	125
	99	124
	100	124
	98	124
	99	123
	100	123
	98	123
	99	122
	100	122
	98	122
	99	121
	100	121
	98	121
	99	120
	100	120
	98	120
	99	119
	100	119
	98	119
	99	118
	100	118
	98	118
	99	117
	100	117
	98	117
	99	116
	100	116
	98	116
	99	115
	100	115
	98	115
	99	114
	100	114
	98	114
	99	113
	100	113
	98	113
	99	112
	100	112
	98	112
	99	111
	100	111
	98	111
	99	110
	100	110
	98	110
	99	109
	100	109
	98	109
	99	108
	100	108
	98	108
	99	107
	100	107
	98	107
	99	106
	100	106
	98	106
	99	105
	100	105
	98	105
	99	104
	100	104
	98	104
	99	103
	100	103
	98	103
	99	102
	100	102
	98	102
	99	101
	100	101
	98	101
	99	100
	100	100
	98	100
	99	99
	100	99
	98	99
	99	98
	100	98
	98	98
	99	97
	100	97
	98	97
	99	96
	100	96
	98	96
	99	95
	100	95
	98	95
	99	94
	100	94
	98	94
	99	93
	100	93
	98	93
	99	92
	100	92
	98	92
	99	91
	100	91
	98	91
	99	90
	100	90
	98	90
	99	89
	100	89
	98	89
	99	88
	100	88
	98	88
	99	87
	100	87
	98	87
	99	86
	100	86
	98	86
	99	85
	100	85
	98	85
	99	84
	100	84
	98	84
	99	83
	100	83
	98	83
	99	82
	100	82
	98	82
	99	81
	100	81
	98	81
	95	79
	97	79
	96	80
	101	80
	101	78
	100	78
	100	77
	101	77
	101	79
	97	77
	95	77
	100	80
	101	122
	101	123
	101	124
	101	119
	101	115
	101	121
	101	114
	101	112
	101	125
	101	120
	101	116
	101	126
	101	107
	101	106
	101	108
	101	105
	101	103
	101	118
	101	102
	101	104
	101	109
	101	110
	101	111
	125	111
	126	111
	124	111
	125	110
	126	110
	124	110
	125	109
	126	109
	124	109
	125	108
	126	108
	124	108
	125	107
	126	107
	124	107
	125	106
	126	106
	124	106
	125	105
	126	105
	124	105
	125	104
	126	104
	124	104
	125	103
	126	103
	124	103
	125	102
	126	102
	124	102
	125	101
	126	101
	124	101
	125	100
	126	100
	124	100
	125	99
	126	99
	124	99
	125	98
	126	98
	124	98
	125	97
	126	97
	124	97
	125	96
	126	96
	124	96
	125	95
	126	95
	124	95
	123	96
	123	97
	123	95
	124	94
	125	94
	123	94
	124	93
	125	93
	123	93
	124	92
	125	92
	123	92
	124	91
	125	91
	123	91
	126	91
	125	90
	126	92
	126	90
	124	90
	125	89
	126	89
	124	89
	125	88
	126	88
	124	88
	125	87
	126	87
	124	87
	125	86
	126	86
	124	86
	125	85
	126	85
	124	85
	125	84
	126	84
	124	84
	125	83
	126	83
	124	83
	123	84
	123	85
	123	83
	124	82
	125	82
	123	82
	124	81
	125	81
	123	81
	124	80
	125	80
	123	80
	124	79
	125	79
	123	79
	124	78
	125	78
	123	78
	124	77
	127	77
	128	77
	75	59
	74	59
	73	59
	72	55
	74	54
	72	56
	73	54
	126	77
	75	54
	88	57
	89	57
	87	57
	88	58
	88	56
	89	58
	89	56
	87	58
	87	56
	125	65
	126	65
	124	65
	125	66
	125	64
	126	66
	126	64
	124	66
	124	64
	98	65
	99	65
	97	65
	98	66
	98	64
	99	66
	99	64
	97	66
	97	64
	44	57
	45	57
	43	57
	44	58
	44	56
	45	58
	45	56
	43	58
	43	56
	74	56
	75	56
	73	56
	74	57
	74	55
	75	57
	75	55
	73	57
	73	55
	72	58
	72	57
	76	55
	76	56
	76	58
	76	57
	73	58
	75	58
	74	58
	146	58
	147	58
	145	58
	146	59
	146	57
	147	59
	147	57
	145	59
	145	57
	162	56
	163	56
	161	56
	162	57
	162	55
	163	57
	163	55
	161	57
	161	55
	86	108
	87	108
	85	108
	86	109
	86	107
	87	109
	87	107
	85	109
	85	107
	86	110
	87	110
	85	110
	84	110
	85	111
	86	111
	84	111
	84	109
	85	112
	86	112
	84	112
	83	111
	83	112
	83	110
	84	113
	85	113
	83	113
	82	112
	82	113
	82	111
	81	113
	82	114
	83	114
	81	114
	81	112
	82	115
	83	115
	81	115
	80	114
	80	115
	80	113
	81	116
	82	116
	80	116
	79	115
	79	116
	79	114
	80	117
	81	117
	79	117
	78	116
	78	117
	78	115
	77	116
	77	117
	77	115
	78	118
	79	118
	77	118
	76	117
	76	118
	76	116
	77	119
	78	119
	76	119
	95	127
	96	127
	94	127
	95	128
	95	126
	96	128
	96	126
	94	128
	94	126
	95	125
	96	125
	94	125
	95	124
	96	124
	94	124
	95	123
	96	123
	94	123
	97	125
	97	124
	97	123
	96	122
	97	122
	95	122
	96	121
	97	121
	95	121
	87	143
	86	143
	85	143
	84	143
	75	126
	74	126
	74	125
	75	125
	75	117
	74	117
	74	116
	75	116
	74	106
	75	106
	75	105
	74	105
	72	95
	73	95
	73	94
	72	94
	74	81
	75	81
	75	80
	74	80
	42	80
	43	80
	43	79
	42	79
	42	87
	43	87
	43	86
	42	86
	42	95
	43	95
	43	94
	42	94
	42	121
	34	115
	33	114
	34	114
	32	114
	33	113
	34	113
	32	113
	33	112
	34	112
	32	112
	33	111
	32	110
	33	110
	32	109
	33	109
	31	109
	33	108
	34	108
	32	108
	33	107
	34	109
	34	107
	32	107
	33	106
	34	106
	32	106
	33	105
	34	105
	32	105
	34	111
	34	110
	35	112
	35	113
	35	111
	35	108
	36	108
	35	109
	35	107
	36	109
	36	107
	36	103
	37	103
	35	103
	36	104
	36	102
	37	104
	37	102
	35	104
	35	102
	36	101
	37	101
	35	101
	36	105
	37	105
	35	105
	37	108
	37	109
	37	107
	35	110
	36	110
	36	111
	35	106
	36	106
	34	103
	34	104
	34	102
	34	101
	33	102
	33	103
	33	101
	32	103
	33	104
	32	104
	32	102
	31	106
	30	106
	31	107
	31	105
	30	105
	31	108
	30	102
	31	102
	29	102
	30	103
	30	101
	31	103
	31	101
	31	104
	32	101
	32	100
	33	100
	31	100
	30	100
	31	99
	32	99
	30	99
	30	104
	29	99
	30	98
	31	98
	29	98
	30	97
	31	97
	29	97
	30	96
	31	96
	29	96
	30	95
	31	95
	29	95
	32	96
	32	97
	32	95
	33	96
	33	97
	33	95
	34	96
	35	96
	34	97
	34	95
	35	97
	35	95
	36	96
	36	97
	36	95
	35	98
	36	98
	34	98
	33	98
	34	99
	35	99
	33	99
	34	100
	32	98
	35	100
	36	100
	36	99
	37	100
	37	99
	37	98
	37	97
	38	98
	38	99
	38	97
	37	96
	38	96
	37	95
	38	95
	30	88
	31	88
	29	88
	30	89
	30	87
	31	89
	31	87
	29	89
	29	87
	30	90
	31	90
	29	90
	32	89
	32	90
	32	88
	33	90
	32	91
	33	91
	33	89
	31	91
	32	92
	33	92
	31	92
	30	91
	30	92
	32	87
	31	86
	32	86
	30	86
	29	71
	28	72
	28	70
	29	72
	29	70
	30	72
	29	73
	30	73
	30	71
	31	72
	31	73
	31	71
	32	72
	32	73
	32	71
	33	71
	32	70
	33	72
	33	70
	31	70
	34	71
	34	72
	34	70
	35	71
	35	72
	35	70
	36	71
	36	72
	36	70
	35	73
	36	73
	34	73
	33	73
	32	74
	33	74
	31	74
	34	74
	35	74
	37	73
	36	74
	37	74
	37	72
	38	73
	38	74
	38	72
	39	73
	39	74
	39	72
	38	71
	39	71
	37	71
	38	70
	39	70
	37	70
	37	69
	38	69
	36	69
	36	68
	37	68
	35	68
	36	67
	37	67
	35	69
	35	67
	36	66
	37	66
	35	66
	36	65
	37	65
	35	65
	36	64
	37	64
	35	64
	36	63
	37	63
	35	63
	36	62
	37	62
	35	62
	34	67
	34	68
	34	66
	34	69
	33	69
	33	68
	32	68
	33	67
	32	69
	32	67
	33	66
	32	66
	33	65
	34	65
	32	65
	31	65
	32	64
	33	64
	31	66
	31	64
	32	63
	33	63
	31	63
	30	64
	30	65
	30	63
	30	66
	29	66
	30	67
	31	67
	29	67
	29	65
	29	69
	30	69
	28	69
	29	68
	30	70
	30	68
	28	68
	28	67
	31	68
	31	69
	28	66
	27	66
	28	65
	27	65
	28	64
	29	64
	27	63
	28	63
	28	62
	29	63
	29	62
	30	62
	31	62
	32	62
	33	62
	34	63
	34	64
	34	62
	38	63
	38	64
	38	62
	39	64
	38	65
	39	65
	39	63
	38	66
	39	66
	38	67
	39	67
	38	68
	39	68
	39	69
	39	62
	29	75
	30	74
	30	75
	31	75
	25	51
	25	49
	24	48
	25	48
	25	47
	26	47
	24	47
	25	46
	26	48
	26	46
	24	46
	25	45
	26	45
	24	45
	27	45
	26	44
	27	46
	27	44
	25	44
	26	43
	27	43
	25	43
	26	42
	27	42
	25	42
	26	41
	27	41
	25	41
	28	41
	27	40
	28	42
	28	40
	26	40
	27	39
	28	39
	26	39
	28	43
	28	44
	28	45
	28	46
	27	47
	28	47
	27	48
	28	48
	27	49
	28	49
	26	49
	27	50
	28	50
	26	50
	26	51
	27	51
	26	52
	27	52
	27	53
	26	54
	27	54
	27	55
	27	57
	27	58
	27	59
	112	31
	111	29
	106	28
	127	30
	111	31
	115	30
	111	28
	112	28
	122	28
	110	30
	108	29
	114	30
	114	29
	114	31
	116	29
	115	31
	121	30
	116	30
	115	28
	115	29
	113	28
	113	29
	110	29
	113	30
	110	28
	111	30
	113	31
	112	29
	112	30
	107	28
	107	29
	109	28
	105	28
	104	28
	108	30
	105	27
	106	27
	104	29
	104	27
	101	28
	102	28
	100	28
	101	29
	101	27
	102	29
	102	27
	100	29
	100	27
	98	28
	99	28
	97	28
	98	27
	99	27
	97	27
	103	28
	103	29
	103	27
	111	27
	112	27
	110	27
	114	28
	116	28
	103	30
	101	30
	117	30
	116	31
	119	30
	120	28
	118	29
	121	31
	119	29
	118	28
	122	30
	119	28
	122	29
	124	28
	125	28
	113	27
	114	27
	109	27
	108	27
	107	27
	107	26
	108	26
	106	26
	105	26
	104	26
	109	26
	110	26
	115	27
	116	27
	115	26
	116	26
	114	26
	119	27
	120	27
	118	27
	122	27
	123	27
	121	27
	124	27
	125	27
	126	28
	126	29
	126	27
	127	28
	127	27
	128	28
	128	29
	128	27
	117	27
	118	26
	119	26
	117	26
	116	25
	117	25
	115	25
	120	26
	119	25
	120	25
	118	25
	121	26
	122	26
	123	26
	124	26
	125	26
	126	26
	127	26
	128	26
	125	25
	126	25
	124	25
	123	25
	122	25
	121	25
	99	26
	100	26
	98	26
	96	28
	95	28
	96	29
	96	27
	95	27
	94	28
	94	27
	92	28
	93	27
	92	27
	112	26
	113	26
	111	26
	127	94
	128	94
	126	94
	127	95
	127	93
	128	95
	128	93
	126	93
	127	92
	128	92
	129	93
	129	94
	129	92
	130	93
	130	94
	130	92
	131	93
	131	94
	131	92
	130	95
	131	95
	129	95
	136	140
	137	140
	135	140
	136	139
	137	139
	135	139
	134	139
	135	138
	136	138
	134	140
	134	138
	135	136
	136	136
	134	136
	135	137
	135	135
	136	137
	136	135
	134	137
	134	135
	135	134
	136	134
	134	134
	135	133
	136	133
	134	133
	135	132
	136	132
	134	132
	135	131
	136	131
	134	131
	135	130
	136	130
	134	130
	135	129
	136	129
	134	129
	135	128
	136	128
	134	128
	135	127
	136	127
	134	127
	135	126
	136	126
	134	126
	135	125
	136	125
	134	125
	135	124
	136	124
	134	124
	135	123
	136	123
	134	123
	135	122
	136	122
	134	122
	135	121
	136	121
	134	121
	135	120
	136	120
	134	120
	135	119
	136	119
	134	119
	135	118
	136	118
	134	118
	140	102
	141	102
	139	102
	140	103
	140	101
	141	103
	141	101
	139	103
	139	101
	142	103
	141	104
	142	104
	142	102
	140	104
	143	103
	144	103
	143	104
	143	102
	144	104
	144	102
	145	103
	146	103
	145	104
	145	102
	146	104
	146	102
	148	103
	149	103
	147	103
	148	104
	148	102
	149	104
	149	102
	147	104
	147	102
	150	102
	151	102
	150	103
	150	101
	151	103
	151	101
	149	101
	152	102
	153	102
	152	103
	152	101
	153	103
	153	101
	154	102
	154	103
	154	101
	155	102
	155	103
	155	101
	156	102
	156	103
	156	101
	155	100
	156	100
	154	100
	155	99
	156	99
	154	99
	155	98
	156	98
	154	98
	155	97
	156	97
	154	97
	153	97
	154	96
	155	96
	153	98
	153	96
	154	95
	155	95
	153	95
	154	94
	155	94
	153	94
	154	93
	155	93
	153	93
	152	93
	153	92
	154	92
	152	94
	152	92
	153	91
	154	91
	152	91
	153	90
	154	90
	152	90
	153	89
	154	89
	152	89
	151	90
	151	91
	151	89
	150	89
	151	88
	152	88
	150	90
	150	88
	149	89
	149	90
	149	88
	148	89
	148	90
	148	88
	147	89
	147	90
	147	88
	146	90
	147	91
	148	91
	146	91
	146	89
	145	90
	145	91
	145	89
	144	90
	144	91
	144	89
	143	90
	143	91
	143	89
	142	89
	143	88
	144	88
	142	90
	142	88
	141	89
	141	90
	141	88
	140	89
	140	90
	140	88
	143	87
	144	87
	142	87
	145	88
	145	87
	146	88
	146	87
	147	87
	148	87
	149	87
	150	87
	151	87
	152	87
	153	88
	153	87
	154	88
	155	88
	154	87
	155	89
	155	87
	156	88
	156	89
	156	87
	155	90
	156	90
	155	91
	156	96
	156	95
	156	94
	156	93
	155	92
	156	92
	156	91
	149	91
	150	91
	149	92
	150	92
	148	92
	147	92
	148	93
	149	93
	147	93
	149	94
	150	94
	148	94
	149	95
	150	95
	150	93
	148	95
	150	96
	151	96
	149	96
	150	97
	151	97
	151	95
	149	97
	151	99
	152	99
	150	99
	151	100
	151	98
	152	100
	152	98
	150	100
	150	98
	151	93
	151	94
	151	92
	152	96
	152	97
	152	95
	153	99
	153	100
	146	92
	146	93
	147	94
	146	94
	147	95
	146	95
	148	98
	149	98
	147	98
	148	99
	148	97
	149	99
	147	99
	147	97
	148	101
	147	101
	148	100
	149	100
	147	100
	148	96
	147	96
	146	98
	146	99
	146	97
	145	94
	145	95
	145	93
	145	92
	146	96
	145	96
	145	99
	146	100
	145	100
	145	98
	146	101
	145	101
	144	101
	144	100
	144	99
	144	98
	144	96
	143	96
	144	97
	144	95
	145	97
	143	97
	143	95
	144	94
	143	94
	144	93
	143	93
	144	92
	143	92
	143	98
	143	99
	142	99
	143	100
	142	100
	142	98
	143	101
	142	101
	142	96
	142	97
	142	95
	142	94
	142	93
	142	92
	142	91
	141	91
	141	93
	141	94
	141	92
	141	98
	140	98
	141	99
	141	97
	140	99
	140	97
	141	100
	140	100
	141	95
	140	95
	141	96
	140	96
	140	94
	140	93
	140	92
	140	91
	139	95
	139	96
	139	94
	139	97
	139	98
	139	99
	139	100
	139	93
	139	92
	139	91
	139	90
	139	89
	139	88
	140	87
	141	87
	139	87
	138	101
	137	101
	138	102
	138	100
	137	102
	137	100
	138	99
	137	99
	136	100
	136	101
	136	99
	137	98
	138	98
	136	98
	137	97
	138	97
	136	97
	168	115
	169	114
	168	114
	169	113
	155	106
	156	106
	157	106
	157	107
	158	107
	159	107
	160	107
	160	108
	161	108
	162	108
	162	109
	163	109
	164	109
	165	110
	166	110
	164	110
	163	108
	159	108
	158	106
	155	105
	94	96
	95	96
	93	96
	94	97
	94	95
	95	97
	95	95
	93	97
	93	95
	94	94
	95	94
	93	94
	94	93
	95	93
	93	93
	96	94
	96	95
	96	93
	97	94
	97	95
	97	93
	96	96
	97	96
	96	97
	97	97
	95	98
	96	98
	94	98
	92	96
	92	97
	92	95
	92	94
	92	93
	97	81
	96	81
	97	82
	97	80
	96	82
	97	78
	95	81
	95	82
	96	78
	98	80
	99	78
	95	78
	94	80
	94	81
	94	79
	98	78
	99	79
	94	78
	100	79
	98	79
	99	80
	95	80
	82	90
	83	90
	81	90
	82	91
	82	89
	83	91
	83	89
	81	91
	81	89
	84	90
	85	90
	84	91
	84	89
	85	91
	85	89
	86	90
	86	91
	86	89
	87	90
	87	91
	87	89
	88	90
	88	91
	88	89
	89	90
	89	91
	89	89
	90	89
	89	88
	90	90
	90	88
	88	88
	91	89
	91	90
	91	88
	90	87
	91	87
	89	87
	90	86
	91	86
	89	86
	90	85
	91	85
	89	85
	88	86
	88	87
	88	85
	89	84
	90	84
	88	84
	89	83
	90	83
	88	83
	87	83
	88	82
	89	82
	87	84
	87	82
	88	81
	89	81
	87	81
	86	81
	87	80
	88	80
	86	82
	86	80
	85	81
	85	82
	85	80
	84	80
	85	79
	86	79
	84	81
	84	79
	83	80
	83	81
	83	79
	84	78
	85	78
	83	78
	82	79
	82	80
	82	78
	83	77
	84	77
	82	77
	81	78
	81	79
	81	77
	82	76
	83	76
	81	76
	80	78
	80	79
	80	77
	81	80
	80	80
	81	81
	82	81
	80	81
	81	82
	82	82
	80	82
	79	82
	80	83
	81	83
	79	83
	79	81
	78	82
	78	83
	78	81
	79	80
	78	80
	79	79
	78	79
	79	78
	83	82
	82	83
	83	83
	82	84
	83	84
	81	84
	84	83
	85	83
	84	84
	84	82
	85	84
	86	83
	86	84
	86	85
	87	85
	85	85
	87	86
	86	86
	87	87
	86	87
	87	88
	86	88
	84	87
	85	87
	83	87
	84	88
	84	86
	85	88
	85	86
	83	88
	83	86
	84	85
	83	85
	82	85
	82	87
	82	88
	82	86
	81	88
	81	87
	80	85
	81	85
	79	85
	80	86
	80	84
	81	86
	79	86
	79	84
	80	87
	79	87
	80	88
	79	88
	80	89
	79	89
	39	133
	40	134
	40	132
	39	134
	39	132
	39	131
	39	130
	38	130
	39	129
	38	131
	38	129
	38	128
	38	127
	38	126
	37	126
	38	125
	37	127
	37	125
	37	128
	37	131
	38	132
	37	132
	37	130
	38	133
	37	133
	38	134
	37	134
	39	135
	38	135
	36	130
	37	129
	36	131
	36	129
	36	128
	36	127
	36	125
	35	125
	36	126
	36	124
	37	124
	35	126
	35	124
	36	123
	35	123
	34	124
	34	125
	34	123
	35	122
	34	122
	34	126
	35	127
	35	128
	33	123
	33	124
	33	122
	33	121
	34	121
	32	121
	32	122
	32	120
	31	119
	31	120
	35	121
	34	127
	40	136
	39	136
	40	137
	39	137
	41	138
	40	138
	41	139
	42	139
	40	139
	42	140
	43	140
	41	140
	42	141
	43	141
	41	141
	44	141
	45	142
	44	142
	47	143
	46	143
	49	143
	49	144
	50	144
	48	144
	51	143
	51	144
	52	144
	53	144
	54	144
	53	145
	53	143
	54	145
	52	145
	55	144
	56	144
	55	145
	55	143
	56	145
	57	144
	57	145
	58	144
	58	145
	59	145
	60	145
	59	146
	60	146
	60	144
	58	146
	62	145
	63	145
	61	145
	62	146
	63	146
	61	146
	61	144
	66	146
	65	146
	66	147
	67	147
	65	147
	65	145
	68	147
	70	147
	70	148
	71	148
	69	148
	74	148
	72	148
	76	147
	77	147
	76	148
	77	148
	75	148
	78	148
	77	149
	78	149
	78	147
	76	149
	79	148
	79	149
	82	149
	83	149
	82	150
	83	150
	81	150
	84	150
	83	151
	84	151
	82	151
	85	150
	85	151
	86	151
	87	152
	80	149
	80	150
	75	149
	74	149
	64	146
	36	132
	35	132
	36	133
	35	133
	35	131
	34	128
	35	129
	34	129
	33	126
	32	126
	33	127
	33	125
	32	127
	32	125
	32	124
	31	124
	32	123
	31	125
	31	123
	31	122
	31	121
	30	121
	30	122
	30	120
	29	120
	30	119
	29	121
	29	119
	30	118
	29	118
	29	117
	28	117
	28	118
	28	116
	27	115
	27	116
	55	137
	54	137
	55	138
	60	138
	58	137
	59	137
	57	137
	59	138
	56	137
	61	137
	60	137
	62	138
	62	137
	71	137
	61	138
	70	137
	63	138
	70	138
	64	137
	72	138
	65	137
	67	137
	63	137
	73	138
	69	137
	68	137
	64	138
	65	138
	72	137
	66	137
	29	94
	30	94
	29	92
	29	93
	29	91
	30	93
	86	27
	85	26
	86	26
	84	26
	87	26
	89	27
	90	27
	88	27
	89	28
	89	26
	90	28
	90	26
	88	26
	91	27
	91	26
	92	26
	94	26
	95	26
	93	26
	96	26
	97	26
	101	26
	102	26
	130	27
	131	27
	129	27
	130	28
	130	26
	131	28
	131	26
	129	28
	129	26
	133	27
	134	27
	132	27
	133	28
	133	26
	134	28
	134	26
	132	26
	137	27
	138	27
	136	27
	137	28
	137	26
	138	26
	136	28
	136	26
	139	27
	140	27
	139	28
	139	26
	140	28
	140	26
	129	29
	136	29
	146	28
	144	28
	145	27
	146	27
	144	27
	147	27
	143	27
	135	28
	142	28
	142	27
	141	27
	135	27
	150	28
	149	27
	150	27
	148	27
	151	28
	152	28
	151	27
	152	27
	153	28
	154	28
	153	27
	154	29
	154	27
	155	28
	156	28
	155	27
	156	29
	156	27
	157	28
	158	28
	157	29
	157	27
	158	27
	161	28
	162	28
	160	28
	161	29
	161	27
	162	27
	160	27
	163	28
	163	27
	159	28
	159	29
	159	27
	164	28
	164	27
	165	28
	165	27
	166	28
	166	27
	168	29
	169	29
	167	29
	168	28
	169	28
	167	28
	170	29
	170	28
	171	29
	171	28
	172	29
	173	29
	172	28
	173	28
	174	29
	174	28
	175	29
	175	30
	175	28
	176	29
	176	30
	176	28
	177	110
	178	110
	177	109
	178	111
	178	109
	177	108
	178	108
	176	108
	177	107
	178	107
	177	106
	178	106
	176	106
	177	105
	178	105
	177	104
	178	104
	177	103
	178	103
	176	103
	177	102
	178	102
	177	101
	178	101
	176	101
	177	100
	176	99
	177	99
	177	98
	177	97
	177	96
	176	95
	177	95
	177	94
	176	93
	177	93
	176	92
	177	92
	177	91
	176	90
	177	90
	177	89
	177	86
	177	87
	177	84
	177	83
	177	81
	177	80
	178	83
	178	84
	178	82
	178	93
	178	94
	178	92
	178	95
	178	96
	178	97
	178	98
	178	99
	178	100
	178	90
	178	91
	178	89
	178	87
	178	88
	178	86
	178	85
	178	81
	178	80
	178	79
	178	78
	179	71
	179	72
	179	70
	179	69
	179	68
	179	66
	180	66
	179	67
	179	65
	180	67
	180	65
	178	67
	180	64
	181	64
	179	64
	180	63
	181	65
	181	63
	179	63
	180	62
	181	62
	179	62
	180	61
	181	61
	179	61
	180	59
	181	59
	179	59
	180	60
	180	58
	181	60
	181	58
	179	60
	179	58
	180	57
	181	57
	179	57
	180	54
	181	54
	179	54
	180	55
	180	53
	181	55
	181	53
	179	55
	179	53
	180	50
	181	50
	179	50
	180	51
	180	49
	181	51
	181	49
	179	51
	179	49
	180	44
	181	44
	179	44
	180	45
	180	43
	181	45
	181	43
	179	45
	179	43
	179	40
	180	40
	178	40
	179	41
	179	39
	180	41
	180	39
	178	41
	178	39
	179	38
	180	38
	178	38
	178	36
	179	36
	178	37
	178	35
	179	37
	179	35
	177	35
	178	34
	179	34
	177	38
	178	51
	178	49
	178	61
	179	52
	178	53
	178	46
	179	46
	179	47
	179	56
	178	57
	178	55
	178	48
	179	48
	179	42
	178	43
	177	40
	178	44
	182	57
	181	56
	182	58
	182	56
	180	56
	182	54
	182	55
	182	53
	181	52
	182	52
	180	52
	182	51
	182	50
	180	48
	181	48
	180	46
	181	46
	180	42
	180	37
	180	47
	181	47
	182	48
	182	49
	182	47
	181	37
	180	36
	181	38
	181	36
	180	35
	177	33
	178	33
	177	32
	178	32
	177	31
	178	31
	176	31
	177	30
	178	30
	177	29
	178	29
	177	28
	178	28
	181	35
	180	34
	181	34
	179	32
	180	32
	179	33
	179	31
	180	33
	180	31
	179	30
	180	30
	179	29
	180	29
	179	28
	180	28
	181	42
	181	39
	181	33
	181	32
	181	31
	181	30
	181	29
	181	28
	181	40
	181	41
	182	41
	182	42
	182	40
	182	43
	73	139
	73	137
	95	142
	94	142
	95	141
	94	141
	95	140
	94	140
	75	118
	74	118
	75	119
	74	119
	44	55
	45	55
	43	55
	127	127
	130	91
	132	91
	132	93
	131	91
	132	92
	124	63
	126	63
	125	63
	126	82
	126	81
	126	80
	126	79
	126	78
	89	31
	86	31
	82	31
	81	31
	80	30
	78	30
	88	31
	80	31
	79	31
	78	31
	77	31
	76	30
	76	31
	75	31
	74	30
	73	31
	74	31
	72	31
	71	31
	70	31
	68	30
	69	31
	68	31
	67	31
	59	31
	60	31
	58	31
	57	31
	56	31
	55	31
	54	31
	51	30
	51	31
	52	31
	50	31
	49	31
	48	31
	47	31
	46	30
	46	31
	44	30
	45	31
	44	31
	43	31
	42	30
	42	31
	41	31
	40	30
	40	31
	39	31
	38	31
	37	31
	36	31
	37	32
	38	32
	36	32
	35	31
	35	32
	34	31
	34	32
	33	31
	33	32
	32	31
	32	32
	32	30
	31	31
	31	32
	30	32
	30	33
	31	33
	29	33
	66	31
	65	31
	64	31
	63	31
	62	31
	61	31
	53	31
	123	112
	123	111
	123	110
	122	110
	121	110
	121	109
	121	108
	121	107
	122	107
	123	107
	123	108
	123	109
	122	108
	122	109
	123	106
	122	106
	123	105
	123	104
	123	103
	123	102
	122	105
	122	104
	122	103
	121	105
	121	106
	120	107
	120	108
	120	109
	120	110
	120	111
	121	111
	121	112
	122	112
	122	111
	120	112
	120	113
	121	113
	121	114
	122	114
	122	113
	122	115
	122	116
	122	117
	122	118
	121	116
	121	115
	122	119
	122	120
	122	127
	122	126
	122	125
	122	124
	121	124
	121	125
	121	126
	121	127
	122	128
	121	138
	121	137
	120	137
	122	136
	122	137
	120	138
	121	136
	120	136
	121	135
	122	135
	120	135
	122	134
	121	134
	122	133
	102	142
	103	142
	104	142
	105	141
	106	141
	106	140
	107	140
	104	141
	105	140
	104	140
	106	139
	107	139
	108	139
	109	139
	110	139
	111	139
	112	139
	108	138
	109	138
	110	138
	111	138
	112	138
	113	138
	114	138
	113	139
	107	138
	105	139
	106	138
	103	141
	102	141
	114	139
	115	139
	116	139
	116	138
	117	138
	118	138
	119	137
	118	137
	115	138
	119	136
	119	138
	117	139
	118	139
	119	139
	106	142
	107	142
	105	142
	108	141
	112	140
	111	140
	110	141
	108	142
	107	141
	109	140
	109	141
	110	142
	109	142
	108	140
	110	140
	111	141
	112	142
	111	142
	112	141
	113	141
	113	142
	113	140
	114	141
	114	142
	114	140
	115	140
	115	141
	115	142
	116	140
	117	140
	117	141
	117	142
	116	142
	116	141
	118	140
	118	141
	118	142
	119	142
	119	141
	119	140
	120	140
	120	139
	120	141
	120	142
	121	139
	121	140
	121	142
	121	141
	106	32
	105	32
	104	32
	103	32
	102	32
	101	32
	100	32
	99	32
	98	32
	117	32
	118	32
	119	32
	120	32
	121	32
	122	32
	123	32
	124	32
	125	32
	116	32
	107	32
	115	32
	108	32
	46	58
	46	57
	46	56
	46	55
	47	58
	47	57
	47	56
	47	55
	48	58
	48	57
	48	56
	48	55
	49	58
	49	56
	49	57
	49	55
	50	55
	50	56
	50	57
	50	58
	51	58
	51	57
	51	56
	52	58
	52	57
	52	56
	53	58
	53	57
	54	58
	54	57
	51	59
	52	59
	54	59
	53	59
	50	59
	55	59
	55	58
	55	57
	56	59
	56	58
	56	57
	57	58
	57	59
	57	57
	56	60
	57	60
	58	60
	58	59
	58	58
	59	58
	59	59
	59	60
	60	60
	60	59
	60	58
	61	58
	61	60
	61	59
	90	82
	90	81
	91	82
	91	81
	97	112
	96	112
	96	111
	96	110
	96	109
	97	110
	97	111
	97	109
	95	109
	95	110
	95	111
	95	112
	91	142
	92	141
	93	141
	93	140
	94	139
	92	142
	93	142
	94	138
	95	139
	95	138
	95	137
	95	136
	95	135
	95	134
	95	132
	95	133
	95	131
	94	133
	94	134
	94	135
	94	136
	94	137
	93	139
	93	138
	92	140
	93	137
	92	139
	37	111
	38	111
	37	112
	37	110
	38	112
	38	110
	36	112
	39	111
	39	112
	39	110
	40	111
	40	112
	40	110
	39	109
	40	109
	38	109
	38	108
	39	108
	38	107
	39	107
	38	106
	39	106
	37	106
	38	105
	39	105
	40	107
	40	108
	40	106
	41	106
	40	105
	41	107
	41	105
	39	104
	40	104
	38	104
	38	103
	39	103
	38	102
	39	102
	38	101
	39	101
	40	102
	40	103
	40	101
	41	103
	41	104
	41	102
	41	108
	41	109
	41	110
	41	111
	41	112
	39	97
	40	97
	39	98
	39	96
	40	98
	40	96
	34	91
	34	92
	34	90
	34	93
	35	93
	33	93
	34	94
	35	94
	35	92
	33	94
	31	93
	32	93
	31	94
	32	94
	33	86
	32	85
	33	87
	33	85
	31	85
	33	88
	137	119
	137	120
	137	118
	137	122
	137	123
	137	121
	137	124
	137	125
	137	126
	137	127
	148	58
	148	59
	148	57
	147	56
	148	56
	146	56
	145	56
	162	58
	163	58
	161	58
	164	57
	164	58
	164	56
	164	55
	160	56
	160	57
	160	55
	160	58
	162	54
	163	54
	161	54
	53	136
	54	136
	52	136
	55	136
	56	136
	57	136
	58	136
	59	136
	60	136
	61	136
	62	136
	63	136
	64	136
	65	136
	66	136
	67	136
	68	136
	69	136
	70	136
	71	136
	72	136
	73	136
	51	137
	51	136
	50	136
	157	99
	157	98
	41	120
	157	100
	42	120
	157	96
	44	120
	157	97
	43	120
	43	122
	44	122
	43	121
	44	123
	44	121
	160	54
	164	54
	149	57
	149	58
	149	56
	147	55
	148	55
	146	55
	127	81
	127	82
	127	80
	127	79
	128	80
	128	81
	128	79
	127	78
	128	78
	123	77
	125	77
	128	82
	127	96
	127	97
	128	96
	128	97
	153	105
	154	105
	152	105
	153	106
	153	104
	154	106
	154	104
	152	106
	152	104
	126	139
	127	138
	127	139
	127	137
	128	138
	128	139
	128	137
	129	138
	129	139
	129	137
	127	136
	128	136
	127	135
	128	135
	129	136
	129	135
	172	108
	172	106
	172	103
	172	101
	172	99
	172	95
	172	93
	172	92
	173	89
	172	90
	172	89
	172	88
	173	87
	173	86
	173	84
	172	84
	173	83
	172	85
	172	83
	172	82
	173	81
	173	80
	173	78
	173	77
	174	76
	173	76
	174	75
	173	75
	173	74
	173	73
	173	72
	173	71
	173	70
	173	69
	173	68
	174	67
	173	62
	174	61
	173	63
	173	61
	173	60
	173	56
	174	57
	174	55
	173	57
	173	55
	173	54
	174	53
	173	53
	173	52
	174	51
	173	51
	173	50
	174	49
	173	49
	174	48
	173	48
	174	46
	173	59
	173	65
	173	58
	173	66
	173	67
	173	64
	172	86
	172	87
	127	128
	127	126
	128	126
	127	125
	128	127
	128	125
	127	124
	128	124
	126	129
	137	131
	137	132
	137	130
	137	129
	137	128
	137	133
	137	134
	163	110
	161	109
	166	111
	165	111
	156	105
	159	106
	158	108
	162	59
	163	59
	161	59
	149	59
	98	67
	99	67
	97	67
	100	66
	100	67
	100	65
	101	66
	101	67
	101	65
	100	64
	101	64
	100	63
	101	63
	99	63
	98	63
	97	63
	98	62
	99	62
	97	62
	100	62
	101	62
	102	64
	102	65
	102	63
	123	66
	122	66
	123	67
	123	65
	124	67
	122	67
	122	65
	125	67
	126	67
	123	64
	123	63
	122	64
	122	63
	88	59
	89	59
	87	59
	88	60
	89	60
	87	60
	90	59
	90	60
	90	58
	90	57
	90	56
	89	55
	90	55
	88	55
	87	55
	86	56
	86	57
	86	55
	86	58
	86	59
	101	90
	101	91
	101	89
	101	87
	101	88
	101	86
	101	85
	101	84
	101	83
	101	82
	101	81
	96	79
	99	77
	98	77
	96	77
	94	77
	101	117
	101	113
	101	101
	101	100
	101	99
	101	98
	101	97
	101	96
	101	95
	101	94
	101	93
	101	92
	123	100
	123	101
	123	99
	123	98
InvisibleObstacle		
Half		
	119	64
	118	64
	94	63
	106	64
	122	68
	128	76
	122	70
	105	64
	120	64
	121	64
	124	68
	104	63
	126	76
	105	63
	126	75
	127	75
	107	63
	108	63
	106	63
	101	75
	109	63
	128	67
	101	73
	110	63
	111	63
	100	76
	112	63
	113	63
	126	68
	114	63
	126	69
	99	71
	115	63
	128	68
	127	67
	100	75
	116	63
	117	63
	103	67
	104	68
	99	75
	119	63
	103	66
	120	63
	106	66
	118	63
	105	65
	104	69
	104	67
	121	63
	109	66
	125	76
	114	69
	105	68
	127	76
	118	68
	105	69
	105	67
	128	75
	118	66
	99	72
	119	68
	106	68
	101	71
	119	67
	107	68
	106	69
	99	68
	117	66
	101	72
	118	67
	106	67
	100	70
	116	68
	107	69
	95	67
	115	67
	107	67
	94	67
	114	66
	108	69
	110	69
	109	68
	111	68
	108	67
	109	67
	111	64
	109	64
	115	64
	113	64
	110	64
	116	64
	117	64
	108	64
	107	64
	114	64
	112	64
	104	64
	125	69
	123	68
	116	65
	125	68
	119	65
	121	65
	120	65
	117	65
	111	66
	118	65
	111	65
	108	65
	112	65
	110	65
	109	65
	107	65
	127	69
	104	65
	106	65
	114	65
	127	68
	113	65
	103	65
	104	66
	105	66
	107	66
	108	66
	110	66
	113	69
	115	69
	120	69
	119	69
	125	75
	122	69
	123	75
	120	66
	103	63
	121	68
	120	67
	121	67
	117	68
	116	66
	117	67
	116	67
	115	65
	118	69
	116	69
	117	69
	121	69
	124	75
	121	66
	120	68
	119	66
	113	67
	114	67
	112	66
	115	66
	113	66
	114	68
	115	68
	113	68
	112	67
	112	69
	112	68
	111	67
	111	69
	110	67
	109	69
	110	68
	108	68
	94	69
	94	70
	94	68
	95	69
	95	70
	96	69
	96	70
	128	66
	99	69
	102	68
	127	66
	102	69
	103	70
	101	69
	101	68
	103	69
	128	69
	100	68
	102	70
	96	71
	95	71
	94	71
	128	64
	128	65
	127	65
	127	64
	127	63
	128	63
	125	73
	126	73
	124	73
	125	74
	125	72
	126	74
	126	72
	124	74
	124	72
	125	71
	126	71
	124	71
	125	70
	126	70
	124	70
	123	70
	124	69
	96	65
	123	71
	123	69
	123	76
	96	63
	95	63
	123	72
	123	73
	123	74
	101	74
	98	69
	124	76
	95	64
	94	64
	103	68
	128	73
	127	73
	128	74
	128	72
	127	74
	127	72
	128	71
	127	71
	128	70
	127	70
	100	69
	103	64
	94	65
	95	65
	101	70
	96	64
	100	73
	99	74
	102	66
	100	74
	96	66
	102	67
	99	70
	96	68
	95	66
	94	66
	94	72
	99	76
	96	72
	100	71
	100	72
	101	76
	95	72
	96	67
	99	73
	95	68
	98	70
	98	68
	97	69
	97	70
	97	68
	98	71
	97	71
	98	72
	97	72
	98	73
	97	73
	98	74
	97	74
	98	75
	97	75
	96	75
	97	76
	98	76
	96	76
	96	74
	95	75
	95	76
	95	74
	96	73
	95	73
	94	74
	94	75
	94	73
	94	76
	95	62
	96	62
	94	62
	130	63
	129	73
	130	64
	129	76
	130	68
	130	72
	130	70
	129	63
	130	69
	130	73
	130	74
	130	71
	129	65
	130	76
	130	75
	129	68
	129	69
	129	64
	129	66
	129	67
	129	74
	130	67
	130	65
	130	66
	129	72
	129	70
	129	71
	129	75
AW1		
	95	61
	96	61
	94	61
	95	62
	95	60
	96	62
	96	60
	94	62
	94	60
	93	61
	92	61
	93	62
	93	60
	92	62
	92	60
	91	61
	91	62
	91	60
	90	61
	90	62
	90	60
	89	61
	89	62
	89	60
	88	61
	87	61
	88	62
	88	60
	87	62
	87	60
	86	62
	87	63
	88	63
	86	63
	86	61
	85	62
	85	63
	85	61
	83	62
	84	62
	82	62
	83	63
	83	61
	84	63
	84	61
	82	63
	82	61
	89	63
	90	63
	93	63
	94	63
	92	63
	91	63
	81	63
	82	64
	83	64
	81	64
	81	62
	80	63
	80	64
	80	62
	79	62
	80	61
	81	61
	79	63
	79	61
	76	62
	77	62
	75	62
	76	63
	76	61
	77	63
	77	61
	75	63
	75	61
	74	62
	73	62
	74	63
	74	61
	73	63
	73	61
	69	62
	70	62
	68	62
	69	63
	69	61
	70	63
	70	61
	68	63
	68	61
	66	62
	67	62
	65	62
	66	63
	66	61
	67	63
	67	61
	65	63
	65	61
	62	63
	63	63
	61	63
	62	64
	62	62
	63	64
	63	62
	61	64
	61	62
	60	63
	59	63
	60	64
	60	62
	59	64
	59	62
	57	63
	58	63
	56	63
	57	64
	57	62
	58	64
	58	62
	56	64
	56	62
	53	63
	54	63
	52	63
	53	64
	53	62
	54	64
	54	62
	52	64
	52	62
	51	63
	50	63
	51	64
	51	62
	50	64
	50	62
	49	63
	48	63
	49	64
	49	62
	48	64
	48	62
	47	63
	46	63
	47	64
	47	62
	46	64
	46	62
	43	63
	44	63
	42	63
	43	64
	43	62
	44	64
	44	62
	42	64
	42	62
	41	63
	40	63
	41	64
	41	62
	40	64
	40	62
	39	62
	38	62
	39	63
	39	61
	40	61
	38	63
	38	61
	41	61
	42	61
	45	63
	45	64
	45	62
	55	63
	55	64
	55	62
	64	63
	64	64
	64	62
	65	64
	66	64
	68	64
	69	64
	67	64
	70	64
	71	63
	72	63
	71	64
	71	62
	72	64
	72	62
	72	61
	78	62
	78	63
	78	61
	86	60
	85	60
	84	60
	83	60
	82	60
	81	60
	80	60
	79	60
	78	60
	77	60
	76	60
	75	60
	74	60
	73	60
	71	61
	72	60
	71	60
	70	60
	69	60
	68	60
	67	60
	66	60
	64	61
	65	60
	64	60
	63	61
	62	61
	60	61
	61	61
	59	61
	57	61
	58	61
	56	61
	55	61
	54	61
	53	61
	52	61
	50	61
	51	61
	49	61
	50	60
	51	60
	49	60
	48	61
	47	61
	48	60
	47	60
	46	61
	46	60
	45	61
	44	61
	45	60
	44	60
	43	61
	42	60
	43	60
	41	60
	53	60
	54	60
	52	60
	57	60
	58	60
	56	60
	60	60
	61	60
	59	60
	63	60
	62	60
	37	62
	37	63
	37	61
	39	60
	40	60
	38	60
	37	60
	73	64
	76	64
	77	64
	75	64
	78	64
	79	64
	55	60
	74	64
	85	64
	86	64
	84	64
	88	64
	89	64
	87	64
	91	64
	92	64
	90	64
	93	64
	37	59
	38	59
	39	59
	40	59
	41	59
	42	59
	43	59
	44	59
	45	59
	46	59
	47	59
	48	59
	49	59
	76	59
	77	59
	79	59
	80	59
	81	59
	82	59
	78	59
	84	59
	85	59
	83	59
AW2		
	128	62
	129	62
	127	62
	128	63
	128	61
	129	63
	129	61
	127	63
	127	61
	126	61
	127	60
	128	60
	126	62
	126	60
	127	59
	128	59
	126	59
	129	60
	130	61
	130	62
	130	60
	131	61
	131	62
	131	60
	132	61
	133	61
	132	62
	132	60
	133	62
	133	60
	129	59
	130	59
	131	59
	132	59
	133	59
	135	60
	136	60
	134	60
	135	61
	135	59
	136	61
	136	59
	134	61
	134	59
	135	62
	136	62
	134	62
	137	61
	138	61
	137	62
	137	60
	138	62
	138	60
	139	61
	139	62
	139	60
	140	61
	140	62
	140	60
	142	61
	143	61
	141	61
	142	62
	142	60
	143	62
	143	60
	141	62
	141	60
	145	61
	146	61
	144	61
	145	62
	145	60
	146	62
	146	60
	144	62
	144	60
	147	61
	147	62
	147	60
	148	61
	148	62
	148	60
	149	61
	149	62
	149	60
	150	62
	151	62
	150	63
	150	61
	151	63
	151	61
	149	63
	152	62
	152	63
	152	61
	153	62
	153	63
	153	61
	154	62
	154	63
	154	61
	155	62
	155	63
	155	61
	156	62
	157	62
	156	63
	156	61
	157	63
	157	61
	158	62
	158	63
	158	61
	159	61
	160	61
	159	62
	159	60
	160	62
	160	60
	158	60
	161	61
	161	62
	161	60
	157	60
	154	60
	155	60
	153	60
	152	60
	151	60
	150	60
	156	60
	162	61
	162	62
	162	60
	163	61
	164	61
	163	62
	163	60
	164	62
	164	60
	166	61
	167	61
	165	61
	166	62
	166	60
	167	62
	167	60
	165	62
	165	60
	168	61
	169	61
	168	62
	168	60
	169	62
	169	60
	170	61
	171	61
	170	62
	170	60
	171	62
	171	60
	173	61
	174	61
	172	61
	173	62
	173	60
	174	62
	174	60
	172	62
	172	60
	170	63
	171	63
	169	63
	172	63
	173	63
	174	63
	164	63
	165	63
	163	63
	162	63
	161	63
	160	63
	159	63
	166	63
	167	63
	168	63
	147	63
	148	63
	146	63
	145	63
	144	63
	142	63
	143	63
	141	63
	140	63
	139	63
	138	63
	137	63
	136	63
	135	63
	134	63
	133	63
	132	63
	131	63
	130	63
	139	59
	140	59
	138	59
	137	59
	141	59
	142	59
	143	59
	144	59
	145	59
	146	59
	147	59
	148	59
	149	59
	150	59
	151	59
	152	59
	153	59
	154	59
	155	59
	156	59
	157	59
	158	59
	159	59
	160	59
	161	59
	162	59
	163	59
	164	59
	165	59
	166	59
	167	59
	168	59
	169	59
	170	59
	171	59
	172	59
	173	59
	174	59
	150	58
	151	58
	152	58
	154	58
	132	58
	134	58
	158	58
	159	58
	156	58
	155	58
	153	58
	157	58
	136	58
	137	58
	141	58
	142	58
	143	58
	144	58
	140	58
	139	58
	138	58
	135	58
	133	58
	131	58
	129	58
	126	58
	127	58
	128	58
	130	58
	165	58
	166	58
	167	58
	170	58
	171	58
	172	58
	169	58
	168	58
AW3		
	97	75
	98	75
	96	75
	97	76
	97	74
	98	76
	98	74
	96	76
	96	74
	97	73
	98	73
	96	73
	97	72
	98	72
	96	72
	97	71
	98	71
	96	71
	97	70
	98	70
	96	70
	99	70
	98	69
	99	71
	99	69
	97	69
	98	68
	99	68
	97	68
	98	67
	99	67
	97	67
	98	66
	99	66
	97	66
	100	75
	101	70
	99	75
	101	68
	100	74
	101	66
	101	74
	99	76
	99	74
	100	73
	101	73
	99	73
	100	72
	101	72
	99	72
	100	71
	101	71
	100	70
	100	69
	100	68
	100	67
	100	66
	101	67
	101	69
	101	76
	100	76
	101	75
AW4		
	124	75
	125	75
	123	75
	124	76
	124	74
	125	76
	125	74
	123	76
	123	74
	124	73
	125	73
	123	73
	124	72
	125	72
	123	72
	124	71
	125	71
	123	71
	124	70
	125	70
	123	70
	124	69
	125	69
	123	69
	124	68
	125	68
	123	68
	126	75
	126	76
	126	74
	127	75
	127	76
	127	74
	126	73
	127	73
	126	72
	127	72
	126	71
	127	71
	126	70
	127	70
	126	69
	127	69
	128	69
	127	68
	128	70
	128	68
	126	68
	127	67
	128	67
	126	67
	125	67
	124	67
	123	67
