Key	CellX	CellY
VisibleObstacle		
	13	246
	13	251
	11	253
	13	254
	12	254
	12	253
	12	255
	13	255
	11	254
	11	255
	12	256
	13	253
	11	256
	11	257
	16	238
	12	257
	12	258
	17	238
	13	256
	13	257
	15	238
	13	250
	12	251
	16	239
	11	246
	12	246
	11	248
	11	247
	11	250
	11	249
	13	247
	12	247
	12	248
	12	250
	11	252
	12	252
	13	248
	11	251
	12	249
	13	252
	13	249
	11	245
	13	245
	12	245
	11	244
	11	238
	12	239
	11	241
	12	237
	12	238
	13	241
	11	240
	13	238
	13	242
	12	242
	12	243
	13	244
	12	241
	16	237
	11	242
	12	244
	19	237
	19	239
	21	237
	20	237
	19	238
	20	238
	13	243
	22	238
	11	243
	21	238
	17	239
	22	239
	20	239
	24	237
	23	237
	21	239
	25	239
	25	237
	23	239
	24	239
	25	238
	24	238
	23	238
	27	239
	28	239
	26	239
	27	238
	28	238
	26	238
	18	237
	13	239
	14	239
	18	239
	18	238
	13	240
	12	240
	11	239
	15	237
	17	237
	14	237
	14	238
	15	239
	13	237
	42	234
	42	235
	42	233
	43	234
	43	235
	43	233
	44	234
	44	235
	44	233
	45	234
	45	235
	45	233
	46	234
	46	235
	46	233
	47	234
	47	235
	47	233
	48	234
	48	235
	48	233
	49	234
	49	235
	49	233
	50	234
	50	235
	50	233
	51	234
	51	235
	51	233
	52	234
	52	235
	52	233
	53	234
	53	235
	53	233
	54	234
	54	235
	54	233
	55	234
	55	235
	55	233
	56	234
	56	235
	56	233
	57	234
	57	235
	57	233
	58	234
	58	235
	58	233
	59	234
	59	235
	59	233
	60	234
	60	235
	60	233
	61	234
	61	235
	61	233
	62	234
	62	235
	62	233
	63	234
	63	235
	63	233
	64	234
	64	235
	64	233
	65	234
	65	235
	65	233
	66	234
	66	235
	66	233
	67	234
	68	234
	67	235
	67	233
	68	235
	68	233
	69	234
	70	234
	69	235
	69	233
	70	235
	70	233
	71	234
	71	235
	71	233
	72	234
	72	235
	72	233
	73	234
	73	235
	73	233
	74	234
	74	235
	74	233
	75	234
	75	235
	75	233
	76	234
	76	235
	76	233
	77	234
	77	235
	77	233
	78	234
	78	235
	78	233
	79	234
	79	235
	79	233
	80	234
	80	235
	80	233
	81	234
	82	234
	81	235
	81	233
	82	235
	82	233
	83	234
	83	235
	83	233
	84	234
	84	235
	84	233
	85	234
	85	235
	85	233
	86	234
	86	235
	86	233
	87	234
	87	235
	87	233
	88	234
	88	235
	88	233
	89	234
	89	235
	89	233
	90	234
	90	235
	90	233
	91	234
	91	235
	91	233
	92	234
	92	235
	92	233
	93	234
	93	235
	93	233
	94	234
	94	235
	94	233
	95	234
	95	235
	95	233
	96	234
	96	235
	96	233
	97	234
	97	235
	97	233
	98	234
	98	235
	98	233
	99	234
	99	235
	99	233
	100	234
	100	235
	100	233
	101	234
	101	235
	101	233
	102	234
	102	235
	102	233
	103	234
	103	235
	103	233
	104	234
	104	235
	104	233
	105	234
	105	235
	105	233
	110	266
	110	267
	110	265
	111	266
	111	267
	111	265
	112	266
	112	267
	112	265
	111	264
	112	264
	110	264
	111	263
	112	263
	110	263
	111	262
	112	262
	110	262
	111	261
	112	261
	110	261
	110	260
	111	260
	110	259
	111	259
	112	260
	112	259
	111	258
	112	258
	110	258
	111	257
	112	257
	110	257
	111	256
	112	256
	110	256
	111	255
	112	255
	110	255
	111	254
	112	254
	110	254
	111	253
	112	253
	110	253
	111	252
	112	252
	110	252
	111	251
	112	251
	110	251
	111	250
	112	250
	110	250
	111	249
	112	249
	110	249
	111	248
	112	248
	110	248
	111	247
	112	247
	110	247
	111	246
	112	246
	110	246
	111	245
	112	245
	110	245
	111	244
	112	244
	110	244
	111	243
	112	243
	110	243
	111	242
	112	242
	110	242
	111	241
	112	241
	110	241
	111	240
	112	240
	110	240
	111	239
	112	239
	110	239
	111	238
	112	238
	110	238
	111	237
	112	237
	110	237
	111	236
	112	236
	110	236
	111	235
	112	235
	110	235
	111	234
	112	234
	110	234
	111	233
	112	233
	110	233
	109	234
	109	235
	109	233
	108	234
	108	235
	108	233
	107	234
	107	235
	107	233
	106	234
	106	235
	106	233
	29	238
	30	238
	29	239
	30	239
	31	238
	32	238
	31	239
	32	239
	33	238
	34	238
	33	239
	34	239
	35	238
	36	238
	35	239
	36	239
	37	238
	38	238
	37	239
	38	239
	39	238
	40	238
	39	239
	40	239
	41	238
	42	238
	41	239
	41	237
	42	239
	42	237
	41	236
	42	236
	13	258
	11	258
	12	259
	13	259
	11	259
	12	260
	13	260
	11	260
	12	261
	13	261
	11	261
	12	262
	13	262
	11	262
	12	263
	13	263
	11	263
	12	264
	13	264
	11	264
	12	265
	13	265
	11	265
	12	266
	13	266
	11	266
	12	267
	13	267
	11	267
	12	269
	99	272
	11	269
	12	270
	12	268
	13	271
	13	270
	11	270
	11	268
	12	271
	13	268
	11	271
	12	272
	13	272
	11	272
	105	272
	12	273
	13	273
	11	273
	97	272
	88	273
	14	273
	89	272
	15	273
	87	273
	82	272
	88	272
	83	272
	17	273
	80	272
	18	273
	87	272
	16	273
	78	272
	76	272
	81	272
	77	272
	20	273
	21	273
	79	272
	19	273
	75	272
	74	272
	23	273
	24	273
	22	273
	72	272
	71	272
	73	272
	26	273
	70	272
	27	273
	25	273
	69	272
	28	273
	29	273
	91	273
	68	272
	31	273
	66	272
	32	273
	67	272
	30	273
	92	273
	40	233
	33	273
	36	273
	37	273
	35	273
	95	273
	62	272
	96	273
	40	235
	94	273
	40	273
	39	236
	64	272
	65	272
	97	273
	98	273
	93	273
	34	273
	39	273
	63	272
	38	273
	40	236
	61	272
	35	237
	38	237
	29	237
	20	272
	42	273
	43	273
	41	273
	32	237
	45	273
	59	272
	46	273
	60	272
	44	273
	58	272
	27	237
	47	273
	56	272
	55	272
	50	273
	54	272
	51	273
	100	272
	49	273
	26	237
	57	272
	48	273
	54	273
	55	273
	53	273
	90	272
	52	272
	51	272
	53	272
	52	273
	56	273
	94	272
	50	272
	49	272
	58	273
	59	273
	57	273
	42	272
	63	273
	41	272
	64	273
	43	272
	62	273
	60	273
	61	273
	41	233
	39	233
	39	272
	66	273
	37	272
	67	273
	40	272
	65	273
	39	234
	41	234
	68	273
	38	272
	36	272
	69	273
	70	273
	35	272
	71	273
	22	272
	72	273
	30	237
	73	273
	33	237
	45	272
	21	272
	46	272
	34	237
	44	272
	31	237
	75	273
	76	273
	74	273
	23	272
	77	273
	36	237
	78	273
	24	272
	79	273
	37	237
	80	273
	81	273
	95	272
	82	273
	83	273
	96	272
	84	273
	34	272
	33	272
	40	234
	32	272
	85	273
	89	273
	31	272
	90	273
	26	272
	25	272
	39	237
	105	273
	27	272
	106	272
	40	237
	107	272
	28	272
	108	272
	106	273
	101	273
	108	273
	107	273
	103	272
	99	273
	102	272
	104	272
	103	273
	102	273
	98	272
	104	273
	100	273
	93	272
	91	272
	92	272
	86	272
	84	272
	86	273
	85	272
	109	273
	109	272
	39	235
	110	273
	41	235
	29	272
	111	273
	30	272
	112	273
	110	271
	111	271
	110	272
	110	270
	111	272
	111	270
	112	272
	112	271
	112	270
	111	269
	112	269
	110	269
	111	268
	112	268
	110	268
	19	272
	28	237
	18	272
	17	272
	101	272
	16	272
	47	272
	22	237
	15	272
	48	272
	14	272
	13	269
InvisibleObstacle		
