Key	CellX	CellY
VisibleObstacle		
	43	192
	43	194
	43	193
	44	194
	45	194
	46	194
	47	194
	47	195
	47	196
	48	196
	50	196
	49	196
	51	196
	52	196
	53	196
	54	196
	54	195
	55	195
	56	195
	57	195
	58	195
	58	194
	59	194
	60	194
	61	194
	62	194
	61	193
	61	192
	62	192
	61	191
	62	191
	63	191
	63	192
	64	192
	65	192
	66	192
	67	191
	68	190
	69	189
	69	188
	68	188
	67	188
	67	187
	68	186
	68	185
	69	185
	69	184
	67	186
	68	184
	69	183
	69	182
	69	181
	69	180
	68	180
	68	179
	68	178
	67	177
	68	177
	67	176
	67	175
	67	174
	67	173
	67	172
	67	171
	67	170
	68	170
	68	169
	69	168
	42	192
	41	192
	40	192
	40	191
	39	191
	38	191
	37	191
	37	190
	37	189
	37	188
	37	187
	37	185
	37	186
	38	184
	38	183
	38	182
	38	181
	38	180
	39	180
	39	179
	39	178
	38	178
	38	177
	39	176
	39	175
	38	174
	38	173
	38	172
	39	172
	38	171
	38	170
	37	169
	37	168
	38	168
	38	167
	37	166
	38	165
	38	164
	38	163
	38	162
	38	161
	38	160
	39	160
	39	159
	39	158
	39	157
	39	156
	39	155
	39	154
	39	153
	39	152
	38	152
	37	152
	37	151
	37	150
	37	149
	37	148
	37	147
	37	146
	37	145
	37	144
	37	143
	37	141
	37	142
	37	140
	37	139
	36	139
	35	139
	34	138
	34	137
	34	136
	35	135
	35	136
	35	134
	35	133
	34	133
	34	132
	34	131
	34	130
	35	129
	35	128
	35	127
	35	126
	35	125
	35	124
	36	123
	36	122
	36	121
	36	120
	36	119
	37	118
	36	117
	36	116
	37	115
	38	114
	39	113
	40	112
	42	112
	42	113
	41	112
	43	114
	42	114
	43	113
	44	113
	45	112
	46	111
	46	112
	46	110
	45	110
	44	110
	43	109
	44	108
	45	107
	45	106
	44	105
	43	104
	44	103
	44	102
	45	101
	46	101
	47	102
	48	103
	49	104
	50	104
	50	103
	50	102
	51	102
	52	102
	52	103
	52	104
	52	105
	53	105
	53	104
	54	103
	54	104
	55	102
	56	102
	56	103
	57	103
	57	104
	58	104
	59	104
	59	103
	58	105
	58	106
	58	107
	59	107
	60	107
	61	108
	62	108
	63	108
	64	108
	64	109
	65	109
	66	109
	67	108
	67	107
	68	106
	68	105
	69	105
	69	104
	70	104
	70	103
	71	103
	72	103
	70	102
	69	101
	69	100
	69	99
	69	98
	68	97
	68	96
	68	95
	68	94
	68	93
	69	93
	70	93
	71	93
	72	93
	73	93
	74	93
	74	94
	74	95
	74	96
	74	97
	75	98
	76	99
	77	99
	77	100
	77	101
	78	101
	79	101
	80	101
	81	102
	81	103
	82	103
	83	103
	83	104
	84	103
	85	102
	86	102
	87	102
	88	103
	89	103
	89	102
	90	102
	90	101
	90	100
	90	99
	90	98
	91	98
	92	98
	93	98
	94	99
	94	98
	95	98
	96	97
	97	97
	98	97
	99	97
	99	98
	100	98
	100	99
	101	99
	102	99
	102	100
	103	101
	103	102
	104	102
	105	102
	106	102
	107	102
	108	102
	109	102
	109	103
	109	104
	110	104
	110	105
	110	106
	110	107
	110	108
	110	109
	110	110
	110	111
	110	112
	109	113
	109	114
	110	115
	110	114
	110	113
	111	115
	111	116
	111	117
	111	118
	112	119
	112	120
	111	121
	110	122
	109	123
	109	124
	109	125
	110	126
	110	127
	110	128
	107	127
	108	128
	108	129
	108	130
	108	131
	108	132
	109	131
	110	131
	111	131
	111	132
	111	133
	111	134
	111	135
	111	136
	111	137
	110	138
	110	139
	111	138
	111	139
	112	139
	113	139
	114	139
	114	140
	114	141
	113	141
	113	142
	112	142
	111	142
	110	142
	109	142
	107	142
	108	142
	107	143
	107	144
	106	144
	105	144
	104	145
	103	145
	102	145
	101	145
	100	145
	99	145
	99	146
	98	146
	97	146
	96	146
	95	147
	94	147
	93	147
	92	147
	91	147
	90	147
	90	148
	90	146
	91	146
	91	148
	91	149
	91	150
	91	151
	90	151
	90	152
	89	152
	88	152
	88	153
	88	154
	87	154
	86	154
	85	153
	84	153
	83	154
	83	153
	82	155
	81	155
	81	156
	80	156
	79	156
	78	156
	77	156
	76	157
	76	158
	75	157
	75	156
	75	155
	75	154
	75	153
	74	153
	74	152
	73	152
	72	152
	71	152
	70	152
	69	152
	67	152
	68	152
	67	153
	67	154
	67	155
	67	156
	67	157
	67	158
	67	159
	67	160
	68	160
	68	161
	68	162
	68	163
	68	164
	68	165
	68	166
	68	167
	46	195
	45	195
	46	196
	44	195
	45	196
	43	195
	44	196
	42	195
	43	196
	41	195
	42	196
	42	194
	41	194
	42	193
	41	193
	40	193
	39	193
	40	194
	38	193
	39	194
	39	192
	38	192
	37	192
	36	192
	37	193
	35	192
	36	193
	36	191
	35	191
	36	190
	36	189
	35	189
	36	188
	35	188
	36	187
	35	187
	36	186
	35	186
	36	185
	35	185
	36	184
	37	184
	35	184
	36	183
	37	183
	37	182
	36	182
	37	181
	36	181
	37	180
	36	180
	37	179
	38	179
	37	178
	37	177
	36	177
	37	176
	38	176
	36	176
	37	175
	38	175
	36	175
	37	174
	36	174
	37	173
	36	173
	37	172
	36	172
	37	171
	36	171
	37	170
	36	170
	35	170
	36	169
	35	169
	36	168
	35	168
	36	167
	37	167
	38	166
	36	166
	37	165
	35	166
	36	165
	35	165
	36	164
	37	164
	37	163
	36	163
	37	162
	36	162
	37	161
	36	161
	37	160
	36	160
	37	159
	38	159
	36	159
	37	158
	38	158
	38	157
	37	157
	38	156
	37	156
	38	155
	37	155
	38	154
	37	154
	38	153
	36	154
	37	153
	36	153
	35	153
	36	152
	35	152
	36	151
	35	151
	36	150
	35	150
	36	149
	35	149
	36	148
	35	148
	36	147
	35	147
	36	146
	35	146
	36	145
	36	144
	35	145
	35	144
	36	143
	35	143
	36	142
	35	142
	36	141
	35	141
	36	140
	35	140
	34	139
	33	139
	34	140
	32	139
	33	140
	33	138
	32	138
	33	137
	32	137
	33	136
	32	136
	33	135
	34	135
	32	135
	33	134
	34	134
	32	134
	33	133
	32	133
	33	132
	31	133
	32	132
	31	132
	32	131
	33	131
	33	130
	32	130
	33	129
	34	129
	34	128
	33	128
	34	127
	33	127
	34	126
	33	126
	34	125
	33	125
	34	124
	33	124
	34	123
	35	123
	35	122
	34	122
	35	121
	34	121
	35	120
	34	120
	35	119
	36	118
	35	118
	34	119
	34	118
	35	117
	34	117
	35	116
	34	116
	35	115
	36	115
	36	114
	37	114
	35	114
	36	113
	37	113
	38	113
	37	112
	38	112
	39	112
	38	111
	39	111
	40	111
	39	110
	41	111
	40	110
	42	111
	41	110
	43	111
	42	110
	43	112
	44	112
	44	111
	45	111
	43	110
	42	109
	41	109
	42	108
	43	108
	43	107
	44	107
	44	106
	43	106
	43	105
	42	105
	42	104
	41	104
	42	103
	43	103
	43	102
	42	102
	43	101
	44	101
	44	100
	45	100
	46	100
	45	99
	47	100
	46	99
	47	101
	48	101
	48	102
	49	102
	49	103
	51	101
	52	101
	50	101
	51	100
	53	103
	53	102
	54	102
	54	101
	55	101
	56	101
	55	100
	57	101
	56	100
	58	101
	57	102
	57	100
	58	102
	59	102
	58	103
	59	105
	60	105
	59	106
	60	106
	61	106
	61	107
	62	107
	63	107
	62	106
	64	107
	63	106
	65	107
	64	106
	66	107
	65	108
	65	106
	66	108
	67	106
	66	106
	67	105
	68	104
	67	104
	68	103
	69	103
	69	102
	68	102
	67	102
	68	101
	67	101
	68	100
	67	100
	68	99
	67	99
	68	98
	67	98
	67	97
	66	97
	67	96
	66	96
	67	95
	66	95
	67	94
	66	94
	67	93
	66	93
	67	92
	68	92
	66	92
	67	91
	69	92
	68	91
	70	92
	69	91
	71	92
	70	91
	72	92
	71	91
	73	92
	72	91
	74	92
	73	91
	75	92
	74	91
	76	92
	75	93
	75	91
	76	93
	75	94
	76	94
	75	95
	76	95
	75	96
	76	96
	75	97
	76	97
	77	97
	76	98
	77	98
	78	98
	78	99
	79	99
	78	100
	79	100
	80	100
	81	100
	82	100
	81	101
	81	99
	80	99
	82	101
	83	101
	82	102
	83	102
	84	102
	85	101
	86	101
	84	101
	85	100
	87	101
	86	100
	88	101
	87	100
	89	101
	88	102
	88	100
	89	99
	88	99
	89	100
	89	98
	88	98
	89	97
	90	97
	88	97
	89	96
	91	97
	90	96
	92	97
	91	96
	93	97
	92	96
	94	97
	93	96
	95	97
	94	96
	95	96
	96	96
	97	96
	96	95
	98	96
	97	95
	99	96
	98	95
	100	96
	99	95
	101	96
	100	97
	100	95
	101	97
	102	97
	101	98
	102	98
	103	99
	104	99
	103	100
	103	98
	104	100
	105	100
	104	101
	105	101
	106	101
	107	101
	106	100
	108	101
	107	100
	109	101
	108	100
	110	101
	109	100
	111	101
	110	102
	110	100
	111	102
	110	103
	111	103
	111	104
	111	105
	112	105
	111	106
	112	106
	111	107
	112	107
	111	108
	112	108
	111	109
	112	109
	111	110
	112	110
	111	111
	112	111
	111	112
	112	112
	111	113
	112	113
	111	114
	112	114
	112	115
	112	116
	113	116
	112	117
	113	117
	112	118
	113	118
	113	119
	114	119
	113	120
	114	120
	113	121
	112	121
	112	122
	111	122
	111	123
	110	123
	110	124
	111	124
	110	125
	111	125
	111	126
	112	126
	111	127
	112	127
	111	128
	110	129
	111	129
	109	129
	110	130
	111	130
	109	130
	109	127
	108	127
	109	128
	109	126
	112	132
	113	132
	112	133
	112	131
	113	133
	112	134
	113	134
	112	135
	113	135
	112	136
	113	136
	112	137
	113	137
	112	138
	114	137
	113	138
	114	138
	115	138
	116	138
	115	139
	115	137
	115	140
	116	140
	115	141
	114	142
	115	142
	114	143
	113	143
	112	143
	113	144
	111	143
	112	144
	110	143
	111	144
	109	143
	110	144
	108	143
	109	144
	108	144
	106	145
	107	145
	105	145
	106	146
	105	146
	104	146
	103	146
	104	147
	102	146
	103	147
	101	146
	102	147
	100	146
	101	147
	100	147
	99	147
	98	147
	97	147
	98	148
	96	147
	97	148
	96	148
	95	148
	94	148
	95	149
	93	148
	94	149
	92	148
	93	149
	92	149
	92	150
	93	150
	92	151
	91	152
	92	152
	91	153
	90	153
	89	153
	90	154
	89	154
	87	155
	88	155
	86	155
	87	156
	85	155
	86	156
	84	155
	85	156
	85	154
	84	154
	83	156
	84	156
	82	156
	83	157
	83	155
	77	157
	78	157
	77	158
	79	157
	78	158
	80	157
	79	158
	81	157
	80	158
	82	157
	81	158
	82	158
	74	158
	75	158
	73	158
	74	159
	74	157
	73	157
	74	156
	73	156
	74	155
	73	155
	74	154
	73	154
	72	154
	73	153
	72	153
	71	153
	70	153
	71	154
	69	153
	70	154
	68	153
	69	154
	68	154
	68	155
	69	155
	68	156
	69	156
	68	157
	69	157
	68	158
	69	158
	68	159
	69	159
	69	160
	70	160
	69	161
	70	161
	69	162
	70	162
	69	163
	70	163
	69	164
	70	164
	69	165
	70	165
	69	166
	70	166
	69	167
	70	167
	70	168
	71	168
	70	169
	69	170
	70	170
	69	171
	69	169
	68	171
	68	172
	69	172
	68	173
	69	173
	68	174
	69	174
	68	175
	69	175
	68	176
	69	176
	69	177
	70	177
	69	178
	70	178
	69	179
	70	179
	70	180
	70	181
	71	181
	70	182
	71	182
	70	183
	71	183
	70	184
	71	184
	70	185
	71	185
	70	186
	68	187
	69	187
	70	187
	69	186
	70	190
	71	190
	69	190
	70	191
	70	189
	69	191
	68	191
	69	192
	68	192
	67	192
	68	193
	67	193
	66	193
	67	194
	65	193
	64	193
	65	194
	63	193
	62	193
	63	194
	64	194
	66	194
	71	188
	72	188
	70	188
	71	189
	71	187
	60	195
	61	195
	59	195
	60	196
	59	196
	58	196
	59	197
	57	196
	58	197
	56	196
	57	197
	55	196
	56	197
	55	197
	54	197
	53	197
	52	197
	53	198
	51	197
	52	198
	50	197
	51	198
	49	197
	50	198
	48	197
	49	198
	47	197
	48	198
	107	123
	108	123
	107	122
	107	121
	108	121
	108	120
	107	120
	108	119
	108	118
	107	117
	108	117
	108	116
	109	116
	110	116
	109	117
	109	118
	109	119
	109	120
	109	121
	109	122
	108	122
	110	121
	110	120
	110	119
	110	118
	110	117
	111	119
	111	120
	39	184
	39	185
	39	186
	38	186
	38	185
	66	190
	66	189
	65	189
	65	190
	64	189
	63	189
	62	189
	67	189
	67	190
	68	189
	68	107
	87	103
	106	121
	106	122
	106	123
	38	169
	40	178
	40	179
	40	180
	39	181
	39	177
	39	171
	39	170
	39	182
	37	116
	37	117
	38	116
	38	117
	38	115
	39	115
	39	116
	39	114
	40	114
	40	115
	40	113
	41	113
	41	114
	42	115
	43	115
	41	115
	44	114
	45	113
	45	114
	46	113
	47	111
	47	112
	47	110
	46	109
	47	109
	45	109
	44	109
	45	108
	46	108
	46	107
	46	106
	45	105
	46	105
	45	103
	44	104
	45	104
	45	102
	46	103
	46	104
	46	102
	47	103
	47	104
	48	104
	51	103
	51	104
	54	105
	55	104
	56	104
	55	105
	55	103
	56	105
	57	105
	57	106
	56	106
	57	107
	56	107
	58	108
	59	108
	57	108
	60	108
	60	109
	61	109
	59	109
	62	109
	63	109
	63	110
	64	110
	62	110
	65	110
	68	108
	67	109
	68	109
	66	110
	67	110
	69	106
	69	107
	70	105
	70	106
	71	104
	71	105
	72	104
	72	105
	71	102
	72	102
	69	96
	69	97
	69	95
	69	94
	70	94
	70	95
	71	94
	71	95
	72	94
	72	95
	73	94
	73	95
	74	98
	75	99
	76	100
	76	101
	78	102
	79	102
	77	102
	80	102
	79	103
	80	103
	78	103
	81	104
	82	104
	80	104
	84	104
	85	103
	85	104
	86	103
	86	104
	87	104
	88	104
	89	104
	90	103
	91	102
	91	103
	91	101
	91	100
	91	99
	92	99
	93	99
	95	99
	94	100
	95	100
	93	100
	96	99
	96	100
	96	98
	97	98
	97	99
	98	98
	98	99
	99	99
	99	100
	100	100
	98	100
	101	100
	102	101
	101	101
	102	102
	104	103
	105	103
	103	103
	106	103
	108	103
	107	103
	109	105
	109	106
	109	107
	109	108
	109	109
	109	110
	109	111
	109	112
	109	115
	108	114
	108	115
	108	113
	107	118
	107	116
	107	119
	106	118
	106	119
	106	117
	106	120
	105	121
	105	122
	105	120
	105	123
	106	124
	107	124
	105	124
	108	124
	107	125
	108	125
	106	125
	108	126
	107	126
	109	132
	110	132
	109	133
	110	133
	108	133
	109	134
	110	134
	108	134
	110	135
	109	135
	110	136
	109	136
	110	137
	109	137
	109	138
	109	139
	110	140
	111	140
	109	140
	110	141
	111	141
	109	141
	112	140
	113	140
	112	141
	108	141
	107	141
	106	143
	106	142
	105	143
	105	142
	104	144
	104	143
	103	144
	103	143
	102	144
	102	143
	101	144
	100	144
	99	144
	100	143
	101	143
	99	143
	98	144
	98	145
	98	143
	97	144
	97	145
	97	143
	96	144
	96	145
	96	143
	95	145
	95	146
	95	144
	94	145
	94	146
	94	144
	93	146
	93	145
	92	146
	92	145
	91	145
	90	145
	89	147
	89	148
	89	146
	90	149
	89	149
	88	148
	88	149
	88	147
	87	148
	87	149
	87	147
	88	150
	89	150
	87	150
	90	150
	89	151
	88	151
	87	153
	86	153
	87	152
	86	152
	85	152
	86	149
	86	150
	86	148
	87	151
	86	151
	85	150
	85	151
	85	149
	84	152
	84	151
	83	152
	83	151
	82	153
	82	154
	82	152
	81	154
	81	153
	80	154
	80	155
	80	153
	79	154
	79	155
	79	153
	78	154
	78	155
	78	153
	77	154
	77	155
	77	153
	76	155
	76	156
	76	154
	76	153
	76	152
	77	152
	75	152
	39	117
	37	119
	37	120
	37	121
	37	122
	37	123
	36	124
	37	124
	36	125
	36	126
	36	127
	36	128
	36	129
	35	130
	35	131
	35	132
	36	132
	36	133
	36	131
	36	130
	36	134
	36	135
	36	136
	35	137
	36	137
	37	137
	36	138
	37	138
	37	136
	35	138
	38	138
	38	139
	38	137
	38	140
	38	141
	38	142
	38	143
	38	144
	38	145
	38	146
	38	147
	38	148
	38	151
	38	150
	38	149
	39	161
	39	162
	39	163
	39	164
	39	165
	39	166
	39	167
	39	168
	39	169
	39	173
	39	174
	40	174
	40	175
	40	173
	40	176
	40	177
	40	181
	40	182
	39	183
	40	183
	40	184
	38	187
	39	187
	38	188
	39	188
	38	189
	38	190
	41	191
	42	191
	43	191
	44	193
	44	192
	45	193
	46	193
	47	193
	48	194
	48	195
	48	193
	49	195
	49	194
	50	195
	50	194
	51	195
	52	195
	53	195
	54	194
	55	194
	53	194
	56	194
	57	194
	57	193
	58	193
	56	193
	59	193
	60	193
	60	192
	59	192
	60	191
	62	190
	63	190
	61	190
	64	190
	64	191
	65	191
	66	191
	64	188
	65	188
	63	188
	66	188
	66	187
	65	187
	66	186
	67	185
	67	184
	68	183
	68	182
	68	181
	67	181
	67	182
	67	180
	67	179
	67	178
	68	168
	67	168
	67	169
	67	167
	67	166
	67	165
	67	164
	67	163
	67	162
	67	161
	40	152
	40	153
	40	154
	40	155
	40	156
	40	157
	40	158
	40	159
	40	160
	66	152
	66	153
	66	154
	66	155
	66	156
	66	157
	66	158
	66	159
	66	160
	64	98
	65	98
	63	98
	64	99
	64	97
	65	99
	65	97
	63	99
	63	97
	64	100
	65	100
	63	100
	66	100
	65	101
	66	101
	66	99
	64	101
	65	102
	66	102
	64	102
	65	103
	66	103
	64	103
	66	98
	67	103
	66	104
	65	104
	66	105
	65	105
	64	104
	63	102
	63	103
	63	101
	63	104
	64	105
	63	105
	62	105
	62	104
	62	103
	61	103
	62	102
	61	104
	61	102
	61	101
	62	101
	60	101
	61	100
	62	100
	60	102
	60	100
	61	99
	62	99
	60	99
	60	103
	60	104
	59	101
	59	100
	58	100
	58	99
	59	99
	57	99
	58	98
	59	98
	57	98
	60	98
	61	105
	56	99
	55	99
	56	98
	55	98
	55	97
	56	97
	54	97
	55	96
	56	96
	54	98
	54	96
	55	95
	56	95
	54	95
	54	99
	53	98
	53	99
	53	97
	52	97
	53	96
	52	98
	52	96
	53	95
	52	95
	52	99
	53	100
	54	100
	52	100
	51	99
	51	98
	50	99
	50	100
	50	98
	49	98
	50	97
	51	97
	49	99
	49	97
	50	96
	51	96
	49	96
	49	100
	48	99
	48	100
	48	98
	48	97
	53	101
	49	101
	47	99
	46	98
	47	98
	45	98
	46	97
	47	97
	45	97
	44	97
	45	96
	46	96
	44	98
	44	96
	44	99
	43	99
	43	100
	43	98
	43	97
	43	96
	42	100
	42	101
	42	99
	42	98
	41	99
	41	100
	41	98
	41	101
	40	101
	41	102
	40	102
	40	100
	40	99
	39	99
	40	98
	39	100
	39	98
	40	97
	41	97
	39	97
	39	101
	39	102
	39	103
	40	103
	38	103
	39	104
	40	104
	38	104
	38	102
	37	103
	37	104
	37	102
	38	101
	37	101
	38	100
	37	100
	39	105
	40	105
	38	105
	38	99
	41	103
	42	97
	47	96
	48	96
	39	106
	40	106
	38	106
	41	105
	41	106
	40	107
	41	107
	39	107
	40	108
	41	108
	39	108
	42	107
	42	106
	38	108
	39	109
	40	109
	38	109
	38	107
	37	107
	37	108
	37	106
	37	109
	38	110
	37	110
	36	108
	36	109
	36	107
	36	110
	37	111
	36	111
	36	112
	35	111
	35	112
	35	110
	35	109
	34	111
	34	112
	34	110
	33	112
	34	113
	35	113
	33	113
	33	111
	32	112
	32	113
	32	111
	33	110
	32	110
	33	114
	34	114
	32	114
	31	114
	32	115
	33	115
	31	115
	31	113
	31	112
	31	111
	34	115
	33	116
	32	116
	31	116
	30	116
	31	117
	32	117
	30	117
	30	115
	29	116
	29	117
	29	115
	30	118
	31	118
	29	118
	30	120
	31	120
	29	120
	30	121
	30	119
	31	121
	31	119
	29	121
	29	119
	30	123
	31	123
	29	123
	30	124
	30	122
	31	124
	31	122
	29	124
	29	122
	32	119
	32	120
	32	118
	33	118
	33	119
	33	117
	33	120
	32	121
	33	121
	32	122
	33	122
	32	123
	33	123
	32	125
	31	125
	32	126
	32	124
	31	126
	30	126
	31	127
	32	127
	30	127
	30	125
	32	128
	31	128
	32	129
	31	129
	31	130
	30	128
	30	130
	31	131
	30	131
	30	129
	30	132
	30	133
	29	133
	30	134
	31	134
	29	134
	29	132
	28	132
	29	131
	28	133
	28	131
	29	130
	28	130
	29	129
	28	129
	29	128
	28	128
	29	127
	28	127
	29	126
	30	135
	31	135
	29	135
	30	136
	31	136
	29	136
	29	139
	30	139
	28	139
	29	140
	29	138
	30	140
	30	138
	28	140
	28	138
	29	137
	30	137
	28	137
	28	136
	28	135
	28	134
	31	137
	32	140
	33	141
	34	141
	32	141
	31	138
	31	139
	31	141
	30	141
	31	142
	31	140
	32	142
	30	142
	33	143
	34	143
	32	143
	33	144
	33	142
	34	144
	34	142
	32	144
	33	145
	34	145
	32	145
	33	146
	34	146
	32	146
	31	143
	31	144
	33	147
	34	147
	32	147
	33	148
	34	148
	32	148
	31	145
	31	146
	33	149
	34	149
	32	149
	33	150
	34	150
	32	150
	33	151
	34	151
	32	151
	34	152
	33	152
	34	153
	33	153
	35	155
	36	155
	34	155
	35	156
	35	154
	36	156
	34	156
	34	154
	34	157
	35	157
	33	157
	34	158
	35	158
	33	158
	33	156
	32	156
	33	155
	32	157
	32	155
	33	154
	32	154
	32	153
	32	152
	36	157
	36	158
	32	158
	33	159
	34	159
	32	159
	33	160
	34	160
	32	160
	33	161
	34	161
	32	161
	33	162
	34	162
	32	162
	33	163
	34	163
	32	163
	33	164
	34	164
	32	164
	33	165
	34	165
	32	165
	33	166
	34	166
	32	166
	33	167
	34	167
	32	167
	35	159
	35	160
	35	161
	35	163
	35	164
	35	162
	34	168
	33	168
	34	169
	35	167
	33	169
	33	171
	34	171
	32	171
	33	172
	33	170
	34	172
	34	170
	32	172
	32	170
	33	173
	34	173
	32	173
	33	174
	34	174
	32	174
	32	168
	31	168
	32	169
	31	169
	31	167
	31	166
	31	165
	35	171
	35	172
	35	174
	35	175
	35	173
	35	176
	34	175
	35	177
	36	178
	35	178
	36	179
	35	179
	34	176
	34	177
	33	176
	33	177
	33	175
	34	179
	33	179
	34	180
	34	178
	35	180
	33	180
	33	178
	34	181
	35	181
	33	181
	34	182
	35	182
	33	182
	32	178
	32	179
	32	177
	32	175
	31	175
	32	176
	31	176
	31	174
	35	183
	34	183
	34	184
	34	185
	33	183
	32	183
	33	184
	32	184
	32	182
	33	185
	32	185
	32	180
	31	180
	32	181
	31	181
	31	179
	31	177
	31	178
	33	188
	34	188
	32	188
	33	189
	33	187
	34	189
	34	187
	32	189
	32	187
	31	189
	32	190
	33	190
	31	190
	31	188
	32	186
	33	186
	31	186
	31	187
	31	185
	31	183
	31	184
	31	182
	35	190
	34	190
	34	191
	34	192
	33	191
	33	192
	34	186
	34	193
	35	193
	33	193
	34	196
	35	196
	33	196
	34	197
	34	195
	35	197
	35	195
	33	197
	33	195
	34	194
	35	194
	33	194
	32	192
	32	193
	32	191
	36	194
	37	194
	36	195
	37	195
	37	196
	38	196
	36	196
	37	197
	38	197
	38	195
	36	197
	38	194
	40	196
	41	196
	39	196
	40	197
	40	195
	41	197
	39	197
	39	195
	41	198
	42	198
	40	198
	41	199
	42	199
	42	197
	40	199
	39	198
	38	198
	45	198
	46	198
	44	198
	45	199
	45	197
	46	199
	46	197
	44	199
	44	197
	43	198
	43	199
	43	197
	39	199
	42	200
	43	200
	41	200
	44	200
	47	201
	48	201
	46	201
	47	202
	47	200
	48	202
	48	200
	46	202
	46	200
	47	203
	48	203
	46	203
	45	201
	45	202
	45	200
	47	199
	47	198
	48	199
	51	200
	52	200
	50	200
	51	201
	51	199
	52	201
	52	199
	50	201
	50	199
	53	201
	52	202
	53	202
	53	200
	51	202
	49	199
	49	200
	50	202
	51	203
	52	203
	50	203
	49	201
	54	200
	53	199
	54	201
	54	199
	54	202
	55	199
	54	198
	55	200
	55	198
	55	201
	55	202
	56	198
	57	198
	56	199
	57	199
	58	198
	59	198
	58	199
	59	199
	60	199
	59	200
	60	200
	60	198
	58	200
	59	201
	60	201
	58	201
	59	202
	60	202
	58	202
	57	200
	60	197
	56	200
	56	201
	57	201
	56	202
	57	202
	53	203
	54	203
	53	204
	54	204
	52	204
	51	204
	50	204
	49	203
	49	204
	49	202
	48	204
	63	200
	64	200
	62	200
	63	201
	63	199
	64	201
	64	199
	62	201
	62	199
	65	199
	66	199
	65	200
	65	198
	66	200
	66	198
	64	198
	65	197
	66	197
	64	197
	63	197
	62	197
	63	198
	63	196
	64	196
	62	198
	62	196
	61	196
	62	195
	63	195
	61	197
	61	198
	61	199
	61	200
	61	201
	64	195
	65	196
	66	196
	65	195
	66	195
	67	196
	67	197
	67	195
	67	198
	68	194
	68	195
	69	193
	69	195
	68	196
	69	196
	69	194
	68	197
	69	197
	71	186
	71	191
	70	192
	71	192
	72	189
	72	190
	72	186
	73	186
	72	187
	72	185
	73	187
	73	185
	72	184
	73	184
	74	185
	74	186
	74	184
	74	187
	73	189
	73	190
	73	188
	72	183
	73	183
	72	182
	73	182
	72	180
	73	180
	71	180
	72	181
	72	179
	73	181
	73	179
	71	179
	72	178
	73	178
	71	178
	74	182
	74	183
	74	181
	75	183
	75	184
	75	182
	75	181
	74	180
	75	180
	74	179
	75	179
	74	178
	75	178
	74	177
	75	177
	73	177
	74	174
	75	174
	73	174
	74	175
	74	173
	75	175
	75	173
	73	175
	73	173
	74	172
	75	172
	73	172
	74	171
	75	171
	73	171
	72	175
	73	176
	74	176
	72	176
	72	174
	72	177
	71	175
	71	176
	71	174
	72	173
	71	173
	72	172
	71	172
	72	171
	71	171
	70	172
	70	173
	70	171
	71	170
	72	170
	70	174
	70	175
	70	176
	71	177
	71	169
	72	169
	72	168
	73	170
	73	169
	76	176
	77	176
	75	176
	76	177
	76	175
	77	177
	77	175
	76	174
	76	173
	74	170
	73	168
	74	168
	73	167
	74	169
	74	167
	72	167
	75	170
	73	165
	74	165
	72	165
	73	166
	73	164
	74	166
	74	164
	72	166
	72	164
	71	165
	71	166
	71	164
	72	163
	73	163
	71	163
	71	161
	72	161
	71	162
	71	160
	72	162
	72	160
	71	167
	73	162
	73	161
	73	160
	70	158
	71	158
	70	159
	70	157
	71	159
	71	157
	70	156
	71	156
	70	155
	71	155
	72	159
	72	158
	72	157
	72	156
	72	155
	73	159
	74	163
	75	163
	74	162
	75	164
	75	162
	75	166
	75	167
	75	165
	74	161
	75	161
	74	160
	75	160
	75	159
	76	159
	76	160
	76	161
	76	163
	77	163
	76	164
	76	162
	77	164
	77	162
	76	165
	76	166
	77	160
	77	161
	77	159
	78	160
	78	161
	78	159
	78	162
	79	159
	80	159
	81	159
	80	160
	81	160
	79	160
	80	161
	81	161
	79	161
	80	162
	81	162
	79	162
	80	163
	81	163
	79	163
	82	160
	82	161
	82	159
	83	158
	83	159
	84	158
	85	158
	84	159
	84	157
	85	159
	85	157
	84	160
	85	160
	83	160
	84	161
	85	161
	83	161
	84	162
	85	162
	83	162
	82	163
	81	164
	82	164
	82	162
	80	164
	79	164
	78	164
	79	165
	80	165
	78	165
	78	163
	77	165
	87	158
	88	158
	86	158
	87	159
	87	157
	88	159
	88	157
	86	159
	86	157
	87	160
	88	160
	86	160
	87	161
	88	161
	86	161
	86	162
	87	162
	88	156
	89	157
	89	158
	89	156
	91	154
	90	155
	91	155
	89	155
	92	154
	92	155
	92	153
	91	156
	92	156
	90	156
	91	157
	92	157
	90	157
	91	158
	92	158
	90	158
	93	153
	93	154
	93	152
	93	155
	93	156
	93	157
	93	158
	94	153
	94	154
	94	152
	95	153
	95	154
	95	152
	94	155
	95	155
	93	151
	94	151
	95	151
	94	150
	95	150
	96	153
	96	154
	96	152
	96	155
	96	151
	96	150
	96	149
	97	150
	97	151
	97	149
	98	150
	98	151
	98	149
	97	152
	98	152
	97	153
	98	153
	99	148
	99	149
	99	150
	99	151
	99	152
	99	153
	100	150
	100	151
	100	149
	100	148
	101	149
	101	150
	101	148
	102	150
	101	151
	102	151
	102	149
	101	152
	102	152
	100	152
	102	148
	103	148
	105	147
	104	148
	105	148
	104	149
	105	149
	103	149
	104	150
	105	150
	103	150
	106	147
	106	148
	106	149
	106	150
	105	151
	106	151
	104	151
	105	152
	106	152
	104	152
	107	147
	107	148
	107	146
	108	146
	108	147
	108	145
	109	146
	109	147
	109	145
	110	146
	110	147
	110	145
	108	149
	109	149
	107	149
	108	150
	108	148
	109	150
	109	148
	107	150
	107	151
	108	151
	111	145
	111	146
	112	145
	112	146
	111	147
	112	147
	110	148
	111	148
	113	145
	114	144
	114	145
	112	148
	110	149
	115	143
	115	144
	115	145
	114	146
	115	146
	113	146
	117	140
	116	141
	116	139
	117	141
	117	139
	118	140
	118	141
	118	139
	117	138
	118	138
	117	142
	118	142
	116	142
	109	151
	107	152
	103	151
	103	152
	116	137
	117	137
	115	134
	116	134
	114	134
	115	135
	115	133
	116	135
	116	133
	114	135
	114	133
	114	131
	115	131
	113	131
	114	132
	114	130
	115	132
	115	130
	113	130
	114	129
	115	129
	113	129
	116	131
	116	132
	116	130
	117	134
	117	135
	117	133
	117	136
	118	136
	116	136
	118	137
	118	135
	116	129
	115	128
	116	128
	114	128
	115	136
	113	128
	114	127
	115	127
	113	127
	114	126
	115	126
	113	126
	112	130
	112	129
	114	136
	112	128
	117	132
	116	127
	114	123
	115	123
	113	123
	114	124
	114	122
	115	124
	115	122
	113	124
	113	122
	115	120
	114	121
	115	121
	115	119
	114	118
	115	118
	116	123
	117	123
	116	124
	116	122
	117	124
	117	122
	117	126
	118	126
	116	126
	117	127
	117	125
	118	127
	118	125
	116	125
	117	128
	118	128
	115	125
	114	117
	115	117
	114	125
	113	125
	112	124
	112	125
	112	123
	116	121
	116	120
	113	115
	114	115
	113	114
	114	116
	114	114
	113	111
	114	111
	113	112
	113	110
	114	112
	114	110
	115	115
	116	115
	115	116
	115	114
	116	116
	116	114
	116	117
	117	117
	116	118
	117	118
	117	116
	115	112
	116	112
	115	113
	115	111
	116	113
	116	111
	114	113
	114	108
	115	108
	113	108
	114	109
	114	107
	115	109
	115	107
	113	109
	113	107
	114	106
	115	106
	113	106
	114	105
	115	105
	113	105
	115	110
	113	113
	113	104
	114	104
	112	104
	113	103
	114	103
	112	103
	115	104
	115	103
	113	102
	114	102
	112	102
	113	101
	114	101
	112	101
	113	100
	114	100
	112	100
	113	99
	114	99
	112	99
	116	119
	117	121
	117	120
	117	119
	117	113
	117	114
	117	112
	116	110
	116	109
	116	108
	116	107
	115	102
	115	100
	115	101
	115	99
	113	98
	114	98
	112	98
	113	97
	114	97
	112	97
	113	96
	114	96
	112	96
	109	98
	110	98
	108	98
	109	99
	109	97
	110	99
	110	97
	108	99
	108	97
	108	96
	109	96
	107	96
	108	95
	109	95
	107	97
	107	95
	111	98
	111	99
	111	97
	111	100
	110	96
	106	95
	107	94
	108	94
	106	96
	106	94
	106	97
	107	98
	107	99
	105	98
	106	98
	104	98
	105	99
	105	97
	106	99
	104	97
	105	96
	104	96
	102	96
	103	96
	102	95
	103	97
	103	95
	101	95
	101	94
	102	94
	100	94
	101	93
	102	93
	100	93
	101	92
	102	92
	100	92
	103	94
	103	93
	104	94
	104	95
	104	93
	103	92
	106	93
	107	93
	105	93
	106	92
	107	92
	105	94
	105	92
	105	95
	99	94
	99	93
	99	92
	95	95
	96	94
	97	94
	95	94
	96	93
	97	93
	95	93
	98	94
	98	93
	94	95
	94	94
	93	95
	93	94
	94	93
	95	92
	96	92
	94	92
	97	92
	98	92
	92	95
	91	95
	92	94
	91	94
	90	95
	90	94
	89	94
	88	94
	89	95
	89	93
	90	93
	88	95
	88	93
	88	96
	87	96
	87	97
	87	95
	86	95
	87	94
	86	96
	86	94
	87	93
	86	93
	87	98
	87	99
	86	97
	86	98
	85	96
	85	97
	85	95
	85	94
	85	93
	86	99
	84	99
	85	99
	83	99
	84	100
	84	98
	85	98
	83	100
	83	98
	82	98
	81	98
	82	99
	82	97
	83	97
	81	97
	82	96
	83	96
	81	96
	82	95
	83	95
	81	95
	82	94
	83	94
	81	94
	84	95
	84	96
	84	94
	84	97
	79	98
	80	98
	79	96
	80	96
	78	96
	79	97
	79	95
	80	97
	80	95
	78	97
	78	95
	79	94
	80	94
	78	94
	82	93
	83	93
	81	93
	84	93
	78	93
	79	93
	77	93
	78	92
	79	92
	77	94
	77	92
	80	93
	80	92
	77	95
	77	96
	76	91
	75	90
	76	90
	74	90
	77	91
	78	91
	77	90
	78	90
	74	88
	75	88
	73	88
	74	89
	74	87
	75	89
	75	87
	73	89
	73	87
	73	86
	74	86
	72	86
	73	85
	74	85
	72	87
	72	85
	75	86
	76	86
	75	85
	76	87
	76	85
	76	88
	76	89
	73	90
	72	88
	72	89
	72	90
	71	90
	70	90
	71	89
	70	89
	71	88
	70	88
	71	87
	70	87
	69	90
	68	90
	69	89
	68	89
	69	88
	68	88
	67	90
	66	90
	65	90
	66	91
	66	89
	67	89
	65	91
	65	89
	65	92
	65	93
	64	92
	63	92
	64	93
	64	91
	63	93
	63	91
	64	90
	63	90
	65	96
	64	96
	65	95
	64	95
	63	96
	63	95
	64	94
	65	94
	63	94
	62	96
	62	97
	62	95
	62	94
	61	92
	62	92
	60	92
	61	93
	61	91
	62	93
	62	91
	60	93
	60	91
	59	91
	60	90
	61	90
	59	92
	59	90
	61	94
	60	94
	61	96
	60	96
	61	97
	61	95
	60	97
	60	95
	59	97
	58	97
	57	97
	58	96
	59	96
	57	96
	58	95
	59	95
	57	95
	58	94
	59	94
	57	94
	59	93
	58	93
	61	98
	62	98
	70	101
	71	101
	72	101
	73	101
	74	101
	74	100
	75	100
	75	101
	73	100
	72	100
	72	99
	71	99
	71	100
	70	100
	70	99
	73	99
	74	99
	73	98
	73	97
	73	96
	72	96
	71	96
	71	97
	71	98
	70	97
	70	96
	70	98
	72	97
	72	98
	73	102
	81	105
	82	105
	83	105
	84	105
	85	105
	86	105
	87	105
	88	105
	92	100
	97	100
	73	103
	74	102
	76	102
	75	102
	55	106
InvisibleObstacle		
AW1		
	41	157
	42	157
	40	157
	41	158
	41	156
	42	158
	42	156
	40	158
	40	156
	43	157
	44	157
	43	158
	43	156
	44	158
	44	156
	45	157
	45	158
	45	156
	46	157
	46	158
	46	156
	47	157
	47	158
	47	156
	48	157
	48	158
	48	156
	49	157
	49	158
	49	156
	50	157
	50	158
	50	156
	51	157
	51	158
	51	156
	52	157
	52	158
	52	156
	53	157
	53	158
	53	156
	54	157
	54	158
	54	156
	55	157
	55	158
	55	156
	56	157
	56	158
	56	156
	57	157
	57	158
	57	156
	58	157
	58	158
	58	156
	59	157
	59	158
	59	156
	60	157
	60	158
	60	156
	61	157
	61	158
	61	156
	62	157
	62	158
	62	156
	63	157
	63	158
	63	156
	64	157
	64	158
	64	156
	65	157
	65	158
	65	156
	66	157
	66	158
	66	156
AW2		
	71	150
	72	150
	70	150
	71	151
	71	149
	72	151
	72	149
	70	151
	70	149
	71	148
	72	148
	70	148
	71	147
	72	147
	70	147
	71	146
	72	146
	70	146
	71	145
	72	145
	70	145
	71	144
	72	144
	70	144
	71	143
	72	143
	70	143
	72	142
	71	142
	72	141
	71	104
	71	141
	72	140
	72	104
	71	140
	70	141
	70	142
	70	140
	71	139
	72	139
	70	139
	71	138
	72	138
	70	138
	71	137
	72	137
	70	137
	71	136
	72	136
	70	136
	71	134
	72	134
	70	134
	71	135
	71	133
	72	135
	72	133
	70	135
	70	133
	71	132
	72	132
	70	132
	71	131
	72	131
	70	131
	71	130
	72	130
	70	130
	71	129
	72	129
	70	129
	71	128
	72	128
	70	128
	71	127
	72	127
	70	127
	71	126
	72	126
	70	126
	71	125
	72	125
	70	125
	71	124
	72	124
	70	124
	71	123
	72	123
	70	123
	71	122
	72	122
	70	122
	71	121
	72	121
	70	121
	71	120
	72	120
	70	120
	71	119
	72	119
	70	119
	71	118
	72	118
	70	118
	71	117
	72	117
	70	117
	71	116
	72	116
	70	116
	71	115
	72	115
	70	115
	71	114
	72	114
	70	114
	71	113
	72	113
	70	113
	71	112
	72	112
	70	112
	71	111
	72	111
	70	111
	71	110
	72	110
	70	110
	71	109
	72	109
	70	109
	71	108
	72	108
	70	108
	71	107
	72	107
	70	107
	71	106
	72	106
	70	106
	71	105
	72	105
	70	105
CG1		
	41	160
	42	160
	40	160
	41	161
	41	159
	42	161
	42	159
	40	161
	40	159
	43	160
	44	160
	43	161
	43	159
	44	161
	44	159
	45	160
	45	161
	45	159
	46	160
	46	161
	46	159
	48	160
	49	160
	47	160
	48	161
	48	159
	49	161
	49	159
	47	161
	47	159
	51	160
	52	160
	50	160
	51	161
	51	159
	52	161
	52	159
	50	161
	50	159
	54	160
	55	160
	53	160
	54	161
	54	159
	55	161
	55	159
	53	161
	53	159
	57	160
	58	160
	56	160
	57	161
	57	159
	58	161
	58	159
	56	161
	56	159
	60	160
	61	160
	59	160
	60	161
	60	159
	61	161
	61	159
	59	161
	59	159
	63	160
	64	160
	62	160
	63	161
	63	159
	64	161
	64	159
	62	161
	62	159
	65	160
	66	160
	65	161
	65	159
	66	161
	66	159
	67	161
	39	161
	40	163
	41	163
	39	163
	40	162
	41	162
	39	162
	43	163
	44	163
	42	163
	43	162
	44	162
	42	162
	46	163
	47	163
	45	163
	46	162
	47	162
	45	162
	49	163
	50	163
	48	163
	49	162
	50	162
	48	162
	52	163
	53	163
	51	163
	52	162
	53	162
	51	162
	55	163
	56	163
	54	163
	55	162
	56	162
	54	162
	58	163
	59	163
	57	163
	58	162
	59	162
	57	162
	61	163
	62	163
	60	163
	61	162
	62	162
	60	162
	64	163
	65	163
	63	163
	64	162
	65	162
	63	162
	66	163
	67	163
	66	162
	67	162
CG2		
	37	127
	38	127
	36	127
	37	128
	37	126
	38	128
	38	126
	36	128
	36	126
	39	127
	39	128
	39	126
	40	127
	41	127
	40	128
	40	126
	41	128
	41	126
	42	127
	42	128
	42	126
	43	127
	44	127
	43	128
	43	126
	44	128
	44	126
	45	127
	45	128
	45	126
	46	127
	46	128
	46	126
	47	127
	47	128
	47	126
	48	127
	48	128
	48	126
	49	127
	49	128
	49	126
	50	127
	50	128
	50	126
	51	127
	51	128
	51	126
	52	126
	51	125
	52	127
	52	125
	50	125
	53	126
	53	127
	53	125
	54	126
	54	127
	54	125
	55	126
	55	127
	55	125
	56	126
	56	127
	56	125
	55	128
	56	128
	54	128
	53	128
	52	128
	57	127
	57	128
	57	126
	58	127
	59	127
	58	128
	58	126
	59	128
	59	126
	60	127
	60	128
	60	126
	61	127
	61	128
	61	126
	62	127
	62	128
	62	126
	63	127
	63	128
	63	126
	64	127
	64	128
	64	126
	65	127
	65	128
	65	126
	68	127
	69	127
	67	127
	68	128
	68	126
	69	128
	69	126
	67	128
	67	126
	68	125
	69	125
	67	125
	68	124
	69	124
	67	124
	68	123
	69	123
	67	123
	68	122
	69	122
	67	122
	68	121
	69	121
	67	121
	68	120
	69	120
	67	120
	68	119
	69	119
	67	119
	68	118
	69	118
	67	118
	68	116
	69	116
	67	116
	68	117
	68	115
	69	117
	69	115
	67	117
	67	115
	68	113
	69	113
	67	113
	68	114
	68	112
	69	114
	69	112
	67	114
	67	112
	68	111
	69	111
	67	111
	68	110
	69	110
	67	110
	68	109
	69	109
	67	109
	69	108
	37	125
	68	108
	69	107
	66	125
	66	126
	68	107
	65	125
	66	127
	38	125
	66	128
	69	106
	36	125
	37	124
	38	124
	36	124
	39	124
	38	123
	39	125
	39	123
	37	123
	38	122
	39	122
	37	122
	38	121
	39	121
	37	121
	38	120
	39	120
	37	120
	38	119
	39	119
	37	119
	39	118
	40	118
	38	118
	39	117
	40	119
	40	117
	38	117
	39	116
	40	116
	38	116
	39	115
	40	115
	38	115
	41	116
	42	116
	41	117
	41	115
	42	117
	42	115
	43	116
	43	117
	43	115
	44	116
	44	117
	44	115
	45	116
	45	117
	45	115
	46	116
	46	117
	46	115
	45	114
	46	114
	44	114
	47	114
	46	113
	47	115
	47	113
	45	113
	48	113
	49	113
	48	114
	48	112
	49	114
	49	112
	47	112
	48	111
	49	111
	47	111
	48	110
	49	110
	47	110
	48	109
	49	109
	47	109
	48	108
	49	108
	47	108
	48	107
	49	107
	47	107
	46	108
	46	109
	46	107
	47	106
	48	106
	46	106
	47	105
	48	105
	46	105
	50	106
	51	106
	49	106
	50	107
	50	105
	51	107
	51	105
	49	105
	53	107
	54	107
	52	107
	53	108
	53	106
	54	108
	54	106
	52	108
	52	106
	56	107
	57	107
	55	107
	56	108
	56	106
	57	108
	57	106
	55	108
	55	106
	59	109
	60	109
	58	109
	59	110
	59	108
	60	110
	60	108
	58	110
	58	108
	62	110
	63	110
	61	110
	62	111
	62	109
	63	111
	63	109
	61	111
	61	109
	65	111
	66	111
	64	111
	65	112
	65	110
	66	112
	66	110
	64	112
	64	110
	40	124
	41	124
	40	125
	40	123
	41	125
	41	123
	42	124
	42	125
	42	123
	43	124
	44	124
	43	125
	43	123
	44	125
	44	123
	45	124
	46	124
	45	125
	45	123
	46	125
	46	123
	48	124
	49	124
	47	124
	48	125
	48	123
	49	125
	49	123
	47	125
	47	123
	50	123
	49	122
	50	124
	50	122
	48	122
	51	123
	51	124
	51	122
	52	123
	52	124
	52	122
	53	123
	53	124
	53	122
	54	123
	54	124
	54	122
	55	123
	55	124
	55	122
	56	123
	56	124
	56	122
	57	123
	57	124
	57	122
	58	123
	58	124
	58	122
	59	123
	59	124
	59	122
	60	123
	60	124
	60	122
	61	122
	60	121
	61	123
	61	121
	59	121
	62	122
	62	123
	62	121
	63	122
	63	123
	63	121
	64	122
	64	123
	64	121
	65	122
	65	123
	65	121
	64	124
	65	124
	63	124
	66	123
	66	124
	66	122
	64	125
	63	125
	62	124
	62	125
	61	124
	61	125
	60	125
	59	125
	58	125
	57	125
	66	121
	65	120
	66	120
	64	120
	65	119
	66	119
	64	119
	65	118
	66	118
	64	118
	65	117
	66	117
	64	117
	65	116
	66	116
	64	116
	65	115
	66	115
	64	115
	65	114
	66	114
	64	114
	65	113
	66	113
	64	113
	63	113
	63	114
	63	112
	62	113
	62	114
	62	112
	61	113
	61	114
	61	112
	60	112
	60	113
	60	111
	62	115
	63	115
	61	115
	62	116
	63	116
	61	116
	62	117
	63	117
	61	117
	62	118
	63	118
	61	118
	62	119
	63	119
	61	119
	62	120
	63	120
	61	120
	60	120
	59	120
	58	121
	58	120
	57	121
	57	120
	56	121
	55	121
	54	121
	53	121
	52	121
	51	121
	50	121
	49	121
	48	121
	47	122
	47	121
	46	122
	46	121
	45	122
	45	121
	44	122
	44	121
	43	122
	43	121
	42	122
	42	121
	41	122
	41	121
	40	122
	40	121
	40	120
	41	120
	41	119
	42	119
	41	118
	42	120
	42	118
	43	119
	43	120
	43	118
	44	119
	44	120
	44	118
	45	119
	45	120
	45	118
	46	119
	46	120
	46	118
	47	119
	47	120
	47	118
	48	119
	48	120
	48	118
	49	119
	50	119
	49	120
	49	118
	50	120
	50	118
	51	118
	50	117
	51	119
	51	117
	49	117
	52	118
	52	119
	52	117
	53	118
	53	119
	53	117
	54	118
	54	119
	54	117
	55	118
	55	119
	55	117
	56	118
	56	119
	56	117
	57	118
	57	119
	57	117
	58	118
	58	119
	58	117
	59	118
	59	119
	59	117
	60	118
	60	119
	60	117
	52	120
	53	120
	51	120
	54	120
	55	120
	56	120
	59	116
	60	116
	58	116
	59	115
	60	115
	58	115
	60	114
	59	114
	59	113
	58	114
	58	113
	57	114
	57	115
	57	113
	56	114
	56	115
	56	113
	55	114
	55	115
	55	113
	56	116
	57	116
	55	116
	54	115
	54	116
	54	114
	53	115
	53	116
	53	114
	52	115
	52	116
	52	114
	51	116
	51	115
	50	116
	50	115
	49	116
	49	115
	48	116
	48	117
	48	115
	47	116
	47	117
	50	114
	51	114
	50	113
	51	113
	50	112
	51	112
	52	113
	52	112
	51	111
	52	111
	50	111
	51	110
	52	110
	50	110
	51	109
	52	109
	50	109
	51	108
	50	108
	53	110
	53	111
	53	109
	54	111
	53	112
	54	112
	54	110
	53	113
	54	113
	55	112
	55	111
	55	110
	54	109
	55	109
	56	110
	56	111
	56	109
	57	111
	56	112
	57	112
	57	110
	58	111
	58	112
	59	111
	59	112
	57	109
	54	105
	55	105
	56	105
	57	105
	56	104
	55	104
	55	103
	51	104
	51	103
	48	104
	47	104
	46	104
	45	104
	44	104
	45	105
	45	103
	45	102
	46	103
	46	102
	47	103
	45	109
	44	109
	45	108
	39	114
	40	114
	41	114
	41	113
	40	113
	37	117
	37	116
CG3		
	59	116
	47	127
	60	121
	60	120
	44	115
	43	123
	55	125
	54	125
	59	117
	59	118
	59	121
	59	122
	43	117
	46	116
	43	122
	54	126
	43	121
	43	120
	55	126
	60	118
	60	117
	60	116
	59	114
	48	111
	49	111
	59	115
	58	122
	59	119
	58	123
	59	120
	57	124
	56	125
	54	127
	53	127
	56	123
	57	122
	57	123
	58	121
	58	120
	58	119
	58	118
	58	116
	58	117
	58	115
	57	115
	57	114
	56	114
	56	113
	55	112
	43	119
	43	118
	56	124
	55	124
	60	119
	46	126
	47	124
	46	124
	45	125
	44	124
	50	127
	51	127
	52	127
	45	115
	45	121
	45	120
	45	119
	45	118
	45	117
	45	116
	49	126
	46	115
	46	114
	47	114
	47	113
	48	113
	48	112
	49	112
	50	126
	50	111
	51	111
	52	111
	53	111
	54	111
	55	111
	56	111
	56	112
	57	112
	57	113
	58	113
	58	114
	51	126
	52	126
	53	126
	48	125
	48	126
	49	127
	47	125
	47	126
	48	127
	46	123
	46	125
	45	123
	45	122
	44	121
	44	120
	44	119
	44	118
	44	116
	44	117
	44	122
	44	123
	45	124
	49	110
	50	110
	51	110
	52	110
	53	110
	54	110
	55	110
