Key	CellX	CellY
VisibleObstacle		
	319	1788
	319	1787
	319	1786
	318	1785
	318	1784
	318	1783
	318	1782
	318	1787
	318	1788
	318	1789
	318	1790
	318	1791
	318	1792
	318	1793
	318	1794
	318	1795
	318	1796
	318	1797
	318	1798
	318	1799
	318	1800
	318	1801
	318	1802
	318	1803
	318	1804
	318	1805
	318	1806
	317	1807
	317	1808
	317	1809
	317	1810
	317	1811
	317	1812
	317	1813
	317	1814
	317	1815
	317	1816
	317	1818
	317	1819
	317	1820
	317	1821
	317	1817
	318	1820
	319	1820
	318	1821
	318	1819
	319	1821
	319	1819
	318	1818
	319	1818
	318	1817
	319	1817
	318	1816
	319	1816
	318	1815
	319	1815
	318	1814
	319	1814
	318	1813
	319	1813
	318	1812
	319	1812
	318	1811
	319	1811
	318	1810
	319	1810
	318	1809
	319	1809
	318	1808
	319	1808
	318	1807
	319	1807
	319	1806
	317	1806
	319	1805
	317	1805
	316	1805
	317	1804
	316	1806
	316	1804
	317	1803
	316	1803
	317	1802
	316	1802
	317	1801
	316	1801
	317	1800
	316	1800
	319	1804
	319	1803
	320	1806
	320	1807
	320	1805
	320	1804
	320	1803
	319	1802
	320	1802
	319	1801
	320	1801
	319	1800
	319	1799
	317	1799
	319	1798
	317	1798
	319	1797
	317	1797
	319	1796
	317	1796
	319	1795
	317	1795
	319	1794
	317	1794
	319	1793
	317	1793
	319	1792
	317	1792
	319	1791
	317	1791
	319	1790
	317	1790
	316	1790
	317	1789
	316	1791
	316	1789
	317	1788
	316	1788
	317	1787
	316	1787
	317	1786
	318	1786
	316	1786
	317	1785
	316	1785
	317	1784
	316	1784
	317	1783
	316	1783
	317	1782
	316	1782
	317	1781
	318	1781
	316	1781
	317	1780
	318	1780
	316	1780
	317	1779
	318	1779
	316	1779
	317	1778
	318	1778
	316	1778
	317	1777
	318	1777
	316	1777
	317	1776
	318	1776
	316	1776
	319	1776
	318	1775
	319	1777
	319	1775
	317	1775
	318	1774
	319	1774
	317	1774
	318	1773
	319	1773
	317	1773
	318	1772
	319	1772
	317	1772
	318	1771
	319	1771
	317	1771
	318	1770
	319	1770
	317	1770
	318	1769
	319	1769
	317	1769
	318	1768
	319	1768
	317	1768
	318	1767
	319	1767
	317	1767
	318	1766
	319	1766
	317	1766
	316	1766
	317	1765
	318	1765
	316	1767
	316	1765
	317	1764
	318	1764
	316	1764
	317	1763
	318	1763
	316	1763
	317	1762
	318	1762
	316	1762
	317	1761
	318	1761
	316	1761
	317	1760
	318	1760
	316	1760
	317	1759
	318	1759
	316	1759
	317	1758
	318	1758
	316	1758
	317	1757
	318	1757
	316	1757
	317	1756
	318	1756
	316	1756
	317	1755
	318	1755
	316	1755
	317	1754
	318	1754
	316	1754
	317	1753
	318	1753
	316	1753
	317	1752
	318	1752
	316	1752
	317	1751
	318	1751
	316	1751
	317	1750
	318	1750
	316	1750
	317	1749
	318	1749
	316	1749
	319	1749
	318	1748
	319	1750
	319	1748
	317	1748
	318	1747
	319	1747
	317	1747
	318	1746
	319	1746
	317	1746
	318	1745
	319	1745
	317	1745
	319	1751
	319	1752
	319	1753
	319	1754
	319	1755
	319	1756
	320	1756
	319	1757
	320	1757
	320	1755
	319	1758
	320	1758
	319	1759
	320	1759
	319	1760
	320	1760
	320	1761
	321	1761
	319	1761
	320	1762
	321	1762
	321	1760
	319	1762
	320	1763
	321	1763
	319	1763
	320	1764
	321	1764
	319	1764
	320	1765
	321	1765
	319	1765
	320	1766
	321	1766
	322	1766
	321	1767
	322	1767
	322	1765
	320	1767
	321	1768
	322	1768
	320	1768
	321	1769
	322	1769
	320	1769
	321	1770
	322	1770
	320	1770
	321	1771
	322	1771
	320	1771
	321	1772
	322	1772
	320	1772
	321	1773
	322	1773
	320	1773
	320	1774
	321	1774
	320	1775
	321	1775
	320	1776
	321	1776
	320	1777
	321	1777
	319	1778
	320	1778
	316	1771
	316	1772
	316	1770
	316	1768
	316	1769
	315	1767
	315	1768
	315	1766
	315	1765
	318	1822
	319	1822
	317	1822
	318	1823
	319	1823
	317	1823
	318	1825
	319	1825
	317	1825
	318	1826
	318	1824
	319	1826
	319	1824
	317	1826
	317	1824
	318	1829
	319	1829
	317	1829
	318	1830
	318	1828
	319	1830
	319	1828
	317	1830
	317	1828
	318	1831
	319	1831
	317	1831
	318	1832
	319	1832
	317	1832
	318	1833
	319	1833
	317	1833
	318	1834
	319	1834
	317	1834
	318	1835
	319	1835
	317	1835
	318	1836
	319	1836
	317	1836
	318	1837
	319	1837
	317	1837
	318	1838
	319	1838
	317	1838
	318	1839
	319	1839
	317	1839
	318	1840
	319	1840
	317	1840
	318	1841
	319	1841
	317	1841
	318	1842
	319	1842
	317	1842
	318	1843
	319	1843
	317	1843
	318	1844
	319	1844
	317	1844
	318	1845
	319	1845
	317	1845
	318	1846
	319	1846
	317	1846
	318	1847
	319	1847
	317	1847
	316	1830
	316	1831
	316	1829
	316	1828
	317	1827
	318	1827
	316	1827
	316	1826
	316	1825
	315	1826
	315	1827
	315	1825
	316	1824
	315	1824
	316	1823
	315	1823
	318	1853
	319	1853
	317	1853
	318	1854
	318	1852
	319	1854
	319	1852
	317	1854
	317	1852
	318	1851
	319	1851
	317	1851
	318	1850
	319	1850
	317	1850
	318	1849
	319	1849
	317	1849
	318	1848
	319	1848
	317	1848
	318	1855
	319	1855
	317	1855
	318	1856
	319	1856
	317	1856
	318	1857
	319	1857
	317	1857
	318	1858
	319	1858
	317	1858
	318	1859
	319	1859
	317	1859
	320	1858
	320	1859
	320	1857
	321	1858
	321	1859
	321	1857
	322	1858
	322	1859
	322	1857
	323	1858
	324	1858
	323	1859
	323	1857
	324	1859
	324	1857
	325	1858
	325	1859
	325	1857
	326	1858
	327	1858
	326	1859
	326	1857
	327	1859
	327	1857
	328	1858
	328	1859
	328	1857
	329	1858
	329	1859
	329	1857
	330	1858
	331	1858
	330	1859
	330	1857
	331	1859
	331	1857
	332	1858
	332	1859
	332	1857
	334	1858
	335	1858
	333	1858
	334	1859
	334	1857
	335	1859
	335	1857
	333	1859
	333	1857
	336	1858
	337	1858
	336	1859
	336	1857
	337	1859
	337	1857
	339	1858
	340	1858
	338	1858
	339	1859
	339	1857
	340	1859
	340	1857
	338	1859
	338	1857
	341	1858
	342	1858
	341	1859
	341	1857
	342	1859
	342	1857
	343	1858
	344	1858
	343	1859
	343	1857
	344	1859
	344	1857
	345	1858
	346	1858
	345	1859
	345	1857
	346	1859
	346	1857
	347	1858
	348	1858
	347	1859
	347	1857
	348	1859
	348	1857
	350	1858
	351	1858
	349	1858
	350	1859
	350	1857
	351	1859
	351	1857
	349	1859
	349	1857
	352	1858
	352	1859
	352	1857
	354	1858
	355	1858
	353	1858
	354	1859
	354	1857
	355	1859
	355	1857
	353	1859
	353	1857
	356	1858
	356	1859
	356	1857
	357	1858
	357	1859
	357	1857
	358	1858
	358	1859
	358	1857
	359	1858
	359	1859
	359	1857
	360	1858
	360	1859
	360	1857
	361	1858
	361	1859
	361	1857
	362	1858
	362	1859
	362	1857
	363	1858
	363	1859
	363	1857
	364	1858
	365	1858
	364	1859
	364	1857
	365	1859
	365	1857
	366	1858
	366	1859
	366	1857
	367	1858
	368	1858
	367	1859
	367	1857
	368	1859
	368	1857
	369	1858
	369	1859
	369	1857
	370	1858
	371	1858
	370	1859
	370	1857
	371	1859
	371	1857
	372	1858
	372	1859
	372	1857
	373	1858
	373	1859
	373	1857
	374	1858
	374	1859
	374	1857
	375	1858
	375	1859
	375	1857
	376	1858
	376	1859
	376	1857
	377	1858
	377	1859
	377	1857
	378	1858
	378	1859
	378	1857
	379	1858
	379	1859
	379	1857
	378	1856
	379	1856
	377	1856
	378	1855
	379	1855
	377	1855
	378	1854
	379	1854
	377	1854
	378	1853
	379	1853
	377	1853
	378	1852
	379	1852
	377	1852
	378	1851
	379	1851
	377	1851
	378	1850
	379	1850
	377	1850
	378	1849
	379	1849
	377	1849
	378	1848
	379	1848
	377	1848
	378	1847
	379	1847
	377	1847
	378	1846
	379	1846
	377	1846
	378	1845
	379	1845
	377	1845
	378	1844
	379	1844
	377	1844
	378	1843
	379	1843
	377	1843
	378	1842
	379	1842
	377	1842
	378	1841
	379	1841
	377	1841
	378	1840
	379	1840
	377	1840
	378	1839
	379	1839
	377	1839
	378	1838
	379	1838
	377	1838
	378	1837
	379	1837
	377	1837
	380	1838
	380	1839
	380	1837
	379	1836
	380	1836
	378	1836
	379	1835
	380	1835
	378	1835
	379	1834
	380	1834
	378	1834
	379	1833
	380	1833
	378	1833
	379	1832
	380	1832
	378	1832
	379	1831
	380	1831
	378	1831
	379	1830
	380	1830
	378	1830
	377	1833
	377	1834
	377	1832
	377	1835
	377	1836
	379	1829
	380	1829
	378	1829
	379	1828
	380	1828
	378	1828
	379	1827
	380	1827
	378	1827
	379	1826
	380	1826
	378	1826
	377	1826
	378	1825
	379	1825
	377	1827
	377	1825
	378	1824
	379	1824
	377	1824
	378	1823
	379	1823
	377	1823
	378	1822
	379	1822
	377	1822
	378	1821
	379	1821
	377	1821
	376	1821
	377	1820
	378	1820
	376	1822
	376	1820
	377	1819
	378	1819
	376	1819
	377	1818
	378	1818
	376	1818
	377	1817
	378	1817
	376	1817
	377	1816
	378	1816
	376	1816
	377	1815
	378	1815
	376	1815
	377	1814
	378	1814
	376	1814
	375	1814
	376	1813
	377	1813
	375	1815
	375	1813
	376	1812
	377	1812
	375	1812
	376	1811
	377	1811
	375	1811
	376	1810
	377	1810
	375	1810
	376	1809
	377	1809
	375	1809
	376	1808
	377	1808
	375	1808
	378	1809
	378	1810
	378	1808
	377	1807
	378	1807
	376	1807
	377	1806
	378	1806
	376	1806
	379	1807
	379	1808
	379	1806
	379	1809
	379	1810
	378	1811
	379	1811
	378	1812
	379	1812
	378	1813
	379	1813
	379	1814
	379	1815
	378	1805
	379	1805
	377	1805
	378	1804
	379	1804
	377	1804
	378	1803
	379	1803
	377	1803
	378	1802
	379	1802
	377	1802
	378	1801
	379	1801
	377	1801
	378	1800
	379	1800
	377	1800
	378	1799
	379	1799
	377	1799
	376	1799
	377	1798
	378	1798
	376	1800
	376	1798
	377	1797
	378	1797
	376	1797
	377	1796
	378	1796
	376	1796
	377	1795
	378	1795
	376	1795
	377	1794
	378	1794
	376	1794
	377	1793
	378	1793
	376	1793
	377	1792
	378	1792
	376	1792
	377	1791
	378	1791
	376	1791
	377	1790
	378	1790
	376	1790
	377	1789
	378	1789
	376	1789
	377	1788
	378	1788
	376	1788
	377	1787
	378	1787
	376	1787
	377	1786
	378	1786
	376	1786
	377	1785
	378	1785
	376	1785
	377	1784
	378	1784
	376	1784
	377	1783
	378	1783
	376	1783
	377	1782
	378	1782
	376	1782
	377	1781
	378	1781
	376	1781
	377	1780
	378	1780
	376	1780
	377	1779
	378	1779
	376	1779
	377	1778
	378	1778
	376	1778
	377	1777
	378	1777
	376	1777
	377	1776
	378	1776
	376	1776
	377	1775
	378	1775
	376	1775
	377	1774
	378	1774
	376	1774
	377	1773
	378	1773
	376	1773
	377	1772
	378	1772
	376	1772
	377	1771
	378	1771
	376	1771
	377	1770
	378	1770
	376	1770
	377	1769
	378	1769
	376	1769
	377	1768
	378	1768
	376	1768
	377	1767
	378	1767
	376	1767
	377	1766
	378	1766
	376	1766
	377	1765
	378	1765
	376	1765
	377	1764
	378	1764
	376	1764
	377	1763
	378	1763
	376	1763
	377	1762
	378	1762
	376	1762
	377	1761
	378	1761
	376	1761
	377	1760
	378	1760
	376	1760
	377	1759
	378	1759
	376	1759
	377	1758
	378	1758
	376	1758
	377	1757
	378	1757
	376	1757
	377	1756
	378	1756
	376	1756
	377	1755
	378	1755
	376	1755
	377	1754
	378	1754
	376	1754
	377	1753
	378	1753
	376	1753
	377	1752
	378	1752
	376	1752
	377	1751
	378	1751
	376	1751
	377	1750
	378	1750
	376	1750
	377	1749
	378	1749
	376	1749
	375	1749
	376	1748
	377	1748
	375	1750
	375	1748
	376	1747
	377	1747
	375	1747
	376	1746
	377	1746
	375	1746
	376	1745
	377	1745
	375	1745
	376	1744
	377	1744
	375	1744
	374	1744
	375	1743
	376	1743
	374	1745
	374	1743
	379	1749
	378	1748
	379	1750
	379	1748
	378	1747
	379	1747
	378	1746
	379	1746
	378	1745
	379	1745
	378	1744
	379	1744
	379	1742
	380	1742
	378	1742
	379	1743
	379	1741
	380	1743
	380	1741
	378	1743
	378	1741
	379	1740
	380	1740
	378	1740
	379	1739
	380	1739
	378	1739
	379	1738
	380	1738
	378	1738
	379	1737
	380	1737
	378	1737
	379	1736
	380	1736
	378	1736
	381	1737
	381	1738
	381	1736
	380	1735
	381	1735
	379	1735
	378	1735
	379	1734
	380	1734
	378	1734
	377	1743
	377	1741
	376	1741
	377	1742
	377	1740
	376	1742
	376	1740
	377	1738
	377	1739
	377	1737
	377	1735
	377	1736
	377	1734
	378	1733
	379	1733
	377	1733
	378	1732
	379	1732
	377	1732
	378	1731
	379	1731
	377	1731
	378	1730
	379	1730
	377	1730
	378	1729
	379	1729
	377	1729
	376	1730
	376	1731
	376	1729
	377	1728
	378	1728
	376	1728
	377	1727
	378	1727
	376	1727
	377	1726
	378	1726
	376	1726
	377	1725
	378	1725
	376	1725
	375	1725
	376	1724
	377	1724
	375	1726
	375	1724
	376	1723
	377	1723
	375	1723
	376	1722
	377	1722
	375	1722
	374	1723
	374	1724
	374	1722
	375	1721
	376	1721
	374	1721
	375	1720
	376	1720
	374	1720
	375	1719
	376	1719
	374	1719
	373	1719
	374	1718
	375	1718
	373	1720
	373	1718
	374	1717
	375	1717
	373	1717
	380	1733
	380	1730
	380	1731
	380	1729
	379	1726
	380	1726
	379	1727
	379	1725
	380	1727
	380	1725
	380	1723
	381	1723
	379	1723
	380	1724
	380	1722
	381	1724
	381	1722
	379	1724
	379	1722
	380	1721
	381	1721
	379	1721
	380	1720
	381	1720
	379	1720
	380	1719
	381	1719
	379	1719
	380	1718
	381	1718
	379	1718
	380	1717
	381	1717
	379	1717
	380	1716
	381	1716
	379	1716
	380	1715
	381	1715
	379	1715
	380	1714
	381	1714
	379	1714
	380	1713
	381	1713
	379	1713
	380	1712
	381	1712
	379	1712
	380	1711
	381	1711
	379	1711
	378	1711
	379	1710
	380	1710
	378	1712
	378	1710
	379	1709
	380	1709
	378	1709
	379	1708
	380	1708
	378	1708
	318	1744
	319	1744
	317	1744
	318	1743
	319	1743
	317	1743
	318	1740
	319	1740
	317	1740
	318	1741
	318	1739
	319	1741
	319	1739
	317	1741
	317	1739
	319	1738
	320	1738
	318	1738
	319	1737
	320	1739
	320	1737
	318	1737
	319	1736
	320	1736
	318	1736
	319	1735
	320	1735
	318	1735
	319	1734
	320	1734
	318	1734
	319	1733
	320	1733
	318	1733
	319	1732
	320	1732
	318	1732
	319	1731
	320	1731
	318	1731
	319	1730
	320	1730
	318	1730
	319	1729
	320	1729
	318	1729
	319	1728
	320	1728
	318	1728
	319	1727
	320	1727
	318	1727
	319	1726
	320	1726
	318	1726
	319	1725
	320	1725
	318	1725
	319	1724
	320	1724
	318	1724
	319	1723
	320	1723
	318	1723
	319	1722
	320	1722
	318	1722
	319	1721
	320	1721
	318	1721
	319	1720
	320	1720
	318	1720
	319	1719
	320	1719
	318	1719
	319	1718
	320	1718
	318	1718
	319	1717
	320	1717
	318	1717
	319	1716
	320	1716
	318	1716
	318	1715
	319	1715
	317	1715
	318	1714
	319	1714
	317	1716
	317	1714
	318	1713
	319	1713
	317	1713
	317	1717
	317	1720
	317	1721
	317	1719
	317	1725
	317	1726
	317	1724
	317	1729
	317	1730
	317	1728
	317	1732
	317	1733
	317	1731
	320	1740
	320	1741
	319	1742
	320	1742
	318	1742
	320	1743
	320	1744
	320	1745
	320	1746
	317	1742
	317	1738
	317	1737
	317	1734
	317	1727
	317	1723
	317	1722
	317	1718
	318	1712
	319	1712
	317	1712
	318	1711
	319	1711
	317	1711
	318	1710
	319	1710
	317	1710
	318	1709
	319	1709
	317	1709
	320	1710
	320	1711
	320	1709
	321	1710
	321	1711
	321	1709
	323	1710
	324	1710
	322	1710
	323	1711
	323	1709
	324	1711
	324	1709
	322	1711
	322	1709
	326	1710
	327	1710
	325	1710
	326	1711
	326	1709
	327	1711
	327	1709
	325	1711
	325	1709
	328	1710
	329	1710
	328	1711
	328	1709
	329	1711
	329	1709
	330	1710
	331	1710
	330	1711
	330	1709
	331	1711
	331	1709
	333	1710
	334	1710
	332	1710
	333	1711
	333	1709
	334	1711
	334	1709
	332	1711
	332	1709
	335	1710
	336	1710
	335	1711
	335	1709
	336	1711
	336	1709
	337	1710
	338	1710
	337	1711
	337	1709
	338	1711
	338	1709
	339	1710
	340	1710
	339	1711
	339	1709
	340	1711
	340	1709
	341	1710
	342	1710
	341	1711
	341	1709
	342	1711
	342	1709
	343	1710
	344	1710
	343	1711
	343	1709
	344	1711
	344	1709
	345	1710
	345	1711
	345	1709
	346	1710
	346	1711
	346	1709
	348	1710
	349	1710
	347	1710
	348	1711
	348	1709
	349	1711
	349	1709
	347	1711
	347	1709
	351	1710
	352	1710
	350	1710
	351	1711
	351	1709
	352	1711
	352	1709
	350	1711
	350	1709
	353	1710
	353	1711
	353	1709
	355	1710
	356	1710
	354	1710
	355	1711
	355	1709
	356	1711
	356	1709
	354	1711
	354	1709
	357	1710
	357	1711
	357	1709
	358	1710
	358	1711
	358	1709
	359	1710
	359	1711
	359	1709
	360	1710
	361	1710
	360	1711
	360	1709
	361	1711
	361	1709
	362	1710
	362	1711
	362	1709
	363	1710
	363	1711
	363	1709
	364	1710
	365	1710
	364	1711
	364	1709
	365	1711
	365	1709
	367	1711
	368	1711
	366	1711
	367	1712
	367	1710
	368	1712
	368	1710
	366	1712
	366	1710
	369	1711
	369	1712
	369	1710
	370	1711
	370	1712
	370	1710
	371	1711
	371	1712
	371	1710
	372	1711
	372	1712
	372	1710
	373	1711
	373	1712
	373	1710
	374	1711
	374	1712
	374	1710
	375	1711
	375	1712
	375	1710
	376	1711
	376	1712
	376	1710
	377	1711
	377	1712
	377	1710
	377	1709
	376	1709
	375	1709
	374	1709
	373	1709
	372	1709
	371	1709
	370	1709
	369	1709
	368	1709
	367	1709
	366	1709
InvisibleObstacle		
