Id	CharacterId	Name	CvId	UnlockLv	ConditionDescript	SoundType	IsShow
1	1011002	构造体加入	101001	1	信赖度1级解锁		1
2	1011002	升级	101006	1	信赖度1级解锁		1
3	1011002	晋升	101007	1	信赖度1级解锁		1
4	1011002	进化	101008	1	信赖度1级解锁		1
5	1011002	技能升级	101009	1	信赖度1级解锁		1
6	1011002	武器装备	101010	1	信赖度1级解锁		1
7	1011002	升级	101113	1	信赖度1级解锁	2	0
8	1011002	晋升	101114	1	信赖度1级解锁	4	0
9	1011002	进化	101115	1	信赖度1级解锁	3	0
10	1011002	技能升级	101116	1	信赖度1级解锁	5	0
11	1011002	武器装备	101117	1	信赖度1级解锁	6	0
12	1011002	编入队伍	101012	1	信赖度1级解锁	7	1
13	1011002	设为队长	101013	1	信赖度1级解锁	8	1
14	1011002	任务完成1	101014	1	信赖度1级解锁		1
15	1011002	任务完成2	101015	1	信赖度1级解锁		1
16	1011002	日常问候1	101016	1	信赖度1级解锁		1
17	1011002	日常问候2	101017	1	信赖度1级解锁		1
18	1011002	日常问候3	101019	2	信赖度2级解锁		1
19	1011002	日常问候4	101020	2	信赖度2级解锁		1
20	1011002	日常问候5	101021	2	信赖度2级解锁		1
21	1011002	日常问候6	101022	3	信赖度3级解锁		1
22	1011002	日常问候7	101023	3	信赖度3级解锁		1
23	1011002	日常问候8	101024	3	信赖度3级解锁		1
24	1011002	日常问候9	101025	5	信赖度5级解锁		1
25	1011002	日常问候10	101026	5	信赖度5级解锁		1
26	1011002	日常问候11	101027	5	信赖度5级解锁		1
27	1011002	日常问候12	101028	6	信赖度6级解锁		1
28	1011002	日常问候13	101029	6	信赖度6级解锁		1
29	1011002	日常问候14	101030	6	信赖度6级解锁		1
30	1011002	信赖度增加1	101031	1	信赖度1级解锁		1
31	1011002	信赖度增加2	101032	1	信赖度1级解锁		1
32	1011002	信赖度增加3	101033	3	信赖度3级解锁		1
33	1011002	信赖度增加4	101034	3	信赖度3级解锁		1
34	1011002	信赖度增加5	101035	5	信赖度5级解锁		1
35	1011002	信赖度增加6	101036	5	信赖度5级解锁		1
36	1011002	信赖度增加7	101037	6	信赖度6级解锁		1
37	1011002	信赖度增加8	101038	6	信赖度6级解锁		1
38	1011002	空闲1	101043	1	信赖度1级解锁		1
39	1011002	空闲2	101044	3	信赖度3级解锁		1
40	1011002	空闲3	101045	5	信赖度5级解锁		1
41	1011002	空闲4	101046	6	信赖度6级解锁		1
42	1011002	连接时间过长1	101047	1	信赖度1级解锁		1
43	1011002	连接时间过长2	101048	3	信赖度3级解锁		1
44	1011002	连接时间过长3	101049	5	信赖度5级解锁		1
45	1011002	连接时间过长4	101050	6	信赖度6级解锁		1
46	1011002	连接接入1	101051	1	信赖度1级解锁		1
47	1011002	连接接入2	101052	3	信赖度3级解锁		1
48	1011002	连接接入3	101053	5	信赖度5级解锁		1
49	1011002	连接接入4	101054	6	信赖度6级解锁		1
50	1011002	长时间未接入1	101055	1	信赖度1级解锁		1
51	1011002	长时间未接入2	101056	3	信赖度3级解锁		1
52	1011002	长时间未接入3	101057	5	信赖度5级解锁		1
53	1011002	长时间未接入4	101058	6	信赖度6级解锁		1
54	1011002	摇晃1	101059	1	信赖度1级解锁		1
55	1011002	摇晃2	101060	3	信赖度3级解锁		1
56	1011002	摇晃3	101061	5	信赖度5级解锁		1
57	1011002	摇晃4	101062	6	信赖度6级解锁		1
58	1011002	快速点击1	101063	1	信赖度1级解锁		1
59	1011002	快速点击2	101064	3	信赖度3级解锁		1
60	1011002	快速点击3	101065	5	信赖度5级解锁		1
61	1011002	快速点击4	101066	6	信赖度6级解锁		1
62	1011002	活跃度已满	101067	1	信赖度1级解锁		1
63	1011002	战胜归来	101068	1	信赖度1级解锁		1
64	1011002	队友归来	101069	1	信赖度1级解锁		1
65	1011002	战斗1	101151	1	信赖度1级解锁		1
66	1011002	战斗2	101152	1	信赖度1级解锁		1
67	1011002	战斗3	101153	1	信赖度1级解锁		1
68	1011002	必杀	101154	1	信赖度1级解锁		1
69	1011002	受伤	101155	1	信赖度1级解锁		1
70	1011002	危险警告	101156	1	信赖度1级解锁		1
71	1011002	力尽	101157	1	信赖度1级解锁		1
72	1011002	助战	101158	1	信赖度1级解锁		1
73	1011002	QTE	101159	1	信赖度1级解锁		1
74	1011002	战斗结束	101068	1	信赖度1级解锁		1
75	1021001	构造体加入	102001	1	信赖度1级解锁		1
76	1021001	升级	102006	1	信赖度1级解锁		1
77	1021001	晋升	102007	1	信赖度1级解锁		1
78	1021001	进化	102008	1	信赖度1级解锁		1
79	1021001	技能升级	102009	1	信赖度1级解锁		1
80	1021001	武器装备	102010	1	信赖度1级解锁		1
81	1021001	升级	102137	1	信赖度1级解锁	2	0
82	1021001	晋升	102138	1	信赖度1级解锁	4	0
83	1021001	进化	102139	1	信赖度1级解锁	3	0
84	1021001	技能升级	102140	1	信赖度1级解锁	5	0
85	1021001	武器装备	102141	1	信赖度1级解锁	6	0
86	1021001	编入队伍	102012	1	信赖度1级解锁	7	1
87	1021001	设为队长	102013	1	信赖度1级解锁	8	1
88	1021001	任务完成1	102014	1	信赖度1级解锁		1
89	1021001	任务完成2	102015	1	信赖度1级解锁		1
90	1021001	任务完成3	102017	2	信赖度2级解锁		1
91	1021001	任务完成4	102018	2	信赖度2级解锁		1
92	1021001	任务完成5	102020	3	信赖度3级解锁		1
93	1021001	任务完成6	102021	3	信赖度3级解锁		1
94	1021001	任务完成7	102022	5	信赖度5级解锁		1
95	1021001	任务完成8	102023	5	信赖度5级解锁		1
96	1021001	任务完成9	102024	6	信赖度6级解锁		1
97	1021001	任务完成10	102025	6	信赖度6级解锁		1
98	1021001	日常问候1	102026	1	信赖度1级解锁		1
99	1021001	日常问候2	102027	1	信赖度1级解锁		1
100	1021001	日常问候3	102028	1	信赖度1级解锁		1
101	1021001	日常问候4	102029	1	信赖度1级解锁		1
102	1021001	日常问候5	102030	2	信赖度2级解锁		1
103	1021001	日常问候6	102031	2	信赖度2级解锁		1
104	1021001	日常问候7	102032	2	信赖度2级解锁		1
105	1021001	日常问候8	102033	3	信赖度3级解锁		1
106	1021001	日常问候9	102034	3	信赖度3级解锁		1
107	1021001	日常问候10	102035	3	信赖度3级解锁		1
108	1021001	日常问候11	102036	4	信赖度4级解锁		1
109	1021001	日常问候12	102037	4	信赖度4级解锁		1
110	1021001	日常问候13	102038	4	信赖度4级解锁		1
111	1021001	日常问候14	102039	5	信赖度5级解锁		1
112	1021001	日常问候15	102040	5	信赖度5级解锁		1
113	1021001	日常问候16	102041	5	信赖度5级解锁		1
114	1021001	日常问候17	102042	6	信赖度6级解锁		1
115	1021001	日常问候18	102043	6	信赖度6级解锁		1
116	1021001	日常问候19	102044	6	信赖度6级解锁		1
117	1021001	信赖提升1	102045	1	信赖度1级解锁		1
118	1021001	信赖提升2	102046	1	信赖度1级解锁		1
119	1021001	信赖提升3	102047	2	信赖度2级解锁		1
120	1021001	信赖提升4	102048	2	信赖度2级解锁		1
121	1021001	信赖提升5	102049	3	信赖度3级解锁		1
122	1021001	信赖提升6	102050	3	信赖度3级解锁		1
123	1021001	信赖提升7	102051	5	信赖度5级解锁		1
124	1021001	信赖提升8	102052	5	信赖度5级解锁		1
125	1021001	信赖提升9	102053	6	信赖度6级解锁		1
126	1021001	信赖提升10	102054	6	信赖度6级解锁		1
127	1021001	空闲1	102059	1	信赖度1级解锁		1
128	1021001	空闲2	102060	2	信赖度2级解锁		1
129	1021001	空闲3	102061	4	信赖度4级解锁		1
130	1021001	空闲4	102062	6	信赖度6级解锁		1
131	1021001	连接时间过长1	102063	1	信赖度1级解锁		1
132	1021001	连接时间过长2	102064	2	信赖度2级解锁		1
133	1021001	连接时间过长3	102065	4	信赖度4级解锁		1
134	1021001	连接时间过长4	102066	6	信赖度6级解锁		1
135	1021001	连接接入1	102067	1	信赖度1级解锁		1
136	1021001	连接接入2	102068	2	信赖度2级解锁		1
137	1021001	连接接入3	102069	4	信赖度4级解锁		1
138	1021001	连接接入4	102070	6	信赖度6级解锁		1
139	1021001	长时间未接入1	102071	1	信赖度1级解锁		1
140	1021001	长时间未接入2	102072	3	信赖度3级解锁		1
141	1021001	长时间未接入3	102073	5	信赖度5级解锁		1
142	1021001	长时间未接入4	102074	6	信赖度6级解锁		1
143	1021001	摇晃1	102075	1	信赖度1级解锁		1
144	1021001	摇晃2	102076	3	信赖度3级解锁		1
145	1021001	摇晃3	102077	5	信赖度5级解锁		1
146	1021001	摇晃4	102078	6	信赖度6级解锁		1
147	1021001	快速点击1	102079	1	信赖度1级解锁		1
148	1021001	快速点击2	102080	3	信赖度3级解锁		1
149	1021001	快速点击3	102081	5	信赖度5级解锁		1
150	1021001	快速点击4	102082	6	信赖度6级解锁		1
151	1021001	活跃度已满	102083	1	信赖度1级解锁		1
152	1021001	战胜归来	102084	1	信赖度1级解锁		1
153	1021001	队友归来	102085	1	信赖度1级解锁		1
154	1021001	战斗1	102151	1	信赖度1级解锁		1
155	1021001	战斗2	102152	1	信赖度1级解锁		1
156	1021001	战斗3	102153	1	信赖度1级解锁		1
157	1021001	必杀	102154	1	信赖度1级解锁		1
158	1021001	受伤	102155	1	信赖度1级解锁		1
159	1021001	危险警告	102156	1	信赖度1级解锁		1
160	1021001	力尽	102157	1	信赖度1级解锁		1
161	1021001	助战	102158	1	信赖度1级解锁		1
162	1021001	QTE	102159	1	信赖度1级解锁		1
163	1021001	战斗结束	102084	1	信赖度1级解锁		1
164	1031001	构造体加入	103001	1	信赖度1级解锁		1
165	1031001	升级	103006	1	信赖度1级解锁		1
166	1031001	晋升	103007	1	信赖度1级解锁		1
167	1031001	进化	103008	1	信赖度1级解锁		1
168	1031001	技能升级	103009	1	信赖度1级解锁		1
169	1031001	武器装备	103010	1	信赖度1级解锁		1
170	1031001	升级	103123	1	信赖度1级解锁	2	0
171	1031001	晋升	103124	1	信赖度1级解锁	4	0
172	1031001	进化	103125	1	信赖度1级解锁	3	0
173	1031001	技能升级	103126	1	信赖度1级解锁	5	0
174	1031001	武器装备	103127	1	信赖度1级解锁	6	0
175	1031001	编入队伍	103012	1	信赖度1级解锁	7	1
176	1031001	设为队长	103013	1	信赖度1级解锁	8	1
177	1031001	任务完成1	103014	1	信赖度1级解锁		1
178	1031001	任务完成2	103015	1	信赖度1级解锁		1
179	1031001	日常问候1	103016	1	信赖度1级解锁		1
180	1031001	日常问候2	103017	1	信赖度1级解锁		1
181	1031001	日常问候3	103018	1	信赖度1级解锁		1
182	1031001	日常问候4	103019	1	信赖度1级解锁		1
183	1031001	日常问候5	103020	2	信赖度2级解锁		1
184	1031001	日常问候6	103021	2	信赖度2级解锁		1
185	1031001	日常问候7	103022	2	信赖度2级解锁		1
186	1031001	日常问候8	103023	3	信赖度3级解锁		1
187	1031001	日常问候9	103024	3	信赖度3级解锁		1
188	1031001	日常问候10	103025	3	信赖度3级解锁		1
189	1031001	日常问候11	103026	4	信赖度4级解锁		1
190	1031001	日常问候12	103027	4	信赖度4级解锁		1
191	1031001	日常问候13	103028	4	信赖度4级解锁		1
192	1031001	日常问候14	103030	5	信赖度5级解锁		1
193	1031001	日常问候15	103031	5	信赖度5级解锁		1
194	1031001	日常问候16	103032	6	信赖度6级解锁		1
195	1031001	日常问候17	103033	6	信赖度6级解锁		1
196	1031001	日常问候18	103034	6	信赖度6级解锁		1
197	1031001	信赖提升1	103035	1	信赖度1级解锁		1
198	1031001	信赖提升2	103036	1	信赖度1级解锁		1
199	1031001	信赖提升3	103037	3	信赖度3级解锁		1
200	1031001	信赖提升4	103038	3	信赖度3级解锁		1
201	1031001	信赖提升5	103039	5	信赖度5级解锁		1
202	1031001	信赖提升6	103040	5	信赖度5级解锁		1
203	1031001	信赖提升7	103041	6	信赖度6级解锁		1
204	1031001	信赖提升8	103042	6	信赖度6级解锁		1
205	1031001	空闲1	103047	1	信赖度1级解锁		1
206	1031001	空闲2	103048	3	信赖度3级解锁		1
207	1031001	空闲3	103049	4	信赖度4级解锁		1
208	1031001	空闲4	103050	5	信赖度5级解锁		1
209	1031001	空闲5	103051	6	信赖度6级解锁		1
210	1031001	连接时间过长1	103052	1	信赖度1级解锁		1
211	1031001	连接时间过长2	103053	3	信赖度3级解锁		1
212	1031001	连接时间过长3	103054	5	信赖度5级解锁		1
213	1031001	连接时间过长4	103055	6	信赖度6级解锁		1
214	1031001	连接接入1	103056	1	信赖度1级解锁		1
215	1031001	连接接入2	103057	3	信赖度3级解锁		1
216	1031001	连接接入3	103058	5	信赖度5级解锁		1
217	1031001	连接接入4	103059	6	信赖度6级解锁		1
218	1031001	长时间未接入1	103060	1	信赖度1级解锁		1
219	1031001	长时间未接入2	103061	3	信赖度3级解锁		1
220	1031001	长时间未接入3	103062	5	信赖度5级解锁		1
221	1031001	长时间未接入4	103063	6	信赖度6级解锁		1
222	1031001	摇晃1	103064	1	信赖度1级解锁		1
223	1031001	摇晃2	103065	3	信赖度3级解锁		1
224	1031001	摇晃3	103066	5	信赖度5级解锁		1
225	1031001	摇晃4	103067	6	信赖度6级解锁		1
226	1031001	快速点击1	103068	1	信赖度1级解锁		1
227	1031001	快速点击2	103069	3	信赖度3级解锁		1
228	1031001	快速点击3	103070	5	信赖度5级解锁		1
229	1031001	快速点击4	103071	6	信赖度6级解锁		1
230	1031001	活跃度已满	103072	1	信赖度1级解锁		1
231	1031001	战胜归来	103073	1	信赖度1级解锁		1
232	1031001	队友归来	103074	1	信赖度1级解锁		1
233	1031001	战斗1	103151	1	信赖度1级解锁		1
234	1031001	战斗2	103152	1	信赖度1级解锁		1
235	1031001	战斗3	103153	1	信赖度1级解锁		1
236	1031001	必杀	103154	1	信赖度1级解锁		1
237	1031001	受伤	103155	1	信赖度1级解锁		1
238	1031001	危险警告	103156	1	信赖度1级解锁		1
239	1031001	力尽	103157	1	信赖度1级解锁		1
240	1031001	助战	103158	1	信赖度1级解锁		1
241	1031001	QTE	103159	1	信赖度1级解锁		1
242	1031001	战斗结束	103073	1	信赖度1级解锁		1
243	1041002	构造体加入	104001	1	信赖度1级解锁		1
244	1041002	升级	104006	1	信赖度1级解锁		1
245	1041002	晋升	104007	1	信赖度1级解锁		1
246	1041002	进化	104008	1	信赖度1级解锁		1
247	1041002	技能升级	104009	1	信赖度1级解锁		1
248	1041002	武器装备	104010	1	信赖度1级解锁		1
249	1041002	升级	104102	1	信赖度1级解锁	2	0
250	1041002	晋升	104103	1	信赖度1级解锁	4	0
251	1041002	进化	104104	1	信赖度1级解锁	3	0
252	1041002	技能升级	104105	1	信赖度1级解锁	5	0
253	1041002	武器装备	104106	1	信赖度1级解锁	6	0
254	1041002	编入队伍	104012	1	信赖度1级解锁	7	1
255	1041002	设为队长	104013	1	信赖度1级解锁	8	1
256	1041002	任务完成1	104014	1	信赖度1级解锁		1
257	1041002	任务完成2	104015	1	信赖度1级解锁		1
258	1041002	日常问候1	104016	1	信赖度1级解锁		1
259	1041002	日常问候2	104017	1	信赖度1级解锁		1
260	1041002	日常问候3	104018	1	信赖度1级解锁		1
261	1041002	日常问候4	104019	3	信赖度3级解锁		1
262	1041002	日常问候5	104020	3	信赖度3级解锁		1
263	1041002	日常问候6	104021	3	信赖度3级解锁		1
264	1041002	日常问候7	104022	5	信赖度5级解锁		1
265	1041002	日常问候8	104023	5	信赖度5级解锁		1
266	1041002	日常问候9	104024	5	信赖度5级解锁		1
267	1041002	日常问候10	104025	6	信赖度6级解锁		1
268	1041002	信赖提升1	104028	1	信赖度1级解锁		1
269	1041002	信赖提升2	104029	1	信赖度1级解锁		1
270	1041002	信赖提升3	104030	3	信赖度3级解锁		1
271	1041002	信赖提升4	104031	3	信赖度3级解锁		1
272	1041002	信赖提升5	104032	5	信赖度5级解锁		1
273	1041002	信赖提升6	104033	5	信赖度5级解锁		1
274	1041002	信赖提升7	104034	6	信赖度6级解锁		1
275	1041002	信赖提升8	104035	6	信赖度6级解锁		1
276	1041002	空闲1	104040	1	信赖度1级解锁		1
277	1041002	空闲2	104041	3	信赖度3级解锁		1
278	1041002	空闲3	104042	5	信赖度5级解锁		1
279	1041002	空闲4	104043	6	信赖度6级解锁		1
280	1041002	连接时间过长1	104044	1	信赖度1级解锁		1
281	1041002	连接时间过长2	104045	3	信赖度3级解锁		1
282	1041002	连接时间过长3	104046	5	信赖度5级解锁		1
283	1041002	连接时间过长4	104047	6	信赖度6级解锁		1
284	1041002	连接接入1	104048	1	信赖度1级解锁		1
285	1041002	连接接入2	104049	3	信赖度3级解锁		1
286	1041002	连接接入3	104050	5	信赖度5级解锁		1
287	1041002	连接接入4	104051	6	信赖度6级解锁		1
288	1041002	长时间未接入1	104052	1	信赖度1级解锁		1
289	1041002	长时间未接入2	104053	3	信赖度3级解锁		1
290	1041002	长时间未接入3	104054	5	信赖度5级解锁		1
291	1041002	长时间未接入4	104055	6	信赖度6级解锁		1
292	1041002	摇晃1	104056	1	信赖度1级解锁		1
293	1041002	摇晃2	104057	3	信赖度3级解锁		1
294	1041002	摇晃3	104058	5	信赖度5级解锁		1
295	1041002	摇晃4	104059	6	信赖度6级解锁		1
296	1041002	快速点击1	104060	1	信赖度1级解锁		1
297	1041002	快速点击2	104061	3	信赖度3级解锁		1
298	1041002	快速点击3	104062	5	信赖度5级解锁		1
299	1041002	快速点击4	104063	6	信赖度6级解锁		1
300	1041002	活跃度已满	104064	1	信赖度1级解锁		1
301	1041002	战胜归来	104065	1	信赖度1级解锁		1
302	1041002	队友归来	104066	1	信赖度1级解锁		1
303	1041002	战斗1	104151	1	信赖度1级解锁		1
304	1041002	战斗2	104152	1	信赖度1级解锁		1
305	1041002	战斗3	104153	1	信赖度1级解锁		1
306	1041002	必杀	104154	1	信赖度1级解锁		1
307	1041002	受伤	104155	1	信赖度1级解锁		1
308	1041002	危险警告	104156	1	信赖度1级解锁		1
309	1041002	力尽	104157	1	信赖度1级解锁		1
310	1041002	助战	104158	1	信赖度1级解锁		1
311	1041002	QTE	104159	1	信赖度1级解锁		1
312	1041002	战斗结束	104065	1	信赖度1级解锁		1
313	1051001	构造体加入	105001	1	信赖度1级解锁		1
314	1051001	升级	105006	1	信赖度1级解锁		1
315	1051001	晋升	105007	1	信赖度1级解锁		1
316	1051001	进化	105008	1	信赖度1级解锁		1
317	1051001	技能升级	105009	1	信赖度1级解锁		1
318	1051001	武器装备	105010	1	信赖度1级解锁		1
319	1051001	升级	105105	1	信赖度1级解锁	2	0
320	1051001	晋升	105106	1	信赖度1级解锁	4	0
321	1051001	进化	105107	1	信赖度1级解锁	3	0
322	1051001	技能升级	105108	1	信赖度1级解锁	5	0
323	1051001	武器装备	105109	1	信赖度1级解锁	6	0
324	1051001	编入队伍	105012	1	信赖度1级解锁	7	1
325	1051001	设为队长	105013	1	信赖度1级解锁	8	1
326	1051001	任务完成1	105014	1	信赖度1级解锁		1
327	1051001	任务完成2	105015	1	信赖度1级解锁		1
328	1051001	日常问候1	105016	1	信赖度1级解锁		1
329	1051001	日常问候2	105018	1	信赖度1级解锁		1
330	1051001	日常问候3	105019	3	信赖度3级解锁		1
331	1051001	日常问候4	105020	3	信赖度3级解锁		1
332	1051001	日常问候5	105021	3	信赖度3级解锁		1
333	1051001	日常问候6	105022	5	信赖度5级解锁		1
334	1051001	日常问候7	105023	5	信赖度5级解锁		1
335	1051001	日常问候8	105024	5	信赖度5级解锁		1
336	1051001	日常问候9	105025	6	信赖度6级解锁		1
337	1051001	日常问候10	105026	6	信赖度6级解锁		1
338	1051001	日常问候11	105027	6	信赖度6级解锁		1
339	1051001	信赖提升1	105028	1	信赖度1级解锁		1
340	1051001	信赖提升2	105029	1	信赖度1级解锁		1
341	1051001	信赖提升3	105030	3	信赖度3级解锁		1
342	1051001	信赖提升4	105031	3	信赖度3级解锁		1
343	1051001	信赖提升5	105032	5	信赖度5级解锁		1
344	1051001	信赖提升6	105033	5	信赖度5级解锁		1
345	1051001	信赖提升7	105034	6	信赖度6级解锁		1
346	1051001	信赖提升8	105035	6	信赖度6级解锁		1
347	1051001	空闲1	105040	1	信赖度1级解锁		1
348	1051001	空闲2	105041	3	信赖度3级解锁		1
349	1051001	空闲3	105042	5	信赖度5级解锁		1
350	1051001	空闲4	105043	6	信赖度6级解锁		1
351	1051001	连接时间过长1	105044	1	信赖度1级解锁		1
352	1051001	连接时间过长2	105045	3	信赖度3级解锁		1
353	1051001	连接时间过长3	105046	5	信赖度5级解锁		1
354	1051001	连接时间过长4	105047	6	信赖度6级解锁		1
355	1051001	连接接入1	105048	1	信赖度1级解锁		1
356	1051001	连接接入2	105049	3	信赖度3级解锁		1
357	1051001	连接接入3	105050	5	信赖度5级解锁		1
358	1051001	连接接入4	105051	6	信赖度6级解锁		1
359	1051001	长时间未接入1	105052	1	信赖度1级解锁		1
360	1051001	长时间未接入2	105053	3	信赖度3级解锁		1
361	1051001	长时间未接入3	105054	5	信赖度5级解锁		1
362	1051001	长时间未接入4	105055	6	信赖度6级解锁		1
363	1051001	摇晃1	105056	1	信赖度1级解锁		1
364	1051001	摇晃2	105057	3	信赖度3级解锁		1
365	1051001	摇晃3	105058	5	信赖度5级解锁		1
366	1051001	摇晃4	105059	6	信赖度6级解锁		1
367	1051001	快速点击1	105060	1	信赖度1级解锁		1
368	1051001	快速点击2	105061	3	信赖度3级解锁		1
369	1051001	快速点击3	105062	5	信赖度5级解锁		1
370	1051001	快速点击4	105063	6	信赖度6级解锁		1
371	1051001	活跃度已满	105064	1	信赖度1级解锁		1
372	1051001	战胜归来	105065	1	信赖度1级解锁		1
373	1051001	队友归来	105066	1	信赖度1级解锁		1
374	1051001	战斗1	105151	1	信赖度1级解锁		1
375	1051001	战斗2	105152	1	信赖度1级解锁		1
376	1051001	战斗3	105153	1	信赖度1级解锁		1
377	1051001	必杀	105154	1	信赖度1级解锁		1
378	1051001	受伤	105155	1	信赖度1级解锁		1
379	1051001	危险警告	105156	1	信赖度1级解锁		1
380	1051001	力尽	105157	1	信赖度1级解锁		1
381	1051001	助战	105158	1	信赖度1级解锁		1
382	1051001	QTE	105159	1	信赖度1级解锁		1
383	1051001	战斗结束	105065	1	信赖度1级解锁		1
384	1061002	构造体加入	106001	1	信赖度1级解锁		1
385	1061002	升级	106006	1	信赖度1级解锁		1
386	1061002	晋升	106007	1	信赖度1级解锁		1
387	1061002	进化	106008	1	信赖度1级解锁		1
388	1061002	技能升级	106009	1	信赖度1级解锁		1
389	1061002	武器装备	106010	1	信赖度1级解锁		1
390	1061002	升级	106107	1	信赖度1级解锁	2	0
391	1061002	晋升	106108	1	信赖度1级解锁	4	0
392	1061002	进化	106109	1	信赖度1级解锁	3	0
393	1061002	技能升级	106110	1	信赖度1级解锁	5	0
394	1061002	武器装备	106111	1	信赖度1级解锁	6	0
395	1061002	编入队伍	106012	1	信赖度1级解锁	7	1
396	1061002	设为队长	106013	1	信赖度1级解锁	8	1
397	1061002	任务完成1	106014	1	信赖度1级解锁		1
398	1061002	任务完成2	106015	1	信赖度1级解锁		1
399	1061002	日常问候1	106016	1	信赖度1级解锁		1
400	1061002	日常问候2	106018	1	信赖度1级解锁		1
401	1061002	日常问候3	106019	3	信赖度3级解锁		1
402	1061002	日常问候4	106020	3	信赖度3级解锁		1
403	1061002	日常问候5	106021	3	信赖度3级解锁		1
404	1061002	日常问候6	106022	5	信赖度5级解锁		1
405	1061002	日常问候7	106023	5	信赖度5级解锁		1
406	1061002	日常问候8	106024	5	信赖度5级解锁		1
407	1061002	日常问候9	106025	6	信赖度6级解锁		1
408	1061002	日常问候10	106026	6	信赖度6级解锁		1
409	1061002	日常问候11	106027	6	信赖度6级解锁		1
410	1061002	信赖提升1	106028	1	信赖度1级解锁		1
411	1061002	信赖提升2	106029	1	信赖度1级解锁		1
412	1061002	信赖提升3	106031	3	信赖度3级解锁		1
413	1061002	信赖提升4	106032	3	信赖度3级解锁		1
414	1061002	信赖提升5	106033	5	信赖度5级解锁		1
415	1061002	信赖提升6	106034	5	信赖度5级解锁		1
416	1061002	信赖提升7	106035	6	信赖度6级解锁		1
417	1061002	信赖提升8	106036	6	信赖度6级解锁		1
418	1061002	空闲1	106041	1	信赖度1级解锁		1
419	1061002	空闲2	106042	3	信赖度3级解锁		1
420	1061002	空闲3	106043	5	信赖度5级解锁		1
421	1061002	空闲4	106044	6	信赖度6级解锁		1
422	1061002	连接时间过长1	106045	1	信赖度1级解锁		1
423	1061002	连接时间过长2	106046	3	信赖度3级解锁		1
424	1061002	连接时间过长3	106047	5	信赖度5级解锁		1
425	1061002	连接时间过长4	106048	6	信赖度6级解锁		1
426	1061002	连接接入1	106049	1	信赖度1级解锁		1
427	1061002	连接接入2	106050	3	信赖度3级解锁		1
428	1061002	连接接入3	106051	5	信赖度5级解锁		1
429	1061002	连接接入4	106052	6	信赖度6级解锁		1
430	1061002	长时间未接入1	106053	1	信赖度1级解锁		1
431	1061002	长时间未接入2	106054	3	信赖度3级解锁		1
432	1061002	长时间未接入3	106055	5	信赖度5级解锁		1
433	1061002	长时间未接入4	106056	6	信赖度6级解锁		1
434	1061002	摇晃1	106057	1	信赖度1级解锁		1
435	1061002	摇晃2	106058	3	信赖度3级解锁		1
436	1061002	摇晃3	106059	5	信赖度5级解锁		1
437	1061002	摇晃4	106060	6	信赖度6级解锁		1
438	1061002	快速点击1	106061	1	信赖度1级解锁		1
439	1061002	快速点击2	106062	3	信赖度3级解锁		1
440	1061002	快速点击3	106063	5	信赖度5级解锁		1
441	1061002	快速点击4	106064	6	信赖度6级解锁		1
442	1061002	活跃度已满	106065	1	信赖度1级解锁		1
443	1061002	战胜归来	106066	1	信赖度1级解锁		1
444	1061002	队友归来	106067	1	信赖度1级解锁		1
445	1061002	战斗1	106151	1	信赖度1级解锁		1
446	1061002	战斗2	106152	1	信赖度1级解锁		1
447	1061002	战斗3	106153	1	信赖度1级解锁		1
448	1061002	必杀	106154	1	信赖度1级解锁		1
449	1061002	受伤	106155	1	信赖度1级解锁		1
450	1061002	危险警告	106156	1	信赖度1级解锁		1
451	1061002	力尽	106157	1	信赖度1级解锁		1
452	1061002	助战	106158	1	信赖度1级解锁		1
453	1061002	QTE	106159	1	信赖度1级解锁		1
454	1061002	战斗结束	106066	1	信赖度1级解锁		1
455	1071002	构造体加入	107001	1	信赖度1级解锁		1
456	1071002	升级	107006	1	信赖度1级解锁		1
457	1071002	晋升	107007	1	信赖度1级解锁		1
458	1071002	进化	107008	1	信赖度1级解锁		1
459	1071002	技能升级	107009	1	信赖度1级解锁		1
460	1071002	武器装备	107010	1	信赖度1级解锁		1
461	1071002	升级	107108	1	信赖度1级解锁	2	0
462	1071002	晋升	107109	1	信赖度1级解锁	4	0
463	1071002	进化	107110	1	信赖度1级解锁	3	0
464	1071002	技能升级	107111	1	信赖度1级解锁	5	0
465	1071002	武器装备	107112	1	信赖度1级解锁	6	0
466	1071002	编入队伍	107012	1	信赖度1级解锁		1
467	1071002	设为队长	107013	1	信赖度1级解锁	8	1
468	1071002	任务完成1	107014	1	信赖度1级解锁	7	1
469	1071002	任务完成2	107015	1	信赖度1级解锁		1
470	1071002	日常问候1	107016	1	信赖度1级解锁		1
471	1071002	日常问候2	107017	1	信赖度1级解锁		1
472	1071002	日常问候3	107019	3	信赖度3级解锁		1
473	1071002	日常问候4	107020	3	信赖度3级解锁		1
474	1071002	日常问候5	107021	3	信赖度3级解锁		1
475	1071002	日常问候6	107022	5	信赖度5级解锁		1
476	1071002	日常问候7	107023	5	信赖度5级解锁		1
477	1071002	日常问候8	107024	5	信赖度5级解锁		1
478	1071002	日常问候9	107025	6	信赖度6级解锁		1
479	1071002	日常问候10	107026	6	信赖度6级解锁		1
480	1071002	日常问候11	107027	6	信赖度6级解锁		1
481	1071002	信赖提升1	107028	1	信赖度1级解锁		1
482	1071002	信赖提升2	107029	1	信赖度1级解锁		1
483	1071002	信赖提升3	107030	3	信赖度3级解锁		1
484	1071002	信赖提升4	107031	3	信赖度3级解锁		1
485	1071002	信赖提升5	107032	5	信赖度5级解锁		1
486	1071002	信赖提升6	107033	5	信赖度5级解锁		1
487	1071002	信赖提升7	107034	6	信赖度6级解锁		1
488	1071002	信赖提升8	107035	6	信赖度6级解锁		1
489	1071002	空闲1	107040	1	信赖度1级解锁		1
490	1071002	空闲2	107041	3	信赖度3级解锁		1
491	1071002	空闲3	107042	5	信赖度5级解锁		1
492	1071002	空闲4	107043	6	信赖度6级解锁		1
493	1071002	连接时间过长1	107044	1	信赖度1级解锁		1
494	1071002	连接时间过长2	107045	3	信赖度3级解锁		1
495	1071002	连接时间过长3	107046	5	信赖度5级解锁		1
496	1071002	连接时间过长4	107047	6	信赖度6级解锁		1
497	1071002	连接接入1	107048	1	信赖度1级解锁		1
498	1071002	连接接入2	107049	3	信赖度3级解锁		1
499	1071002	连接接入3	107050	5	信赖度5级解锁		1
500	1071002	连接接入4	107051	6	信赖度6级解锁		1
501	1071002	长时间未接入1	107052	1	信赖度1级解锁		1
502	1071002	长时间未接入2	107053	3	信赖度3级解锁		1
503	1071002	长时间未接入3	107054	5	信赖度5级解锁		1
504	1071002	长时间未接入4	107055	6	信赖度6级解锁		1
505	1071002	摇晃1	107056	1	信赖度1级解锁		1
506	1071002	摇晃2	107057	3	信赖度3级解锁		1
507	1071002	摇晃3	107058	5	信赖度5级解锁		1
508	1071002	摇晃4	107059	6	信赖度6级解锁		1
509	1071002	快速点击1	107060	1	信赖度1级解锁		1
510	1071002	快速点击2	107061	3	信赖度3级解锁		1
511	1071002	快速点击3	107062	5	信赖度5级解锁		1
512	1071002	快速点击4	107063	6	信赖度6级解锁		1
513	1071002	活跃度已满	107064	1	信赖度1级解锁		1
514	1071002	战胜归来	107065	1	信赖度1级解锁		1
515	1071002	队友归来	107066	1	信赖度1级解锁		1
516	1071002	战斗1	107151	1	信赖度1级解锁		1
517	1071002	战斗2	107152	1	信赖度1级解锁		1
518	1071002	战斗3	107153	1	信赖度1级解锁		1
519	1071002	必杀	107154	1	信赖度1级解锁		1
520	1071002	受伤	107155	1	信赖度1级解锁		1
521	1071002	危险警告	107156	1	信赖度1级解锁		1
522	1071002	力尽	107157	1	信赖度1级解锁		1
523	1071002	助战	107158	1	信赖度1级解锁		1
524	1071002	QTE	107159	1	信赖度1级解锁		1
525	1071002	战斗结束	107065	1	信赖度1级解锁		1
526	1081002	构造体加入	108001	1	信赖度1级解锁		1
527	1081002	升级	108006	1	信赖度1级解锁		1
528	1081002	晋升	108007	1	信赖度1级解锁		1
529	1081002	进化	108008	1	信赖度1级解锁		1
530	1081002	技能升级	108009	1	信赖度1级解锁		1
531	1081002	武器装备	108010	1	信赖度1级解锁		1
532	1081002	升级	108106	1	信赖度1级解锁	2	0
533	1081002	晋升	108107	1	信赖度1级解锁	4	0
534	1081002	进化	108108	1	信赖度1级解锁	3	0
535	1081002	技能升级	108109	1	信赖度1级解锁	5	0
536	1081002	武器装备	108110	1	信赖度1级解锁	6	0
537	1081002	编入队伍	108012	1	信赖度1级解锁	7	1
538	1081002	设为队长	108013	1	信赖度1级解锁	8	1
539	1081002	任务完成1	108014	1	信赖度1级解锁		1
540	1081002	任务完成2	108015	1	信赖度1级解锁		1
541	1081002	日常问候1	108016	1	信赖度1级解锁		1
542	1081002	日常问候2	108017	1	信赖度1级解锁		1
543	1081002	日常问候3	108018	1	信赖度1级解锁		1
544	1081002	日常问候4	108019	3	信赖度3级解锁		1
545	1081002	日常问候5	108020	3	信赖度3级解锁		1
546	1081002	日常问候6	108021	3	信赖度3级解锁		1
547	1081002	日常问候7	108022	5	信赖度5级解锁		1
548	1081002	日常问候8	108023	5	信赖度5级解锁		1
549	1081002	日常问候9	108024	5	信赖度5级解锁		1
550	1081002	日常问候10	108025	6	信赖度6级解锁		1
551	1081002	日常问候11	108026	6	信赖度6级解锁		1
552	1081002	日常问候12	108027	6	信赖度6级解锁		1
553	1081002	信赖提升1	108028	1	信赖度1级解锁		1
554	1081002	信赖提升2	108029	1	信赖度1级解锁		1
555	1081002	信赖提升3	108030	3	信赖度3级解锁		1
556	1081002	信赖提升4	108031	3	信赖度3级解锁		1
557	1081002	信赖提升5	108032	5	信赖度5级解锁		1
558	1081002	信赖提升6	108033	5	信赖度5级解锁		1
559	1081002	信赖提升7	108034	6	信赖度6级解锁		1
560	1081002	信赖提升8	108035	6	信赖度6级解锁		1
561	1081002	空闲1	108040	1	信赖度1级解锁		1
562	1081002	空闲2	108041	3	信赖度3级解锁		1
563	1081002	空闲3	108042	5	信赖度5级解锁		1
564	1081002	空闲4	108043	6	信赖度6级解锁		1
565	1081002	连接时间过长1	108044	1	信赖度1级解锁		1
566	1081002	连接时间过长2	108045	3	信赖度3级解锁		1
567	1081002	连接时间过长3	108046	5	信赖度5级解锁		1
568	1081002	连接时间过长4	108047	6	信赖度6级解锁		1
569	1081002	连接接入1	108048	1	信赖度1级解锁		1
570	1081002	连接接入2	108049	3	信赖度3级解锁		1
571	1081002	连接接入3	108050	5	信赖度5级解锁		1
572	1081002	连接接入4	108051	6	信赖度6级解锁		1
573	1081002	长时间未接入1	108052	1	信赖度1级解锁		1
574	1081002	长时间未接入2	108053	3	信赖度3级解锁		1
575	1081002	长时间未接入3	108054	5	信赖度5级解锁		1
576	1081002	长时间未接入4	108055	6	信赖度6级解锁		1
577	1081002	摇晃1	108056	1	信赖度1级解锁		1
578	1081002	摇晃2	108057	3	信赖度3级解锁		1
579	1081002	摇晃3	108058	5	信赖度5级解锁		1
580	1081002	摇晃4	108059	6	信赖度6级解锁		1
581	1081002	快速点击1	108060	1	信赖度1级解锁		1
582	1081002	快速点击2	108061	3	信赖度3级解锁		1
583	1081002	快速点击3	108062	5	信赖度5级解锁		1
584	1081002	快速点击4	108063	6	信赖度6级解锁		1
585	1081002	活跃度已满	108064	1	信赖度1级解锁		1
586	1081002	战胜归来	108065	1	信赖度1级解锁		1
587	1081002	队友归来	108066	1	信赖度1级解锁		1
588	1081002	战斗1	108151	1	信赖度1级解锁		1
589	1081002	战斗2	108152	1	信赖度1级解锁		1
590	1081002	战斗3	108153	1	信赖度1级解锁		1
591	1081002	必杀	108154	1	信赖度1级解锁		1
592	1081002	受伤	108155	1	信赖度1级解锁		1
593	1081002	危险警告	108156	1	信赖度1级解锁		1
594	1081002	力尽	108157	1	信赖度1级解锁		1
595	1081002	助战	108158	1	信赖度1级解锁		1
596	1081002	QTE	108159	1	信赖度1级解锁		1
597	1081002	战斗结束	108065	1	信赖度1级解锁		1
598	1021002	构造体加入	102001	1	信赖度1级解锁		1
599	1021002	升级	102006	1	信赖度1级解锁		1
600	1021002	晋升	102007	1	信赖度1级解锁		1
601	1021002	进化	102008	1	信赖度1级解锁		1
602	1021002	技能升级	102009	1	信赖度1级解锁		1
603	1021002	武器装备	102010	1	信赖度1级解锁		1
604	1021002	升级	102137	1	信赖度1级解锁	2	0
605	1021002	晋升	102138	1	信赖度1级解锁	4	0
606	1021002	进化	102139	1	信赖度1级解锁	3	0
607	1021002	技能升级	102140	1	信赖度1级解锁	5	0
608	1021002	武器装备	102141	1	信赖度1级解锁	6	0
609	1021002	编入队伍	102012	1	信赖度1级解锁	7	1
610	1021002	设为队长	102013	1	信赖度1级解锁	8	1
611	1021002	任务完成1	102014	1	信赖度1级解锁		1
612	1021002	任务完成2	102015	1	信赖度1级解锁		1
613	1021002	任务完成3	102017	2	信赖度2级解锁		1
614	1021002	任务完成4	102018	2	信赖度2级解锁		1
615	1021002	任务完成5	102020	3	信赖度3级解锁		1
616	1021002	任务完成6	102021	3	信赖度3级解锁		1
617	1021002	任务完成7	102022	5	信赖度5级解锁		1
618	1021002	任务完成8	102023	5	信赖度5级解锁		1
619	1021002	任务完成9	102024	6	信赖度6级解锁		1
620	1021002	任务完成10	102025	6	信赖度6级解锁		1
621	1021002	日常问候1	102026	1	信赖度1级解锁		1
622	1021002	日常问候2	102027	1	信赖度1级解锁		1
623	1021002	日常问候3	102028	1	信赖度1级解锁		1
624	1021002	日常问候4	102029	1	信赖度1级解锁		1
625	1021002	日常问候5	102030	2	信赖度2级解锁		1
626	1021002	日常问候6	102031	2	信赖度2级解锁		1
627	1021002	日常问候7	102032	2	信赖度2级解锁		1
628	1021002	日常问候8	102033	3	信赖度3级解锁		1
629	1021002	日常问候9	102034	3	信赖度3级解锁		1
630	1021002	日常问候10	102035	3	信赖度3级解锁		1
631	1021002	日常问候11	102036	4	信赖度4级解锁		1
632	1021002	日常问候12	102037	4	信赖度4级解锁		1
633	1021002	日常问候13	102038	4	信赖度4级解锁		1
634	1021002	日常问候14	102039	5	信赖度5级解锁		1
635	1021002	日常问候15	102040	5	信赖度5级解锁		1
636	1021002	日常问候16	102041	5	信赖度5级解锁		1
637	1021002	日常问候17	102042	6	信赖度6级解锁		1
638	1021002	日常问候18	102043	6	信赖度6级解锁		1
639	1021002	日常问候19	102044	6	信赖度6级解锁		1
640	1021002	信赖提升1	102045	1	信赖度1级解锁		1
641	1021002	信赖提升2	102046	1	信赖度1级解锁		1
642	1021002	信赖提升3	102047	2	信赖度2级解锁		1
643	1021002	信赖提升4	102048	2	信赖度2级解锁		1
644	1021002	信赖提升5	102049	3	信赖度3级解锁		1
645	1021002	信赖提升6	102050	3	信赖度3级解锁		1
646	1021002	信赖提升7	102051	5	信赖度5级解锁		1
647	1021002	信赖提升8	102052	5	信赖度5级解锁		1
648	1021002	信赖提升9	102053	6	信赖度6级解锁		1
649	1021002	信赖提升10	102054	6	信赖度6级解锁		1
650	1021002	空闲1	102059	1	信赖度1级解锁		1
651	1021002	空闲2	102060	2	信赖度2级解锁		1
652	1021002	空闲3	102061	4	信赖度4级解锁		1
653	1021002	空闲4	102062	6	信赖度6级解锁		1
654	1021002	长时间连接1	102063	1	信赖度1级解锁		1
655	1021002	长时间连接2	102064	2	信赖度2级解锁		1
656	1021002	长时间连接3	102065	4	信赖度4级解锁		1
657	1021002	长时间连接4	102066	6	信赖度6级解锁		1
658	1021002	连接接入1	102067	1	信赖度1级解锁		1
659	1021002	连接接入2	102068	2	信赖度2级解锁		1
660	1021002	连接接入3	102069	4	信赖度4级解锁		1
661	1021002	连接接入4	102070	6	信赖度6级解锁		1
662	1021002	长时间未接入1	102071	1	信赖度1级解锁		1
663	1021002	长时间未接入2	102072	3	信赖度3级解锁		1
664	1021002	长时间未接入3	102073	5	信赖度5级解锁		1
665	1021002	长时间未接入4	102074	6	信赖度6级解锁		1
666	1021002	摇晃1	102075	1	信赖度1级解锁		1
667	1021002	摇晃2	102076	3	信赖度3级解锁		1
668	1021002	摇晃3	102077	5	信赖度5级解锁		1
669	1021002	摇晃4	102078	6	信赖度6级解锁		1
670	1021002	快速点击1	102079	1	信赖度1级解锁		1
671	1021002	快速点击2	102080	3	信赖度3级解锁		1
672	1021002	快速点击3	102081	5	信赖度5级解锁		1
673	1021002	快速点击4	102082	6	信赖度6级解锁		1
674	1021002	活跃度已满	102083	1	信赖度1级解锁		1
675	1021002	战胜归来	102084	1	信赖度1级解锁		1
676	1021002	队友归来	102085	1	信赖度1级解锁		1
677	1021002	战斗1	102151	1	信赖度1级解锁		1
678	1021002	战斗2	102152	1	信赖度1级解锁		1
679	1021002	战斗3	102153	1	信赖度1级解锁		1
680	1021002	必杀	102171	1	信赖度1级解锁		1
681	1021002	受伤	102155	1	信赖度1级解锁		1
682	1021002	危险警告	102156	1	信赖度1级解锁		1
683	1021002	力尽	102157	1	信赖度1级解锁		1
684	1021002	助战	102158	1	信赖度1级解锁		1
685	1021002	QTE	102159	1	信赖度1级解锁		1
686	1021002	战斗结束	102084	1	信赖度1级解锁		1
687	1031002	构造体加入	103001	1	信赖度1级解锁		1
688	1031002	升级	103006	1	信赖度1级解锁		1
689	1031002	晋升	103007	1	信赖度1级解锁		1
690	1031002	进化	103008	1	信赖度1级解锁		1
691	1031002	技能升级	103009	1	信赖度1级解锁		1
692	1031002	武器装备	103010	1	信赖度1级解锁		1
693	1031002	升级	103123	1	信赖度1级解锁	2	0
694	1031002	晋升	103124	1	信赖度1级解锁	4	0
695	1031002	进化	103125	1	信赖度1级解锁	3	0
696	1031002	技能升级	103126	1	信赖度1级解锁	5	0
697	1031002	武器装备	103127	1	信赖度1级解锁	6	0
698	1031002	编入队伍	103012	1	信赖度1级解锁	7	1
699	1031002	设为队长	103013	1	信赖度1级解锁	8	1
700	1031002	任务完成1	103014	1	信赖度1级解锁		1
701	1031002	任务完成2	103015	1	信赖度1级解锁		1
702	1031002	日常问候1	103016	1	信赖度1级解锁		1
703	1031002	日常问候2	103017	1	信赖度1级解锁		1
704	1031002	日常问候3	103018	1	信赖度1级解锁		1
705	1031002	日常问候4	103019	1	信赖度1级解锁		1
706	1031002	日常问候5	103020	2	信赖度2级解锁		1
707	1031002	日常问候6	103021	2	信赖度2级解锁		1
708	1031002	日常问候7	103022	2	信赖度2级解锁		1
709	1031002	日常问候8	103023	3	信赖度3级解锁		1
710	1031002	日常问候9	103024	3	信赖度3级解锁		1
711	1031002	日常问候10	103025	3	信赖度3级解锁		1
712	1031002	日常问候11	103026	4	信赖度4级解锁		1
713	1031002	日常问候12	103027	4	信赖度4级解锁		1
714	1031002	日常问候13	103028	4	信赖度4级解锁		1
715	1031002	日常问候14	103029	5	信赖度5级解锁		1
716	1031002	日常问候15	103030	5	信赖度5级解锁		1
717	1031002	日常问候16	103031	5	信赖度5级解锁		1
718	1031002	日常问候17	103032	6	信赖度6级解锁		1
719	1031002	日常问候18	103033	6	信赖度6级解锁		1
720	1031002	日常问候19	103034	6	信赖度6级解锁		1
721	1031002	信赖提升1	103035	1	信赖度1级解锁		1
722	1031002	信赖提升2	103036	1	信赖度1级解锁		1
723	1031002	信赖提升3	103037	3	信赖度3级解锁		1
724	1031002	信赖提升4	103038	3	信赖度3级解锁		1
725	1031002	信赖提升5	103039	5	信赖度5级解锁		1
726	1031002	信赖提升6	103040	5	信赖度5级解锁		1
727	1031002	信赖提升7	103041	6	信赖度6级解锁		1
728	1031002	信赖提升8	103042	6	信赖度6级解锁		1
729	1031002	空闲1	103047	1	信赖度1级解锁		1
730	1031002	空闲2	103048	3	信赖度3级解锁		1
731	1031002	空闲3	103049	4	信赖度4级解锁		1
732	1031002	空闲4	103050	5	信赖度5级解锁		1
733	1031002	空闲5	103051	6	信赖度6级解锁		1
734	1031002	连接时间过长1	103052	1	信赖度1级解锁		1
735	1031002	连接时间过长2	103053	3	信赖度3级解锁		1
736	1031002	连接时间过长3	103054	5	信赖度5级解锁		1
737	1031002	连接时间过长4	103055	6	信赖度6级解锁		1
738	1031002	连接接入1	103056	1	信赖度1级解锁		1
739	1031002	连接接入2	103057	3	信赖度3级解锁		1
740	1031002	连接接入3	103058	5	信赖度5级解锁		1
741	1031002	连接接入4	103059	6	信赖度6级解锁		1
742	1031002	长时间未接入1	103060	1	信赖度1级解锁		1
743	1031002	长时间未接入2	103061	3	信赖度3级解锁		1
744	1031002	长时间未接入3	103062	5	信赖度5级解锁		1
745	1031002	长时间未接入4	103063	6	信赖度6级解锁		1
746	1031002	摇晃1	103064	1	信赖度1级解锁		1
747	1031002	摇晃2	103065	3	信赖度3级解锁		1
748	1031002	摇晃3	103066	5	信赖度5级解锁		1
749	1031002	摇晃4	103067	6	信赖度6级解锁		1
750	1031002	快速点击1	103068	1	信赖度1级解锁		1
751	1031002	快速点击2	103069	3	信赖度3级解锁		1
752	1031002	快速点击3	103070	5	信赖度5级解锁		1
753	1031002	快速点击4	103071	6	信赖度6级解锁		1
754	1031002	活跃度已满	103072	1	信赖度1级解锁		1
755	1031002	战胜归来	103073	1	信赖度1级解锁		1
756	1031002	队友归来	103074	1	信赖度1级解锁		1
757	1031002	战斗1	103151	1	信赖度1级解锁		1
758	1031002	战斗2	103152	1	信赖度1级解锁		1
759	1031002	战斗3	103153	1	信赖度1级解锁		1
760	1031002	必杀	103154	1	信赖度1级解锁		1
761	1031002	受伤	103155	1	信赖度1级解锁		1
762	1031002	危险警告	103156	1	信赖度1级解锁		1
763	1031002	力尽	103157	1	信赖度1级解锁		1
764	1031002	助战	103158	1	信赖度1级解锁		1
765	1031002	QTE	103159	1	信赖度1级解锁		1
766	1031002	战斗结束	103073	1	信赖度1级解锁		1
767	1071003	构造体加入	107001	1	信赖度1级解锁		1
768	1071003	升级	107006	1	信赖度1级解锁		1
769	1071003	晋升	107007	1	信赖度1级解锁		1
770	1071003	进化	107008	1	信赖度1级解锁		1
771	1071003	技能升级	107009	1	信赖度1级解锁		1
772	1071003	武器装备	107010	1	信赖度1级解锁		1
773	1071003	升级	107108	1	信赖度1级解锁	2	0
774	1071003	晋升	107109	1	信赖度1级解锁	4	0
775	1071003	进化	107110	1	信赖度1级解锁	3	0
776	1071003	技能升级	107111	1	信赖度1级解锁	5	0
777	1071003	武器装备	107112	1	信赖度1级解锁	6	0
778	1071003	编入队伍	107012	1	信赖度1级解锁	7	1
779	1071003	设为队长	107013	1	信赖度1级解锁	8	1
780	1071003	任务完成1	107014	1	信赖度1级解锁		1
781	1071003	任务完成2	107015	1	信赖度1级解锁		1
782	1071003	日常问候1	107068	1	信赖度1级解锁		1
783	1071003	日常问候2	107069	1	信赖度1级解锁		1
784	1071003	日常问候3	107070	1	信赖度1级解锁		1
785	1071003	日常问候4	107072	3	信赖度3级解锁		1
786	1071003	日常问候5	107073	3	信赖度3级解锁		1
787	1071003	日常问候6	107074	5	信赖度5级解锁		1
788	1071003	日常问候7	107075	5	信赖度5级解锁		1
789	1071003	日常问候8	107076	5	信赖度5级解锁		1
790	1071003	日常问候9	107077	6	信赖度6级解锁		1
791	1071003	日常问候10	107078	6	信赖度6级解锁		1
792	1071003	日常问候11	107079	6	信赖度6级解锁		1
793	1071003	信赖提升1	107080	1	信赖度1级解锁		1
794	1071003	信赖提升2	107081	1	信赖度1级解锁		1
795	1071003	信赖提升3	107082	3	信赖度3级解锁		1
796	1071003	信赖提升4	107083	3	信赖度3级解锁		1
797	1071003	信赖提升5	107084	5	信赖度5级解锁		1
798	1071003	信赖提升6	107085	5	信赖度5级解锁		1
799	1071003	信赖提升7	107086	6	信赖度6级解锁		1
800	1071003	信赖提升8	107087	6	信赖度6级解锁		1
801	1071003	空闲1	107092	1	信赖度1级解锁		1
802	1071003	空闲2	107093	3	信赖度3级解锁		1
803	1071003	空闲3	107094	5	信赖度5级解锁		1
804	1071003	空闲4	107095	6	信赖度6级解锁		1
805	1071003	连接时间过长1	107096	1	信赖度1级解锁		1
806	1071003	连接时间过长2	107097	3	信赖度3级解锁		1
807	1071003	连接时间过长3	107098	5	信赖度5级解锁		1
808	1071003	连接时间过长4	107099	6	信赖度6级解锁		1
809	1071003	连接接入1	107100	1	信赖度1级解锁		1
810	1071003	连接接入2	107101	3	信赖度3级解锁		1
811	1071003	连接接入3	107102	5	信赖度5级解锁		1
812	1071003	连接接入4	107103	6	信赖度6级解锁		1
813	1071003	长时间未接入1	107104	1	信赖度1级解锁		1
814	1071003	长时间未接入2	107105	3	信赖度3级解锁		1
815	1071003	长时间未接入3	107106	5	信赖度5级解锁		1
816	1071003	长时间未接入4	107107	6	信赖度6级解锁		1
817	1071003	摇晃1	107056	1	信赖度1级解锁		1
818	1071003	摇晃2	107057	3	信赖度3级解锁		1
819	1071003	摇晃3	107058	5	信赖度5级解锁		1
820	1071003	摇晃4	107059	6	信赖度6级解锁		1
821	1071003	快速点击1	107060	1	信赖度1级解锁		1
822	1071003	快速点击2	107061	3	信赖度3级解锁		1
823	1071003	快速点击3	107062	5	信赖度5级解锁		1
824	1071003	快速点击4	107063	6	信赖度6级解锁		1
825	1071003	活跃度已满	107064	1	信赖度1级解锁		1
826	1071003	战胜归来	107065	1	信赖度1级解锁		1
827	1071003	队友归来	107066	1	信赖度1级解锁		1
828	1071003	战斗1	107151	1	信赖度1级解锁		1
829	1071003	战斗2	107152	1	信赖度1级解锁		1
830	1071003	战斗3	107153	1	信赖度1级解锁		1
831	1071003	必杀	107154	1	信赖度1级解锁		1
832	1071003	受伤	107155	1	信赖度1级解锁		1
833	1071003	危险警告	107156	1	信赖度1级解锁		1
834	1071003	力尽	107157	1	信赖度1级解锁		1
835	1071003	助战	107158	1	信赖度1级解锁		1
836	1071003	QTE	107159	1	信赖度1级解锁		1
837	1071003	战斗结束	107066	1	信赖度1级解锁		1
838	1031003	构造体加入	103001	1	信赖度1级解锁		1
839	1031003	升级	103006	1	信赖度1级解锁		1
840	1031003	晋升	103007	1	信赖度1级解锁		1
841	1031003	进化	103008	1	信赖度1级解锁		1
842	1031003	技能升级	103009	1	信赖度1级解锁		1
843	1031003	武器装备	103010	1	信赖度1级解锁		1
844	1031003	升级	103123	1	信赖度1级解锁	2	0
845	1031003	晋升	103124	1	信赖度1级解锁	4	0
846	1031003	进化	103125	1	信赖度1级解锁	3	0
847	1031003	技能升级	103126	1	信赖度1级解锁	5	0
848	1031003	武器装备	103127	1	信赖度1级解锁	6	0
849	1031003	编入队伍	103012	1	信赖度1级解锁	7	1
850	1031003	设为队长	103013	1	信赖度1级解锁	8	1
851	1031003	任务完成1	103014	1	信赖度1级解锁		1
852	1031003	任务完成2	103015	1	信赖度1级解锁		1
853	1031003	日常问候1	103077	1	信赖度1级解锁		1
854	1031003	日常问候2	103080	2	信赖度2级解锁		1
855	1031003	日常问候3	103081	3	信赖度3级解锁		1
856	1031003	日常问候4	103082	3	信赖度3级解锁		1
857	1031003	日常问候5	103083	3	信赖度3级解锁		1
858	1031003	日常问候6	103084	4	信赖度4级解锁		1
859	1031003	日常问候7	103085	4	信赖度4级解锁		1
860	1031003	日常问候8	103086	5	信赖度5级解锁		1
861	1031003	日常问候9	103087	5	信赖度5级解锁		1
862	1031003	日常问候10	103088	6	信赖度6级解锁		1
863	1031003	日常问候11	103089	6	信赖度6级解锁		1
864	1031003	日常问候12	103090	6	信赖度6级解锁		1
865	1031003	信赖提升1	103092	1	信赖度1级解锁		1
866	1031003	信赖提升2	103093	1	信赖度1级解锁		1
867	1031003	信赖提升3	103095	3	信赖度3级解锁		1
868	1031003	信赖提升4	103096	3	信赖度3级解锁		1
869	1031003	信赖提升5	103098	5	信赖度5级解锁		1
870	1031003	信赖提升6	103099	5	信赖度5级解锁		1
871	1031003	信赖提升7	103101	6	信赖度6级解锁		1
872	1031003	信赖提升8	103102	6	信赖度6级解锁		1
873	1031003	空闲1	103107	1	信赖度1级解锁		1
874	1031003	空闲2	103108	3	信赖度3级解锁		1
875	1031003	空闲3	103109	4	信赖度4级解锁		1
876	1031003	空闲4	103110	5	信赖度5级解锁		1
877	1031003	空闲5	103111	6	信赖度6级解锁		1
878	1031003	连接时间过长1	103112	1	信赖度1级解锁		1
879	1031003	连接时间过长2	103113	5	信赖度5级解锁		1
880	1031003	连接时间过长3	103114	6	信赖度6级解锁		1
881	1031003	连接接入1	103115	1	信赖度1级解锁		1
882	1031003	连接接入2	103116	3	信赖度3级解锁		1
883	1031003	连接接入3	103117	5	信赖度5级解锁		1
884	1031003	连接接入4	103118	6	信赖度6级解锁		1
885	1031003	长时间未接入1	103119	1	信赖度1级解锁		1
886	1031003	长时间未接入2	103120	3	信赖度3级解锁		1
887	1031003	长时间未接入3	103121	5	信赖度5级解锁		1
888	1031003	长时间未接入4	103122	6	信赖度6级解锁		1
889	1031003	摇晃1	103064	1	信赖度1级解锁		1
890	1031003	摇晃2	103065	3	信赖度3级解锁		1
891	1031003	摇晃3	103066	5	信赖度5级解锁		1
892	1031003	摇晃4	103067	6	信赖度6级解锁		1
893	1031003	快速点击1	103068	1	信赖度1级解锁		1
894	1031003	快速点击2	103069	3	信赖度3级解锁		1
895	1031003	快速点击3	103070	5	信赖度5级解锁		1
896	1031003	快速点击4	103071	6	信赖度6级解锁		1
897	1031003	活跃度已满	103072	1	信赖度1级解锁		1
898	1031003	战胜归来	103073	1	信赖度1级解锁		1
899	1031003	队友归来	103074	1	信赖度1级解锁		1
900	1031003	战斗1	103151	1	信赖度1级解锁		1
901	1031003	战斗2	103152	1	信赖度1级解锁		1
902	1031003	战斗3	103153	1	信赖度1级解锁		1
903	1031003	必杀	103154	1	信赖度1级解锁		1
904	1031003	受伤	103155	1	信赖度1级解锁		1
905	1031003	危险警告	103156	1	信赖度1级解锁		1
906	1031003	力尽	103157	1	信赖度1级解锁		1
907	1031003	助战	103158	1	信赖度1级解锁		1
908	1031003	QTE	103159	1	信赖度1级解锁		1
909	1031003	战斗结束	103073	1	信赖度1级解锁		1
910	1061003	构造体加入	106001	1	信赖度1级解锁		1
911	1061003	升级	106006	1	信赖度1级解锁		1
912	1061003	晋升	106007	1	信赖度1级解锁		1
913	1061003	进化	106008	1	信赖度1级解锁		1
914	1061003	技能升级	106009	1	信赖度1级解锁		1
915	1061003	武器装备	106010	1	信赖度1级解锁		1
916	1061003	升级	106107	1	信赖度1级解锁	2	0
917	1061003	晋升	106108	1	信赖度1级解锁	4	0
918	1061003	进化	106109	1	信赖度1级解锁	3	0
919	1061003	技能升级	106110	1	信赖度1级解锁	5	0
920	1061003	武器装备	106111	1	信赖度1级解锁	6	0
921	1061003	编入队伍	106012	1	信赖度1级解锁	7	1
922	1061003	设为队长	106013	1	信赖度1级解锁	8	1
923	1061003	任务完成1	106014	1	信赖度1级解锁		1
924	1061003	任务完成2	106015	1	信赖度1级解锁		1
925	1061003	日常问候1	106069	1	信赖度1级解锁		1
926	1061003	日常问候2	106070	1	信赖度1级解锁		1
927	1061003	日常问候3	106071	1	信赖度1级解锁		1
928	1061003	日常问候4	106072	3	信赖度3级解锁		1
929	1061003	日常问候5	106073	3	信赖度3级解锁		1
930	1061003	日常问候6	106074	3	信赖度3级解锁		1
931	1061003	日常问候7	106075	5	信赖度5级解锁		1
932	1061003	日常问候8	106076	5	信赖度5级解锁		1
933	1061003	日常问候9	106077	5	信赖度5级解锁		1
934	1061003	日常问候10	106078	6	信赖度6级解锁		1
935	1061003	日常问候11	106079	6	信赖度6级解锁		1
936	1061003	日常问候12	106027	6	信赖度6级解锁		1
937	1061003	信赖提升1	106080	1	信赖度1级解锁		1
938	1061003	信赖提升2	106081	1	信赖度1级解锁		1
939	1061003	信赖提升3	106082	3	信赖度3级解锁		1
940	1061003	信赖提升4	106083	3	信赖度3级解锁		1
941	1061003	信赖提升5	106085	5	信赖度5级解锁		1
942	1061003	信赖提升6	106086	6	信赖度6级解锁		1
943	1061003	信赖提升7	106036	6	信赖度6级解锁		1
944	1061003	空闲1	106091	1	信赖度1级解锁		1
945	1061003	空闲2	106092	3	信赖度3级解锁		1
946	1061003	空闲3	106093	5	信赖度5级解锁		1
947	1061003	空闲4	106094	6	信赖度6级解锁		1
948	1061003	连接时间过长1	106095	1	信赖度1级解锁		1
949	1061003	连接时间过长2	106096	3	信赖度3级解锁		1
950	1061003	连接时间过长3	106097	5	信赖度5级解锁		1
951	1061003	连接时间过长4	106098	6	信赖度6级解锁		1
952	1061003	连接接入1	106099	1	信赖度1级解锁		1
953	1061003	连接接入2	106100	3	信赖度3级解锁		1
954	1061003	连接接入3	106101	5	信赖度5级解锁		1
955	1061003	连接接入4	106102	6	信赖度6级解锁		1
956	1061003	长时间未接入1	106103	1	信赖度1级解锁		1
957	1061003	长时间未接入2	106104	3	信赖度3级解锁		1
958	1061003	长时间未接入3	106105	5	信赖度5级解锁		1
959	1061003	长时间未接入4	106106	6	信赖度6级解锁		1
960	1061003	摇晃1	106057	1	信赖度1级解锁		1
961	1061003	摇晃2	106058	3	信赖度3级解锁		1
962	1061003	摇晃3	106059	5	信赖度5级解锁		1
963	1061003	摇晃4	106060	6	信赖度6级解锁		1
964	1061003	快速点击1	106061	1	信赖度1级解锁		1
965	1061003	快速点击2	106062	3	信赖度3级解锁		1
966	1061003	快速点击3	106063	5	信赖度5级解锁		1
967	1061003	快速点击4	106064	6	信赖度6级解锁		1
968	1061003	活跃度已满	106065	1	信赖度1级解锁		1
969	1061003	战胜归来	106066	1	信赖度1级解锁		1
970	1061003	队友归来	106067	1	信赖度1级解锁		1
971	1061003	战斗1	106151	1	信赖度1级解锁		1
972	1061003	战斗2	106152	1	信赖度1级解锁		1
973	1061003	战斗3	106153	1	信赖度1级解锁		1
974	1061003	必杀	106154	1	信赖度1级解锁		1
975	1061003	受伤	106155	1	信赖度1级解锁		1
976	1061003	危险警告	106156	1	信赖度1级解锁		1
977	1061003	力尽	106157	1	信赖度1级解锁		1
978	1061003	助战	106158	1	信赖度1级解锁		1
979	1061003	QTE	106159	1	信赖度1级解锁		1
980	1061003	战斗结束	106066	1	信赖度1级解锁		1
981	1011003	构造体加入	101001	1	信赖度1级解锁		1
982	1011003	升级	101006	1	信赖度1级解锁		1
983	1011003	晋升	101007	1	信赖度1级解锁		1
984	1011003	进化	101008	1	信赖度1级解锁		1
985	1011003	技能升级	101009	1	信赖度1级解锁		1
986	1011003	武器装备	101010	1	信赖度1级解锁		1
987	1011003	升级	101113	1	信赖度1级解锁	2	0
988	1011003	晋升	101114	1	信赖度1级解锁	4	0
989	1011003	进化	101115	1	信赖度1级解锁	3	0
990	1011003	技能升级	101116	1	信赖度1级解锁	5	0
991	1011003	武器装备	101117	1	信赖度1级解锁	6	0
992	1011003	编入队伍	101012	1	信赖度1级解锁	7	1
993	1011003	设为队长	101013	1	信赖度1级解锁	8	1
994	1011003	任务完成1	101014	1	信赖度1级解锁		1
995	1011003	任务完成2	101015	1	信赖度1级解锁		1
996	1011003	日常问候1	101071	1	信赖度1级解锁		1
997	1011003	日常问候2	101072	1	信赖度1级解锁		1
998	1011003	日常问候3	101073	1	信赖度1级解锁		1
999	1011003	日常问候4	101074	2	信赖度2级解锁		1
1000	1011003	日常问候5	101075	2	信赖度2级解锁		1
1001	1011003	日常问候6	101076	2	信赖度2级解锁		1
1002	1011003	日常问候7	101077	3	信赖度3级解锁		1
1003	1011003	日常问候8	101078	3	信赖度3级解锁		1
1004	1011003	日常问候9	101079	3	信赖度3级解锁		1
1005	1011003	日常问候10	101080	5	信赖度5级解锁		1
1006	1011003	日常问候11	101081	5	信赖度5级解锁		1
1007	1011003	日常问候12	101082	5	信赖度5级解锁		1
1008	1011003	日常问候13	101083	6	信赖度6级解锁		1
1009	1011003	日常问候14	101084	6	信赖度6级解锁		1
1010	1011003	信赖度增加1	101085	1	信赖度1级解锁		1
1011	1011003	信赖度增加2	101086	1	信赖度1级解锁		1
1012	1011003	信赖度增加3	101087	3	信赖度3级解锁		1
1013	1011003	信赖度增加4	101088	3	信赖度3级解锁		1
1014	1011003	信赖度增加5	101089	5	信赖度5级解锁		1
1015	1011003	信赖度增加6	101090	5	信赖度5级解锁		1
1016	1011003	信赖度增加7	101091	6	信赖度6级解锁		1
1017	1011003	信赖度增加8	101092	6	信赖度6级解锁		1
1018	1011003	空闲1	101098	1	信赖度1级解锁		1
1019	1011003	空闲2	101099	3	信赖度3级解锁		1
1020	1011003	空闲3	101100	5	信赖度5级解锁		1
1021	1011003	空闲4	101101	6	信赖度6级解锁		1
1022	1011003	连接时间过长1	101102	1	信赖度1级解锁		1
1023	1011003	连接时间过长2	101103	3	信赖度3级解锁		1
1024	1011003	连接时间过长3	101104	5	信赖度5级解锁		1
1025	1011003	连接接入1	101106	1	信赖度1级解锁		1
1026	1011003	连接接入2	101052	3	信赖度3级解锁		1
1027	1011003	连接接入3	101107	5	信赖度5级解锁		1
1028	1011003	连接接入4	101108	6	信赖度6级解锁		1
1029	1011003	长时间未接入1	101109	1	信赖度1级解锁		1
1030	1011003	长时间未接入2	101110	3	信赖度3级解锁		1
1031	1011003	长时间未接入3	101111	5	信赖度5级解锁		1
1032	1011003	长时间未接入4	101112	6	信赖度6级解锁		1
1033	1011003	摇晃1	101059	1	信赖度1级解锁		1
1034	1011003	摇晃2	101060	3	信赖度3级解锁		1
1035	1011003	摇晃3	101061	5	信赖度5级解锁		1
1036	1011003	摇晃4	101062	6	信赖度6级解锁		1
1037	1011003	快速点击1	101063	1	信赖度1级解锁		1
1038	1011003	快速点击2	101064	3	信赖度3级解锁		1
1039	1011003	快速点击3	101065	5	信赖度5级解锁		1
1040	1011003	快速点击4	101066	6	信赖度6级解锁		1
1041	1011003	活跃度已满	101067	1	信赖度1级解锁		1
1042	1011003	战胜归来	101068	1	信赖度1级解锁		1
1043	1011003	队友归来	101069	1	信赖度1级解锁		1
1044	1011003	战斗1	101151	1	信赖度1级解锁		1
1045	1011003	战斗2	101152	1	信赖度1级解锁		1
1046	1011003	战斗3	101153	1	信赖度1级解锁		1
1047	1011003	必杀	101154	1	信赖度1级解锁		1
1048	1011003	受伤	101155	1	信赖度1级解锁		1
1049	1011003	危险警告	101156	1	信赖度1级解锁		1
1050	1011003	力尽	101157	1	信赖度1级解锁		1
1051	1011003	助战	101158	1	信赖度1级解锁		1
1052	1011003	QTE	101159	1	信赖度1级解锁		1
1053	1011003	战斗结束	101068	1	信赖度1级解锁		1
1054	1051003	构造体加入	105001	1	信赖度1级解锁		1
1055	1051003	升级	105006	1	信赖度1级解锁		1
1056	1051003	晋升	105007	1	信赖度1级解锁		1
1057	1051003	进化	105008	1	信赖度1级解锁		1
1058	1051003	技能升级	105009	1	信赖度1级解锁		1
1059	1051003	武器装备	105010	1	信赖度1级解锁		1
1060	1051003	升级	105105	1	信赖度1级解锁	2	0
1061	1051003	晋升	105106	1	信赖度1级解锁	4	0
1062	1051003	进化	105107	1	信赖度1级解锁	3	0
1063	1051003	技能升级	105108	1	信赖度1级解锁	5	0
1064	1051003	武器装备	105109	1	信赖度1级解锁	6	0
1065	1051003	编入队伍	105012	1	信赖度1级解锁	7	1
1066	1051003	设为队长	105013	1	信赖度1级解锁	8	1
1067	1051003	任务完成1	105014	1	信赖度1级解锁		1
1068	1051003	任务完成2	105015	1	信赖度1级解锁		1
1069	1051003	日常问候1	105068	1	信赖度1级解锁		1
1070	1051003	日常问候2	105069	1	信赖度1级解锁		1
1071	1051003	日常问候3	105070	1	信赖度1级解锁		1
1072	1051003	日常问候4	105071	3	信赖度3级解锁		1
1073	1051003	日常问候5	105072	3	信赖度3级解锁		1
1074	1051003	日常问候6	105073	3	信赖度3级解锁		1
1075	1051003	日常问候7	105074	5	信赖度5级解锁		1
1076	1051003	日常问候8	105075	5	信赖度5级解锁		1
1077	1051003	日常问候9	105076	5	信赖度5级解锁		1
1078	1051003	日常问候10	105077	6	信赖度6级解锁		1
1079	1051003	日常问候11	105078	6	信赖度6级解锁		1
1080	1051003	信赖提升1	105079	1	信赖度1级解锁		1
1081	1051003	信赖提升2	105080	1	信赖度1级解锁		1
1082	1051003	信赖提升3	105081	3	信赖度3级解锁		1
1083	1051003	信赖提升4	105082	3	信赖度3级解锁		1
1084	1051003	信赖提升5	105083	5	信赖度5级解锁		1
1085	1051003	信赖提升6	105084	6	信赖度6级解锁		1
1086	1051003	信赖提升7	105085	6	信赖度6级解锁		1
1087	1051003	空闲1	105090	1	信赖度1级解锁		1
1088	1051003	空闲2	105091	3	信赖度3级解锁		1
1089	1051003	空闲3	105092	5	信赖度5级解锁		1
1090	1051003	空闲4	105093	6	信赖度6级解锁		1
1091	1051003	连接时间过长1	105094	1	信赖度1级解锁		1
1092	1051003	连接时间过长2	105095	3	信赖度3级解锁		1
1093	1051003	连接时间过长3	105096	5	信赖度5级解锁		1
1094	1051003	连接时间过长4	105097	6	信赖度6级解锁		1
1095	1051003	连接接入1	105098	1	信赖度1级解锁		1
1096	1051003	连接接入2	105099	3	信赖度3级解锁		1
1097	1051003	连接接入3	105100	5	信赖度5级解锁		1
1098	1051003	连接接入4	105101	6	信赖度6级解锁		1
1099	1051003	长时间未接入1	105052	1	信赖度1级解锁		1
1100	1051003	长时间未接入2	105102	3	信赖度3级解锁		1
1101	1051003	长时间未接入3	105103	5	信赖度5级解锁		1
1102	1051003	长时间未接入4	105104	6	信赖度6级解锁		1
1103	1051003	摇晃1	105056	1	信赖度1级解锁		1
1104	1051003	摇晃2	105057	3	信赖度3级解锁		1
1105	1051003	摇晃3	105058	5	信赖度5级解锁		1
1106	1051003	摇晃4	105059	6	信赖度6级解锁		1
1107	1051003	快速点击1	105060	1	信赖度1级解锁		1
1108	1051003	快速点击2	105061	3	信赖度3级解锁		1
1109	1051003	快速点击3	105062	5	信赖度5级解锁		1
1110	1051003	快速点击4	105063	6	信赖度6级解锁		1
1111	1051003	活跃度已满	105064	1	信赖度1级解锁		1
1112	1051003	战胜归来	105065	1	信赖度1级解锁		1
1113	1051003	队友归来	105066	1	信赖度1级解锁		1
1114	1051003	战斗1	105151	1	信赖度1级解锁		1
1115	1051003	战斗2	105152	1	信赖度1级解锁		1
1116	1051003	战斗3	105153	1	信赖度1级解锁		1
1117	1051003	必杀	105154	1	信赖度1级解锁		1
1118	1051003	受伤	105155	1	信赖度1级解锁		1
1119	1051003	危险警告	105156	1	信赖度1级解锁		1
1120	1051003	力尽	105157	1	信赖度1级解锁		1
1121	1051003	助战	105158	1	信赖度1级解锁		1
1122	1051003	QTE	105159	1	信赖度1级解锁		1
1123	1051003	战斗结束	105065	1	信赖度1级解锁		1
1124	1021003	构造体加入	102129	1	信赖度1级解锁		1
1125	1021003	升级	102006	1	信赖度1级解锁		1
1126	1021003	晋升	102007	1	信赖度1级解锁		1
1127	1021003	进化	102008	1	信赖度1级解锁		1
1128	1021003	技能升级	102009	1	信赖度1级解锁		1
1129	1021003	武器装备	102010	1	信赖度1级解锁		1
1130	1021003	升级	102137	1	信赖度1级解锁	2	0
1131	1021003	晋升	102138	1	信赖度1级解锁	4	0
1132	1021003	进化	102139	1	信赖度1级解锁	3	0
1133	1021003	技能升级	102140	1	信赖度1级解锁	5	0
1134	1021003	武器装备	102141	1	信赖度1级解锁	6	0
1135	1021003	编入队伍	102012	1	信赖度1级解锁	7	1
1136	1021003	设为队长	102013	1	信赖度1级解锁	8	1
1137	1021003	任务完成1	102014	1	信赖度1级解锁		1
1138	1021003	任务完成2	102015	1	信赖度1级解锁		1
1139	1021003	任务完成3	102017	2	信赖度2级解锁		1
1140	1021003	任务完成4	102018	2	信赖度2级解锁		1
1141	1021003	任务完成5	102020	3	信赖度3级解锁		1
1142	1021003	任务完成6	102021	3	信赖度3级解锁		1
1143	1021003	任务完成7	102022	5	信赖度5级解锁		1
1144	1021003	任务完成8	102024	6	信赖度6级解锁		1
1145	1021003	任务完成9	102025	6	信赖度6级解锁		1
1146	1021003	日常问候1	102088	1	信赖度1级解锁		1
1147	1021003	日常问候2	102089	1	信赖度1级解锁		1
1148	1021003	日常问候3	102090	1	信赖度1级解锁		1
1149	1021003	日常问候4	102091	2	信赖度2级解锁		1
1150	1021003	日常问候5	102092	2	信赖度2级解锁		1
1151	1021003	日常问候6	102093	2	信赖度2级解锁		1
1152	1021003	日常问候7	102095	3	信赖度3级解锁		1
1153	1021003	日常问候8	102096	3	信赖度3级解锁		1
1154	1021003	日常问候9	102097	4	信赖度4级解锁		1
1155	1021003	日常问候10	102098	4	信赖度4级解锁		1
1156	1021003	日常问候11	102099	4	信赖度4级解锁		1
1157	1021003	日常问候12	102100	5	信赖度5级解锁		1
1158	1021003	日常问候13	102101	5	信赖度5级解锁		1
1159	1021003	日常问候14	102102	5	信赖度5级解锁		1
1160	1021003	日常问候15	102103	6	信赖度6级解锁		1
1161	1021003	日常问候16	102104	6	信赖度6级解锁		1
1162	1021003	日常问候17	102105	6	信赖度6级解锁		1
1163	1021003	信赖提升1	102106	1	信赖度1级解锁		1
1164	1021003	信赖提升2	102107	1	信赖度1级解锁		1
1165	1021003	信赖提升3	102108	1	信赖度1级解锁		1
1166	1021003	信赖提升4	102109	3	信赖度3级解锁		1
1167	1021003	信赖提升5	102110	3	信赖度3级解锁		1
1168	1021003	信赖提升6	102111	4	信赖度4级解锁		1
1169	1021003	信赖提升7	102112	4	信赖度4级解锁		1
1170	1021003	信赖提升8	102113	5	信赖度5级解锁		1
1171	1021003	信赖提升9	102114	5	信赖度5级解锁		1
1172	1021003	信赖提升10	102115	6	信赖度6级解锁		1
1173	1021003	信赖提升11	102116	6	信赖度6级解锁		1
1174	1021003	空闲1	102121	1	信赖度1级解锁		1
1175	1021003	空闲2	102122	2	信赖度2级解锁		1
1176	1021003	空闲3	102123	4	信赖度4级解锁		1
1177	1021003	空闲4	102124	6	信赖度6级解锁		1
1178	1021003	长时间连接1	102125	1	信赖度1级解锁		1
1179	1021003	长时间连接2	102126	2	信赖度2级解锁		1
1180	1021003	长时间连接3	102127	4	信赖度4级解锁		1
1181	1021003	长时间连接4	102128	6	信赖度6级解锁		1
1182	1021003	连接接入1	102129	1	信赖度1级解锁		1
1183	1021003	连接接入2	102130	2	信赖度2级解锁		1
1184	1021003	连接接入3	102131	4	信赖度4级解锁		1
1185	1021003	连接接入4	102132	6	信赖度6级解锁		1
1186	1021003	长时间未接入1	102133	1	信赖度1级解锁		1
1187	1021003	长时间未接入2	102134	3	信赖度3级解锁		1
1188	1021003	长时间未接入3	102135	5	信赖度5级解锁		1
1189	1021003	长时间未接入4	102136	6	信赖度6级解锁		1
1190	1021003	摇晃1	102075	1	信赖度1级解锁		1
1191	1021003	摇晃2	102076	3	信赖度3级解锁		1
1192	1021003	摇晃3	102077	5	信赖度5级解锁		1
1193	1021003	摇晃4	102078	6	信赖度6级解锁		1
1194	1021003	快速点击1	102079	1	信赖度1级解锁		1
1195	1021003	快速点击2	102080	3	信赖度3级解锁		1
1196	1021003	快速点击3	102081	5	信赖度5级解锁		1
1197	1021003	快速点击4	102082	6	信赖度6级解锁		1
1198	1021003	活跃度已满	102083	1	信赖度1级解锁		1
1199	1021003	战胜归来	102084	1	信赖度1级解锁		1
1200	1021003	队友归来	102085	1	信赖度1级解锁		1
1201	1021003	战斗1	102151	1	信赖度1级解锁		1
1202	1021003	战斗2	102152	1	信赖度1级解锁		1
1203	1021003	战斗3	102153	1	信赖度1级解锁		1
1204	1021003	必杀	102172	1	信赖度1级解锁		1
1205	1021003	受伤	102155	1	信赖度1级解锁		1
1206	1021003	危险警告	102156	1	信赖度1级解锁		1
1207	1021003	力尽	102157	1	信赖度1级解锁		1
1208	1021003	助战	102158	1	信赖度1级解锁		1
1209	1021003	QTE	102159	1	信赖度1级解锁		1
1210	1021003	战斗结束	102084	1	信赖度1级解锁		1
