Key	CellX	CellY
VisibleObstacle		
	222	29
	222	26
	220	24
	222	25
	220	28
	221	29
	222	41
	222	40
	216	23
	222	42
	221	41
	222	43
	221	40
	221	39
	222	39
	155	62
	156	62
	154	62
	155	63
	155	61
	156	63
	156	61
	154	63
	154	61
	153	62
	153	63
	153	61
	152	61
	153	60
	154	60
	152	62
	152	60
	153	59
	154	59
	152	59
	153	58
	154	58
	152	58
	153	57
	154	57
	152	57
	153	56
	154	56
	152	56
	153	55
	154	55
	152	55
	153	54
	154	54
	152	54
	153	53
	154	53
	152	53
	153	52
	154	52
	152	52
	153	51
	154	51
	152	51
	153	50
	154	50
	152	50
	153	49
	154	49
	152	49
	153	48
	154	48
	152	48
	153	47
	154	47
	152	47
	153	46
	154	46
	152	46
	153	45
	152	45
	153	44
	152	44
	153	43
	152	43
	153	42
	154	42
	152	42
	154	41
	153	41
	154	40
	153	40
	154	39
	153	39
	154	38
	153	38
	152	39
	152	40
	152	38
	152	41
	153	37
	154	37
	152	37
	153	36
	154	36
	152	36
	153	35
	154	35
	152	35
	153	34
	154	34
	152	34
	153	33
	154	33
	152	33
	153	32
	154	32
	152	32
	153	31
	154	31
	152	31
	153	30
	154	30
	152	30
	153	29
	154	29
	152	29
	153	28
	154	28
	152	28
	153	27
	154	27
	152	27
	153	26
	154	26
	152	26
	153	25
	154	25
	152	25
	153	24
	154	24
	152	24
	153	23
	154	23
	152	23
	153	22
	154	22
	152	22
	153	21
	154	21
	152	21
	153	20
	154	20
	152	20
	153	19
	154	19
	152	19
	153	18
	154	18
	152	18
	153	17
	154	17
	152	17
	153	16
	154	16
	152	16
	153	15
	154	15
	152	15
	153	14
	154	14
	152	14
	154	13
	153	13
	154	12
	153	12
	154	11
	153	11
	152	12
	152	13
	152	11
	153	10
	154	10
	152	10
	153	9
	154	9
	152	9
	153	8
	154	8
	152	8
	153	7
	154	7
	152	7
	153	6
	154	6
	152	6
	153	5
	154	5
	152	5
	153	4
	154	4
	152	4
	153	3
	154	3
	152	3
	153	2
	154	2
	152	2
	155	3
	155	4
	155	2
	156	3
	156	4
	156	2
	155	1
	156	1
	154	1
	155	0
	156	0
	154	0
	157	2
	157	3
	157	1
	187	67
	186	66
	186	68
	188	67
	187	66
	187	68
	189	68
	189	66
	188	68
	190	67
	190	68
	189	67
	190	66
	191	67
	188	66
	191	68
	192	68
	186	67
	192	67
	192	66
	185	66
	191	66
	193	67
	185	68
	185	67
	193	68
	184	66
	184	68
	193	66
	184	67
	183	66
	194	68
	183	68
	183	67
	194	67
	182	66
	182	68
	181	66
	181	68
	182	67
	181	67
	180	66
	180	68
	180	67
	179	66
	179	68
	179	67
	178	66
	178	68
	178	67
	173	66
	174	66
	177	66
	176	66
	195	67
	170	68
	195	68
	194	66
	175	66
	177	67
	177	68
	170	66
	176	68
	176	67
	171	68
	175	67
	171	67
	174	67
	175	68
	171	66
	174	68
	172	68
	173	67
	172	67
	170	67
	172	66
	173	68
	169	66
	169	67
	161	68
	169	68
	168	68
	161	66
	168	66
	167	66
	162	67
	168	67
	167	67
	164	66
	167	68
	166	68
	165	68
	166	66
	165	66
	165	67
	166	67
	164	68
	164	67
	163	66
	163	67
	163	68
	161	67
	162	68
	162	66
	160	68
	160	66
	160	67
	159	66
	196	67
	196	68
	195	66
	196	0
	196	66
	157	68
	195	0
	197	66
	156	68
	194	0
	198	66
	158	68
	199	67
	199	68
	197	68
	198	67
	199	66
	197	67
	200	67
	200	68
	198	68
	193	0
	157	67
	191	0
	192	0
	205	0
	158	67
	212	0
	159	67
	159	68
	156	66
	158	66
	157	66
	156	67
	197	0
	214	0
	213	0
	210	0
	208	0
	211	0
	209	0
	207	0
	206	0
	204	0
	203	0
	202	0
	189	0
	188	0
	190	0
	200	0
	187	0
	201	0
	198	0
	186	0
	199	0
	185	0
	184	0
	183	0
	182	0
	181	0
	180	0
	179	0
	178	0
	177	0
	176	0
	175	0
	174	0
	173	0
	172	0
	171	0
	170	0
	169	0
	168	0
	167	0
	166	0
	165	0
	164	0
	163	0
	162	0
	161	0
	160	0
	159	0
	217	0
	158	0
	215	2
	216	1
	215	1
	215	4
	215	3
	216	3
	216	2
	217	2
	217	3
	217	1
	216	0
	216	4
	215	0
	157	0
	217	4
	218	3
	218	4
	218	2
	217	5
	218	5
	216	5
	217	6
	218	6
	216	6
	217	7
	218	7
	216	7
	217	8
	218	8
	216	8
	220	29
	218	9
	221	38
	217	9
	218	10
	217	10
	218	11
	217	11
	218	12
	217	12
	216	10
	216	11
	216	9
	216	12
	217	13
	218	13
	216	13
	217	14
	218	14
	216	14
	217	15
	218	15
	216	15
	217	16
	218	16
	216	16
	217	17
	218	17
	216	17
	217	18
	218	18
	216	18
	217	19
	218	19
	216	19
	217	20
	218	20
	216	20
	217	21
	218	21
	216	21
	217	22
	218	22
	216	22
	219	21
	219	22
	219	20
	218	23
	219	23
	217	23
	220	22
	220	23
	221	22
	221	23
	222	22
	222	23
	222	37
	222	38
	222	36
	221	37
	221	35
	222	35
	222	33
	221	33
	222	34
	221	34
	221	36
	220	31
	220	32
	221	32
	221	31
	222	32
	221	30
	220	33
	221	28
	220	30
	220	34
	220	27
	220	35
	221	27
	222	31
	220	36
	222	30
	222	28
	220	37
	222	27
	221	26
	220	38
	220	26
	220	25
	220	39
	221	24
	222	24
	220	40
	221	25
	220	41
	221	42
	220	42
	221	43
	220	43
	221	44
	222	44
	220	44
	221	45
	222	45
	220	45
	219	44
	219	45
	219	43
	218	44
	218	45
	218	43
	217	44
	217	45
	217	43
	216	44
	216	45
	216	43
	217	46
	218	46
	216	46
	217	47
	218	47
	216	47
	217	48
	218	48
	216	48
	215	47
	215	48
	215	46
	216	49
	217	49
	215	49
	216	50
	217	50
	215	50
	216	51
	217	51
	215	51
	216	52
	217	52
	215	52
	216	53
	217	53
	215	53
	216	54
	217	54
	215	54
	216	55
	217	55
	215	55
	216	56
	217	56
	215	56
	216	57
	217	57
	215	57
	216	58
	217	58
	215	58
	216	59
	217	59
	215	59
	216	60
	217	60
	215	60
	216	61
	217	61
	215	61
	216	62
	217	62
	215	62
	216	63
	217	63
	215	63
	201	67
	201	66
	200	66
	202	66
	202	68
	203	67
	156	64
	212	65
	210	65
	211	65
	214	65
	213	65
	186	65
	208	65
	209	65
	187	65
	205	65
	207	65
	188	65
	204	65
	206	65
	189	65
	202	65
	203	65
	190	65
	199	65
	201	65
	191	65
	198	65
	200	65
	193	65
	196	65
	197	65
	192	65
	194	65
	195	65
	184	65
	185	65
	183	65
	182	65
	180	65
	181	65
	214	66
	178	65
	179	65
	216	64
	176	65
	177	65
	217	64
	174	65
	175	65
	215	64
	172	65
	173	65
	155	65
	169	65
	171	65
	154	65
	168	65
	170	65
	161	65
	166	65
	167	65
	164	65
	155	66
	155	64
	156	65
	162	65
	165	65
	154	66
	163	65
	160	65
	159	65
	158	65
	157	65
	154	68
	155	68
	155	67
	214	67
	203	68
	154	67
	214	68
	217	65
	213	66
	215	65
	217	67
	216	65
	215	68
	215	67
	154	64
	217	66
	216	66
	216	68
	217	68
	216	67
	215	66
	212	66
	213	68
	203	66
	212	68
	213	67
	210	67
	211	66
	212	67
	211	67
	211	68
	210	66
	210	68
	209	66
	209	68
	209	67
	208	66
	208	67
	207	66
	208	68
	207	68
	207	67
	206	66
	206	68
	206	67
	205	66
	205	68
	205	67
	204	66
	204	68
	204	67
	202	67
	201	68
	212	45
	213	45
	211	45
	212	46
	212	44
	213	46
	213	44
	211	46
	211	44
	210	45
	210	46
	210	44
	211	43
	212	43
	210	43
	213	43
	212	42
	213	42
	211	42
	212	41
	213	41
	211	41
	212	40
	213	40
	211	40
	212	39
	213	39
	211	39
	212	38
	213	38
	211	38
	210	39
	210	40
	210	38
	210	41
	210	42
	212	26
	213	26
	211	26
	212	27
	212	25
	213	27
	213	25
	211	27
	211	25
	210	26
	210	27
	210	25
	211	24
	212	24
	210	24
	211	23
	212	23
	210	23
	211	22
	212	22
	210	22
	213	23
	213	24
	213	22
	212	21
	213	21
	211	21
	212	20
	213	20
	211	20
	212	19
	213	19
	211	19
	210	20
	210	21
	210	19
	155	60
	155	59
	155	58
	155	57
	155	56
	155	55
	155	54
	155	53
	155	52
	155	51
	155	50
	155	49
	155	48
	155	47
	155	46
	154	45
	154	44
	154	43
	155	45
	155	44
	155	43
	155	42
	155	41
	155	40
	155	39
	155	38
	155	37
	155	29
	155	36
	155	35
	155	34
	155	33
	155	32
	155	31
	155	30
	155	28
	155	27
	155	26
	155	25
	155	24
	155	23
	155	22
	155	21
	155	20
	155	19
	155	18
	155	17
	155	16
	155	15
	155	14
	155	13
	155	12
	155	11
	155	10
	155	9
	155	7
	155	6
	155	5
	155	8
	13	46
	14	46
	14	45
	13	45
	13	44
	12	44
	12	43
	12	42
	11	42
	11	41
	11	40
	11	39
	11	38
	11	37
	12	37
	12	36
	12	35
	12	34
	12	33
	12	32
	12	31
	12	30
	12	29
	11	30
	11	31
	11	32
	11	29
	11	33
	11	34
	11	35
	11	36
	12	39
	12	40
	12	41
	12	38
	10	32
	10	31
	10	30
	10	29
	9	28
	9	29
	10	28
	10	27
	10	26
	9	27
	11	25
	11	24
	11	23
	11	22
	11	21
	11	26
	11	27
	11	28
	12	28
	12	27
	12	26
	12	25
	11	20
	12	21
	12	22
	12	23
	12	24
	12	20
	12	19
	12	18
	11	19
	11	18
	13	17
	14	17
	14	16
	15	16
	15	15
	16	15
	17	14
	17	13
	18	13
	13	43
	13	42
	14	43
	14	44
	14	42
	15	45
	15	46
	16	46
	17	46
	18	46
	18	47
	19	47
	20	47
	17	47
	17	45
	18	45
	16	45
	19	46
	21	47
	22	47
	20	46
	21	46
	22	46
	23	46
	23	45
	22	45
	22	44
	22	43
	23	43
	23	44
	24	44
	25	44
	24	43
	26	44
	26	45
	27	45
	27	46
	26	46
	25	46
	25	45
	28	46
	28	47
	29	47
	30	47
	30	48
	31	48
	32	48
	32	47
	33	47
	33	46
	34	46
	35	46
	35	45
	36	45
	36	44
	37	44
	37	45
	34	47
	29	48
	28	48
	33	48
	31	47
	27	47
	14	18
	13	18
	13	19
	13	20
	13	21
	13	22
	13	23
	14	22
	14	21
	14	20
	14	19
	14	23
	14	24
	14	25
	13	24
	13	25
	13	26
	18	14
	19	13
	20	13
	21	13
	22	13
	23	13
	24	13
	24	14
	25	13
	25	14
	26	13
	27	14
	27	13
	28	13
	29	13
	30	13
	30	12
	29	12
	28	12
	27	12
	26	12
	17	12
	18	12
	24	12
	23	12
	22	12
	21	12
	20	12
	19	12
	25	12
	31	19
	30	19
	30	18
	29	18
	29	17
	28	17
	27	17
	26	17
	26	16
	26	15
	26	14
	17	15
	16	16
	16	14
	37	17
	32	21
	32	20
	35	23
	38	19
	34	22
	39	21
	75	16
	75	15
	75	14
	35	22
	75	13
	75	12
	33	21
	35	21
	36	24
	37	25
	34	21
	39	22
	37	24
	36	27
	36	26
	36	25
	37	26
	37	27
	38	26
	38	27
	39	27
	39	26
	37	43
	37	42
	38	42
	39	42
	39	43
	40	43
	40	44
	41	44
	42	44
	43	44
	43	45
	44	45
	45	45
	45	46
	46	46
	47	46
	48	46
	48	45
	49	45
	50	45
	51	45
	52	46
	52	45
	53	45
	54	45
	55	45
	56	45
	49	46
	50	46
	51	46
	53	46
	54	46
	55	46
	56	46
	44	46
	43	46
	42	45
	41	45
	40	45
	39	44
	39	45
	38	45
	38	44
	38	43
	57	45
	57	46
	58	45
	59	45
	59	46
	58	46
	60	45
	60	44
	60	43
	61	43
	61	42
	62	42
	62	41
	68	48
	62	43
	62	44
	62	45
	62	46
	62	47
	62	48
	62	49
	63	49
	64	49
	65	49
	66	49
	67	49
	82	48
	81	41
	82	47
	81	45
	80	41
	77	42
	78	42
	76	41
	80	42
	79	42
	76	42
	75	42
	77	41
	78	41
	75	41
	74	42
	73	41
	72	42
	70	45
	72	43
	71	44
	71	45
	70	47
	69	48
	69	47
	70	46
	71	43
	73	42
	74	41
	38	23
	38	22
	38	21
	38	24
	39	25
	38	25
	43	27
	44	27
	45	27
	46	27
	47	27
	48	27
	49	27
	47	26
	45	26
	44	26
	43	26
	46	26
	48	26
	49	26
	50	27
	51	27
	52	27
	53	27
	54	27
	55	27
	56	27
	57	27
	58	27
	59	27
	60	27
	61	27
	62	27
	63	27
	64	27
	50	26
	51	26
	52	26
	53	26
	54	26
	55	26
	56	26
	57	26
	58	26
	59	26
	60	26
	61	26
	62	26
	63	25
	63	26
	64	26
	64	25
	63	24
	64	24
	64	23
	63	23
	63	22
	64	21
	64	22
	63	21
	63	20
	63	19
	63	18
	64	18
	64	19
	64	20
	64	17
	63	17
	62	18
	61	18
	60	18
	59	18
	58	18
	62	17
	61	17
	60	17
	59	17
	58	17
	57	14
	57	15
	57	16
	57	17
	57	18
	57	13
	58	13
	58	12
	57	12
	59	13
	60	13
	60	12
	61	12
	62	12
	59	12
	61	13
	62	13
	64	13
	63	13
	63	12
	64	12
	65	12
	66	12
	67	12
	68	12
	69	12
	70	12
	71	12
	72	12
	65	13
	66	13
	67	13
	73	12
	68	13
	69	13
	70	13
	71	13
	73	13
	72	13
	74	12
	74	13
	119	27
	74	14
	123	24
	118	25
	124	25
	125	26
	118	24
	118	26
	118	23
	118	22
	122	23
	122	24
	74	15
	74	16
	74	17
	74	18
	74	19
	74	20
	74	23
	74	22
	74	21
	74	24
	74	25
	74	26
	74	27
	121	25
	121	24
	121	23
	121	22
	74	28
	75	28
	76	28
	77	28
	78	27
	79	27
	80	27
	81	27
	77	27
	76	27
	75	27
	80	28
	81	28
	79	28
	78	28
	82	28
	83	28
	84	28
	85	28
	86	28
	92	27
	91	25
	91	24
	82	27
	83	27
	84	27
	85	27
	86	27
	92	28
	91	26
	90	24
	92	26
	89	22
	90	23
	93	28
	93	27
	89	23
	89	21
	92	25
	94	27
	94	28
	93	26
	93	25
	93	24
	93	23
	94	23
	94	24
	94	25
	94	26
	93	20
	93	21
	93	22
	92	20
	91	19
	92	19
	93	19
	94	21
	94	22
	94	20
	94	19
	99	13
	100	13
	101	13
	98	13
	97	13
	96	13
	99	14
	100	14
	101	14
	97	14
	96	14
	98	14
	95	14
	94	14
	94	15
	90	17
	90	18
	90	19
	91	18
	90	16
	91	17
	91	16
	91	15
	93	15
	92	15
	90	15
	90	14
	91	14
	92	14
	93	14
	101	15
	102	15
	103	15
	104	15
	104	16
	103	16
	102	16
	100	15
	100	16
	101	16
	105	15
	105	16
	105	14
	105	13
	106	13
	106	14
	106	15
	106	16
	107	16
	108	16
	108	15
	108	14
	107	14
	107	13
	108	13
	107	15
	108	17
	109	17
	109	18
	110	18
	111	18
	112	18
	112	19
	112	20
	112	21
	113	21
	113	22
	113	23
	114	24
	114	25
	114	26
	115	26
	116	26
	116	25
	115	25
	114	23
	114	22
	115	24
	116	27
	117	25
	114	27
	115	27
	117	26
	117	27
	117	24
	117	23
	117	22
	117	21
	118	21
	119	21
	120	21
	121	21
	122	21
	122	22
	123	22
	123	23
	124	23
	124	24
	125	24
	125	25
	126	25
	126	26
	127	26
	126	27
	127	27
	128	27
	129	27
	130	27
	131	27
	132	27
	133	27
	134	27
	135	27
	136	27
	137	27
	138	27
	139	27
	140	27
	141	27
	142	27
	143	27
	144	27
	145	27
	146	27
	147	27
	148	27
	148	28
	148	29
	147	29
	147	28
	147	30
	147	31
	147	32
	147	33
	147	34
	148	35
	148	36
	148	37
	148	38
	148	39
	148	40
	148	41
	147	40
	147	39
	147	38
	147	37
	147	36
	147	35
	148	30
	148	31
	148	32
	148	33
	148	34
	147	41
	68	49
	82	46
	82	49
	81	46
	81	44
	81	43
	79	41
	62	50
	63	50
	64	50
	65	50
	66	50
	67	50
	68	50
	61	50
	61	49
	61	48
	61	47
	61	46
	61	45
	61	44
	60	46
	81	42
	82	42
	82	43
	82	44
	82	45
	82	41
	83	49
	84	49
	84	50
	85	50
	85	49
	86	49
	86	48
	87	48
	87	47
	88	47
	88	46
	89	46
	89	45
	89	44
	90	44
	90	43
	91	42
	91	41
	92	41
	91	43
	93	41
	93	42
	93	43
	93	44
	93	45
	93	46
	94	46
	95	46
	96	46
	97	47
	98	47
	98	46
	97	46
	96	47
	99	46
	99	45
	100	45
	100	44
	101	44
	101	43
	102	43
	102	44
	103	44
	104	44
	104	45
	104	46
	105	46
	106	47
	106	48
	107	48
	108	48
	109	48
	110	48
	110	47
	111	47
	112	47
	112	46
	113	46
	113	45
	114	45
	115	45
	115	44
	116	44
	116	43
	115	43
	115	42
	116	42
	116	41
	117	41
	117	42
	117	43
	118	44
	117	44
	119	44
	120	44
	120	45
	121	45
	122	45
	123	46
	124	46
	125	46
	125	47
	126	47
	126	46
	127	47
	127	46
	128	45
	129	45
	130	45
	131	45
	127	45
	128	46
	129	46
	130	46
	131	46
	132	45
	133	45
	134	45
	135	45
	135	44
	136	44
	137	44
	137	43
	138	43
	138	42
	138	41
	139	41
	140	41
	140	40
	141	40
	141	41
	143	49
	140	49
	141	42
	141	43
	141	44
	141	45
	141	46
	141	47
	141	48
	141	49
	143	51
	143	45
	143	46
	145	44
	144	44
	144	45
	144	47
	144	46
	143	47
	139	49
	143	50
	143	48
	145	43
	145	42
	146	42
	146	41
	27	16
	27	15
	28	16
	29	16
	30	17
	31	18
	31	17
	38	18
	37	18
	31	20
	143	52
	142	52
	141	52
	140	52
	139	52
	138	52
	137	52
	137	51
	138	49
	137	50
	137	49
	123	45
	122	46
	119	45
	105	47
	120	22
	120	23
	120	25
	120	24
	120	26
	120	27
	119	22
	119	23
	119	24
	119	25
	119	26
	82	50
	83	50
	87	49
	86	50
	81	50
	81	49
	81	48
	81	47
	92	45
	92	44
	92	43
	92	42
	93	47
	94	47
	95	47
	92	46
	92	47
	99	47
	101	45
	100	46
	103	45
	140	48
	140	47
	140	46
	140	45
	140	44
	140	43
	140	42
	137	48
	138	48
	139	48
	136	52
	136	51
	136	50
	136	49
	136	48
	136	53
	137	53
	138	53
	139	53
	140	53
	141	53
	144	52
	143	53
	144	53
	142	53
	144	51
	144	50
	144	49
	144	48
	128	26
	129	26
	130	26
	131	26
	132	26
	133	26
	56	18
	134	26
	135	26
	136	26
	137	26
	138	26
	139	26
	140	26
	141	26
	142	26
	143	26
	144	26
	145	26
	146	26
	147	26
	148	26
	56	17
	56	16
	56	15
	56	14
	56	13
	56	12
	63	48
	63	47
	63	46
	63	45
	63	44
	63	43
	63	42
	63	41
	36	23
	36	22
	39	24
	39	23
	38	20
	75	17
	75	18
	75	19
	75	20
	75	21
	75	22
	75	23
	75	24
	75	25
	75	26
	118	27
	44	25
	43	25
	43	24
	43	23
	44	23
	44	22
	43	21
	43	22
	44	24
	44	21
	44	20
	43	20
	43	19
	43	18
	44	18
	44	19
	43	17
	44	16
	44	15
	44	14
	43	14
	43	13
	43	15
	43	16
	44	17
	44	13
	44	12
	41	13
	43	12
	42	12
	41	12
	42	13
	40	13
	39	13
	38	13
	37	13
	36	13
	35	13
	40	12
	39	12
	38	12
	37	12
	36	12
	35	12
	34	12
	33	12
	37	16
	36	16
	35	16
	34	16
	34	15
	34	14
	34	13
	33	13
	33	14
	33	15
	33	16
	36	17
	35	17
	34	17
	33	17
	37	19
	37	20
	15	44
	15	43
	15	42
	88	21
	88	22
	88	23
	87	23
	87	24
	87	25
	86	25
	86	26
	87	26
	13	41
	14	41
	15	41
	92	18
	92	17
	92	16
	14	26
	60	14
	59	14
	15	26
	15	25
	15	24
	15	23
	15	22
	15	21
	15	19
	15	20
	60	15
	58	14
	58	15
	59	15
	94	16
	93	16
	94	17
	93	17
	36	14
	35	14
	38	41
	77	26
	78	26
	76	26
	77	25
	78	25
	76	25
	76	24
	77	24
	76	23
	77	23
	76	22
	77	22
	76	21
	77	21
	76	20
	77	20
	76	19
	77	19
	76	18
	77	18
	76	17
	77	17
	76	16
	77	16
	76	15
	77	15
	76	14
	77	14
	76	13
	77	13
	76	12
	77	12
	76	11
	77	11
	75	11
	76	10
	77	10
	75	10
	76	9
	77	9
	75	9
	76	8
	77	8
	75	8
	76	7
	77	7
	75	7
	76	6
	77	6
	75	6
	76	5
	77	5
	75	5
	76	4
	77	4
	75	4
	76	3
	77	3
	75	3
	76	2
	77	2
	75	2
	76	1
	77	1
	75	1
	76	0
	77	0
	75	0
	78	3
	78	4
	78	2
	78	5
	78	6
	78	7
	78	8
	78	9
	78	10
	79	9
	79	10
	79	8
	78	11
	79	11
	78	12
	79	12
	78	13
	79	13
	78	14
	79	14
	78	15
	79	15
	78	16
	79	16
	78	17
	79	17
	78	18
	79	18
	80	17
	80	18
	80	16
	79	19
	80	19
	78	19
	79	20
	80	20
	78	20
	79	21
	80	21
	78	21
	79	22
	80	22
	78	22
	79	23
	80	23
	78	23
	79	24
	80	24
	78	24
	79	25
	80	25
	79	26
	80	26
	81	25
	81	26
	81	24
	82	25
	82	26
	82	24
	83	26
	83	25
	84	26
	84	25
	83	24
	84	24
	85	25
	85	26
	85	24
	86	24
	85	23
	86	23
	84	23
	86	22
	87	22
	85	22
	86	21
	87	21
	85	21
	86	20
	87	20
	85	20
	88	20
	87	19
	88	19
	86	19
	89	20
	89	19
	90	20
	90	21
	91	20
	91	21
	90	22
	91	22
	92	21
	92	22
	92	23
	91	23
	92	24
	89	18
	88	18
	87	18
	88	17
	89	17
	87	17
	86	18
	86	17
	85	18
	85	19
	85	17
	84	20
	84	21
	84	19
	83	20
	83	21
	83	19
	82	21
	83	22
	84	22
	82	22
	82	20
	83	23
	82	23
	81	23
	81	22
	81	21
	81	20
	81	19
	82	19
	81	18
	82	18
	81	17
	81	16
	80	15
	81	15
	80	14
	80	13
	80	12
	80	11
	80	10
	80	9
	80	8
	79	7
	80	7
	79	6
	80	6
	79	5
	79	4
	79	3
	79	2
	78	1
	79	1
	78	0
	79	0
	80	1
	80	2
	80	0
	81	1
	81	2
	81	0
	82	1
	82	2
	82	0
	83	1
	83	2
	83	0
	84	1
	84	2
	84	0
	85	1
	85	2
	85	0
	86	1
	86	2
	86	0
	87	1
	87	2
	87	0
	88	1
	88	2
	88	0
	89	1
	89	2
	89	0
	90	1
	91	1
	90	2
	90	0
	91	2
	91	0
	92	1
	92	2
	92	0
	93	1
	93	2
	93	0
	94	1
	94	2
	94	0
	95	2
	94	3
	95	3
	95	1
	93	3
	96	2
	96	3
	96	1
	97	2
	97	3
	97	1
	98	2
	98	3
	98	1
	99	2
	99	3
	99	1
	100	2
	100	3
	100	1
	101	2
	101	3
	101	1
	102	2
	102	3
	102	1
	103	2
	103	3
	103	1
	104	2
	104	3
	104	1
	103	0
	104	0
	102	0
	101	0
	100	0
	99	0
	98	0
	97	0
	96	0
	95	0
	91	3
	92	3
	90	3
	89	3
	88	3
	87	3
	86	3
	87	4
	88	4
	86	4
	85	3
	85	4
	84	3
	84	4
	83	4
	84	5
	85	5
	83	5
	83	3
	82	4
	82	5
	82	3
	81	4
	81	5
	81	3
	82	6
	83	6
	81	6
	80	5
	80	4
	81	7
	82	7
	80	3
	81	8
	81	9
	81	10
	81	13
	81	14
	81	12
	82	17
	83	18
	83	17
	84	18
	84	17
	83	16
	84	16
	82	16
	83	15
	84	15
	82	15
	83	14
	84	14
	82	14
	83	13
	84	13
	82	13
	82	12
	83	12
	81	11
	82	11
	82	10
	82	9
	82	8
	83	8
	83	9
	83	7
	84	7
	84	8
	84	6
	85	6
	85	7
	86	5
	86	6
	87	5
	88	5
	87	6
	88	6
	89	4
	89	5
	90	4
	90	5
	91	4
	91	5
	92	4
	92	5
	93	4
	94	4
	95	4
	96	4
	97	4
	98	4
	99	4
	98	5
	99	5
	97	5
	98	6
	99	6
	97	6
	96	7
	97	7
	95	7
	96	8
	96	6
	97	8
	95	8
	95	6
	94	9
	95	9
	93	9
	94	10
	94	8
	95	10
	93	10
	93	8
	91	11
	92	11
	90	11
	91	12
	91	10
	92	12
	92	10
	90	12
	90	10
	89	13
	90	13
	88	13
	89	14
	89	12
	88	14
	88	12
	87	14
	86	14
	87	15
	87	13
	88	15
	86	15
	86	13
	85	15
	85	16
	85	14
	86	16
	87	16
	88	16
	89	16
	89	15
	87	12
	86	12
	85	13
	85	12
	84	12
	85	11
	86	11
	84	11
	83	11
	83	10
	84	10
	84	9
	85	9
	86	9
	85	10
	85	8
	86	10
	86	8
	87	9
	87	10
	87	8
	88	8
	87	7
	88	9
	88	7
	86	7
	89	8
	89	9
	89	7
	90	7
	91	7
	90	8
	90	6
	91	8
	91	6
	89	6
	92	7
	92	8
	92	6
	93	7
	93	6
	94	6
	93	5
	94	7
	94	5
	95	5
	96	5
	100	4
	100	5
	100	6
	92	9
	91	9
	89	11
	89	10
	88	11
	87	11
	91	13
	92	13
	93	13
	94	13
	93	12
	94	12
	95	13
	95	12
	94	11
	95	11
	93	11
	96	12
	96	11
	97	12
	97	11
	96	10
	97	10
	98	11
	98	12
	98	10
	99	11
	99	12
	99	10
	96	9
	90	9
	88	10
	97	9
	98	8
	98	9
	98	7
	99	8
	99	9
	99	7
	100	9
	100	10
	100	8
	101	9
	101	10
	101	8
	100	11
	101	11
	102	10
	102	11
	102	9
	103	10
	103	11
	103	9
	102	12
	103	12
	101	12
	104	11
	104	12
	104	10
	100	12
	102	13
	103	13
	104	13
	103	14
	104	14
	102	14
	105	12
	106	12
	107	12
	106	11
	107	11
	105	11
	106	10
	107	10
	105	10
	106	9
	107	9
	105	9
	104	9
	105	8
	106	8
	104	8
	103	8
	102	8
	103	7
	104	7
	102	7
	101	7
	102	6
	103	6
	101	6
	100	7
	102	5
	103	5
	101	5
	102	4
	103	4
	101	4
	104	4
	104	5
	105	3
	105	4
	105	2
	106	2
	105	1
	106	3
	106	1
	107	1
	106	0
	107	2
	107	0
	105	0
	108	1
	108	2
	108	0
	109	1
	109	2
	109	0
	110	0
	110	1
	111	0
	111	1
	112	0
	112	1
	113	0
	113	1
	114	0
	114	1
	113	2
	114	2
	112	2
	111	2
	112	3
	113	3
	111	3
	110	3
	111	4
	112	4
	110	4
	110	2
	109	3
	109	4
	108	4
	107	4
	108	5
	108	3
	109	5
	107	5
	107	3
	106	4
	106	5
	105	5
	106	6
	107	6
	105	6
	104	6
	105	7
	106	7
	107	8
	108	9
	108	10
	108	8
	108	11
	109	10
	109	11
	109	9
	108	12
	109	12
	109	13
	109	14
	109	8
	108	7
	109	7
	107	7
	108	6
	109	6
	110	6
	110	7
	110	5
	111	6
	111	7
	111	5
	112	5
	112	6
	113	5
	113	6
	113	4
	114	4
	114	5
	114	3
	115	3
	116	3
	115	4
	115	2
	116	4
	116	2
	115	1
	116	1
	117	2
	117	3
	117	1
	118	1
	117	0
	118	2
	118	0
	116	0
	119	1
	119	2
	119	0
	120	0
	120	1
	115	0
	120	2
	121	1
	121	2
	121	0
	122	2
	123	2
	122	3
	122	1
	123	3
	123	1
	121	3
	124	2
	124	3
	124	1
	125	2
	125	3
	125	1
	124	4
	125	4
	123	4
	124	5
	125	5
	123	5
	124	6
	125	6
	123	6
	122	4
	122	5
	123	0
	124	0
	122	0
	119	3
	120	3
	118	3
	118	4
	119	4
	117	4
	118	5
	119	5
	117	5
	116	5
	117	6
	118	6
	116	6
	115	6
	116	7
	117	7
	115	7
	115	5
	114	7
	115	8
	116	8
	114	8
	114	6
	113	8
	114	9
	115	9
	113	9
	113	7
	112	9
	113	10
	114	10
	112	10
	112	8
	113	11
	114	11
	112	11
	111	10
	111	11
	111	9
	110	11
	111	12
	112	12
	110	12
	110	10
	111	13
	112	13
	110	13
	110	14
	111	14
	110	15
	111	15
	109	15
	109	16
	110	16
	110	17
	111	16
	111	17
	112	16
	112	17
	112	15
	113	17
	113	18
	113	16
	113	19
	111	19
	114	18
	114	19
	114	17
	113	20
	114	20
	115	19
	115	20
	115	18
	114	21
	115	21
	116	20
	116	21
	116	19
	115	22
	116	22
	117	20
	116	23
	115	23
	116	24
	116	18
	115	17
	116	17
	114	16
	115	16
	114	15
	115	15
	113	15
	113	14
	114	14
	112	14
	113	13
	114	13
	113	12
	114	12
	111	8
	110	9
	110	8
	112	7
	120	5
	119	6
	120	6
	120	4
	121	5
	121	6
	121	4
	122	6
	126	5
	126	6
	126	4
	127	5
	127	6
	127	4
	128	5
	128	6
	128	4
	129	5
	129	6
	129	4
	130	5
	131	5
	130	6
	130	4
	131	6
	131	4
	128	9
	129	9
	127	9
	128	10
	128	8
	129	10
	129	8
	127	10
	127	8
	126	12
	127	12
	125	12
	126	13
	126	11
	127	13
	127	11
	125	13
	125	11
	125	15
	126	15
	124	15
	125	16
	125	14
	126	16
	126	14
	124	16
	124	14
	124	17
	125	17
	123	17
	124	18
	125	18
	123	18
	123	16
	122	18
	123	19
	124	19
	122	19
	122	17
	121	19
	122	20
	123	20
	121	20
	121	18
	123	21
	120	20
	120	19
	119	20
	119	19
	118	19
	119	18
	120	18
	118	20
	118	18
	117	18
	118	17
	119	17
	117	19
	117	17
	118	16
	119	16
	117	16
	116	16
	117	15
	118	15
	116	15
	117	14
	118	14
	116	14
	115	14
	116	13
	117	13
	115	13
	116	12
	117	12
	115	12
	116	11
	117	11
	115	11
	116	10
	117	10
	115	10
	116	9
	117	9
	117	8
	118	9
	118	10
	118	8
	118	7
	119	8
	119	9
	119	7
	120	9
	121	9
	120	10
	120	8
	121	10
	121	8
	119	10
	122	9
	122	10
	122	8
	121	11
	122	11
	120	11
	121	12
	122	12
	120	12
	121	13
	122	13
	120	13
	121	14
	122	14
	120	14
	120	15
	121	15
	119	15
	120	16
	121	16
	119	14
	120	17
	121	17
	118	13
	118	12
	118	11
	119	11
	119	12
	119	13
	122	16
	122	15
	123	12
	123	13
	123	11
	123	10
	124	10
	123	9
	124	11
	124	9
	123	8
	124	8
	123	7
	124	7
	122	7
	125	7
	125	8
	121	7
	123	14
	123	15
	124	13
	120	7
	125	0
	126	1
	126	2
	126	0
	127	1
	127	2
	127	0
	128	0
	128	1
	129	0
	129	1
	130	0
	130	1
	131	0
	131	1
	132	0
	132	1
	133	0
	133	1
	134	0
	134	1
	135	0
	135	1
	136	0
	136	1
	137	0
	138	0
	137	1
	138	1
	139	0
	139	1
	140	0
	140	1
	141	0
	141	1
	142	0
	142	1
	143	0
	143	1
	144	0
	144	1
	145	0
	145	1
	146	0
	146	1
	147	0
	147	1
	148	0
	148	1
	149	0
	149	1
	146	2
	147	2
	145	2
	144	2
	143	2
	142	2
	141	2
	140	2
	139	2
	140	3
	141	3
	139	3
	138	2
	137	2
	138	3
	137	3
	136	2
	136	3
	135	2
	134	2
	135	3
	134	3
	133	3
	134	4
	135	4
	133	4
	133	2
	132	3
	132	4
	132	2
	131	3
	131	2
	130	3
	130	2
	129	3
	129	2
	128	3
	128	2
	127	3
	126	3
	126	7
	126	8
	125	9
	126	9
	125	10
	126	10
	124	12
	125	19
	124	20
	125	20
	124	21
	125	21
	124	22
	125	22
	126	21
	126	22
	126	20
	125	23
	126	23
	127	23
	126	24
	127	24
	127	22
	128	23
	128	24
	128	22
	129	23
	129	24
	129	22
	128	25
	129	25
	127	25
	130	24
	130	25
	130	23
	131	24
	131	25
	131	23
	132	24
	132	25
	132	23
	133	24
	133	25
	133	23
	134	24
	134	25
	134	23
	135	24
	135	25
	135	23
	136	24
	136	25
	136	23
	137	24
	137	25
	137	23
	138	24
	138	25
	138	23
	139	24
	139	25
	139	23
	140	24
	140	25
	140	23
	141	24
	141	25
	141	23
	142	24
	142	25
	142	23
	143	24
	143	25
	143	23
	144	24
	144	25
	144	23
	145	24
	145	25
	145	23
	146	24
	146	25
	146	23
	147	24
	147	25
	147	23
	148	24
	148	25
	148	23
	147	22
	148	22
	146	22
	147	21
	148	21
	146	21
	149	21
	148	20
	149	22
	149	20
	147	20
	148	19
	149	19
	147	19
	148	18
	149	18
	147	18
	148	17
	149	17
	147	17
	148	16
	149	16
	147	16
	146	17
	146	18
	146	16
	147	15
	148	15
	146	15
	147	14
	148	14
	146	14
	147	13
	148	13
	146	13
	147	12
	148	12
	146	12
	147	11
	148	11
	146	11
	147	10
	148	10
	146	10
	147	9
	148	9
	146	9
	147	8
	148	8
	146	8
	147	7
	148	7
	146	7
	147	6
	148	6
	146	6
	147	5
	148	5
	146	5
	147	4
	148	4
	146	4
	147	3
	148	3
	146	3
	148	2
	149	3
	149	4
	149	2
	149	5
	145	11
	145	12
	145	10
	145	14
	145	15
	145	13
	145	16
	145	17
	145	18
	144	18
	145	19
	146	19
	144	19
	144	17
	145	20
	146	20
	144	20
	145	21
	144	21
	145	22
	144	22
	143	21
	143	22
	143	20
	142	21
	142	22
	142	20
	141	21
	141	22
	141	20
	140	21
	140	22
	140	20
	139	21
	138	21
	139	22
	139	20
	138	22
	138	20
	137	20
	138	19
	139	19
	137	21
	137	19
	136	20
	136	21
	136	19
	135	20
	135	21
	135	19
	134	20
	134	21
	134	19
	133	20
	133	21
	133	19
	132	20
	132	21
	132	19
	131	20
	131	21
	131	19
	130	20
	130	21
	130	19
	129	20
	129	21
	129	19
	128	20
	128	21
	128	19
	127	19
	128	18
	129	18
	127	20
	127	18
	126	19
	126	18
	127	17
	128	17
	126	17
	127	16
	128	16
	127	15
	128	15
	127	14
	128	14
	129	14
	128	13
	129	15
	129	13
	130	12
	131	12
	129	12
	130	13
	130	11
	131	13
	131	11
	129	11
	132	11
	133	11
	132	12
	132	10
	133	12
	133	10
	131	10
	136	10
	137	10
	135	10
	136	11
	136	9
	137	11
	137	9
	135	11
	135	9
	140	8
	141	8
	139	8
	140	9
	140	7
	141	9
	141	7
	139	9
	139	7
	143	8
	144	8
	142	8
	143	9
	143	7
	144	9
	144	7
	142	9
	142	7
	145	8
	145	9
	145	7
	149	8
	149	9
	149	7
	149	10
	149	11
	149	12
	144	16
	144	15
	143	18
	142	18
	143	19
	143	17
	142	19
	142	17
	141	19
	140	19
	141	18
	140	18
	133	18
	134	18
	132	18
	131	18
	132	17
	133	17
	131	17
	130	15
	131	15
	130	16
	130	14
	131	16
	131	14
	129	16
	128	12
	128	11
	130	7
	131	7
	129	7
	130	8
	131	8
	133	6
	134	6
	132	6
	133	7
	133	5
	134	7
	134	5
	132	7
	132	5
	138	6
	139	6
	137	6
	138	7
	138	5
	139	5
	137	7
	137	5
	141	6
	142	6
	140	6
	141	5
	142	5
	140	5
	143	6
	142	10
	143	10
	141	10
	142	11
	143	11
	141	11
	141	13
	142	13
	140	13
	141	14
	141	12
	142	14
	142	12
	140	14
	140	12
	139	17
	140	17
	138	17
	139	18
	139	16
	140	16
	138	18
	138	16
	137	18
	136	18
	135	18
	130	17
	132	16
	130	18
	130	10
	130	9
	128	7
	136	4
	137	4
	138	4
	139	4
	140	4
	141	4
	142	4
	143	4
	142	3
	143	5
	143	3
	144	5
	145	5
	144	6
	144	4
	145	6
	145	4
	144	10
	144	11
	144	12
	143	12
	141	15
	142	15
	140	15
	139	15
	138	15
	139	14
	138	14
	137	16
	136	16
	137	17
	137	15
	136	17
	136	15
	135	16
	134	16
	135	17
	135	15
	134	17
	134	15
	133	16
	133	15
	132	15
	132	14
	133	14
	132	13
	132	9
	133	9
	131	9
	132	8
	133	8
	134	9
	134	10
	134	8
	135	8
	136	8
	135	7
	136	7
	137	8
	138	9
	138	10
	138	8
	139	10
	140	10
	139	11
	140	11
	138	11
	139	12
	138	12
	138	13
	139	13
	137	13
	137	14
	137	12
	135	14
	136	14
	134	14
	129	17
	133	13
	134	13
	135	13
	127	7
	135	6
	136	12
	136	13
	134	22
	135	22
	133	22
	136	22
	132	22
	131	22
	130	22
	127	21
	137	22
	143	16
	142	16
	143	15
	143	14
	144	14
	143	13
	144	13
	135	12
	134	12
	134	11
	136	6
	135	5
	136	5
	144	3
	145	3
	141	16
	141	17
	79	44
	80	44
	78	44
	79	45
	79	43
	80	45
	80	43
	78	45
	78	43
	77	44
	77	45
	77	43
	76	44
	76	45
	76	43
	75	44
	75	45
	75	43
	74	44
	74	45
	74	43
	73	44
	73	45
	73	43
	72	45
	73	46
	74	46
	72	46
	72	44
	71	46
	72	47
	73	47
	71	47
	72	48
	73	48
	71	48
	70	48
	71	49
	72	49
	70	49
	71	50
	72	50
	70	50
	71	51
	72	51
	70	51
	69	51
	70	52
	71	52
	69	52
	69	50
	68	52
	69	53
	70	53
	68	53
	68	51
	69	54
	70	54
	68	54
	67	52
	67	53
	67	51
	69	49
	71	53
	69	55
	70	55
	68	55
	69	56
	70	56
	68	56
	69	57
	70	57
	68	57
	69	58
	70	58
	68	58
	69	59
	70	59
	68	59
	69	60
	70	60
	68	60
	71	60
	70	61
	71	61
	71	59
	69	61
	72	61
	71	62
	72	62
	72	60
	70	62
	69	62
	68	61
	68	62
	71	54
	72	52
	72	53
	73	51
	73	52
	73	50
	74	50
	73	49
	74	51
	74	49
	75	50
	75	51
	75	49
	74	48
	75	48
	76	49
	76	50
	76	48
	75	47
	76	47
	74	47
	75	46
	76	46
	77	46
	77	47
	78	46
	78	47
	79	47
	78	48
	79	48
	79	46
	77	48
	80	47
	80	48
	80	46
	79	49
	80	49
	78	49
	79	50
	80	50
	78	50
	79	51
	80	51
	78	51
	81	51
	80	52
	81	52
	79	52
	80	53
	81	53
	79	53
	78	52
	78	53
	77	52
	77	53
	77	51
	76	51
	77	50
	76	52
	75	52
	77	49
	76	53
	75	53
	75	54
	76	54
	74	54
	75	55
	76	55
	74	55
	74	53
	75	56
	76	56
	74	56
	73	55
	73	56
	73	54
	74	57
	75	57
	73	57
	72	56
	72	57
	72	55
	72	54
	73	53
	74	52
	71	55
	71	56
	71	57
	71	58
	72	59
	72	58
	73	59
	73	60
	73	58
	74	58
	75	58
	77	54
	77	55
	78	54
	78	55
	82	52
	82	53
	82	51
	83	52
	83	53
	83	51
	84	52
	84	53
	84	51
	85	52
	85	53
	85	51
	86	52
	86	53
	86	51
	87	52
	87	53
	87	51
	88	52
	88	53
	88	51
	89	52
	89	53
	89	51
	88	50
	89	50
	87	50
	90	51
	90	52
	90	50
	91	51
	91	52
	91	50
	92	50
	91	49
	92	51
	92	49
	90	49
	89	49
	90	48
	91	48
	89	48
	88	49
	88	48
	89	47
	90	47
	91	47
	90	46
	91	46
	92	48
	91	45
	90	45
	91	44
	93	49
	93	50
	93	48
	94	49
	94	50
	94	48
	95	49
	95	50
	95	48
	96	49
	96	50
	96	48
	97	49
	97	50
	97	48
	98	49
	98	50
	98	48
	99	49
	99	50
	99	48
	100	49
	100	50
	100	48
	101	49
	101	50
	101	48
	102	49
	102	50
	102	48
	103	48
	102	47
	103	49
	103	47
	101	47
	102	46
	103	46
	101	46
	102	45
	100	47
	103	50
	102	51
	103	51
	101	51
	104	50
	104	51
	104	49
	105	50
	105	51
	105	49
	106	50
	106	51
	106	49
	105	48
	104	48
	107	50
	107	51
	107	49
	108	51
	107	52
	108	52
	108	50
	106	52
	109	51
	109	52
	109	50
	110	51
	110	52
	110	50
	108	49
	109	49
	104	47
	105	52
	106	53
	107	53
	105	53
	108	53
	109	53
	111	51
	111	52
	111	50
	112	51
	112	52
	112	50
	111	49
	112	49
	110	49
	113	50
	113	51
	113	49
	112	48
	113	48
	111	48
	114	49
	114	50
	114	48
	115	49
	115	50
	115	48
	114	47
	115	47
	113	47
	116	48
	116	49
	116	47
	115	46
	116	46
	114	46
	117	47
	117	48
	117	46
	116	45
	117	45
	118	46
	118	47
	118	45
	118	48
	117	49
	116	50
	117	50
	116	51
	117	51
	115	51
	116	52
	117	52
	115	52
	116	53
	117	53
	115	53
	116	54
	117	54
	115	54
	116	55
	117	55
	115	55
	116	56
	117	56
	115	56
	116	57
	117	57
	115	57
	116	58
	117	58
	115	58
	116	59
	117	59
	115	59
	116	60
	117	60
	115	60
	116	61
	117	61
	115	61
	114	61
	115	62
	116	62
	114	62
	114	60
	113	61
	113	62
	113	60
	112	61
	112	62
	112	60
	111	61
	111	62
	111	60
	110	61
	110	62
	110	60
	109	61
	109	62
	109	60
	108	61
	108	62
	108	60
	107	61
	106	61
	107	62
	107	60
	106	62
	106	60
	105	60
	106	59
	107	59
	105	61
	105	59
	104	60
	104	61
	104	59
	103	60
	102	60
	103	61
	103	59
	102	61
	102	59
	101	60
	101	61
	101	59
	100	60
	100	61
	100	59
	99	60
	99	61
	99	59
	98	60
	97	60
	98	61
	98	59
	97	61
	97	59
	96	60
	95	60
	96	61
	96	59
	95	61
	95	59
	94	60
	94	61
	94	59
	93	60
	92	60
	93	61
	93	59
	92	61
	92	59
	91	60
	90	60
	91	61
	91	59
	90	61
	90	59
	89	60
	88	60
	89	61
	89	59
	88	61
	88	59
	87	60
	86	60
	87	61
	87	59
	86	61
	86	59
	85	60
	84	60
	85	61
	85	59
	84	61
	84	59
	83	60
	82	60
	83	61
	83	59
	82	61
	82	59
	81	60
	80	60
	81	61
	81	59
	80	61
	80	59
	79	60
	79	61
	79	59
	78	60
	78	61
	78	59
	77	60
	76	60
	77	61
	77	59
	76	61
	76	59
	75	61
	76	62
	77	62
	75	62
	75	60
	74	61
	74	62
	74	60
	73	61
	73	62
	73	63
	74	63
	72	63
	71	63
	72	64
	73	64
	71	64
	72	65
	73	65
	71	65
	70	65
	71	66
	72	66
	70	66
	70	64
	71	67
	72	67
	70	67
	71	68
	72	68
	70	68
	69	68
	70	69
	71	69
	69	69
	69	67
	68	68
	68	69
	68	67
	67	68
	67	69
	67	67
	68	66
	69	66
	67	66
	68	65
	69	65
	67	65
	68	64
	69	64
	67	64
	68	63
	69	63
	67	63
	67	62
	67	61
	76	57
	77	56
	77	57
	78	56
	78	57
	79	56
	80	56
	79	57
	79	55
	80	57
	80	55
	81	56
	82	56
	81	57
	81	55
	82	57
	82	55
	83	56
	83	57
	83	55
	84	56
	85	56
	84	57
	84	55
	85	57
	85	55
	86	55
	85	54
	86	56
	86	54
	84	54
	87	55
	87	56
	87	54
	89	55
	90	55
	88	55
	89	56
	89	54
	90	56
	90	54
	88	56
	88	54
	91	55
	91	56
	91	54
	92	55
	93	55
	92	56
	92	54
	93	56
	93	54
	94	55
	94	56
	94	54
	95	55
	95	56
	95	54
	96	55
	96	56
	96	54
	95	53
	96	53
	94	53
	93	53
	94	52
	95	52
	93	52
	94	51
	95	51
	93	51
	92	52
	92	53
	90	53
	91	53
	83	54
	82	54
	81	54
	80	54
	79	54
	67	54
	67	55
	66	54
	66	55
	66	53
	67	56
	66	56
	67	57
	67	58
	67	59
	67	60
	66	63
	66	64
	66	62
	66	65
	66	66
	66	67
	66	68
	66	69
	73	67
	73	68
	73	66
	74	67
	74	68
	74	66
	75	67
	75	68
	75	66
	76	67
	76	68
	76	66
	77	67
	77	68
	77	66
	76	65
	77	65
	75	65
	78	66
	78	67
	78	65
	79	66
	79	67
	79	65
	80	66
	80	67
	80	65
	81	66
	81	67
	81	65
	82	66
	82	67
	82	65
	83	66
	83	67
	83	65
	84	66
	84	67
	84	65
	78	68
	79	68
	73	69
	74	69
	72	69
	75	69
	76	69
	77	69
	78	69
	80	68
	79	69
	80	69
	81	68
	82	68
	83	68
	84	68
	85	67
	85	68
	85	66
	86	67
	87	67
	86	68
	86	66
	87	68
	87	66
	88	66
	89	66
	88	67
	88	65
	89	67
	89	65
	87	65
	90	66
	90	67
	90	65
	92	66
	93	66
	91	66
	92	67
	92	65
	93	67
	93	65
	91	67
	91	65
	94	66
	95	66
	94	67
	94	65
	95	67
	95	65
	96	66
	96	67
	96	65
	97	66
	98	66
	97	67
	97	65
	98	67
	98	65
	99	66
	100	66
	99	67
	99	65
	100	67
	100	65
	101	66
	102	66
	101	67
	101	65
	102	67
	102	65
	103	66
	104	66
	103	67
	103	65
	104	67
	104	65
	105	66
	106	66
	105	67
	105	65
	106	67
	106	65
	109	66
	110	66
	108	66
	109	67
	109	65
	110	67
	110	65
	108	67
	108	65
	112	67
	113	67
	111	67
	112	68
	112	66
	113	68
	113	66
	111	68
	111	66
	114	67
	115	67
	114	68
	114	66
	115	68
	115	66
	116	67
	116	68
	116	66
	117	67
	117	68
	117	66
	110	68
	109	68
	108	68
	104	68
	105	68
	103	68
	99	68
	100	68
	98	68
	95	68
	96	68
	94	68
	91	68
	92	68
	90	68
	88	68
	74	65
	93	68
	97	64
	98	64
	96	64
	91	64
	92	64
	90	64
	91	63
	92	63
	90	63
	86	63
	87	63
	85	63
	86	64
	86	62
	87	64
	87	62
	85	64
	85	62
	84	63
	83	63
	84	64
	84	62
	83	64
	83	62
	77	63
	78	63
	76	63
	77	64
	78	64
	78	62
	76	64
	75	64
	74	64
	75	63
	81	69
	82	69
	84	69
	85	69
	83	69
	87	69
	88	69
	86	69
	89	69
	90	69
	89	68
	91	69
	92	69
	93	69
	94	69
	95	69
	96	69
	97	68
	97	69
	98	69
	99	69
	101	68
	100	69
	101	69
	102	68
	102	69
	103	69
	104	69
	105	69
	106	68
	107	68
	106	69
	107	69
	107	67
	108	69
	109	69
	110	69
	111	69
	112	69
	113	69
	114	69
	115	69
	116	69
	118	68
	117	69
	118	69
	118	67
	119	68
	119	69
	119	67
	118	66
	119	66
	117	65
	118	65
	116	65
	117	64
	118	64
	116	64
	117	63
	118	63
	116	63
	117	62
	118	62
	118	61
	118	60
	118	59
	118	51
	118	52
	118	50
	118	49
	119	48
	119	49
	119	47
	119	46
	114	51
	114	52
	113	52
	114	53
	114	54
	113	53
	113	54
	112	54
	113	55
	114	55
	112	55
	112	53
	111	54
	111	55
	111	53
	110	54
	110	55
	110	53
	109	54
	109	55
	108	54
	108	55
	107	54
	106	54
	107	55
	106	55
	105	54
	105	55
	104	54
	104	55
	104	53
	103	54
	103	55
	103	53
	102	54
	102	55
	102	53
	101	54
	101	55
	101	53
	100	54
	100	55
	100	53
	99	54
	99	55
	99	53
	98	54
	98	55
	98	53
	97	54
	97	55
	97	53
	97	52
	98	52
	96	52
	96	51
	97	51
	98	51
	99	52
	99	51
	100	52
	101	52
	102	52
	103	52
	104	52
	100	51
	80	58
	81	58
	79	58
	78	58
	77	58
	76	58
	75	59
	74	59
	70	63
	79	64
	79	63
	80	64
	80	63
	81	64
	81	63
	82	64
	82	63
	82	62
	81	62
	80	62
	79	62
	85	65
	86	65
	88	64
	88	63
	89	63
	88	62
	89	64
	89	62
	90	62
	91	62
	92	62
	93	62
	93	63
	94	62
	95	62
	94	63
	95	63
	96	62
	96	63
	97	62
	97	63
	93	64
	94	64
	95	64
	98	63
	99	64
	99	63
	100	63
	99	62
	100	64
	100	62
	98	62
	101	63
	101	64
	101	62
	102	63
	102	64
	102	62
	103	63
	103	64
	103	62
	104	63
	104	64
	104	62
	105	63
	106	63
	105	64
	105	62
	106	64
	107	64
	107	65
	107	63
	107	66
	108	64
	109	64
	111	65
	112	65
	113	65
	114	65
	115	65
	114	64
	115	64
	113	64
	115	63
	114	63
	113	63
	112	63
	111	63
	110	63
	109	63
	108	63
	110	64
	111	64
	112	64
	84	58
	85	58
	83	58
	82	58
	86	58
	86	57
	87	58
	87	57
	88	58
	88	57
	89	58
	89	57
	90	58
	90	57
	91	58
	91	57
	92	58
	92	57
	93	58
	93	57
	94	58
	94	57
	95	58
	95	57
	96	58
	96	57
	97	58
	97	57
	98	58
	98	57
	99	57
	98	56
	99	58
	99	56
	97	56
	100	57
	100	58
	100	56
	101	57
	101	58
	101	56
	102	57
	102	58
	102	56
	103	57
	103	58
	103	56
	104	57
	104	58
	104	56
	105	57
	105	58
	105	56
	106	57
	106	58
	106	56
	107	57
	107	58
	107	56
	108	57
	108	58
	108	56
	109	57
	109	58
	109	56
	110	57
	110	58
	110	56
	111	57
	111	58
	111	56
	112	57
	112	58
	112	56
	113	57
	113	58
	113	56
	114	57
	114	58
	114	56
	114	59
	113	59
	112	59
	111	59
	110	59
	109	59
	108	59
	118	53
	119	53
	118	54
	119	54
	119	52
	120	52
	121	52
	120	53
	120	51
	121	53
	121	51
	119	51
	122	52
	122	53
	122	51
	120	50
	121	50
	119	50
	120	49
	121	49
	122	50
	122	49
	121	48
	122	48
	120	48
	121	47
	122	47
	120	47
	120	46
	121	46
	120	54
	119	55
	120	55
	118	55
	118	56
	119	56
	118	57
	119	57
	118	58
	119	62
	119	63
	119	61
	119	64
	119	65
	120	66
	120	67
	120	65
	120	68
	120	69
	121	69
	121	68
	121	67
	121	66
	122	66
	121	65
	122	67
	122	65
	121	64
	122	64
	120	64
	121	63
	122	63
	120	63
	121	62
	122	62
	120	62
	121	61
	122	61
	120	61
	120	60
	121	60
	119	60
	120	59
	121	59
	119	59
	120	58
	121	58
	119	58
	120	57
	121	57
	120	56
	121	56
	121	55
	121	54
	122	54
	122	55
	123	53
	123	54
	123	52
	123	51
	123	50
	124	50
	123	49
	124	51
	124	49
	123	48
	124	48
	123	47
	124	47
	125	48
	125	49
	126	48
	126	49
	125	50
	126	50
	125	51
	124	52
	124	53
	124	54
	123	55
	124	55
	123	56
	124	56
	122	56
	123	57
	124	57
	122	57
	123	58
	124	58
	122	58
	123	59
	124	59
	122	59
	123	60
	124	60
	122	60
	123	61
	124	61
	123	62
	124	62
	123	63
	124	63
	123	64
	124	64
	123	65
	123	66
	123	67
	122	68
	123	68
	122	69
	123	69
	124	69
	124	68
	125	68
	124	67
	125	69
	125	67
	126	68
	126	69
	126	67
	125	66
	126	66
	124	66
	127	67
	127	68
	127	66
	127	69
	126	65
	127	65
	125	65
	126	64
	127	64
	125	64
	126	63
	127	63
	125	63
	126	62
	127	62
	125	62
	126	61
	127	61
	125	61
	125	60
	126	60
	125	59
	126	59
	125	58
	126	58
	125	57
	125	56
	125	55
	125	54
	125	53
	125	52
	126	53
	126	54
	126	52
	126	51
	127	51
	127	52
	127	50
	127	49
	128	50
	128	51
	128	49
	127	48
	128	48
	129	49
	129	50
	129	48
	130	49
	130	50
	130	48
	129	47
	130	47
	128	47
	131	47
	131	48
	131	49
	131	50
	130	51
	131	51
	129	51
	129	52
	130	52
	128	52
	129	53
	130	53
	128	53
	129	54
	130	54
	128	54
	129	55
	130	55
	128	55
	127	54
	127	55
	127	53
	126	55
	127	56
	128	56
	126	56
	127	57
	128	57
	126	57
	127	58
	127	59
	127	60
	128	62
	128	63
	128	61
	128	64
	128	65
	124	65
	129	61
	128	60
	129	62
	129	60
	128	59
	129	59
	128	58
	129	58
	130	58
	129	57
	130	59
	130	57
	129	56
	130	56
	131	55
	131	56
	131	54
	131	53
	131	52
	130	60
	130	61
	130	62
	129	63
	130	63
	129	64
	130	64
	129	65
	130	65
	129	66
	130	66
	128	66
	129	67
	130	67
	128	67
	129	68
	130	68
	128	68
	128	69
	129	69
	130	69
	131	64
	131	65
	131	63
	131	62
	131	61
	131	60
	131	59
	131	58
	131	57
	131	67
	131	68
	131	66
	131	69
	132	48
	133	48
	132	49
	132	47
	133	49
	133	47
	132	46
	133	46
	134	47
	134	48
	134	46
	135	47
	135	48
	135	46
	136	47
	136	46
	137	47
	137	46
	138	47
	138	46
	139	47
	139	46
	138	45
	139	45
	137	45
	139	44
	138	44
	139	43
	139	42
	136	45
	134	50
	135	50
	133	50
	134	51
	134	49
	135	51
	135	49
	133	51
	134	52
	135	52
	133	52
	134	53
	135	53
	133	53
	132	53
	133	54
	134	54
	132	54
	132	52
	133	55
	134	55
	132	55
	133	56
	134	56
	132	56
	133	57
	134	57
	132	57
	133	58
	134	58
	132	58
	132	51
	132	50
	133	59
	134	59
	132	59
	133	60
	134	60
	132	60
	133	61
	134	61
	132	61
	133	63
	134	63
	132	63
	133	64
	133	62
	134	64
	134	62
	132	64
	132	62
	133	65
	134	65
	132	65
	133	66
	134	66
	132	66
	133	67
	134	67
	132	67
	133	68
	134	68
	132	68
	133	69
	134	69
	132	69
	135	68
	136	68
	135	69
	135	67
	136	69
	136	67
	137	69
	137	68
	138	69
	138	68
	139	69
	139	68
	140	69
	141	69
	140	68
	141	68
	140	67
	141	67
	139	67
	142	68
	142	69
	142	67
	141	66
	142	66
	140	66
	139	66
	138	66
	139	65
	140	65
	138	67
	138	65
	137	65
	138	64
	139	64
	137	66
	137	64
	137	62
	138	62
	136	62
	137	63
	137	61
	138	63
	138	61
	136	63
	136	61
	137	60
	138	60
	136	60
	137	59
	138	59
	136	59
	137	58
	138	58
	136	58
	137	57
	138	57
	136	57
	137	56
	138	56
	136	56
	135	56
	136	55
	137	55
	135	57
	135	55
	136	54
	137	54
	135	54
	138	55
	139	55
	138	54
	139	56
	139	54
	140	55
	141	55
	140	56
	140	54
	141	56
	141	54
	142	54
	142	55
	143	54
	143	55
	144	54
	144	55
	145	54
	145	55
	145	53
	146	54
	146	55
	146	53
	147	54
	147	55
	147	53
	150	53
	150	54
	149	54
	148	53
	150	55
	149	53
	149	55
	149	56
	150	56
	148	55
	148	56
	151	55
	151	56
	151	54
	147	56
	146	56
	145	56
	146	57
	147	57
	145	57
	144	56
	143	56
	144	57
	143	57
	142	57
	143	58
	144	58
	142	58
	142	56
	141	57
	141	58
	140	58
	139	58
	140	59
	140	57
	141	59
	139	59
	139	57
	139	60
	140	60
	139	61
	136	64
	135	64
	136	65
	135	65
	135	63
	136	66
	135	66
	137	67
	135	62
	135	61
	135	60
	135	59
	135	58
	142	59
	143	59
	144	59
	145	58
	145	59
	146	58
	146	59
	147	58
	147	59
	148	58
	148	59
	148	57
	149	58
	149	59
	149	57
	150	58
	150	59
	150	57
	151	58
	151	59
	151	57
	150	60
	151	60
	149	60
	150	61
	151	61
	149	61
	150	62
	151	62
	149	62
	148	61
	148	62
	148	60
	147	62
	146	62
	147	63
	147	61
	148	63
	146	63
	146	61
	145	62
	145	63
	145	61
	144	62
	143	62
	144	63
	144	61
	143	63
	143	61
	142	62
	142	63
	142	61
	141	62
	141	63
	141	61
	140	61
	141	60
	142	60
	140	62
	139	62
	143	60
	144	60
	145	60
	146	60
	147	60
	147	64
	148	64
	146	64
	146	65
	147	65
	145	65
	146	66
	147	66
	145	66
	145	64
	144	66
	143	66
	144	67
	144	65
	145	67
	143	67
	143	65
	142	65
	141	65
	140	64
	141	64
	140	63
	139	63
	142	64
	143	64
	144	64
	143	68
	144	68
	143	69
	144	69
	145	69
	146	69
	145	68
	146	68
	147	68
	148	68
	147	69
	147	67
	148	69
	148	67
	146	67
	149	67
	148	66
	149	68
	149	66
	150	66
	149	65
	150	67
	150	65
	148	65
	151	66
	151	67
	151	65
	150	64
	151	64
	149	64
	152	65
	152	66
	152	64
	151	63
	152	63
	150	63
	153	65
	153	66
	153	64
	152	67
	153	67
	152	68
	153	68
	151	68
	152	69
	153	69
	151	69
	150	68
	150	69
	149	69
	149	63
	17	11
	18	11
	16	11
	17	10
	18	10
	16	12
	16	10
	19	11
	19	10
	20	11
	20	10
	21	11
	22	11
	21	10
	22	10
	24	11
	25	11
	23	11
	24	10
	25	10
	23	10
	26	11
	26	10
	27	11
	28	11
	29	11
	30	11
	27	10
	23	9
	24	9
	22	9
	21	9
	20	9
	19	9
	18	9
	17	9
	16	9
	15	10
	15	11
	15	9
	25	9
	26	9
	27	9
	28	10
	28	9
	29	10
	29	9
	31	11
	30	10
	31	12
	31	10
	31	13
	30	14
	31	14
	29	14
	30	15
	31	15
	29	15
	28	14
	28	15
	30	16
	32	15
	31	16
	32	16
	32	14
	32	13
	32	12
	32	17
	33	18
	34	18
	32	18
	33	19
	34	19
	32	19
	33	20
	34	20
	33	22
	32	22
	36	21
	35	20
	36	20
	34	23
	37	22
	37	23
	37	21
	35	24
	35	19
	36	19
	35	18
	36	18
	30	9
	31	9
	32	11
	33	11
	32	10
	33	10
	34	11
	35	11
	34	10
	35	10
	36	11
	36	10
	34	9
	35	9
	33	9
	32	9
	33	8
	34	8
	32	8
	37	9
	38	9
	36	9
	37	10
	37	8
	38	10
	38	8
	36	8
	40	9
	41	9
	39	9
	40	10
	40	8
	41	10
	41	8
	39	10
	39	8
	42	9
	42	10
	42	8
	43	9
	43	10
	43	8
	42	11
	43	11
	41	11
	40	11
	39	11
	38	11
	37	11
	35	8
	35	7
	36	7
	34	7
	33	7
	44	8
	45	8
	44	9
	44	7
	45	9
	45	7
	43	7
	44	10
	45	10
	44	11
	45	11
	46	10
	46	11
	46	9
	45	12
	46	12
	45	13
	46	13
	47	12
	47	13
	47	11
	46	14
	47	14
	45	14
	46	15
	47	15
	45	15
	46	16
	47	16
	45	16
	46	17
	47	17
	45	17
	46	18
	47	18
	45	18
	46	19
	47	19
	45	19
	46	20
	47	20
	45	20
	46	21
	47	21
	45	21
	46	22
	47	22
	45	22
	46	23
	47	23
	45	23
	46	24
	47	24
	45	24
	46	25
	47	25
	45	25
	48	25
	48	24
	49	25
	49	24
	50	25
	50	24
	51	25
	52	25
	51	24
	52	24
	53	25
	53	24
	54	25
	54	24
	55	25
	56	25
	55	24
	56	24
	57	25
	57	24
	58	25
	58	24
	59	25
	59	24
	49	23
	50	23
	48	23
	51	23
	52	23
	53	23
	54	23
	56	23
	57	23
	55	23
	58	23
	59	23
	60	24
	60	25
	60	23
	61	24
	61	25
	61	23
	62	24
	62	25
	62	23
	61	22
	62	22
	60	22
	61	21
	62	21
	60	21
	61	20
	62	20
	60	20
	61	19
	62	19
	60	19
	59	20
	59	21
	59	19
	59	22
	58	21
	58	22
	58	20
	57	20
	58	19
	57	21
	57	19
	56	19
	56	20
	55	19
	55	20
	55	18
	56	21
	55	21
	57	22
	56	22
	55	22
	54	20
	54	21
	54	19
	53	19
	54	18
	53	20
	53	18
	54	17
	55	17
	53	17
	54	16
	55	16
	53	16
	54	15
	55	15
	53	15
	54	14
	55	14
	53	14
	54	13
	55	13
	53	13
	53	21
	54	22
	53	22
	52	21
	52	22
	52	20
	52	19
	52	18
	52	17
	52	16
	52	15
	52	14
	52	13
	53	12
	54	12
	52	12
	53	11
	54	11
	52	11
	55	12
	55	11
	54	10
	55	10
	53	10
	56	11
	56	10
	55	9
	56	9
	54	9
	57	10
	57	11
	57	9
	58	10
	59	10
	58	11
	58	9
	59	11
	59	9
	60	10
	60	11
	60	9
	61	10
	61	11
	61	9
	62	10
	62	11
	62	9
	63	10
	63	11
	63	9
	64	10
	64	11
	64	9
	65	10
	65	11
	65	9
	66	10
	66	11
	66	9
	67	10
	68	10
	67	11
	67	9
	68	11
	68	9
	69	10
	69	11
	69	9
	70	10
	70	11
	70	9
	71	10
	71	11
	71	9
	72	10
	72	11
	72	9
	73	10
	73	11
	73	9
	74	10
	74	11
	74	9
	74	8
	73	8
	72	8
	16	8
	17	8
	15	8
	14	10
	14	11
	14	9
	15	12
	14	12
	15	13
	16	13
	14	13
	13	12
	13	13
	13	11
	14	14
	15	14
	13	14
	12	13
	12	14
	12	12
	13	15
	14	15
	12	15
	11	14
	11	15
	11	13
	10	15
	11	16
	12	16
	10	16
	10	14
	9	15
	9	16
	9	14
	10	17
	11	17
	9	17
	8	17
	9	18
	10	18
	8	18
	8	16
	12	17
	13	16
	8	15
	9	19
	10	19
	8	19
	7	19
	8	20
	9	20
	7	20
	7	18
	8	21
	9	21
	7	21
	8	22
	9	22
	7	22
	8	23
	9	23
	7	23
	8	24
	9	24
	7	24
	8	25
	9	25
	7	25
	10	21
	10	22
	10	20
	10	23
	10	24
	10	25
	9	26
	8	27
	7	27
	8	28
	8	26
	7	28
	7	26
	8	29
	7	29
	8	30
	9	30
	7	30
	8	31
	9	31
	7	31
	8	34
	9	34
	7	34
	8	35
	8	33
	9	35
	9	33
	7	35
	7	33
	8	37
	9	37
	7	37
	8	38
	8	36
	9	38
	9	36
	7	38
	7	36
	10	35
	10	36
	10	34
	8	32
	9	32
	7	32
	10	33
	10	37
	10	38
	9	39
	10	39
	8	39
	9	40
	10	40
	8	40
	10	41
	9	41
	10	42
	9	42
	10	43
	11	43
	9	43
	8	41
	9	45
	10	45
	8	45
	9	46
	9	44
	10	46
	10	44
	8	46
	8	44
	9	47
	10	47
	8	47
	8	42
	8	43
	7	42
	7	43
	7	41
	7	44
	7	40
	7	39
	11	45
	11	46
	11	44
	11	47
	12	47
	11	48
	12	48
	12	46
	10	48
	12	45
	13	47
	13	48
	14	48
	13	49
	14	49
	14	47
	12	49
	15	49
	14	50
	15	50
	15	48
	13	50
	16	49
	16	50
	16	48
	17	49
	17	50
	17	48
	18	49
	18	50
	18	48
	16	47
	15	47
	19	48
	20	48
	19	49
	20	49
	21	49
	20	50
	21	50
	21	48
	19	50
	19	51
	20	51
	18	51
	22	50
	21	51
	22	51
	22	49
	23	49
	22	48
	23	50
	23	48
	24	49
	24	50
	24	48
	23	47
	24	47
	25	48
	25	49
	25	47
	24	46
	24	45
	26	47
	26	48
	26	49
	27	48
	27	49
	28	49
	27	50
	28	50
	26	50
	25	50
	29	50
	28	51
	29	51
	29	49
	27	51
	30	50
	30	51
	30	49
	31	50
	31	51
	31	49
	32	50
	32	51
	32	49
	33	50
	33	51
	33	49
	26	51
	25	51
	27	52
	28	52
	26	52
	29	52
	30	52
	31	52
	32	52
	34	51
	33	52
	34	52
	34	50
	35	51
	35	52
	35	50
	34	49
	35	49
	34	48
	35	48
	35	47
	36	48
	36	49
	36	47
	37	48
	37	49
	37	47
	38	47
	37	46
	38	48
	38	46
	36	46
	39	47
	40	47
	39	48
	39	46
	40	48
	40	46
	42	47
	43	47
	41	47
	42	48
	42	46
	43	48
	41	48
	41	46
	42	49
	43	49
	41	49
	40	49
	39	49
	38	49
	44	48
	45	48
	44	49
	44	47
	45	49
	45	47
	46	48
	47	48
	46	49
	46	47
	47	49
	47	47
	48	48
	49	48
	48	49
	48	47
	49	49
	49	47
	50	48
	51	48
	50	49
	50	47
	51	49
	51	47
	52	48
	53	48
	52	49
	52	47
	53	49
	53	47
	54	48
	54	49
	54	47
	55	48
	56	48
	55	49
	55	47
	56	49
	56	47
	57	48
	57	49
	57	47
	58	48
	58	49
	58	47
	59	48
	59	49
	59	47
	60	48
	60	49
	60	47
	58	50
	59	50
	57	50
	55	50
	56	50
	54	50
	51	50
	52	50
	50	50
	51	51
	52	51
	50	51
	48	50
	49	50
	47	50
	48	51
	49	51
	47	51
	45	50
	46	50
	44	50
	45	51
	46	51
	44	51
	43	50
	43	51
	42	50
	41	50
	42	51
	41	51
	40	50
	39	50
	40	51
	39	51
	38	50
	37	50
	38	51
	37	51
	36	50
	36	51
	53	50
	53	51
	54	51
	55	51
	56	51
	57	51
	58	51
	57	52
	58	52
	56	52
	59	51
	60	51
	59	52
	60	52
	60	50
	61	51
	61	52
	62	51
	62	52
	63	51
	63	52
	64	51
	64	52
	65	52
	64	53
	65	53
	65	51
	63	53
	66	52
	66	51
	64	54
	65	54
	63	54
	62	53
	61	53
	62	54
	61	54
	60	53
	59	53
	58	53
	62	55
	63	55
	61	55
	65	56
	64	56
	65	57
	65	55
	66	57
	64	57
	64	55
	149	41
	150	41
	149	42
	149	40
	150	42
	150	40
	148	42
	151	40
	150	39
	151	41
	151	39
	149	39
	150	38
	151	38
	149	38
	150	37
	151	37
	149	37
	150	36
	151	36
	149	36
	150	34
	151	34
	149	34
	150	35
	150	33
	151	35
	151	33
	149	35
	149	33
	150	32
	151	32
	149	32
	150	31
	151	31
	149	31
	150	30
	151	30
	149	30
	150	29
	151	29
	149	29
	150	27
	151	27
	149	27
	150	28
	150	26
	151	28
	151	26
	149	28
	149	26
	150	24
	151	24
	149	24
	150	25
	150	23
	151	25
	151	23
	149	25
	149	23
	150	22
	151	22
	150	21
	151	21
	150	20
	151	20
	150	19
	151	19
	150	18
	151	18
	150	17
	151	17
	150	16
	151	16
	150	15
	151	15
	149	15
	150	14
	151	14
	149	14
	150	13
	151	13
	149	13
	150	12
	151	12
	150	11
	151	11
	150	10
	151	10
	150	9
	151	9
	150	8
	151	8
	150	7
	151	7
	150	6
	151	6
	149	6
	150	5
	151	5
	150	4
	151	4
	150	3
	151	3
	151	42
	151	45
	150	45
	151	46
	151	44
	150	46
	150	44
	151	49
	150	49
	151	50
	151	48
	150	50
	150	48
	151	51
	150	51
	151	52
	150	52
	151	53
	148	54
	149	51
	149	52
	149	50
	149	49
	149	48
	150	47
	151	47
	149	47
	149	46
	151	43
	150	43
	148	50
	148	51
	148	49
	147	51
	148	52
	147	52
	147	50
	146	51
	146	52
	146	50
	145	51
	145	52
	145	50
	145	49
	146	49
	145	48
	146	48
	145	47
	146	47
	145	46
	146	46
	147	47
	147	48
	147	46
	146	45
	147	45
	145	45
	148	46
	148	47
	148	45
	147	44
	148	44
	146	44
	149	45
	149	44
	148	43
	149	43
	147	43
	147	42
	146	43
	148	48
	147	49
	150	1
	151	1
	150	2
	150	0
	151	2
	151	0
	152	1
	153	1
	152	0
	153	0
	154	69
	155	69
	156	69
	157	69
	158	69
	159	69
	160	69
	161	69
	162	69
	164	69
	165	69
	163	69
	167	69
	168	69
	166	69
	170	69
	171	69
	169	69
	172	69
	173	69
	175	69
	176	69
	174	69
	177	69
	178	69
	179	69
	180	69
	181	69
	182	69
	183	69
	185	69
	186	69
	184	69
	187	69
	188	69
	190	69
	191	69
	189	69
	193	69
	194	69
	192	69
	196	69
	197	69
	195	69
	198	69
	199	69
	201	69
	202	69
	200	69
	203	69
	204	69
	206	69
	207	69
	205	69
	208	69
	209	69
	210	69
	211	69
	212	69
	213	69
	214	69
	215	69
	216	69
	217	69
	218	69
	218	68
	218	67
	219	69
	220	69
	219	68
	220	68
	219	67
	220	67
	219	66
	220	66
	218	66
	219	65
	220	65
	218	65
	219	64
	220	64
	218	64
	219	63
	220	63
	218	63
	219	62
	220	62
	218	62
	219	61
	220	61
	218	61
	219	60
	220	60
	218	60
	219	59
	220	59
	218	59
	219	58
	220	58
	218	58
	219	57
	220	57
	218	57
	219	56
	220	56
	218	56
	219	55
	220	55
	218	55
	219	54
	220	54
	218	54
	221	55
	221	56
	221	54
	220	53
	221	53
	219	53
	220	52
	221	52
	219	52
	220	51
	221	51
	219	51
	220	50
	221	50
	219	50
	220	49
	221	49
	219	49
	220	48
	221	48
	219	48
	218	52
	218	53
	218	51
	218	50
	218	49
	220	47
	221	47
	219	47
	220	46
	221	46
	219	46
	222	46
	222	47
	223	46
	223	47
	223	45
	222	48
	223	48
	224	47
	224	48
	224	46
	223	49
	224	49
	222	49
	224	45
	223	44
	224	44
	223	43
	224	43
	225	44
	225	45
	225	43
	224	42
	225	42
	223	42
	224	41
	225	41
	223	41
	224	40
	225	40
	223	40
	224	39
	225	39
	223	39
	224	38
	225	38
	223	38
	224	37
	225	37
	223	37
	224	36
	225	36
	223	36
	224	35
	225	35
	223	35
	224	34
	225	34
	223	34
	224	33
	225	33
	223	33
	224	32
	225	32
	223	32
	224	31
	225	31
	223	31
	224	30
	225	30
	223	30
	224	29
	225	29
	223	29
	223	28
	224	28
	223	27
	224	27
	223	26
	224	26
	223	25
	224	25
	223	24
	224	24
	223	23
	224	23
	223	22
	224	22
	223	21
	224	21
	222	21
	223	20
	224	20
	222	20
	225	24
	225	25
	225	23
	225	26
	225	27
	225	28
	223	19
	224	19
	222	19
	221	20
	221	21
	221	19
	220	20
	220	21
	220	19
	219	19
	219	18
	220	18
	221	18
	220	17
	221	17
	219	17
	220	16
	221	16
	219	16
	219	15
	220	15
	219	14
	220	14
	219	13
	220	13
	219	12
	220	12
	219	11
	220	11
	219	10
	220	10
	219	9
	220	9
	221	15
	221	14
	221	13
	221	12
	221	11
	221	10
	221	9
	220	8
	221	8
	219	8
	220	7
	221	7
	219	7
	220	6
	221	6
	219	6
	220	5
	221	5
	219	5
	220	4
	221	4
	219	4
	220	3
	221	3
	219	3
	220	2
	221	2
	219	2
	220	1
	221	1
	219	1
	220	0
	221	0
	219	0
	218	0
	218	1
	215	45
	215	44
	215	43
	215	42
	215	41
	215	40
	215	39
	215	38
	215	37
	215	36
	215	35
	215	34
	215	33
	215	32
	215	31
	215	30
	215	29
	215	28
	215	27
	215	26
	215	25
	215	24
	215	23
	215	22
	215	21
	215	20
	215	19
	215	18
	215	17
	215	16
	215	15
	215	14
	215	13
	215	12
	215	11
	215	10
	215	9
	215	8
	215	7
	215	6
	215	5
	216	25
	216	24
	217	42
	218	42
	216	42
	217	41
	218	41
	216	41
	219	42
	219	41
	218	40
	219	40
	217	40
	219	39
	218	39
	217	39
	218	38
	219	38
	217	38
	218	37
	219	37
	217	37
	218	36
	219	36
	217	36
	218	35
	219	35
	217	35
	218	34
	219	34
	217	34
	218	33
	219	33
	217	33
	218	32
	219	32
	217	32
	218	31
	219	31
	217	31
	218	30
	219	30
	217	30
	218	29
	219	29
	217	29
	218	28
	219	28
	217	28
	218	27
	219	27
	217	27
	218	26
	219	26
	217	26
	218	25
	219	25
	217	25
	218	24
	219	24
	217	24
	216	26
	216	27
	216	28
	216	29
	216	30
	216	31
	216	32
	216	33
	216	34
	216	35
	216	36
	216	37
	216	38
	216	39
	216	40
	158	1
	159	1
	158	2
	159	2
	160	1
	160	2
	161	1
	161	2
	162	1
	162	2
	163	1
	163	2
	164	1
	164	2
	165	1
	165	2
	166	1
	166	2
	167	1
	167	2
	168	1
	168	2
	169	1
	169	2
	170	1
	170	2
	171	1
	171	2
	172	1
	172	2
	173	1
	173	2
	174	1
	174	2
	175	1
	175	2
	176	1
	176	2
	177	1
	177	2
	178	2
	157	59
	156	59
	178	1
	157	60
	179	2
	156	60
	179	1
	180	2
	157	61
	180	1
	181	2
	182	2
	157	62
	181	1
	157	64
	182	1
	183	2
	157	63
	183	1
	184	1
	184	2
	185	1
	186	1
	185	2
	186	2
	187	1
	188	1
	187	2
	188	2
	189	1
	189	2
	190	1
	190	2
	191	1
	191	2
	194	1
	195	1
	193	1
	194	2
	195	2
	193	2
	196	1
	197	1
	196	2
	197	2
	198	1
	198	2
	199	1
	199	2
	192	1
	192	2
	200	1
	200	2
	201	1
	202	1
	201	2
	202	2
	203	1
	203	2
	204	1
	204	2
	205	1
	206	1
	205	2
	206	2
	207	1
	207	2
	208	1
	208	2
	209	1
	209	2
	210	1
	210	2
	211	1
	211	2
	212	1
	212	2
	213	1
	214	1
	213	2
	214	2
	156	58
	157	58
	156	57
	157	57
	156	56
	157	56
	156	55
	157	55
	156	54
	157	54
	156	53
	157	53
	156	52
	157	52
	156	51
	157	51
	156	50
	157	50
	156	49
	157	49
	156	48
	157	48
	156	47
	157	47
	156	46
	157	46
	156	45
	157	45
	156	44
	157	44
	156	43
	157	43
	156	42
	157	42
	156	41
	157	41
	156	40
	157	40
	156	39
	157	39
	156	38
	157	38
	156	37
	157	37
	156	36
	157	36
	156	35
	157	35
	156	34
	157	34
	156	33
	157	33
	156	32
	157	32
	156	31
	157	31
	156	30
	157	30
	156	29
	157	29
	156	28
	157	28
	156	27
	157	27
	156	26
	157	26
	156	25
	157	25
	156	24
	157	24
	156	23
	157	23
	156	22
	157	22
	138	51
	139	51
	138	50
	139	50
	140	51
	140	50
	141	51
	141	50
	142	51
	142	50
	142	49
	142	48
	142	47
	142	46
	142	45
	156	20
	157	20
	156	21
	156	19
	157	21
	157	19
	156	18
	157	18
	156	17
	157	17
	156	16
	157	16
	156	15
	157	15
	156	14
	157	14
	156	13
	157	13
	156	12
	157	12
	156	11
	157	11
	156	10
	157	10
	156	9
	157	9
	156	8
	157	8
	156	7
	157	7
	156	6
	157	6
	156	5
	157	5
	157	4
	214	3
	214	4
	213	4
	214	5
	213	5
	213	3
	214	6
	213	6
	214	7
	213	7
	214	8
	213	8
	94	18
	213	9
	214	9
	39	41
	93	18
	213	10
	214	10
	37	41
	213	11
	214	11
	61	41
	213	13
	214	13
	213	14
	213	12
	214	14
	214	12
	213	15
	213	16
	213	17
	214	15
	214	16
	214	17
	214	18
	213	18
	214	19
	214	20
	214	21
	214	22
	214	23
	214	24
	214	25
	214	26
	214	27
	214	28
	213	28
	214	29
	213	29
	214	30
	213	30
	214	31
	213	31
	214	32
	213	32
	214	33
	213	33
	214	34
	213	34
	214	35
	213	35
	214	36
	213	36
	214	37
	213	37
	214	38
	214	39
	214	40
	214	41
	214	42
	214	43
	214	44
	214	45
	214	46
	214	47
	213	47
	214	48
	213	48
	214	49
	213	49
	214	50
	213	50
	214	51
	213	51
	214	52
	213	52
	214	53
	213	53
	214	54
	213	54
	214	55
	213	55
	214	56
	213	56
	214	57
	213	57
	214	58
	213	58
	214	59
	213	59
	214	60
	213	60
	214	61
	213	61
	214	62
	213	62
	214	63
	213	63
	214	64
	213	64
	18	15
	20	15
	21	15
	23	15
	24	15
	25	15
	22	15
	19	15
	19	14
	20	14
	21	14
	22	14
	23	14
	35	15
	36	15
	37	15
	38	15
	39	15
	40	15
	41	15
	42	15
	42	14
	41	14
	40	14
	39	14
	38	14
	37	14
	61	15
	62	15
	63	15
	64	15
	65	15
	66	15
	67	15
	68	15
	70	15
	71	15
	72	15
	73	15
	69	15
	61	14
	63	14
	64	14
	65	14
	66	14
	67	14
	69	14
	70	14
	71	14
	72	14
	73	14
	68	14
	62	14
	95	15
	96	15
	97	15
	98	15
	99	15
	58	16
	59	16
	60	16
	61	16
	63	16
	64	16
	65	16
	67	16
	69	16
	70	16
	71	16
	72	16
	73	16
	68	16
	66	16
	62	16
InvisibleObstacle		
F1		
	49	36
	49	45
	48	28
	48	29
	48	30
	47	28
	47	29
	47	30
	47	31
	47	32
	47	33
	47	34
	47	35
	47	36
	47	37
	47	38
	49	39
	47	40
	49	40
	47	44
	48	44
	46	44
	47	45
	47	43
	48	45
	48	43
	46	45
	46	35
	46	36
	46	37
	46	38
	46	39
	46	40
	46	41
	49	43
	48	40
	49	41
	49	44
	49	38
	46	43
	46	42
	46	34
	46	33
	46	32
	46	31
	46	30
	46	29
	46	28
	48	39
	47	39
	48	38
	48	37
	48	36
	48	35
	48	34
	48	33
	48	32
	49	37
	48	31
	48	42
	47	41
	48	41
	49	42
	47	42
	49	35
	49	34
	49	33
	49	32
	49	31
	49	30
	49	29
	49	28
AW1		
	74	29
	76	29
	74	30
	76	35
	75	29
	74	35
	76	34
	76	30
	74	32
	75	33
	75	30
	75	31
	76	33
	74	31
	76	32
	74	34
	76	31
	74	33
	76	39
	75	32
	74	39
	75	34
	75	40
	75	39
	75	38
	74	36
	75	35
	75	36
	76	40
	76	36
	74	38
	74	40
	76	38
	74	37
	76	37
	75	37
	36	43
	36	42
	36	41
	36	40
	36	39
	36	38
	36	37
	36	36
	36	35
	36	34
	36	33
	36	32
	36	31
	36	30
	36	29
	36	28
	35	44
	35	43
	35	42
	35	41
	35	40
	35	39
	35	38
	35	37
	35	36
	35	35
	35	34
	35	33
	35	32
	35	31
	35	30
	35	29
	35	28
	35	27
	35	26
	35	25
F2		
	92	39
	93	39
	91	39
	92	40
	92	38
	93	40
	93	38
	91	40
	91	38
	90	39
	90	40
	90	38
	91	37
	92	37
	90	37
	91	36
	92	36
	90	36
	91	35
	92	35
	90	35
	91	34
	92	34
	90	34
	91	33
	92	33
	90	33
	91	32
	92	32
	90	32
	91	31
	92	31
	90	31
	91	30
	92	30
	90	30
	91	29
	92	29
	90	29
	93	30
	93	31
	93	29
	93	32
	93	33
	93	34
	93	35
	93	36
	93	37
AW2		
	80	29
	82	29
	81	29
	80	30
	82	30
	81	30
	80	31
	82	31
	81	31
	80	33
	81	33
	82	34
	80	32
	82	32
	81	32
	82	33
	80	34
	81	34
	80	35
	82	35
	81	35
	80	36
	82	36
	81	36
	82	37
	81	39
	80	37
	80	38
	82	39
	81	37
	82	38
	80	39
	80	40
	81	38
	81	40
	82	40
	112	43
	113	43
	111	43
	112	44
	112	42
	113	44
	113	42
	111	44
	111	42
	112	41
	113	41
	111	41
	112	40
	113	40
	111	40
	112	39
	113	39
	111	39
	112	38
	113	38
	111	38
	112	37
	113	37
	111	37
	112	36
	113	36
	111	36
	112	35
	113	35
	111	35
	112	34
	113	34
	111	34
	112	33
	113	33
	111	33
	112	32
	113	32
	111	32
	112	31
	113	31
	111	31
	112	30
	113	30
	111	30
	112	29
	113	29
	111	29
	112	28
	113	28
	111	28
	112	27
	113	27
	111	27
	112	26
	113	26
	111	26
	112	25
	113	25
	111	25
	112	24
	113	24
	111	24
	112	45
	113	45
	111	45
AW3		
	133	43
	134	43
	132	43
	133	44
	133	42
	134	44
	134	42
	132	44
	132	42
	133	41
	134	41
	132	41
	133	40
	134	40
	132	40
	133	39
	134	39
	132	39
	133	38
	134	38
	132	38
	133	37
	134	37
	132	37
	133	36
	134	36
	132	36
	133	35
	134	35
	132	35
	133	34
	134	34
	132	34
	133	33
	134	33
	132	33
	133	32
	134	32
	132	32
	133	31
	134	31
	132	31
	133	30
	134	30
	132	30
	133	29
	134	29
	132	29
	133	28
	134	28
	132	28
