Key	CellX	CellY
VisibleObstacle		
	9	75
	9	74
	9	73
	10	74
	10	75
	10	73
	9	72
	10	72
	9	71
	10	71
	11	72
	11	73
	11	71
	10	70
	11	70
	12	71
	12	72
	12	70
	11	69
	12	69
	12	68
	13	69
	13	70
	13	68
	12	67
	13	67
	11	67
	12	66
	13	66
	14	67
	14	68
	14	66
	13	65
	14	65
	15	66
	15	67
	15	65
	14	64
	15	64
	14	63
	15	63
	16	64
	16	65
	16	63
	15	62
	16	62
	15	61
	16	61
	17	62
	17	63
	17	61
	16	60
	17	60
	15	60
	18	60
	17	59
	18	61
	18	59
	16	59
	17	58
	18	58
	19	59
	19	60
	19	58
	19	57
	17	57
	20	58
	22	54
	22	51
	23	52
	23	53
	23	51
	23	50
	23	49
	24	50
	24	51
	24	49
	24	48
	25	49
	25	50
	25	48
	25	47
	25	46
	26	47
	26	48
	26	46
	25	45
	26	45
	25	44
	26	44
	27	45
	27	46
	27	44
	26	43
	27	43
	25	43
	28	44
	28	45
	28	43
	27	42
	28	42
	26	42
	27	41
	28	41
	26	41
	27	40
	28	40
	26	40
	27	39
	28	39
	27	38
	28	38
	29	39
	29	40
	29	38
	28	37
	29	37
	28	36
	29	36
	27	36
	28	35
	29	35
	28	34
	29	34
	27	34
	28	33
	29	33
	27	33
	28	32
	29	32
	27	32
	28	31
	29	31
	27	31
	28	30
	29	30
	27	30
	28	29
	29	29
	27	29
	28	28
	29	28
	28	27
	29	27
	27	27
	28	26
	29	26
	27	26
	28	25
	29	25
	27	25
	28	24
	29	24
	27	24
	28	23
	29	23
	27	23
	28	22
	29	22
	27	22
	28	21
	29	21
	30	21
	29	20
	30	22
	30	20
	28	20
	31	21
	31	22
	31	20
	30	19
	31	19
	29	19
	30	18
	31	18
	29	18
	32	19
	32	20
	32	18
	31	17
	32	17
	30	17
	33	18
	33	19
	33	17
	32	16
	33	16
	31	16
	34	17
	34	18
	34	16
	33	15
	34	15
	32	15
	35	16
	35	17
	35	15
	36	15
	36	16
	36	14
	37	15
	38	14
	39	13
	40	11
	40	9
	41	9
	41	10
	41	8
	42	8
	42	9
	42	7
	43	8
	43	9
	43	7
	42	6
	43	6
	44	7
	44	8
	44	6
	43	5
	44	5
	42	5
	45	6
	45	7
	45	5
	44	4
	45	4
	43	4
	46	5
	46	6
	46	4
	45	3
	46	3
	44	3
	47	4
	47	5
	47	3
	46	2
	47	2
	45	2
	48	3
	48	4
	48	2
	47	1
	48	1
	46	1
	49	2
	49	3
	49	1
	48	0
	49	0
	47	0
	50	1
	50	2
	50	0
	51	0
	51	1
	52	0
	52	1
	51	2
	52	2
	53	1
	53	2
	53	0
	54	1
	54	2
	54	0
	55	1
	55	2
	55	0
	56	1
	56	2
	56	0
	57	2
	57	1
	58	2
	58	1
	59	2
	59	1
	60	2
	60	1
	61	2
	61	1
	62	2
	62	1
	63	2
	64	2
	57	0
	58	0
	59	0
	60	0
	61	0
	62	0
	63	0
	63	1
	64	0
	64	1
	65	0
	65	1
	66	0
	66	1
	67	0
	67	1
	68	0
	68	1
	9	77
	10	76
	10	77
	11	75
	11	76
	11	74
	12	74
	12	75
	12	73
	13	73
	13	74
	13	72
	13	71
	14	71
	14	72
	14	70
	14	69
	15	70
	15	71
	15	69
	15	68
	16	69
	16	70
	16	68
	16	67
	16	66
	17	66
	17	67
	17	65
	17	64
	18	65
	18	66
	18	64
	18	63
	18	62
	19	62
	19	63
	19	61
	20	61
	20	62
	20	60
	20	59
	21	60
	21	61
	21	59
	21	58
	21	57
	22	58
	22	59
	22	57
	22	56
	23	56
	23	57
	23	55
	23	54
	24	55
	24	56
	24	54
	24	53
	25	54
	25	55
	25	53
	24	52
	25	52
	26	53
	26	54
	26	52
	25	51
	26	51
	26	50
	26	49
	27	49
	27	50
	27	48
	28	48
	27	47
	28	49
	28	47
	29	48
	29	49
	29	47
	28	46
	29	46
	29	45
	29	44
	29	43
	29	42
	29	41
	30	41
	30	42
	30	40
	30	43
	30	44
	30	45
	30	46
	30	47
	30	39
	30	38
	30	37
	30	36
	30	35
	30	34
	30	33
	30	32
	30	31
	30	30
	30	29
	30	28
	30	27
	30	26
	30	25
	30	24
	30	23
	66	2
	67	2
	65	2
	66	3
	67	3
	65	3
	68	2
	68	3
	69	2
	69	3
	69	1
	70	2
	70	3
	69	4
	70	4
	68	4
	71	3
	71	4
	72	3
	72	4
	71	5
	72	5
	70	5
	73	4
	73	5
	73	3
	72	6
	73	6
	71	6
	74	5
	74	6
	74	4
	75	5
	75	6
	74	7
	75	7
	73	7
	76	6
	76	7
	76	5
	77	6
	77	7
	77	5
	78	7
	77	8
	78	8
	78	6
	76	8
	79	7
	79	8
	79	6
	78	9
	79	9
	77	9
	80	8
	80	9
	80	7
	79	10
	80	10
	78	10
	81	9
	81	10
	81	8
	82	9
	82	10
	82	8
	81	11
	82	11
	80	11
	83	10
	83	11
	83	9
	82	12
	83	12
	81	12
	84	11
	84	12
	84	10
	85	11
	85	12
	85	10
	84	13
	85	13
	83	13
	86	12
	86	13
	86	11
	85	14
	86	14
	84	14
	87	13
	87	14
	87	12
	88	13
	88	14
	88	12
	87	11
	88	11
	89	12
	89	13
	89	11
	90	12
	90	13
	90	11
	91	12
	91	13
	91	11
	89	14
	90	14
	91	14
	92	13
	92	14
	92	12
	93	13
	93	14
	93	12
	94	13
	94	14
	94	12
	95	13
	95	14
	95	12
	96	13
	96	14
	96	12
	97	13
	97	14
	97	12
	98	13
	98	14
	98	12
	99	13
	99	14
	99	12
	100	13
	100	14
	100	12
	101	13
	101	14
	101	12
	102	13
	102	14
	102	12
	103	13
	103	14
	103	12
	104	13
	104	14
	104	12
	105	13
	105	14
	105	12
	106	13
	106	14
	106	12
	107	13
	107	14
	107	12
	108	13
	108	14
	108	12
	109	13
	109	14
	109	12
	110	13
	110	14
	110	12
	111	13
	111	14
	111	12
	112	13
	112	14
	112	12
	113	13
	113	14
	113	12
	114	13
	114	14
	114	12
	115	13
	115	14
	115	12
	116	13
	116	14
	116	12
	117	13
	117	14
	117	12
	118	13
	118	14
	118	12
	119	13
	119	14
	119	12
	120	13
	120	14
	120	12
	121	13
	121	14
	121	12
	122	13
	122	14
	122	12
	123	13
	123	14
	123	12
	124	13
	124	14
	124	12
	125	13
	125	14
	125	12
	126	13
	126	14
	126	12
	127	13
	127	14
	127	12
	128	13
	128	14
	128	12
	129	13
	129	14
	129	12
	130	13
	130	14
	130	12
	131	13
	131	14
	131	12
	132	13
	132	14
	132	12
	133	13
	133	14
	133	12
	134	13
	134	14
	134	12
	135	13
	135	14
	135	12
	136	13
	136	14
	136	12
	137	13
	137	14
	137	12
	138	13
	138	14
	138	12
	139	13
	139	14
	139	12
	140	13
	140	14
	140	12
	141	13
	141	14
	141	12
	142	13
	142	14
	142	12
	143	13
	143	14
	143	12
	144	13
	144	14
	144	12
	145	13
	145	14
	145	12
	146	13
	146	14
	146	12
	147	13
	147	14
	147	12
	148	13
	148	14
	148	12
	149	13
	149	14
	149	12
	150	13
	150	14
	150	12
	151	13
	151	14
	151	12
	152	13
	152	14
	152	12
	153	13
	153	14
	153	12
	154	13
	154	14
	154	12
	155	13
	155	14
	155	12
	156	13
	156	14
	156	12
	157	13
	157	14
	157	12
	158	13
	158	14
	158	12
	157	11
	158	11
	156	11
	159	12
	159	13
	159	11
	160	12
	160	13
	160	11
	161	12
	161	13
	161	11
	162	12
	162	13
	162	11
	163	12
	163	13
	163	11
	162	14
	163	14
	161	14
	160	14
	159	14
	164	13
	164	14
	164	12
	165	13
	165	14
	165	12
	166	13
	166	14
	166	12
	167	13
	167	14
	167	12
	168	13
	168	14
	168	12
	169	13
	169	14
	169	12
	170	13
	170	14
	170	12
	171	13
	171	14
	171	12
	172	13
	172	14
	172	12
	173	13
	173	14
	173	12
	174	13
	174	14
	174	12
	175	13
	176	13
	175	14
	175	12
	176	14
	176	12
	177	13
	177	14
	177	12
	178	13
	178	14
	178	12
	179	13
	179	14
	179	12
	180	12
	181	12
	180	13
	180	11
	181	13
	181	11
	179	11
	182	12
	183	12
	182	13
	182	11
	183	13
	183	11
	184	12
	184	13
	184	11
	185	12
	185	13
	185	11
	186	12
	186	13
	186	11
	187	12
	187	13
	187	11
	180	14
	181	14
	182	14
	183	14
	184	14
	185	14
	186	14
	187	14
	188	13
	188	14
	188	12
	189	13
	189	14
	189	12
	190	13
	190	14
	190	12
	191	13
	191	14
	191	12
	192	13
	192	14
	192	12
	193	13
	193	14
	193	12
	194	13
	194	14
	194	12
	195	13
	195	14
	195	12
	196	13
	196	14
	196	12
	197	13
	197	14
	197	12
	198	13
	198	14
	198	12
	199	13
	199	14
	199	12
	200	13
	200	14
	200	12
	198	15
	199	15
	197	15
	198	16
	199	16
	197	16
	200	15
	200	16
	198	17
	199	17
	197	17
	198	18
	199	18
	197	18
	200	17
	200	18
	201	17
	201	18
	201	16
	200	19
	201	19
	199	19
	202	18
	202	19
	202	17
	201	20
	202	20
	200	20
	203	19
	203	20
	203	18
	204	19
	204	20
	204	18
	205	19
	205	20
	205	18
	204	21
	205	21
	203	21
	206	20
	206	21
	206	19
	207	20
	207	21
	207	19
	206	18
	207	18
	208	19
	208	20
	208	18
	207	17
	208	17
	206	17
	209	18
	209	19
	209	17
	210	18
	210	19
	210	17
	211	18
	211	19
	211	17
	210	16
	211	16
	209	16
	212	17
	212	18
	212	16
	213	17
	213	18
	213	16
	214	18
	213	19
	214	19
	214	17
	212	19
	215	18
	215	19
	215	17
	214	20
	215	20
	213	20
	216	19
	216	20
	216	18
	217	19
	217	20
	217	18
	216	21
	217	21
	215	21
	218	20
	218	21
	218	19
	219	20
	219	21
	219	19
	220	19
	219	18
	220	20
	220	18
	218	18
	219	17
	220	17
	218	17
	221	18
	221	19
	221	17
	220	16
	221	16
	219	16
	220	15
	221	15
	219	15
	222	16
	222	17
	222	15
	221	14
	222	14
	220	14
	221	13
	222	13
	220	13
	219	14
	219	13
	222	12
	221	11
	221	12
	219	12
	223	13
	222	11
	219	11
	223	12
	220	11
	223	14
	220	12
	224	13
	224	12
	224	14
	225	13
	225	12
	226	13
	225	14
	226	12
	226	14
	227	13
	228	13
	227	12
	227	14
	229	14
	229	12
	228	14
	230	13
	230	12
	229	13
	230	14
	231	13
	228	12
	231	14
	231	12
	232	13
	232	14
	232	12
	233	13
	233	14
	233	12
	234	13
	234	14
	234	12
	235	13
	235	14
	235	12
	236	13
	236	14
	236	12
	237	13
	237	14
	237	12
	238	13
	238	14
	238	12
	239	13
	239	14
	239	12
	240	13
	240	14
	240	12
	241	13
	241	14
	241	12
	242	13
	242	14
	242	12
	243	13
	243	14
	243	12
	244	13
	244	14
	244	12
	245	13
	245	14
	245	12
	246	13
	246	14
	246	12
	247	13
	247	14
	247	12
	248	13
	248	14
	248	12
	249	13
	249	14
	249	12
	250	13
	250	14
	250	12
	251	13
	251	14
	251	12
	252	13
	252	14
	252	12
	253	13
	253	14
	253	12
	254	13
	254	14
	254	12
	255	13
	255	14
	255	12
	256	13
	256	14
	256	12
	257	13
	257	14
	257	12
	258	13
	258	14
	258	12
	259	13
	259	14
	259	12
	260	13
	260	14
	260	12
	261	13
	261	14
	261	12
	262	13
	262	14
	262	12
	263	13
	263	14
	263	12
	264	13
	264	14
	264	12
	265	13
	265	14
	265	12
	266	13
	266	14
	266	12
	267	13
	267	14
	267	12
	268	13
	268	14
	268	12
	269	13
	269	14
	269	12
	270	13
	270	14
	270	12
	271	13
	271	14
	271	12
	272	13
	272	14
	272	12
	273	13
	273	14
	273	12
	274	13
	274	14
	274	12
	275	13
	275	14
	275	12
	276	13
	276	14
	276	12
	277	13
	277	14
	277	12
	278	13
	278	14
	278	12
	279	13
	279	14
	279	12
	280	13
	280	14
	280	12
	281	13
	281	14
	281	12
	282	13
	282	14
	282	12
	283	14
	282	15
	283	15
	283	13
	281	15
	284	14
	284	15
	284	13
	285	14
	285	15
	285	13
	286	14
	286	15
	286	13
	287	14
	287	15
	287	13
	286	12
	287	12
	285	12
	288	13
	288	14
	288	12
	284	12
	283	12
	289	13
	289	14
	289	12
	290	13
	290	14
	290	12
	291	13
	291	14
	291	12
	292	13
	292	14
	292	12
	293	13
	293	14
	293	12
	294	13
	294	14
	294	12
	295	13
	295	14
	295	12
	296	13
	296	14
	297	13
	297	14
	297	12
	298	13
	298	14
	298	12
	299	13
	299	14
	300	13
	300	14
	301	13
	301	14
	301	12
	302	13
	302	14
	302	12
	303	13
	303	14
	304	13
	304	14
	304	12
	305	13
	305	14
	305	12
	306	13
	306	14
	306	12
	307	13
	307	14
	308	13
	308	14
	308	12
	309	13
	309	14
	309	12
	310	13
	310	14
	310	12
	311	22
	309	24
	308	23
	310	21
	309	21
	307	23
	306	23
	307	22
	306	24
	306	22
	305	23
	305	24
	305	22
	304	23
	304	24
	304	22
	303	23
	303	24
	303	22
	302	23
	302	24
	302	22
	303	25
	304	25
	302	25
	301	24
	301	25
	301	23
	300	24
	300	25
	300	23
	301	26
	302	26
	300	26
	301	27
	302	27
	300	27
	301	28
	302	28
	300	28
	301	29
	302	29
	300	29
	301	30
	302	30
	300	30
	299	30
	300	31
	301	31
	299	31
	299	29
	300	32
	301	32
	299	32
	300	33
	301	33
	299	33
	300	34
	301	34
	299	34
	300	35
	301	35
	299	35
	300	36
	301	36
	299	36
	300	37
	301	37
	299	37
	300	38
	301	38
	299	38
	300	39
	301	39
	299	39
	298	38
	298	39
	298	37
	299	40
	300	40
	298	40
	297	40
	298	41
	299	41
	297	41
	297	39
	296	40
	296	41
	296	39
	295	40
	295	41
	295	39
	294	40
	294	41
	294	39
	293	40
	293	41
	293	39
	292	40
	292	41
	292	39
	291	40
	291	41
	291	39
	290	40
	290	41
	290	39
	289	40
	289	41
	289	39
	288	40
	288	41
	288	39
	287	40
	287	41
	287	39
	286	40
	286	41
	286	39
	285	40
	285	41
	285	39
	284	40
	284	41
	284	39
	283	40
	283	41
	283	39
	282	40
	282	41
	282	39
	281	40
	281	41
	281	39
	280	40
	280	41
	280	39
	279	40
	279	41
	279	39
	278	40
	278	41
	278	39
	277	40
	277	41
	277	39
	276	40
	276	41
	276	39
	275	40
	275	41
	275	39
	274	40
	274	41
	274	39
	273	40
	273	41
	273	39
	272	40
	271	40
	272	41
	272	39
	271	41
	271	39
	270	40
	270	41
	270	39
	269	40
	269	41
	269	39
	268	40
	268	41
	268	39
	267	40
	267	41
	267	39
	266	40
	266	41
	266	39
	265	40
	265	41
	265	39
	264	40
	264	41
	264	39
	263	40
	263	41
	263	39
	262	40
	262	41
	262	39
	261	40
	261	41
	261	39
	259	40
	260	40
	258	40
	259	41
	259	39
	260	41
	260	39
	258	41
	258	39
	257	40
	257	41
	257	39
	256	40
	256	41
	256	39
	255	40
	255	41
	255	39
	254	40
	254	41
	254	39
	253	40
	253	41
	253	39
	252	40
	252	41
	252	39
	251	40
	251	41
	251	39
	250	40
	250	41
	250	39
	249	40
	249	41
	249	39
	248	40
	248	41
	248	39
	247	40
	247	41
	247	39
	246	40
	246	41
	246	39
	245	40
	245	41
	245	39
	244	40
	244	41
	244	39
	243	40
	243	41
	243	39
	242	40
	242	41
	242	39
	241	40
	241	41
	241	39
	240	40
	240	41
	240	39
	239	40
	239	41
	239	39
	238	40
	238	41
	238	39
	237	40
	237	41
	237	39
	238	42
	239	42
	237	42
	236	41
	236	42
	236	40
	235	41
	235	42
	235	40
	234	41
	234	42
	234	40
	236	39
	235	39
	234	39
	233	40
	233	41
	233	39
	232	40
	232	41
	232	39
	231	40
	231	41
	231	39
	230	40
	230	41
	230	39
	229	40
	229	41
	229	39
	228	40
	228	41
	228	39
	227	40
	227	41
	227	39
	226	40
	226	41
	226	39
	225	40
	225	41
	225	39
	224	40
	224	41
	224	39
	223	40
	223	41
	223	39
	222	40
	222	41
	222	39
	221	40
	221	41
	221	39
	220	40
	220	41
	220	39
	219	40
	219	41
	219	39
	218	40
	218	41
	218	39
	217	40
	217	41
	217	39
	216	40
	216	41
	216	39
	215	40
	215	41
	215	39
	214	40
	214	41
	214	39
	213	40
	213	41
	213	39
	212	40
	212	41
	212	39
	211	40
	211	41
	211	39
	206	40
	207	40
	205	40
	206	41
	206	39
	207	41
	207	39
	205	41
	205	39
	204	40
	204	41
	204	39
	210	40
	209	40
	210	41
	210	39
	209	41
	209	39
	208	40
	208	41
	208	39
	203	40
	203	41
	203	39
	202	40
	202	41
	202	39
	201	40
	201	41
	201	39
	200	40
	200	41
	200	39
	199	40
	199	41
	199	39
	198	40
	198	41
	198	39
	197	40
	197	41
	197	39
	196	40
	196	41
	196	39
	195	40
	195	41
	195	39
	194	40
	193	40
	194	41
	194	39
	193	41
	193	39
	192	40
	192	41
	192	39
	191	40
	191	41
	191	39
	187	40
	188	40
	186	40
	187	41
	187	39
	188	41
	188	39
	186	41
	186	39
	185	40
	185	41
	185	39
	184	40
	184	41
	184	39
	190	40
	190	41
	190	39
	189	40
	189	41
	189	39
	183	40
	183	41
	183	39
	182	40
	182	41
	182	39
	181	40
	181	41
	181	39
	180	40
	180	41
	180	39
	179	40
	178	40
	179	41
	179	39
	178	41
	178	39
	177	40
	177	41
	177	39
	176	40
	176	41
	176	39
	175	40
	175	41
	175	39
	174	40
	174	41
	174	39
	173	40
	173	41
	173	39
	172	40
	172	41
	172	39
	171	40
	171	41
	171	39
	170	40
	170	41
	170	39
	169	40
	169	41
	169	39
	168	40
	168	41
	168	39
	167	40
	167	41
	167	39
	166	40
	166	41
	166	39
	165	40
	165	41
	165	39
	164	40
	164	41
	164	39
	163	40
	162	40
	163	41
	163	39
	162	41
	162	39
	161	40
	161	41
	161	39
	160	40
	160	41
	160	39
	157	40
	158	40
	156	40
	157	41
	157	39
	158	41
	158	39
	156	41
	156	39
	155	40
	155	41
	155	39
	154	40
	154	41
	154	39
	153	40
	153	41
	153	39
	159	40
	159	41
	159	39
	152	40
	152	41
	152	39
	151	40
	151	41
	151	39
	150	40
	150	41
	150	39
	149	40
	149	41
	149	39
	148	40
	148	41
	148	39
	147	40
	147	41
	147	39
	146	40
	146	41
	146	39
	145	40
	144	40
	145	41
	145	39
	144	41
	144	39
	143	40
	142	40
	143	41
	143	39
	142	39
	143	38
	144	38
	142	38
	143	37
	144	37
	142	37
	143	36
	144	36
	142	36
	141	37
	141	38
	141	36
	142	35
	143	35
	141	35
	140	36
	140	37
	140	35
	141	34
	142	34
	140	34
	139	35
	139	36
	139	34
	138	35
	138	36
	138	34
	137	35
	137	36
	137	34
	138	37
	139	37
	137	37
	136	36
	136	37
	136	35
	136	34
	135	35
	135	36
	135	34
	134	35
	134	36
	134	34
	135	33
	136	33
	134	33
	133	34
	133	35
	133	33
	132	34
	132	35
	132	33
	131	34
	131	35
	131	33
	132	32
	133	32
	131	32
	130	33
	130	34
	130	32
	130	35
	129	34
	129	35
	129	33
	130	36
	131	36
	129	36
	128	36
	129	37
	130	37
	128	37
	128	35
	129	38
	130	38
	128	38
	127	37
	127	38
	127	36
	128	39
	129	39
	127	39
	126	38
	126	39
	126	37
	128	40
	126	40
	125	39
	125	38
	125	37
	124	39
	124	38
	123	38
	122	39
	122	38
	121	39
	121	38
	120	38
	118	38
	117	39
	117	38
	116	39
	116	38
	115	39
	115	40
	115	38
	114	39
	114	38
	113	39
	113	40
	113	38
	112	39
	112	40
	112	38
	111	39
	111	40
	111	38
	110	39
	110	40
	110	38
	109	39
	109	40
	109	38
	108	39
	108	38
	107	39
	107	40
	107	38
	106	39
	106	40
	106	38
	105	39
	105	40
	105	38
	104	39
	104	40
	104	38
	106	41
	104	41
	103	40
	103	41
	103	39
	102	40
	102	41
	102	39
	101	40
	101	41
	101	39
	102	38
	103	38
	101	38
	100	39
	100	40
	100	38
	99	39
	99	40
	99	38
	98	39
	98	40
	98	38
	97	39
	97	40
	97	38
	96	39
	96	40
	96	38
	95	39
	95	40
	95	38
	94	39
	94	40
	94	38
	93	39
	93	40
	93	38
	92	39
	92	40
	92	38
	91	39
	91	40
	91	38
	90	39
	90	40
	90	38
	89	39
	89	40
	89	38
	88	39
	88	40
	88	38
	87	39
	87	40
	87	38
	86	39
	86	40
	86	38
	85	39
	85	40
	85	38
	84	39
	84	40
	84	38
	85	41
	86	41
	84	41
	83	40
	83	41
	83	39
	84	42
	85	42
	83	42
	82	41
	82	42
	82	40
	81	41
	81	42
	81	40
	80	41
	80	42
	80	40
	81	43
	82	43
	80	43
	79	42
	79	43
	79	41
	78	43
	79	44
	80	44
	78	44
	78	42
	79	45
	80	45
	78	45
	77	44
	77	45
	77	43
	76	44
	76	45
	76	43
	75	44
	75	45
	75	43
	76	46
	77	46
	75	46
	74	45
	74	46
	74	44
	73	45
	73	46
	73	44
	74	47
	75	47
	73	47
	72	46
	72	47
	72	45
	71	46
	71	47
	71	45
	72	48
	73	48
	71	48
	70	47
	70	48
	70	46
	71	49
	72	49
	70	49
	69	48
	69	49
	69	47
	70	50
	71	50
	69	50
	68	49
	68	50
	68	48
	67	49
	67	50
	67	48
	66	49
	66	50
	66	48
	67	51
	68	51
	66	51
	65	50
	65	51
	65	49
	64	50
	64	51
	64	49
	65	52
	66	52
	64	52
	63	51
	63	52
	63	50
	62	51
	62	52
	62	50
	63	53
	64	53
	62	53
	61	52
	61	53
	61	51
	62	54
	63	54
	61	54
	60	53
	60	54
	60	52
	59	53
	59	54
	59	52
	60	55
	61	55
	59	55
	58	54
	58	55
	58	53
	57	55
	58	56
	59	56
	57	56
	57	54
	56	56
	57	57
	58	57
	56	57
	56	55
	55	56
	55	57
	55	55
	56	58
	57	58
	55	58
	54	57
	54	58
	54	56
	53	57
	53	58
	53	56
	54	59
	55	59
	53	59
	52	58
	52	59
	52	57
	51	58
	51	59
	51	57
	52	60
	53	60
	51	60
	52	61
	53	61
	51	61
	50	60
	50	61
	50	59
	51	62
	52	62
	50	62
	49	62
	50	63
	51	63
	49	63
	49	61
	50	64
	51	64
	49	64
	48	63
	48	64
	48	62
	49	65
	50	65
	48	65
	47	65
	48	66
	49	66
	47	66
	47	64
	48	67
	49	67
	47	67
	46	66
	46	67
	46	65
	47	68
	48	68
	46	68
	45	67
	45	68
	45	66
	46	69
	47	69
	45	69
	46	70
	47	70
	45	70
	46	71
	47	71
	45	71
	44	70
	44	71
	44	69
	45	72
	46	72
	44	72
	45	73
	46	73
	44	73
	43	72
	43	73
	43	71
	44	74
	45	74
	43	74
	42	74
	43	75
	44	75
	42	75
	42	73
	43	76
	44	76
	42	76
	41	75
	41	76
	41	74
	42	77
	43	77
	41	77
	40	76
	40	77
	40	75
	41	78
	42	78
	40	78
	39	77
	39	78
	39	76
	40	79
	41	79
	39	79
	40	80
	41	80
	39	80
	38	79
	38	80
	38	78
	39	81
	40	81
	38	81
	37	80
	37	81
	37	79
	38	82
	39	82
	37	82
	38	83
	39	83
	37	83
	36	83
	37	84
	38	84
	36	84
	36	82
	37	85
	38	85
	36	85
	37	86
	38	86
	36	86
	35	85
	35	86
	35	84
	36	87
	37	87
	35	87
	34	87
	35	88
	36	88
	34	88
	34	86
	35	89
	34	89
	33	89
	34	90
	35	90
	33	90
	33	88
	34	91
	33	91
	32	90
	32	91
	32	89
	33	92
	31	91
	31	90
	31	89
	30	90
	30	89
	29	89
	30	88
	31	88
	29	88
	28	88
	29	87
	30	87
	28	87
	27	88
	27	87
	28	86
	29	86
	27	86
	28	85
	29	85
	27	85
	26	86
	26	87
	26	85
	27	84
	28	84
	26	84
	25	85
	25	86
	25	84
	26	83
	27	83
	25	83
	24	84
	24	85
	24	83
	23	84
	23	85
	23	83
	22	85
	23	86
	24	86
	22	86
	22	84
	21	85
	21	86
	21	84
	20	85
	20	84
	21	83
	22	83
	20	83
	19	84
	19	85
	19	83
	20	82
	21	82
	19	82
	20	81
	21	81
	19	81
	18	82
	18	83
	18	81
	17	82
	17	83
	17	81
	18	80
	19	80
	17	80
	16	81
	16	82
	16	80
	17	79
	18	79
	16	79
	15	80
	15	81
	15	79
	14	79
	15	78
	16	78
	14	80
	14	78
	13	79
	13	80
	13	78
	14	77
	15	77
	13	77
	12	78
	12	79
	12	77
	13	76
	14	76
	12	76
	11	77
	11	78
	10	78
	32	88
	31	87
	25	87
	24	87
	23	82
	24	82
	22	82
	22	81
	199	11
	200	11
	198	11
	201	11
	200	10
	201	10
	199	10
	201	9
	199	9
	202	9
	202	10
	220	10
	219	10
	144	42
	141	39
	140	40
	140	39
	140	38
	139	39
	139	40
	139	38
	138	38
	138	39
	137	38
	135	37
	136	38
	135	38
	53	26
	57	22
	58	31
	53	29
	58	22
	52	28
	55	28
	53	28
	59	23
	54	28
	57	30
	55	29
	60	23
	54	27
	56	29
	54	26
	53	27
	56	30
	55	27
	55	26
	54	25
	55	25
	53	25
	54	24
	55	24
	53	24
	61	24
	59	31
	61	28
	54	23
	60	31
	55	23
	61	25
	56	23
	56	24
	60	29
	57	23
	57	24
	61	30
	58	23
	58	24
	61	29
	57	25
	58	25
	56	25
	59	24
	59	25
	62	29
	60	24
	60	25
	62	28
	62	27
	62	26
	54	31
	56	32
	61	26
	62	25
	60	26
	61	27
	60	27
	58	32
	57	32
	60	28
	61	31
	60	30
	59	28
	59	29
	59	27
	54	29
	59	30
	58	29
	58	30
	58	28
	57	29
	52	26
	57	28
	52	25
	56	31
	57	31
	55	31
	56	22
	54	30
	53	30
	58	27
	57	27
	58	26
	59	26
	57	26
	56	26
	56	27
	56	28
	55	30
	52	27
	128	34
	128	33
	129	32
	127	35
	143	34
	143	33
	142	33
	144	33
	145	33
	146	33
	147	33
	147	34
	148	34
	149	34
	149	35
	150	35
	151	35
	151	36
	152	36
	152	37
	152	38
	150	38
	151	38
	149	38
	150	37
	151	37
	149	37
	150	36
	149	36
	148	37
	148	38
	148	36
	147	37
	147	38
	147	36
	146	37
	146	38
	146	36
	145	37
	145	38
	145	36
	146	35
	147	35
	145	35
	144	35
	145	34
	146	34
	144	34
	148	35
	30	86
	30	85
	29	84
	30	84
	28	83
	29	83
	26	82
	27	82
	25	82
	23	81
	20	80
	21	80
	17	78
	16	77
	17	77
	34	19
	35	19
	36	19
	36	18
	37	18
	38	18
	37	19
	38	19
	39	18
	40	18
	40	17
	41	17
	42	17
	41	18
	43	17
	43	16
	43	15
	44	17
	44	16
	44	15
	43	14
	43	13
	44	14
	43	12
	44	12
	44	13
	44	11
	44	10
	44	9
	43	11
	42	10
	43	10
	42	11
	41	11
	42	12
	41	12
	42	13
	41	13
	42	14
	41	14
	40	13
	40	14
	40	12
	41	15
	42	15
	40	15
	41	16
	42	16
	40	16
	39	15
	39	16
	39	14
	38	15
	38	16
	37	16
	38	17
	39	17
	37	17
	36	17
	35	18
	54	3
	55	3
	56	3
	57	3
	57	4
	58	4
	58	3
	59	3
	59	4
	60	3
	49	59
	49	60
	48	60
	48	59
	48	61
	131	15
	132	15
	133	15
	134	15
	90	132
	91	132
	89	132
	90	133
	90	131
	91	133
	91	131
	89	133
	89	131
	90	130
	91	130
	89	130
	90	129
	91	129
	89	129
	90	128
	91	128
	89	128
	90	127
	91	127
	89	127
	90	126
	91	126
	89	126
	90	125
	91	125
	89	125
	90	124
	91	124
	89	124
	90	123
	91	123
	89	123
	90	122
	91	122
	89	122
	90	121
	91	121
	89	121
	90	120
	91	120
	89	120
	90	119
	91	119
	89	119
	90	118
	91	118
	89	118
	90	117
	91	117
	89	117
	92	117
	92	118
	92	116
	90	116
	88	116
	88	117
	93	117
	93	118
	94	117
	94	118
	95	117
	95	118
	95	116
	96	116
	96	117
	97	117
	96	118
	97	118
	98	117
	98	118
	98	116
	99	117
	99	118
	99	116
	100	117
	100	118
	100	116
	101	117
	101	118
	102	117
	102	118
	103	117
	103	118
	103	116
	104	117
	104	118
	104	116
	105	117
	105	118
	105	116
	106	117
	106	118
	106	116
	107	117
	107	118
	107	116
	108	117
	108	118
	108	116
	109	117
	109	118
	109	116
	110	117
	110	118
	110	116
	111	117
	111	118
	111	116
	112	117
	112	118
	112	116
	110	119
	111	119
	109	119
	110	120
	111	120
	109	120
	94	119
	95	119
	93	119
	94	120
	95	120
	93	120
	92	119
	92	120
	113	117
	114	117
	113	118
	113	116
	114	118
	114	116
	115	117
	115	118
	115	116
	116	117
	116	118
	116	116
	117	117
	117	118
	117	116
	118	117
	118	118
	118	116
	119	117
	119	118
	119	116
	120	117
	120	118
	120	116
	121	117
	121	118
	121	116
	122	117
	122	118
	122	116
	123	117
	123	118
	124	117
	124	118
	124	116
	125	117
	125	118
	126	117
	126	118
	125	119
	126	119
	124	119
	125	120
	126	120
	124	120
	127	120
	126	121
	127	121
	127	119
	125	121
	126	122
	127	122
	125	122
	126	123
	127	123
	125	123
	126	124
	127	124
	125	124
	126	125
	127	125
	125	125
	126	126
	127	126
	125	126
	126	127
	127	127
	125	127
	126	128
	127	128
	125	128
	126	129
	127	129
	125	129
	126	130
	127	130
	125	130
	126	131
	127	131
	125	131
	126	132
	127	132
	125	132
	128	131
	128	132
	128	130
	126	133
	127	133
	125	133
	128	133
	129	132
	129	133
	129	131
	130	132
	130	133
	130	131
	131	132
	131	133
	131	131
	132	132
	132	133
	132	131
	133	132
	133	133
	133	131
	134	132
	134	133
	134	131
	135	132
	135	133
	135	131
	136	132
	136	133
	136	131
	137	132
	137	133
	137	131
	138	132
	138	133
	138	131
	139	132
	139	133
	139	131
	140	132
	140	133
	140	131
	139	130
	140	130
	138	130
	139	129
	140	129
	138	129
	140	128
	90	134
	91	134
	89	134
	90	135
	91	135
	89	135
	90	136
	91	136
	89	136
	90	137
	91	137
	89	137
	90	138
	91	138
	89	138
	90	139
	91	139
	89	139
	90	140
	91	140
	89	140
	90	141
	91	141
	89	141
	90	142
	91	142
	89	142
	90	143
	91	143
	89	143
	90	144
	91	144
	89	144
	90	146
	91	146
	89	146
	90	147
	90	145
	91	147
	91	145
	89	147
	89	145
	90	148
	91	148
	89	148
	90	149
	91	149
	89	149
	90	150
	91	150
	89	150
	90	151
	91	151
	89	151
	90	152
	91	152
	89	152
	90	153
	91	153
	89	153
	90	154
	91	154
	89	154
	90	155
	91	155
	89	155
	90	159
	91	159
	89	159
	90	160
	90	158
	91	160
	91	158
	89	160
	89	158
	90	157
	91	157
	89	157
	90	156
	91	156
	89	156
	90	161
	91	161
	89	161
	90	162
	91	162
	89	162
	90	163
	91	163
	89	163
	90	164
	91	164
	89	164
	90	165
	91	165
	89	165
	92	165
	91	166
	92	166
	92	164
	90	166
	93	166
	92	167
	93	167
	93	165
	91	167
	94	167
	93	168
	94	168
	94	166
	92	168
	95	168
	94	169
	95	169
	95	167
	93	169
	96	169
	95	170
	96	170
	96	168
	94	170
	97	170
	96	171
	97	171
	97	169
	95	171
	98	171
	97	172
	98	172
	98	170
	96	172
	99	172
	99	174
	99	173
	99	171
	100	173
	100	174
	98	173
	97	173
	100	172
	98	174
	101	174
	100	175
	101	175
	101	173
	99	175
	102	175
	101	176
	102	176
	102	174
	100	176
	103	176
	102	177
	103	177
	103	175
	101	177
	104	177
	103	178
	104	178
	104	176
	102	178
	105	178
	104	179
	105	179
	105	177
	103	179
	107	178
	108	178
	106	178
	107	179
	107	177
	108	179
	108	177
	106	179
	106	177
	109	178
	109	179
	109	177
	110	178
	110	179
	110	177
	111	178
	111	179
	111	177
	112	178
	112	179
	112	177
	113	178
	113	179
	113	177
	114	178
	114	179
	114	177
	115	178
	115	179
	115	177
	116	178
	116	179
	116	177
	117	178
	117	179
	117	177
	118	178
	118	179
	118	177
	119	178
	119	179
	119	177
	120	178
	120	179
	120	177
	121	178
	121	179
	121	177
	122	178
	122	179
	122	177
	123	178
	123	179
	123	177
	124	178
	124	179
	124	177
	125	178
	125	179
	125	177
	126	178
	126	179
	126	177
	127	178
	127	179
	127	177
	128	178
	129	178
	128	179
	128	177
	129	179
	129	177
	130	178
	130	179
	130	177
	131	178
	131	179
	131	177
	130	175
	131	175
	129	175
	130	176
	130	174
	131	176
	131	174
	129	176
	129	174
	129	172
	130	172
	128	172
	129	173
	129	171
	130	173
	130	171
	128	173
	128	171
	129	170
	130	170
	128	170
	129	169
	130	169
	128	169
	131	170
	132	170
	131	171
	131	169
	132	171
	132	169
	133	169
	132	168
	133	170
	133	168
	131	168
	134	168
	133	167
	134	169
	134	167
	132	167
	135	167
	136	167
	135	168
	135	166
	136	168
	136	166
	134	166
	137	166
	138	166
	137	167
	137	165
	138	167
	138	165
	136	165
	139	166
	140	166
	139	167
	139	165
	140	167
	140	165
	141	167
	140	168
	141	168
	141	166
	139	168
	142	168
	142	167
	140	169
	143	166
	144	166
	142	166
	143	167
	143	165
	144	165
	142	165
	145	166
	145	167
	145	165
	144	164
	145	164
	143	164
	144	163
	145	163
	143	163
	144	162
	145	162
	143	162
	146	163
	146	164
	146	162
	144	161
	145	161
	143	161
	147	162
	146	161
	147	163
	147	161
	148	162
	149	162
	148	163
	148	161
	149	163
	149	161
	148	164
	149	164
	147	164
	148	165
	147	165
	151	164
	152	164
	150	164
	151	163
	152	165
	152	163
	150	165
	150	163
	153	164
	153	165
	153	163
	154	164
	154	165
	154	163
	155	164
	155	165
	155	163
	156	164
	156	165
	156	163
	157	164
	157	165
	157	163
	158	164
	158	165
	158	163
	159	164
	159	165
	159	163
	160	164
	160	165
	160	163
	161	164
	161	165
	161	163
	162	164
	162	165
	162	163
	163	164
	163	165
	163	163
	164	164
	164	165
	164	163
	165	164
	165	165
	165	163
	166	164
	166	165
	166	163
	167	164
	167	165
	167	163
	168	164
	168	165
	168	163
	169	164
	169	165
	169	163
	170	164
	170	165
	170	163
	171	164
	171	165
	171	163
	172	164
	172	165
	172	163
	173	164
	173	165
	173	163
	172	166
	173	166
	171	166
	172	167
	173	167
	171	167
	172	168
	173	168
	171	168
	172	169
	173	169
	171	169
	174	169
	175	169
	174	170
	174	168
	175	170
	175	168
	173	170
	175	171
	176	171
	174	171
	175	172
	176	172
	176	170
	174	172
	176	173
	177	173
	175	173
	176	174
	177	174
	177	172
	175	174
	175	175
	176	175
	174	175
	175	176
	176	176
	174	176
	174	174
	175	177
	175	178
	176	178
	177	178
	176	179
	176	177
	177	179
	177	177
	178	178
	178	179
	178	177
	179	179
	178	180
	179	180
	179	178
	177	180
	180	180
	179	181
	180	181
	180	179
	181	181
	180	182
	181	182
	181	180
	183	180
	184	180
	182	180
	183	181
	183	179
	184	181
	184	179
	182	181
	182	179
	181	179
	185	179
	184	178
	185	180
	185	178
	183	178
	184	177
	185	177
	183	177
	186	178
	187	178
	186	179
	186	177
	187	177
	188	177
	187	176
	188	178
	188	176
	186	176
	189	177
	190	177
	189	176
	190	178
	190	176
	191	178
	191	179
	191	177
	192	179
	192	180
	192	178
	193	180
	192	181
	193	181
	193	179
	194	181
	193	182
	194	182
	194	180
	192	182
	194	179
	195	181
	195	182
	195	180
	193	183
	194	183
	192	183
	193	184
	194	184
	193	186
	194	186
	195	186
	194	187
	194	185
	195	187
	195	185
	193	187
	196	186
	196	187
	196	185
	197	186
	197	187
	197	185
	198	186
	198	187
	198	185
	199	186
	199	187
	199	185
	200	186
	200	187
	200	185
	201	186
	201	187
	201	185
	202	186
	202	187
	202	185
	203	186
	203	187
	203	185
	204	186
	204	187
	204	185
	205	186
	205	187
	205	185
	206	186
	206	187
	206	185
	207	186
	207	187
	207	185
	208	186
	208	187
	208	185
	209	186
	210	186
	209	185
	210	185
	209	183
	210	183
	208	183
	209	184
	209	182
	210	184
	210	182
	208	184
	208	182
	211	182
	210	181
	211	183
	211	181
	209	181
	212	181
	211	180
	212	182
	212	180
	210	180
	209	180
	211	179
	212	179
	210	179
	213	179
	212	178
	213	180
	213	178
	211	178
	212	177
	213	177
	211	177
	212	175
	213	175
	211	175
	212	176
	212	174
	213	176
	213	174
	211	176
	211	174
	210	174
	211	173
	212	173
	210	175
	210	173
	211	172
	212	172
	210	172
	213	173
	211	171
	209	169
	210	169
	208	169
	209	170
	209	168
	210	170
	208	170
	208	168
	207	169
	206	169
	207	170
	207	168
	206	170
	206	168
	205	169
	205	170
	205	168
	206	167
	207	167
	205	167
	206	166
	207	166
	205	166
	206	165
	207	165
	205	165
	206	164
	207	164
	205	164
	206	163
	207	163
	205	163
	206	162
	207	162
	205	162
	206	161
	207	161
	205	161
	206	160
	207	160
	205	160
	206	159
	207	159
	205	159
	206	158
	207	158
	205	158
	206	157
	207	157
	205	157
	206	156
	207	156
	205	156
	206	155
	207	155
	205	155
	206	154
	207	154
	205	154
	206	153
	207	153
	205	153
	206	152
	207	152
	205	152
	206	151
	207	151
	205	151
	206	150
	207	150
	205	150
	206	149
	207	149
	205	149
	206	148
	207	148
	205	148
	206	147
	207	147
	205	147
	206	146
	207	146
	205	146
	206	145
	207	145
	205	145
	206	144
	207	144
	205	144
	206	143
	207	143
	205	143
	206	142
	205	142
	205	141
	204	141
	203	141
	204	142
	204	140
	205	140
	203	142
	203	140
	202	141
	202	142
	202	140
	201	140
	200	140
	201	141
	201	139
	202	139
	200	141
	200	139
	199	140
	198	140
	199	141
	199	139
	198	141
	198	139
	197	139
	198	138
	199	138
	197	140
	197	138
	196	138
	195	138
	196	139
	196	137
	197	137
	195	139
	195	137
	194	136
	195	136
	193	136
	194	137
	194	135
	195	135
	193	137
	193	135
	192	136
	192	137
	192	135
	191	136
	191	137
	191	135
	190	136
	190	137
	190	135
	189	136
	189	137
	189	135
	190	134
	191	134
	189	134
	190	133
	191	133
	189	133
	190	132
	191	132
	189	132
	190	131
	191	131
	189	131
	190	130
	191	130
	189	130
	190	129
	191	129
	189	129
	188	130
	188	131
	188	129
	186	129
	187	129
	185	129
	186	130
	186	128
	187	130
	187	128
	185	130
	185	128
	184	129
	184	130
	184	128
	183	128
	184	127
	185	127
	183	129
	183	127
	182	127
	183	126
	184	126
	182	128
	182	126
	181	126
	182	125
	183	125
	181	127
	181	125
	181	124
	182	124
	180	124
	181	123
	182	123
	180	125
	180	123
	179	123
	180	122
	181	122
	179	124
	179	122
	178	122
	179	121
	180	121
	178	123
	178	121
	177	122
	176	122
	177	123
	177	121
	176	123
	176	121
	175	122
	175	123
	175	121
	174	122
	174	123
	174	121
	173	122
	173	123
	173	121
	172	122
	172	123
	172	121
	171	122
	171	123
	171	121
	170	122
	170	123
	170	121
	169	122
	169	123
	169	121
	168	122
	168	123
	168	121
	167	122
	167	123
	167	121
	166	122
	166	123
	166	121
	165	122
	165	123
	165	121
	164	122
	164	123
	164	121
	163	122
	163	123
	163	121
	162	122
	162	123
	162	121
	161	122
	161	123
	161	121
	160	122
	160	123
	160	121
	159	122
	159	123
	159	121
	158	122
	158	123
	158	121
	157	122
	157	123
	157	121
	158	120
	159	120
	157	120
	158	119
	159	119
	157	119
	158	118
	159	118
	157	118
	158	117
	159	117
	157	117
	158	116
	159	116
	157	116
	158	115
	159	115
	157	115
	156	115
	155	115
	156	116
	156	114
	157	114
	155	116
	155	114
	154	116
	153	116
	154	117
	154	115
	155	117
	153	117
	153	115
	152	116
	151	116
	152	117
	152	115
	151	117
	151	115
	150	117
	151	118
	152	118
	150	118
	150	116
	149	118
	150	119
	151	119
	149	119
	149	117
	149	120
	150	120
	148	120
	149	121
	150	121
	148	121
	148	119
	147	119
	148	118
	147	120
	147	118
	146	119
	146	120
	146	118
	145	118
	144	118
	145	119
	145	117
	146	117
	144	119
	144	117
	144	116
	145	116
	143	118
	145	146
	146	146
	147	146
	148	146
	149	146
	149	145
	149	144
	149	143
	149	142
	149	141
	149	140
	148	145
	148	144
	148	143
	148	142
	148	141
	148	140
	149	139
	148	139
	148	138
	147	138
	147	137
	146	137
	146	136
	145	136
	145	135
	148	137
	144	135
	144	134
	144	133
	143	133
	143	132
	143	131
	143	130
	143	129
	143	128
	143	127
	143	126
	143	125
	143	124
	143	123
	143	122
	143	121
	143	120
	143	119
	144	132
	144	131
	141	133
	142	133
	141	132
	142	132
	141	131
	142	131
	145	134
	143	134
	146	135
	147	136
	149	138
	308	21
	309	20
	308	20
	309	19
	308	19
	309	18
	310	18
	308	18
	309	17
	309	16
	309	15
	308	15
	308	16
	308	17
	147	139
	146	138
	145	137
	144	136
	143	135
	142	134
	144	146
	205	184
	206	184
	206	183
	207	183
	207	182
	209	173
	209	172
	208	172
	208	171
	207	171
	145	133
	145	132
	145	131
	145	130
	145	129
	145	128
	145	127
	145	126
	145	125
	145	124
	145	123
	145	122
	145	121
	145	120
	144	130
	144	128
	144	127
	144	126
	144	125
	144	124
	144	123
	144	122
	144	121
	144	120
	144	129
	146	134
	147	135
	148	136
	149	137
	144	147
	145	147
	146	147
	147	147
	148	147
	149	147
	144	160
	145	160
	146	160
	147	160
	148	160
	149	160
	143	160
	130	39
	131	40
	132	40
	131	39
	132	39
	132	38
	133	38
	131	38
	132	37
	133	39
	133	37
	131	37
	132	36
	133	36
	134	40
	134	39
	136	40
	135	39
	136	39
	134	38
	134	37
	137	40
	137	39
	119	40
	222	10
	223	11
	224	10
	225	10
	224	11
	225	11
	225	9
	226	10
	229	9
	227	9
	227	10
	228	10
	227	11
	228	11
	226	11
	217	10
	215	10
	216	12
	217	12
	215	12
	216	13
	216	11
	217	13
	217	11
	215	13
	215	11
	216	16
	217	16
	215	16
	216	17
	216	15
	217	17
	217	15
	215	15
	216	14
	217	14
	215	14
	213	13
	214	13
	212	13
	213	14
	213	12
	214	14
	214	12
	212	14
	212	12
	211	13
	211	14
	211	12
	213	15
	214	15
	212	15
	211	11
	212	11
	210	11
	212	10
	210	12
	210	10
	209	11
	209	12
	210	14
	209	14
	210	15
	210	13
	211	15
	209	15
	209	13
	206	10
	206	11
	207	11
	205	11
	204	11
	205	12
	206	12
	204	12
	204	10
	205	13
	206	13
	204	13
	205	14
	206	14
	204	14
	203	12
	203	13
	203	11
	202	12
	202	13
	202	11
	202	15
	203	15
	201	15
	202	16
	202	14
	203	16
	203	14
	201	14
	203	17
	204	16
	204	17
	204	15
	203	10
	205	16
	206	16
	205	17
	205	15
	206	15
	207	16
	207	15
	208	13
	208	14
	208	12
	208	15
	214	16
	218	14
	218	15
	218	13
	218	12
	218	11
	218	16
	214	11
	213	10
	213	11
	207	12
	207	14
	207	13
	208	16
	201	12
	201	13
	234	10
	268	9
	277	9
	276	9
	119	38
	120	39
	118	40
	120	40
	117	40
	119	39
	122	40
	124	40
	123	40
	118	39
	123	39
	188	45
	121	40
	103	42
	102	42
	102	43
	101	42
	100	42
	101	43
	100	43
	100	41
	99	42
	99	43
	99	41
	98	42
	98	43
	98	41
	95	42
	96	42
	94	42
	95	43
	95	41
	96	43
	96	41
	94	43
	94	41
	92	42
	93	42
	91	42
	92	43
	92	41
	93	43
	93	41
	91	43
	91	41
	88	45
	89	45
	87	45
	88	44
	89	46
	89	44
	87	46
	87	44
	86	45
	85	45
	86	46
	86	44
	85	46
	85	44
	84	46
	85	47
	86	47
	84	47
	84	45
	78	50
	76	50
	64	55
	62	56
	63	56
	61	56
	62	57
	62	55
	63	55
	61	57
	60	57
	59	57
	60	58
	60	56
	61	58
	59	58
	59	59
	60	59
	58	59
	59	60
	58	60
	58	58
	67	53
	66	53
	67	52
	68	52
	66	54
	71	52
	70	52
	71	51
	72	51
	70	51
	74	50
	75	50
	73	50
	74	51
	74	49
	75	49
	73	51
	73	49
	76	49
	77	49
	76	48
	77	48
	75	48
	79	47
	80	47
	78	47
	79	48
	79	46
	80	48
	80	46
	78	48
	78	46
	81	47
	81	48
	81	46
	74	48
	76	47
	72	50
	69	51
	65	54
	64	54
	80	49
	79	49
	83	47
	82	47
	83	48
	83	46
	84	48
	82	48
	82	46
	87	43
	88	43
	86	43
	90	44
	89	43
	90	45
	90	43
	88	42
	89	42
	87	42
	88	41
	89	41
	87	41
	90	41
	90	42
	86	42
	84	43
	85	43
	83	43
	81	45
	81	44
	83	44
	84	44
	82	44
	83	45
	82	45
	77	47
	79	50
	82	49
	85	48
	100	44
	97	43
	97	42
	97	41
	92	45
	92	44
	93	44
	91	44
	95	44
	78	49
	73	52
	65	53
	57	59
	57	60
	56	61
	57	61
	55	61
	56	62
	56	60
	57	62
	55	62
	55	60
	56	63
	55	63
	54	64
	55	64
	53	64
	54	65
	54	63
	53	65
	53	63
	52	64
	52	65
	52	63
	53	66
	52	66
	52	67
	50	69
	51	68
	50	68
	58	61
	56	59
	54	62
	54	61
	53	62
	51	66
	51	67
	51	65
	50	67
	50	66
	49	68
	54	60
	49	70
	49	69
	48	71
	48	72
	48	70
	47	72
	46	75
	46	74
	47	73
	42	84
	42	82
	42	81
	43	81
	41	81
	42	80
	43	80
	41	82
	42	79
	43	79
	44	77
	43	78
	44	78
	44	80
	44	79
	45	75
	45	76
	41	84
	40	85
	40	84
	39	84
	40	83
	41	83
	39	85
	39	86
	40	82
	36	90
	22	87
	23	87
	25	88
	24	88
	11	80
	11	79
	10	79
	14	81
	18	84
	48	69
	25	41
	26	24
	26	23
	26	31
	26	30
	26	26
	31	15
	30	16
	29	16
	32	14
	43	3
	44	2
	45	1
	45	0
	46	0
	86	9
	87	9
	85	9
	86	10
	87	10
	85	8
	88	9
	89	9
	88	10
	89	10
	103	10
	104	10
	106	10
	107	10
	112	10
	111	10
	112	11
	113	11
	111	11
	119	10
	118	11
	119	11
	120	10
	120	11
	130	9
	129	10
	130	10
	128	10
	141	9
	191	11
	192	11
	190	11
	191	10
	192	10
	190	10
	186	10
	187	10
	185	10
	178	9
	177	9
	178	10
	179	10
	177	10
	171	9
	170	9
	171	10
	172	10
	170	10
	160	9
	159	9
	160	10
	161	10
	159	10
	152	10
	150	10
	146	9
	144	9
	145	10
	146	10
	144	10
	132	10
	133	10
	131	10
	93	9
	94	10
	95	10
	93	10
	90	9
	126	9
	127	10
	126	10
	143	9
	143	10
	158	10
	124	9
	124	10
	125	10
	123	10
	110	10
	96	11
	97	11
	95	11
	97	10
	90	10
	91	10
	94	11
	108	11
	109	11
	107	11
	122	11
	123	11
	121	11
	130	11
	131	11
	129	11
	137	11
	138	11
	136	11
	145	11
	146	11
	144	11
	151	11
	152	11
	150	11
	153	11
	153	10
	174	9
	175	9
	173	9
	182	9
	183	9
	194	9
	192	9
	198	10
	197	10
	195	10
	196	10
	194	10
	195	11
	195	9
	196	11
	194	11
	193	10
	193	11
	189	10
	190	9
	191	9
	189	11
	189	9
	197	11
	173	10
	174	10
	184	10
	183	10
	190	8
	191	8
	186	9
	187	9
	188	10
	188	11
	182	10
	176	11
	177	11
	175	11
	176	10
	175	10
	172	11
	173	11
	171	11
	169	11
	170	11
	168	11
	169	10
	168	10
	164	11
	163	10
	164	10
	162	10
	142	10
	141	10
	142	11
	143	11
	141	11
	140	10
	140	11
	132	11
	127	11
	128	11
	126	11
	122	10
	110	11
	105	11
	106	11
	104	11
	99	10
	98	11
	99	11
	92	10
	92	11
	93	11
	100	10
	100	11
	101	11
	103	11
	102	11
	84	8
	84	9
	83	8
	82	7
	81	7
	76	4
	78	5
	80	6
	81	6
	116	11
	135	11
	134	11
	135	10
	136	10
	134	10
	134	9
	124	11
	125	11
	133	11
	136	9
	178	11
	174	11
	167	11
	167	10
	162	9
	163	9
	149	10
	149	11
	148	11
	155	11
	154	11
	155	10
	156	10
	147	10
	147	11
	139	10
	138	10
	139	11
	139	9
	138	9
	137	10
	167	9
	165	9
	165	10
	166	10
	166	11
	165	11
	180	9
	180	10
	181	10
	168	9
	168	8
	169	8
	169	9
	229	10
	231	10
	230	10
	235	11
	234	11
	231	11
	232	11
	230	11
	229	11
	233	11
	237	11
	246	11
	244	11
	247	11
	248	11
	247	10
	248	10
	249	11
	250	11
	249	10
	250	10
	254	10
	252	10
	253	11
	254	11
	252	11
	264	10
	265	10
	263	10
	264	11
	265	11
	263	11
	266	10
	266	11
	266	9
	274	10
	275	10
	273	10
	274	11
	275	11
	273	11
	273	9
	242	11
	240	11
	284	10
	261	10
	260	10
	243	10
	259	10
	258	11
	259	11
	257	11
	255	10
	256	11
	255	11
	251	10
	250	9
	251	11
	243	11
	260	11
	261	11
	262	11
	267	10
	267	11
	281	10
	282	10
	280	10
	281	11
	281	9
	282	11
	280	11
	268	10
	268	11
	288	10
	288	11
	289	11
	287	11
	277	10
	278	10
	276	10
	277	11
	278	11
	276	11
	271	10
	272	10
	270	10
	271	11
	271	9
	272	11
	270	11
	283	10
	283	11
	291	11
	292	11
	285	11
	284	11
	294	11
	309	11
	279	10
	279	11
	279	9
	269	11
	269	10
	153	44
	148	43
	150	43
	151	43
	150	42
	151	42
	149	42
	148	42
	147	42
	146	42
	145	42
	168	45
	169	45
	190	44
	191	44
	189	44
	190	43
	191	45
	191	43
	189	43
	219	43
	220	43
	218	43
	219	44
	219	42
	220	44
	220	42
	218	44
	218	42
	221	43
	221	44
	221	42
	243	43
	244	43
	242	43
	243	44
	243	42
	244	44
	244	42
	242	44
	242	42
	264	43
	265	43
	263	43
	264	44
	264	42
	265	44
	265	42
	263	44
	263	42
	279	42
	280	42
	278	42
	279	43
	280	43
	278	43
	295	42
	296	42
	294	42
	295	43
	296	43
	294	43
	299	42
	297	42
	310	22
	308	22
	309	23
	307	26
	310	23
	306	26
	305	27
	305	26
	303	27
	304	27
	303	28
	303	26
	304	28
	304	26
	303	29
	302	34
	302	36
	302	37
	303	37
	302	38
	303	38
	309	22
	306	25
	305	25
	153	43
	154	43
	152	43
	153	42
	154	42
	152	42
	157	43
	158	43
	156	43
	157	44
	157	42
	158	42
	156	42
	160	43
	161	43
	159	43
	160	44
	160	42
	161	44
	161	42
	159	44
	159	42
	165	44
	166	44
	164	44
	165	43
	166	45
	166	43
	164	45
	164	43
	171	45
	170	44
	171	44
	169	44
	180	45
	179	45
	303	41
	302	41
	303	40
	302	40
	301	40
	302	39
	295	45
	294	44
	295	44
	293	43
	293	42
	292	42
	289	43
	288	43
	289	42
	290	42
	288	44
	288	42
	287	43
	286	43
	287	44
	287	42
	286	42
	285	42
	283	43
	284	42
	283	42
	282	42
	281	43
	281	42
	279	44
	277	42
	276	42
	277	43
	276	43
	273	42
	274	42
	272	42
	273	43
	274	43
	272	43
	270	42
	271	42
	269	42
	270	43
	271	43
	269	43
	268	42
	268	43
	262	42
	262	43
	257	42
	258	42
	256	42
	257	43
	258	43
	256	43
	251	42
	252	42
	250	42
	251	43
	252	43
	250	43
	249	42
	248	42
	249	43
	248	43
	245	42
	246	42
	245	43
	246	43
	241	42
	240	42
	241	43
	240	43
	236	43
	237	43
	235	43
	230	42
	231	42
	229	42
	230	43
	231	43
	229	43
	226	42
	227	42
	225	42
	226	43
	227	43
	225	43
	223	42
	224	42
	222	42
	223	43
	224	43
	222	43
	213	43
	214	43
	212	43
	213	42
	214	44
	214	42
	212	42
	211	43
	209	43
	202	44
	203	44
	201	44
	202	45
	202	43
	203	45
	203	43
	201	45
	201	43
	198	44
	199	44
	198	43
	199	45
	199	43
	197	43
	192	44
	193	44
	192	43
	193	43
	185	45
	186	45
	184	45
	185	46
	185	44
	186	44
	184	44
	172	46
	172	45
	155	44
	155	43
	155	42
	163	44
	162	43
	167	44
	168	44
	167	43
	168	43
	164	42
	165	42
	163	42
	163	43
	162	42
	173	42
	174	42
	172	42
	173	43
	174	43
	172	43
	170	43
	171	43
	169	43
	170	42
	171	42
	169	42
	167	42
	168	42
	166	42
	300	41
	291	43
	291	42
	179	44
	180	44
	178	44
	176	44
	173	46
	174	45
	175	45
	173	45
	173	44
	174	44
	172	44
	219	45
	237	45
	236	45
	253	45
	254	44
	255	44
	253	44
	270	46
	269	46
	263	45
	262	44
	256	45
	256	44
	257	44
	254	43
	255	43
	253	43
	252	44
	252	45
	251	44
	250	44
	267	43
	266	43
	267	44
	267	42
	268	44
	266	44
	266	42
	277	44
	278	44
	276	44
	277	45
	278	45
	276	45
	275	45
	277	46
	275	46
	275	44
	274	46
	274	45
	273	45
	272	45
	269	45
	270	45
	268	45
	274	44
	273	44
	275	43
	275	42
	270	44
	271	44
	269	44
	272	44
	271	45
	260	44
	260	43
	261	43
	259	43
	251	45
	258	44
	253	42
	254	42
	249	45
	249	44
	248	44
	244	45
	245	45
	245	46
	245	44
	239	45
	233	46
	234	45
	233	45
	229	46
	228	45
	229	45
	220	45
	221	45
	175	44
	175	43
	176	43
	175	42
	176	42
	177	43
	177	42
	178	42
	179	42
	178	43
	179	43
	180	42
	181	42
	180	43
	181	43
	183	42
	184	42
	182	42
	183	43
	184	43
	182	43
	185	42
	185	43
	188	42
	189	42
	187	42
	188	43
	187	43
	191	42
	192	42
	190	42
	197	42
	198	42
	196	42
	196	43
	199	42
	200	42
	201	42
	200	43
	208	42
	209	42
	207	42
	208	43
	207	43
	217	43
	216	43
	217	42
	216	42
	211	42
	210	42
	222	44
	215	44
	215	43
	208	44
	196	44
	195	43
	194	43
	195	44
	195	42
	194	44
	194	42
	188	44
	187	44
	186	43
	186	42
	183	44
	181	44
	182	44
	182	45
	226	44
	227	44
	225	44
	228	43
	229	44
	230	44
	228	44
	228	42
	234	43
	235	44
	236	44
	234	44
	239	43
	240	44
	241	44
	239	44
	205	43
	206	42
	205	42
	204	43
	204	44
	204	42
	203	42
	202	42
	193	42
	215	42
	222	45
	224	45
	225	45
	223	45
	224	44
	225	46
	223	46
	223	44
	233	44
	233	43
	232	43
	231	44
	232	44
	232	42
	233	42
	232	45
	230	45
	226	45
	222	46
	200	44
	194	45
	259	42
	261	42
	260	42
	255	42
	242	45
	241	45
	238	44
	240	45
	238	43
	237	44
	240	46
	241	46
	246	45
	247	44
	247	43
	247	42
	246	44
	265	45
	206	140
	203	139
	202	138
	203	138
	201	138
	199	137
	200	137
	198	137
	199	136
	200	138
	200	136
	198	136
	197	136
	193	134
	194	134
	192	134
	193	133
	194	133
	192	133
	192	132
	193	132
	192	131
	193	131
	192	130
	192	129
	190	128
	191	128
	189	128
	190	127
	189	127
	185	126
	186	126
	185	125
	186	127
	186	125
	184	125
	184	124
	185	124
	183	124
	187	127
	188	127
	187	126
	188	128
	188	126
	184	123
	185	123
	183	123
	182	122
	175	120
	176	120
	174	120
	171	120
	172	120
	170	120
	169	120
	167	120
	168	120
	166	120
	167	119
	168	119
	166	119
	165	120
	164	120
	165	119
	164	119
	162	120
	163	120
	161	120
	162	119
	163	119
	161	119
	160	119
	161	118
	162	118
	160	120
	160	118
	160	117
	161	117
	160	116
	161	116
	160	115
	161	115
	159	114
	160	114
	158	114
	153	114
	152	114
	150	114
	150	115
	148	115
	149	115
	147	115
	148	116
	148	114
	149	116
	149	114
	147	116
	146	115
	145	115
	146	116
	146	114
	145	114
	147	117
	148	117
	134	129
	135	129
	133	129
	134	130
	134	128
	135	130
	135	128
	133	130
	133	128
	136	129
	136	130
	137	129
	128	121
	128	122
	128	120
	128	124
	128	125
	128	123
	129	127
	128	127
	129	128
	130	128
	128	128
	128	126
	129	129
	130	129
	128	129
	129	130
	130	130
	131	130
	132	130
	131	129
	132	129
	132	128
	137	130
	128	119
	129	119
	128	118
	129	118
	127	118
	127	117
	149	113
	119	115
	113	115
	112	115
	107	115
	87	123
	87	121
	88	122
	88	123
	88	121
	88	120
	88	119
	88	118
	87	124
	88	124
	86	124
	87	125
	88	125
	87	127
	88	127
	86	127
	87	128
	87	126
	88	128
	88	126
	87	129
	88	129
	86	129
	87	130
	88	130
	87	131
	88	131
	86	131
	87	133
	88	133
	86	133
	87	134
	87	132
	88	134
	88	132
	86	134
	86	132
	86	137
	87	137
	86	136
	87	138
	87	136
	86	140
	87	140
	86	141
	86	139
	87	141
	87	139
	86	143
	87	143
	87	144
	87	142
	87	146
	88	146
	88	147
	88	145
	88	149
	87	150
	87	148
	88	150
	88	148
	87	153
	88	153
	87	154
	87	152
	88	154
	88	152
	86	154
	86	152
	87	155
	88	155
	86	155
	88	159
	87	159
	88	160
	88	158
	87	160
	87	158
	88	163
	87	163
	88	164
	88	162
	87	164
	87	162
	88	165
	87	165
	88	157
	87	157
	88	156
	87	156
	88	151
	87	151
	88	142
	88	143
	88	141
	85	134
	86	135
	87	135
	85	132
	88	139
	88	140
	88	138
	88	144
	88	137
	88	135
	88	136
	117	115
	101	179
	98	177
	97	176
	98	176
	99	178
	99	177
	100	178
	101	178
	100	177
	99	176
	97	175
	98	175
	96	174
	95	173
	96	173
	94	172
	93	171
	94	171
	95	172
	97	174
	88	167
	93	170
	92	169
	90	167
	91	168
	86	164
	89	167
	88	166
	89	166
	87	161
	86	160
	86	157
	88	161
	86	151
	103	180
	104	180
	102	179
	107	180
	108	180
	110	180
	127	181
	125	181
	130	181
	120	181
	131	181
	132	178
	132	179
	133	174
	132	174
	132	175
	132	173
	133	172
	132	172
	131	180
	130	180
	129	180
	128	180
	122	181
	122	180
	123	180
	121	180
	120	180
	119	180
	118	180
	116	180
	113	180
	112	180
	115	180
	124	181
	125	180
	126	180
	124	180
	131	172
	133	171
	131	173
	132	176
	183	182
	182	182
	173	175
	173	174
	134	171
	134	170
	135	170
	135	169
	136	169
	138	168
	137	168
	139	169
	137	169
	146	166
	172	171
	171	170
	172	170
	173	173
	174	173
	173	172
	170	169
	170	167
	167	166
	165	166
	163	166
	160	166
	158	166
	153	166
	155	166
	156	166
	161	166
	170	166
	169	166
	173	171
	127	180
	146	165
	213	181
	210	177
	210	178
	210	176
	211	184
	212	184
	211	185
	212	185
	212	183
	213	182
	214	177
	207	184
	214	175
	214	174
	210	171
	209	171
	211	186
	110	115
	115	115
	158	113
	159	113
	160	113
	161	114
	162	114
	210	156
	210	163
	210	164
	210	165
	214	173
	192	128
	193	129
	193	130
	194	131
	194	132
	195	132
	195	133
	195	134
	196	133
	196	134
	196	135
	197	134
	197	135
	198	135
	196	136
	209	143
	209	145
	208	145
	209	146
	208	146
	208	144
	208	147
	209	148
	208	148
	208	149
	208	151
	209	152
	209	150
	208	152
	208	150
	209	155
	208	155
	209	156
	208	156
	208	154
	208	159
	208	160
	208	158
	209	163
	208	163
	209	164
	209	162
	208	164
	208	162
	209	166
	208	166
	209	165
	208	167
	208	165
	209	161
	208	161
	209	157
	208	157
	209	153
	208	153
	204	139
	201	137
	189	126
	188	125
	172	118
	166	117
	167	117
	166	118
	167	118
	165	118
	162	117
	163	117
	162	116
	163	118
	164	118
	186	124
	187	125
	184	122
	176	119
	177	120
	173	119
	174	119
	172	119
	173	120
	170	119
	171	119
	169	119
	170	118
	171	118
	169	118
	168	118
	142	126
	141	127
	141	125
	142	127
	142	125
	141	128
	142	128
	141	129
	142	129
	141	121
	142	121
	141	122
	142	122
	142	120
	142	119
	142	123
	141	130
	142	130
	141	124
	142	124
InvisibleObstacle		
AW1		
	231	37
	232	37
	230	37
	231	38
	231	36
	232	38
	232	36
	230	38
	230	36
	231	35
	232	35
	230	35
	231	34
	232	34
	230	34
	231	33
	232	33
	230	33
	231	32
	232	32
	230	32
	231	31
	232	31
	230	31
	231	30
	232	30
	230	30
	231	29
	232	29
	230	29
	231	28
	232	28
	230	28
	231	27
	232	27
	230	27
	231	26
	232	26
	230	26
	231	25
	232	25
	230	25
	231	24
	232	24
	230	24
	231	23
	232	23
	230	23
	231	22
	232	22
	230	22
	231	21
	232	21
	230	21
	231	20
	232	20
	230	20
	231	19
	232	19
	230	19
	231	18
	232	18
	230	18
	231	17
	232	17
	230	17
	231	16
	232	16
	230	16
	231	15
	232	15
	230	15
AW2		
	164	37
	165	37
	163	37
	164	38
	164	36
	165	38
	165	36
	163	38
	163	36
	164	35
	165	35
	163	35
	164	34
	165	34
	163	34
	164	33
	165	33
	163	33
	164	32
	165	32
	163	32
	164	31
	165	31
	163	31
	164	30
	165	30
	163	30
	164	29
	165	29
	163	29
	164	28
	165	28
	163	28
	164	27
	165	27
	163	27
	164	26
	165	26
	163	26
	164	25
	165	25
	163	25
	164	24
	165	24
	163	24
	164	23
	165	23
	163	23
	164	22
	165	22
	163	22
	164	21
	165	21
	163	21
	164	20
	165	20
	163	20
	164	19
	165	19
	163	19
	164	18
	165	18
	163	18
	164	17
	165	17
	163	17
	164	16
	165	16
	163	16
	164	15
	165	15
	163	15
CG1		
	228	37
	229	37
	227	37
	228	38
	228	36
	229	38
	229	36
	227	38
	227	36
	228	35
	229	35
	227	35
	228	34
	229	34
	227	34
	228	33
	229	33
	227	33
	228	32
	229	32
	227	32
	228	31
	229	31
	227	31
	228	30
	229	30
	227	30
	228	29
	229	29
	227	29
	228	28
	229	28
	227	28
	228	27
	229	27
	227	27
	228	26
	229	26
	227	26
	228	25
	229	25
	227	25
	227	24
	228	24
	229	24
	228	23
	229	23
	227	23
	228	22
	229	22
	227	22
	228	21
	229	21
	227	21
	228	20
	229	20
	227	20
	228	19
	229	19
	227	19
	228	18
	229	18
	227	18
	228	17
	229	17
	227	17
	228	16
	229	16
	227	16
	228	15
	229	15
	227	15
CG2		
AW3		
	110	36
	111	36
	109	36
	110	37
	110	35
	111	37
	111	35
	109	37
	109	35
	110	34
	111	34
	109	34
	110	32
	111	32
	109	32
	110	33
	110	31
	111	33
	111	31
	109	33
	109	31
	110	30
	111	30
	109	30
	110	29
	111	29
	109	29
	110	28
	111	28
	109	28
	110	27
	111	27
	109	27
	110	26
	111	26
	109	26
	110	25
	111	25
	109	25
	110	24
	111	24
	109	24
	110	23
	111	23
	109	23
	110	22
	111	22
	109	22
	110	21
	111	21
	109	21
	110	20
	111	20
	109	20
	110	19
	111	19
	109	19
	110	18
	111	18
	109	18
	109	17
	110	17
	109	16
	110	16
	111	17
	111	16
	110	15
	111	15
	109	15
CB1		
	244	32
	245	32
	246	32
	247	32
	247	33
	247	34
	247	35
	246	35
	245	35
	244	35
	244	34
	244	33
	245	33
	246	33
	246	34
	245	34
SB1		
	130	26
	130	25
	130	24
	131	24
	132	24
	132	25
	132	26
	131	26
	131	25
	130	27
	131	27
	132	27
	133	27
	133	26
	133	25
	133	24
AW4		
	145	159
	146	159
	144	159
	145	160
	145	158
	146	160
	146	158
	144	160
	144	158
	145	157
	146	157
	144	157
	145	156
	146	156
	144	156
	145	155
	146	155
	144	155
	145	154
	146	154
	144	154
	145	153
	146	153
	144	153
	145	152
	146	152
	144	152
	145	151
	146	151
	144	151
	145	150
	146	150
	144	150
	145	149
	146	149
	144	149
	145	148
	146	148
	144	148
	145	147
	146	147
	144	147
	148	148
	149	148
	147	148
	148	149
	148	147
	149	149
	149	147
	147	149
	147	147
	148	150
	149	150
	147	150
	148	151
	149	151
	147	151
	148	152
	149	152
	147	152
	148	153
	149	153
	147	153
	148	154
	149	154
	147	154
	148	155
	149	155
	147	155
	148	156
	149	156
	147	156
	148	157
	149	157
	147	157
	148	158
	149	158
	147	158
	148	159
	149	159
	147	159
	148	160
	149	160
	147	160
AP4		
	112	155
	113	155
	111	155
	112	156
	112	154
	113	156
	113	154
	111	156
	111	154
	114	155
	115	155
	114	156
	114	154
	115	156
	115	154
	114	153
	115	153
	113	153
	114	152
	115	152
	113	152
	112	153
	111	153
	112	152
	111	152
SB2		
	165	154
	166	154
	164	154
	165	155
	165	153
	166	155
	166	153
	164	155
	164	153
	167	154
	167	155
	167	153
	166	152
	167	152
	165	152
	166	151
	167	151
	165	151
	164	152
	164	151
DZ1		
	187	164
	188	164
	186	164
	187	165
	187	163
	188	165
	188	163
	186	165
	186	163
	187	162
	188	162
	186	162
	187	161
	188	161
	186	161
	189	162
	190	162
	189	163
	189	161
	190	163
	190	161
	189	164
	190	164
	189	165
	190	165
