Key	CellX	CellY
VisibleObstacle		
	34	79
	35	81
	36	78
	36	79
	36	76
	36	82
	34	83
	35	78
	35	76
	34	84
	34	78
	34	76
	35	77
	35	75
	36	77
	36	75
	34	77
	34	75
	35	74
	36	74
	34	74
	35	73
	36	73
	34	73
	35	72
	36	72
	34	72
	35	71
	34	71
	35	70
	36	71
	36	70
	34	70
	35	69
	36	69
	34	69
	35	68
	34	68
	35	67
	36	68
	35	65
	36	67
	34	67
	35	66
	36	66
	3	21
	2	21
	2	23
	3	30
	3	31
	13	32
	10	33
	12	34
	10	32
	11	34
	12	32
	10	34
	11	33
	11	32
	17	32
	16	33
	4	33
	12	33
	16	34
	14	32
	3	33
	15	33
	4	31
	3	32
	5	32
	4	32
	15	34
	6	32
	5	34
	14	34
	4	34
	3	34
	5	33
	6	34
	6	33
	7	32
	7	34
	7	33
	8	32
	9	33
	13	34
	9	34
	8	34
	8	33
	9	32
	14	33
	13	33
	19	32
	16	32
	15	32
	17	33
	17	34
	18	34
	18	33
	20	33
	19	34
	19	33
	26	32
	25	33
	28	33
	25	34
	23	32
	28	34
	21	34
	18	32
	27	32
	20	34
	21	32
	27	33
	21	33
	22	32
	27	34
	22	33
	24	32
	26	33
	23	33
	20	32
	26	34
	24	33
	25	32
	28	32
	23	34
	22	34
	24	34
	29	34
	31	32
	29	32
	29	33
	31	34
	30	33
	31	33
	30	32
	34	4
	34	5
	30	34
	34	3
	33	5
	33	4
	33	3
	32	3
	32	5
	32	4
	31	3
	31	5
	31	4
	30	3
	30	5
	30	4
	27	5
	29	3
	29	5
	28	4
	28	3
	27	2
	28	5
	27	3
	29	4
	24	2
	28	2
	27	4
	26	3
	26	2
	25	4
	25	2
	26	4
	25	3
	24	3
	24	4
	22	4
	22	2
	23	3
	22	3
	21	4
	23	2
	21	2
	21	3
	23	4
	20	2
	20	3
	20	4
	18	4
	19	4
	19	2
	18	3
	18	2
	19	3
	17	2
	36	81
	35	82
	16	2
	17	4
	35	83
	15	2
	16	4
	36	83
	15	4
	14	2
	36	43
	15	3
	14	4
	34	82
	17	3
	16	3
	12	2
	13	2
	14	3
	13	4
	13	3
	12	4
	12	3
	11	2
	11	4
	11	3
	8	2
	10	2
	9	2
	8	3
	10	3
	9	3
	8	4
	10	4
	9	4
	9	7
	7	5
	7	6
	10	9
	1	14
	10	8
	8	6
	10	7
	7	7
	7	8
	3	9
	8	7
	9	9
	8	8
	36	5
	36	6
	36	4
	35	7
	36	7
	34	7
	37	6
	37	7
	37	5
	38	7
	37	8
	38	8
	38	6
	36	8
	39	7
	39	8
	39	6
	40	7
	40	8
	40	6
	41	7
	41	8
	41	6
	40	9
	41	9
	39	9
	42	8
	42	9
	42	7
	43	8
	43	9
	43	7
	44	8
	44	9
	44	7
	45	8
	45	9
	45	7
	46	8
	46	9
	46	7
	45	10
	46	10
	44	10
	47	9
	47	10
	47	8
	48	9
	48	10
	48	8
	47	11
	48	11
	46	11
	49	10
	49	11
	49	9
	50	10
	50	11
	50	9
	51	10
	51	11
	51	9
	52	10
	52	11
	52	9
	53	10
	53	11
	53	9
	54	11
	53	12
	54	12
	54	10
	52	12
	55	11
	55	12
	55	10
	54	13
	55	13
	53	13
	56	12
	56	13
	56	11
	55	14
	56	14
	54	14
	58	81
	57	81
	57	12
	56	15
	59	82
	55	15
	58	82
	57	83
	59	81
	35	41
	35	43
	35	79
	34	80
	34	42
	36	80
	36	42
	34	81
	35	80
	35	42
	34	36
	34	35
	33	34
	34	34
	57	85
	59	85
	57	84
	59	86
	59	84
	57	86
	58	84
	58	86
	58	87
	59	87
	58	85
	57	87
	58	88
	59	83
	59	88
	57	88
	58	83
	58	89
	59	89
	57	82
	58	91
	59	90
	58	90
	57	91
	59	91
	58	92
	59	92
	57	90
	57	92
	57	124
	57	89
	58	125
	58	126
	59	126
	59	125
	57	129
	59	129
	58	129
	58	131
	59	130
	58	130
	59	132
	58	132
	57	131
	58	127
	59	127
	57	126
	57	130
	58	128
	59	131
	59	128
	57	127
	57	128
	58	80
	57	80
	59	32
	59	77
	57	77
	59	59
	59	80
	57	79
	57	125
	59	79
	58	77
	58	79
	57	78
	59	78
	58	78
	59	76
	57	76
	57	70
	57	75
	58	76
	58	71
	59	70
	58	70
	57	69
	57	71
	59	75
	59	60
	59	71
	57	74
	59	61
	59	64
	58	74
	59	62
	59	74
	59	73
	57	73
	58	75
	58	69
	57	72
	58	73
	57	64
	59	63
	58	64
	58	63
	59	72
	59	69
	57	68
	58	72
	57	63
	57	62
	58	60
	58	62
	58	61
	57	51
	59	68
	58	68
	59	67
	57	61
	33	32
	34	33
	32	34
	32	32
	34	32
	32	33
	33	33
	57	59
	57	66
	58	67
	57	58
	57	60
	59	58
	57	67
	58	58
	58	59
	57	57
	59	57
	58	57
	57	56
	59	56
	58	56
	57	55
	59	55
	58	55
	57	54
	59	54
	58	54
	57	53
	59	53
	58	53
	57	52
	59	52
	58	52
	57	49
	59	50
	57	46
	58	51
	59	51
	59	46
	58	50
	57	50
	58	46
	59	47
	57	47
	57	45
	58	47
	57	48
	59	45
	58	45
	59	49
	59	44
	59	43
	58	49
	59	66
	58	44
	59	48
	57	44
	57	65
	58	48
	59	42
	58	43
	58	65
	58	66
	59	65
	57	43
	57	42
	57	40
	57	22
	58	41
	57	41
	58	23
	58	42
	57	38
	59	23
	59	41
	59	40
	59	27
	59	38
	59	28
	58	28
	57	28
	58	29
	57	27
	59	29
	59	37
	58	27
	56	28
	56	27
	57	26
	58	38
	57	37
	57	25
	56	29
	57	39
	59	26
	58	36
	57	36
	58	26
	58	37
	59	35
	59	25
	59	36
	57	35
	59	24
	58	35
	58	40
	58	25
	58	39
	59	33
	57	24
	58	34
	58	24
	57	34
	57	23
	57	33
	59	39
	59	34
	57	32
	57	21
	58	33
	57	31
	59	22
	58	32
	35	64
	35	63
	36	64
	36	63
	36	65
	34	66
	36	62
	35	62
	36	61
	35	61
	36	60
	35	60
	36	59
	35	59
	36	58
	35	58
	36	57
	35	57
	36	56
	35	56
	36	55
	35	55
	36	54
	35	54
	34	55
	36	53
	35	53
	34	54
	36	52
	35	52
	34	53
	36	51
	35	51
	34	52
	36	50
	35	50
	34	51
	36	49
	35	49
	34	50
	36	48
	35	48
	34	49
	36	47
	35	47
	34	48
	36	46
	35	46
	34	47
	36	45
	35	45
	34	46
	36	41
	36	44
	34	45
	36	40
	35	40
	34	41
	34	43
	34	44
	35	44
	34	85
	35	85
	33	85
	34	86
	35	86
	35	84
	33	86
	36	85
	36	86
	36	84
	37	85
	37	86
	37	84
	38	86
	37	87
	38	87
	38	85
	36	87
	39	86
	39	87
	39	85
	40	87
	39	88
	40	88
	40	86
	38	88
	41	87
	41	88
	41	86
	42	87
	42	88
	42	86
	41	89
	42	89
	40	89
	41	90
	42	90
	40	90
	41	91
	42	91
	40	91
	43	91
	42	92
	43	92
	43	90
	41	92
	42	93
	43	93
	41	93
	44	92
	44	93
	44	91
	43	94
	44	94
	42	94
	43	95
	44	95
	42	95
	43	96
	44	96
	42	96
	41	95
	41	96
	41	94
	42	97
	43	97
	41	97
	40	96
	40	97
	40	95
	41	98
	42	98
	40	98
	40	99
	41	99
	39	99
	38	99
	39	100
	40	100
	38	100
	39	101
	40	101
	38	101
	37	100
	37	101
	37	99
	38	102
	39	102
	37	102
	59	30
	59	21
	57	30
	57	29
	58	31
	58	21
	58	22
	58	30
	59	31
	59	20
	57	20
	57	16
	57	19
	58	20
	59	16
	58	19
	59	19
	58	16
	59	18
	57	18
	57	13
	57	17
	58	18
	57	15
	58	17
	59	17
	59	13
	59	15
	58	13
	58	15
	57	14
	59	14
	58	14
	59	124
	58	124
	57	123
	57	122
	59	123
	57	121
	59	122
	58	123
	58	122
	59	121
	58	121
	57	120
	59	120
	58	120
	57	119
	59	94
	58	94
	57	94
	37	103
	38	103
	36	103
	37	104
	38	104
	36	104
	36	102
	35	105
	35	106
	35	102
	34	103
	36	107
	35	104
	34	105
	36	105
	36	108
	35	108
	34	108
	35	107
	34	107
	35	109
	35	103
	34	109
	34	104
	36	110
	35	110
	34	110
	36	109
	34	106
	35	118
	36	106
	34	118
	36	118
	35	119
	36	119
	35	111
	34	119
	35	120
	36	111
	36	120
	34	120
	34	111
	35	121
	36	121
	35	112
	34	121
	35	122
	36	112
	36	122
	34	122
	34	112
	35	123
	36	123
	35	113
	34	123
	35	124
	36	113
	36	124
	34	124
	34	113
	35	125
	36	125
	35	114
	34	125
	35	126
	36	114
	36	126
	34	114
	34	126
	35	115
	35	128
	36	115
	35	127
	36	127
	36	128
	34	127
	34	128
	34	115
	35	129
	34	130
	35	130
	36	129
	35	132
	34	131
	36	131
	35	131
	36	130
	34	129
	36	117
	35	116
	34	117
	34	116
	36	116
	35	117
	35	133
	34	132
	36	132
	35	134
	34	133
	36	133
	35	141
	36	141
	35	140
	34	141
	35	142
	34	140
	36	142
	34	142
	36	140
	35	143
	36	143
	34	139
	34	143
	35	144
	36	139
	36	144
	34	144
	35	139
	36	145
	34	145
	58	118
	59	113
	59	115
	59	119
	58	119
	57	118
	59	118
	59	112
	59	114
	57	100
	59	99
	57	93
	59	117
	59	116
	58	117
	57	117
	58	116
	57	116
	58	104
	57	107
	59	105
	57	106
	57	95
	58	101
	57	101
	58	106
	57	104
	57	105
	59	101
	58	103
	57	102
	59	104
	59	106
	58	105
	59	103
	59	96
	59	100
	57	98
	58	102
	57	103
	59	102
	57	113
	57	114
	57	115
	58	115
	52	130
	58	113
	58	114
	57	112
	57	111
	58	112
	35	32
	59	110
	57	110
	58	111
	36	32
	59	111
	57	109
	57	108
	35	33
	36	34
	58	110
	58	109
	58	108
	36	33
	59	108
	35	34
	59	109
	36	35
	58	107
	59	107
	58	100
	57	99
	59	93
	58	99
	54	135
	58	98
	55	135
	56	129
	58	96
	59	97
	59	98
	57	97
	54	130
	54	134
	59	95
	53	135
	58	97
	55	134
	57	96
	53	134
	58	93
	56	133
	56	131
	55	130
	56	130
	58	95
	54	131
	54	132
	56	132
	55	131
	54	133
	55	132
	35	147
	36	147
	34	147
	34	38
	34	146
	36	37
	35	145
	35	146
	35	38
	36	146
	34	37
	36	36
	35	35
	35	37
	36	38
	34	39
	36	137
	35	36
	35	137
	36	39
	34	40
	34	137
	34	138
	35	136
	36	138
	35	39
	34	135
	34	136
	35	138
	36	135
	36	134
	34	134
	38	147
	35	135
	37	148
	38	146
	36	136
	37	146
	38	148
	37	147
	39	146
	38	145
	37	145
	39	148
	39	145
	39	147
	40	146
	40	148
	40	147
	38	149
	40	149
	39	149
	41	149
	41	147
	41	148
	41	150
	40	150
	39	150
	42	150
	42	148
	42	149
	43	148
	43	150
	43	149
	44	148
	44	150
	44	149
	43	147
	45	150
	45	149
	46	149
	45	147
	44	147
	46	148
	45	148
	49	146
	47	148
	46	147
	49	147
	47	147
	47	149
	49	145
	46	146
	47	146
	48	144
	48	145
	45	146
	47	144
	46	145
	48	147
	49	144
	50	145
	48	148
	50	144
	50	146
	47	145
	51	145
	51	141
	48	146
	53	142
	50	141
	51	146
	53	143
	52	141
	51	144
	53	141
	50	142
	50	143
	53	140
	52	142
	51	143
	52	140
	52	143
	52	144
	51	142
	53	139
	49	143
	54	140
	51	139
	51	140
	55	139
	52	139
	55	137
	52	145
	54	137
	55	136
	52	138
	55	138
	53	136
	52	137
	53	137
	54	136
	54	138
	53	138
	54	139
	54	141
	56	134
	56	136
	56	135
	55	133
	4	17
	4	18
	4	19
	3	14
	3	13
	4	21
	2	15
	1	13
	4	13
	4	14
	2	13
	1	12
	3	12
	2	9
	3	10
	35	4
	35	5
	35	3
	34	6
	35	6
	33	6
	32	6
	31	6
	30	6
	57	132
	56	26
	56	25
	56	24
	56	23
	56	22
	56	16
	56	17
	56	18
	56	19
	56	20
	56	21
	56	30
	56	31
	56	32
	56	33
	56	34
	56	35
	56	36
	56	37
	56	38
	56	39
	56	40
	56	41
	56	42
	56	43
	56	44
	56	45
	56	46
	56	47
	56	48
	56	49
	56	50
	56	51
	56	52
	56	53
	56	57
	56	58
	56	56
	56	55
	56	54
	56	59
	56	60
	56	61
	56	62
	56	63
	56	64
	56	65
	56	66
	56	67
	56	68
	56	69
	56	70
	56	71
	56	72
	56	73
	56	74
	56	75
	56	76
	56	77
	56	78
	56	79
	56	80
	56	81
	56	82
	56	85
	56	86
	56	84
	56	83
	56	87
	56	88
	56	89
	56	90
	56	95
	56	96
	56	94
	56	91
	56	98
	56	92
	56	97
	56	93
	56	99
	56	100
	56	101
	56	102
	56	103
	56	104
	56	105
	56	106
	56	107
	56	108
	56	109
	56	110
	56	111
	56	112
	56	113
	56	114
	56	115
	56	116
	56	117
	56	118
	56	119
	56	120
	56	121
	56	127
	56	128
	56	126
	56	125
	56	124
	56	122
	56	123
	37	143
	37	144
	37	142
	37	141
	37	140
	37	139
	37	138
	37	137
	37	136
	37	135
	37	134
	37	133
	37	132
	37	131
	37	130
	37	129
	37	128
	37	127
	37	126
	37	125
	37	124
	37	123
	37	122
	37	121
	37	120
	37	119
	37	118
	37	117
	37	116
	37	115
	37	114
	37	113
	37	112
	37	111
	37	110
	37	109
	37	108
	37	107
	37	106
	37	105
	37	82
	37	83
	37	81
	37	80
	37	79
	37	78
	37	77
	37	76
	37	75
	37	74
	37	73
	37	72
	37	71
	37	70
	37	69
	37	68
	37	67
	37	66
	37	65
	37	64
	37	63
	37	62
	37	61
	37	60
	37	59
	37	58
	37	57
	37	56
	37	55
	37	54
	37	53
	37	52
	37	51
	37	50
	37	49
	37	48
	37	47
	37	46
	37	45
	37	44
	37	43
	37	42
	37	41
	37	40
	37	39
	37	38
	37	37
	37	36
	37	35
	37	33
	37	34
	37	32
	33	84
	33	83
	33	81
	33	79
	33	78
	33	77
	33	76
	33	75
	33	74
	33	73
	33	82
	33	80
	33	72
	33	70
	33	69
	33	68
	33	71
	33	53
	33	52
	33	51
	33	50
	33	48
	33	47
	33	46
	33	45
	33	44
	33	43
	33	42
	33	41
	33	40
	33	49
	33	36
	33	35
	33	38
	33	37
	33	39
	3	35
	7	35
	8	35
	9	35
	10	35
	11	35
	12	35
	31	35
	32	35
	30	35
	29	35
	28	35
	27	35
	25	35
	24	35
	23	35
	22	35
	21	35
	20	35
	19	35
	26	35
	18	35
	17	35
	16	35
	15	35
	13	35
	15	36
	14	36
	14	35
	6	35
	5	35
	4	35
	3	36
	5	36
	8	36
	9	36
	10	36
	11	36
	12	36
	31	37
	32	37
	30	37
	31	38
	31	36
	32	38
	32	36
	30	38
	30	36
	31	39
	32	39
	30	39
	31	40
	32	40
	30	40
	31	41
	32	41
	30	41
	31	42
	32	42
	30	42
	31	43
	32	43
	30	43
	31	44
	32	44
	30	44
	31	45
	32	45
	30	45
	31	46
	32	46
	30	46
	31	47
	32	47
	30	47
	31	48
	32	48
	30	48
	31	49
	32	49
	30	49
	31	50
	32	50
	30	50
	31	51
	32	51
	30	51
	31	52
	32	52
	30	52
	32	53
	32	68
	32	69
	31	69
	32	70
	31	70
	32	71
	31	71
	32	72
	31	72
	32	73
	31	73
	32	74
	32	75
	32	76
	32	77
	31	75
	31	76
	31	74
	30	73
	30	74
	30	72
	30	71
	30	70
	30	69
	30	75
	30	76
	31	77
	30	77
	31	78
	32	78
	30	78
	31	79
	32	79
	30	79
	31	80
	32	80
	30	80
	31	81
	32	81
	30	81
	31	82
	32	82
	30	82
	31	83
	32	83
	30	83
	31	84
	32	84
	30	84
	31	85
	32	85
	30	85
	31	86
	32	86
	30	86
	28	85
	29	85
	27	85
	28	86
	28	84
	29	86
	29	84
	27	86
	27	84
	28	81
	29	81
	27	81
	28	82
	28	80
	29	82
	29	80
	27	82
	27	80
	28	79
	29	79
	27	79
	28	78
	29	78
	27	78
	28	77
	29	77
	27	77
	27	76
	28	76
	26	76
	27	75
	28	75
	26	77
	26	75
	27	72
	28	72
	26	72
	27	73
	27	71
	28	73
	28	71
	26	73
	26	71
	27	70
	28	70
	26	70
	27	67
	26	67
	27	68
	27	66
	26	68
	26	66
	27	65
	28	65
	26	65
	26	64
	26	63
	26	62
	26	61
	26	60
	26	58
	26	59
	26	57
	25	62
	25	63
	25	61
	26	69
	27	69
	25	69
	25	70
	25	68
	25	75
	26	74
	27	74
	25	76
	25	74
	26	78
	25	78
	26	79
	25	79
	25	77
	26	80
	26	81
	26	82
	27	83
	28	83
	26	83
	29	83
	29	76
	29	75
	28	74
	29	74
	29	73
	29	72
	29	71
	29	70
	28	69
	29	69
	27	56
	27	55
	27	54
	27	53
	28	52
	29	52
	27	52
	28	51
	29	51
	27	51
	28	50
	29	50
	27	50
	28	49
	29	49
	27	49
	28	48
	29	48
	27	48
	28	47
	29	47
	27	47
	28	46
	29	46
	27	46
	28	44
	29	44
	27	44
	28	45
	28	43
	29	45
	29	43
	27	45
	27	43
	28	42
	29	42
	27	42
	28	41
	29	41
	27	41
	28	40
	29	40
	27	40
	28	39
	29	39
	27	39
	29	37
	29	38
	29	36
	28	36
	28	37
	28	38
	27	38
	27	37
	26	38
	26	39
	26	37
	27	36
	26	36
	25	37
	25	38
	25	36
	24	37
	24	38
	24	36
	23	37
	23	38
	23	36
	22	37
	21	37
	22	38
	22	36
	21	38
	21	36
	20	37
	19	37
	20	38
	20	36
	19	38
	19	36
	18	37
	18	38
	18	36
	17	37
	17	38
	17	36
	25	39
	24	39
	23	39
	22	39
	21	39
	20	39
	19	39
	18	39
	17	39
	16	38
	16	39
	16	37
	15	38
	15	39
	15	37
	14	38
	13	38
	14	39
	14	37
	13	39
	13	37
	12	38
	12	39
	12	37
	11	38
	11	39
	11	37
	10	38
	10	39
	10	37
	9	38
	9	39
	9	37
	8	38
	7	38
	8	39
	8	37
	7	39
	7	37
	6	38
	6	39
	6	37
	16	36
	13	36
	7	36
	5	37
	6	36
	5	38
	4	37
	4	38
	4	36
	3	37
	2	37
	3	38
	2	38
	2	36
	3	39
	4	39
	2	39
	3	40
	4	40
	2	40
	5	39
	5	40
	6	40
	7	40
	8	40
	9	40
	11	40
	12	40
	10	40
	15	40
	16	40
	14	40
	19	40
	20	40
	18	40
	21	40
	22	40
	23	40
	22	41
	23	41
	21	41
	24	40
	24	41
	25	40
	26	40
	25	41
	26	41
	26	42
	25	42
	26	43
	25	43
	26	44
	25	44
	26	45
	25	45
	26	46
	25	46
	24	46
	25	47
	26	47
	24	47
	24	45
	25	48
	26	48
	24	48
	25	49
	26	49
	24	49
	25	50
	26	50
	24	50
	25	53
	26	53
	24	53
	25	54
	25	52
	26	54
	26	52
	24	54
	24	52
	25	55
	26	55
	24	55
	24	44
	24	42
	24	43
	23	42
	23	43
	23	46
	23	47
	23	45
	23	48
	23	49
	23	50
	24	51
	25	51
	23	51
	23	53
	23	54
	23	52
	24	56
	25	56
	23	56
	24	57
	25	57
	23	57
	23	55
	24	58
	25	58
	23	58
	24	59
	25	59
	23	59
	24	60
	25	60
	23	60
	24	61
	23	61
	24	63
	23	63
	24	64
	24	62
	25	64
	23	64
	23	62
	24	65
	25	65
	23	65
	24	66
	25	66
	23	66
	24	67
	25	67
	23	67
	24	68
	23	68
	22	60
	22	61
	22	59
	22	57
	22	58
	22	56
	22	54
	22	55
	22	53
	22	50
	22	51
	22	49
	22	48
	22	47
	22	46
	22	45
	23	44
	22	44
	22	42
	22	43
	21	49
	21	50
	21	48
	21	60
	21	61
	21	59
	22	68
	23	69
	24	69
	22	69
	22	67
	23	71
	24	71
	22	71
	23	72
	23	70
	24	72
	24	70
	22	72
	22	70
	23	73
	24	73
	22	73
	22	66
	22	62
	21	47
	21	46
	21	45
	20	46
	20	47
	20	45
	21	53
	20	53
	21	54
	21	52
	22	52
	20	54
	20	52
	21	55
	20	55
	20	60
	20	61
	20	59
	21	64
	22	64
	20	64
	21	65
	21	63
	22	65
	22	63
	20	65
	20	63
	21	66
	20	66
	21	67
	20	67
	21	68
	20	68
	21	58
	20	58
	21	57
	20	57
	21	51
	20	51
	20	50
	20	49
	20	48
	20	42
	21	42
	19	42
	20	43
	20	41
	21	43
	19	43
	19	41
	19	51
	19	52
	19	50
	19	55
	20	56
	21	56
	19	56
	19	54
	19	57
	19	58
	19	59
	19	60
	19	61
	20	62
	21	62
	19	62
	19	63
	19	53
	18	51
	18	52
	18	50
	19	49
	18	49
	19	48
	18	48
	18	47
	19	47
	17	47
	18	46
	19	46
	17	48
	17	46
	18	45
	19	45
	17	45
	18	44
	19	44
	17	44
	18	43
	17	43
	18	42
	17	42
	18	41
	17	41
	17	40
	20	44
	21	44
	26	56
	26	51
	25	72
	25	73
	25	71
	24	74
	23	74
	24	78
	24	79
	24	77
	25	80
	24	80
	25	81
	24	81
	25	82
	25	83
	26	84
	24	82
	24	83
	33	103
	32	103
	33	104
	33	102
	34	102
	32	104
	32	102
	34	101
	35	101
	33	101
	34	100
	35	100
	33	100
	34	99
	35	99
	33	99
	36	100
	36	101
	36	99
	34	98
	33	97
	33	98
	40	93
	40	94
	40	92
	34	89
	35	88
	36	88
	34	88
	37	88
	38	89
	39	89
	33	88
	32	88
	33	89
	33	87
	34	87
	32	89
	32	87
	31	88
	31	89
	31	87
	32	93
	32	94
	32	92
	32	95
	30	89
	31	90
	32	90
	30	90
	30	88
	29	89
	29	90
	29	88
	30	87
	29	87
	30	91
	31	91
	29	91
	30	92
	31	92
	29	92
	32	91
	35	87
	31	93
	30	93
	31	94
	30	94
	31	95
	30	95
	31	96
	32	96
	30	96
	32	98
	31	98
	32	99
	32	97
	31	99
	31	97
	33	105
	32	105
	33	106
	32	106
	32	100
	31	100
	32	101
	31	101
	31	102
	31	103
	31	104
	31	105
	29	114
	30	114
	28	114
	29	115
	29	113
	30	115
	30	113
	28	115
	28	113
	29	111
	30	111
	28	111
	29	112
	29	110
	30	112
	30	110
	28	112
	28	110
	29	109
	30	109
	28	109
	29	105
	30	105
	28	105
	29	106
	29	104
	30	106
	30	104
	28	106
	28	104
	29	102
	30	102
	28	102
	29	103
	29	101
	30	103
	30	101
	28	103
	28	101
	29	99
	30	99
	28	99
	29	100
	29	98
	30	100
	30	98
	28	100
	28	98
	29	97
	30	97
	28	97
	29	96
	28	96
	29	94
	28	94
	29	95
	29	93
	28	95
	28	93
	28	91
	27	91
	28	92
	28	90
	27	92
	27	90
	27	95
	27	96
	27	94
	27	101
	27	102
	27	100
	27	106
	28	107
	29	107
	27	107
	27	105
	28	108
	29	108
	27	108
	27	109
	27	110
	27	111
	27	112
	30	108
	31	111
	31	112
	31	110
	31	109
	31	108
	32	108
	31	107
	32	109
	32	107
	30	107
	32	110
	33	110
	32	111
	33	111
	33	109
	32	112
	33	112
	32	113
	33	113
	31	113
	32	114
	33	114
	31	114
	32	115
	33	115
	31	115
	33	116
	33	108
	33	107
	31	106
	27	114
	26	114
	27	115
	27	113
	26	115
	26	113
	26	109
	26	110
	26	108
	26	107
	26	106
	27	104
	26	104
	27	103
	26	105
	26	103
	26	102
	26	101
	26	100
	27	99
	26	99
	27	98
	26	98
	27	97
	26	97
	26	96
	26	94
	27	93
	26	95
	26	93
	26	92
	26	91
	26	90
	27	89
	28	89
	26	89
	27	87
	28	87
	26	87
	27	88
	28	88
	26	88
	26	86
	26	85
	25	115
	24	115
	25	116
	25	114
	26	116
	24	116
	24	114
	25	110
	24	110
	25	111
	25	109
	26	111
	24	111
	24	109
	25	107
	24	107
	25	108
	25	106
	24	108
	24	106
	25	105
	24	105
	25	104
	24	104
	25	103
	24	103
	25	102
	24	102
	25	101
	24	101
	25	100
	24	100
	25	99
	24	99
	25	98
	24	98
	25	97
	24	97
	25	95
	24	95
	25	96
	25	94
	24	96
	24	94
	25	93
	24	93
	25	92
	24	92
	25	91
	24	91
	25	89
	24	89
	25	90
	25	88
	24	90
	24	88
	25	87
	24	87
	33	118
	33	119
	33	117
	27	117
	27	118
	27	116
	26	117
	25	117
	26	118
	27	119
	25	118
	26	119
	25	119
	24	118
	24	119
	24	117
	24	113
	25	113
	23	113
	24	112
	25	112
	23	114
	23	112
	23	111
	23	110
	23	109
	23	108
	23	107
	23	106
	23	105
	23	104
	26	112
	23	118
	22	118
	23	119
	23	117
	22	119
	22	117
	23	120
	24	120
	22	120
	23	116
	22	116
	23	115
	22	115
	22	114
	21	114
	22	113
	21	115
	21	113
	22	112
	21	112
	22	111
	21	111
	22	110
	22	109
	22	108
	22	107
	22	106
	22	105
	23	103
	22	103
	23	102
	22	104
	22	102
	20	121
	21	121
	19	121
	20	122
	20	120
	21	122
	21	120
	19	122
	19	120
	20	119
	21	119
	19	119
	20	118
	21	118
	19	118
	20	117
	21	117
	19	117
	20	116
	21	116
	19	116
	20	115
	19	115
	20	113
	19	113
	20	114
	20	112
	19	114
	19	112
	20	111
	19	111
	20	109
	21	109
	19	109
	20	110
	20	108
	21	110
	21	108
	19	110
	19	108
	20	107
	21	107
	19	107
	20	106
	21	106
	19	106
	20	105
	21	105
	19	105
	20	104
	21	104
	19	104
	20	103
	21	103
	19	103
	20	100
	21	100
	20	101
	20	99
	21	101
	21	99
	20	98
	21	98
	20	97
	21	97
	20	95
	21	95
	20	96
	20	94
	21	96
	21	94
	20	92
	21	92
	20	93
	20	91
	21	93
	21	91
	20	88
	21	88
	20	89
	20	87
	21	89
	21	87
	20	86
	21	86
	20	83
	20	84
	20	82
	20	78
	20	79
	20	77
	20	74
	20	75
	20	73
	19	71
	20	71
	18	71
	19	72
	19	70
	20	72
	20	70
	18	72
	18	70
	19	65
	18	65
	19	66
	19	64
	18	66
	18	64
	18	61
	18	62
	18	60
	21	102
	20	102
	22	101
	22	100
	22	99
	22	98
	22	97
	23	101
	23	100
	23	98
	23	99
	23	97
	22	96
	23	96
	22	95
	23	95
	22	94
	23	94
	22	93
	23	93
	22	92
	23	92
	22	91
	23	91
	22	90
	23	90
	21	90
	22	88
	23	88
	22	89
	22	87
	23	89
	23	87
	22	83
	23	83
	21	83
	22	84
	22	82
	23	84
	23	82
	21	84
	21	82
	22	79
	23	79
	21	79
	22	80
	22	78
	23	80
	23	78
	21	80
	21	78
	22	77
	23	77
	21	77
	22	76
	23	76
	21	76
	22	74
	23	75
	24	75
	22	75
	23	81
	22	81
	24	86
	25	86
	23	86
	24	85
	25	85
	23	85
	24	84
	25	84
	22	86
	22	85
	21	85
	21	81
	20	81
	20	80
	21	75
	20	76
	21	74
	21	73
	24	76
	21	70
	21	71
	21	69
	20	69
	21	72
	19	67
	18	67
	19	68
	18	68
	17	62
	18	63
	17	63
	17	61
	17	68
	18	69
	19	69
	17	69
	17	67
	17	70
	17	72
	16	72
	17	71
	16	71
	16	70
	16	69
	16	68
	16	67
	17	66
	16	66
	17	65
	16	65
	17	64
	16	64
	16	63
	16	62
	16	61
	16	59
	17	59
	15	59
	16	60
	16	58
	17	60
	17	58
	15	60
	15	58
	16	57
	17	57
	15	57
	16	56
	17	56
	15	56
	16	55
	17	55
	15	55
	16	53
	17	53
	15	53
	16	54
	16	52
	17	54
	17	52
	15	54
	15	52
	16	51
	17	51
	15	51
	16	50
	17	50
	15	50
	16	49
	17	49
	15	49
	16	48
	15	48
	16	47
	15	47
	16	46
	15	46
	16	45
	15	45
	16	44
	15	44
	16	43
	15	43
	15	42
	16	42
	14	42
	15	41
	16	41
	14	43
	14	41
	18	54
	18	55
	18	53
	18	56
	18	57
	18	58
	18	59
	0	38
	1	38
	0	39
	0	37
	1	39
	1	37
	0	36
	1	36
	0	35
	1	35
	0	34
	1	34
	0	33
	1	33
	0	32
	1	32
	0	31
	1	31
	0	30
	1	30
	0	29
	1	29
	0	28
	1	28
	0	27
	1	27
	0	26
	1	26
	0	25
	1	25
	0	24
	1	24
	0	23
	1	23
	2	35
	2	34
	2	33
	2	32
	2	31
	2	29
	2	30
	2	28
	2	26
	2	27
	2	25
	2	19
	3	19
	1	22
	2	20
	0	22
	1	21
	3	20
	0	21
	1	20
	3	17
	0	20
	1	18
	2	16
	0	18
	1	19
	1	17
	3	16
	4	23
	0	19
	0	17
	3	23
	2	18
	3	18
	4	16
	2	17
	4	20
	4	15
	3	15
	2	14
	4	22
	3	24
	1	15
	1	16
	2	24
	3	25
	3	26
	0	12
	2	22
	1	11
	3	22
	2	11
	0	13
	0	11
	1	7
	3	7
	0	7
	1	8
	1	6
	2	7
	3	8
	0	8
	0	6
	1	5
	2	5
	0	5
	1	9
	3	11
	0	9
	0	14
	0	15
	0	16
	0	10
	1	10
	1	4
	2	4
	0	4
	1	3
	2	3
	0	3
	1	2
	2	2
	0	2
	3	3
	3	4
	3	2
	10	5
	8	9
	3	6
	2	6
	9	8
	2	8
	2	12
	2	10
	4	3
	5	4
	4	2
	3	5
	8	5
	9	5
	7	9
	4	4
	5	3
	6	4
	7	4
	10	6
	6	3
	9	6
	7	3
	5	2
	1	1
	2	1
	0	1
	1	0
	2	0
	0	0
	3	1
	4	1
	3	0
	4	0
	6	1
	7	1
	5	1
	6	2
	6	0
	7	2
	7	0
	5	0
	8	1
	8	0
	9	1
	9	0
	10	0
	10	1
	11	0
	12	0
	11	1
	12	1
	13	0
	13	1
	16	0
	17	0
	15	0
	16	1
	17	1
	15	1
	18	0
	19	0
	18	1
	19	1
	20	0
	20	1
	22	0
	23	0
	21	0
	22	1
	23	1
	21	1
	27	0
	28	0
	26	0
	27	1
	28	1
	26	1
	32	0
	33	0
	31	0
	32	1
	33	1
	31	1
	24	0
	24	1
	14	0
	14	1
	25	0
	25	1
	34	0
	34	1
	25	5
	26	5
	24	5
	31	2
	32	2
	30	2
	39	2
	40	2
	38	2
	39	3
	39	1
	40	3
	40	1
	38	3
	38	1
	34	2
	35	2
	33	2
	35	1
	29	2
	30	1
	29	1
	41	3
	42	3
	41	4
	41	2
	42	4
	42	2
	40	4
	36	1
	35	0
	36	2
	36	0
	41	1
	40	0
	41	0
	39	0
	39	4
	38	4
	38	5
	39	5
	37	4
	37	3
	36	3
	37	2
	37	1
	40	5
	41	5
	42	0
	42	1
	42	5
	42	6
	43	1
	43	2
	43	0
	43	3
	43	4
	43	5
	29	0
	30	0
	37	0
	38	0
	44	5
	43	6
	44	6
	44	4
	44	3
	44	2
	44	1
	44	0
	45	6
	46	6
	45	5
	46	5
	45	4
	46	4
	45	3
	46	3
	45	2
	46	2
	45	1
	46	1
	45	0
	46	0
	47	7
	48	7
	47	3
	48	3
	47	4
	47	2
	48	4
	48	2
	47	1
	48	1
	47	0
	48	0
	47	5
	48	5
	47	6
	48	6
	50	8
	51	8
	49	8
	50	7
	51	7
	49	7
	50	6
	51	6
	49	6
	50	5
	51	5
	49	5
	50	4
	51	4
	49	4
	50	3
	51	3
	49	3
	50	2
	51	2
	49	2
	50	1
	51	1
	49	1
	50	0
	51	0
	49	0
	63	156
	64	156
	62	156
	63	157
	63	155
	64	157
	64	155
	62	157
	62	155
	63	153
	64	153
	62	153
	63	154
	63	152
	64	154
	64	152
	62	154
	62	152
	62	150
	63	150
	61	150
	62	151
	62	149
	63	151
	63	149
	61	151
	61	149
	62	147
	63	147
	61	147
	62	148
	62	146
	63	148
	63	146
	61	148
	61	146
	62	145
	63	145
	61	145
	62	144
	63	144
	61	144
	61	142
	62	142
	60	142
	61	143
	61	141
	62	143
	62	141
	60	143
	60	141
	61	140
	62	140
	60	140
	61	139
	62	139
	60	139
	61	137
	62	137
	60	137
	61	138
	61	136
	62	138
	62	136
	60	138
	60	136
	61	135
	62	135
	60	135
	61	134
	62	134
	60	134
	61	133
	62	133
	60	133
	61	132
	62	132
	60	132
	61	131
	62	131
	60	131
	61	130
	62	130
	60	130
	61	129
	62	129
	60	129
	61	127
	62	127
	60	127
	61	128
	61	126
	62	128
	62	126
	60	128
	60	126
	61	125
	62	125
	60	125
	61	124
	62	124
	60	124
	61	123
	62	123
	60	123
	61	122
	62	122
	60	122
	61	121
	62	121
	60	121
	61	120
	62	120
	60	120
	61	119
	62	119
	60	119
	61	118
	62	118
	60	118
	61	117
	62	117
	60	117
	60	116
	60	115
	60	114
	61	113
	60	113
	61	111
	61	112
	61	110
	61	108
	61	109
	61	107
	62	104
	62	102
	63	101
	64	101
	62	103
	62	101
	63	99
	64	99
	62	99
	63	100
	63	98
	64	100
	64	98
	62	100
	62	98
	63	97
	64	97
	62	97
	63	96
	64	96
	62	96
	63	95
	64	95
	62	95
	63	94
	64	94
	62	94
	63	92
	64	92
	62	92
	63	93
	63	91
	64	93
	64	91
	62	93
	62	91
	63	90
	64	90
	62	90
	63	86
	64	86
	62	86
	63	87
	63	85
	64	87
	64	85
	62	87
	62	85
	63	81
	64	81
	62	81
	63	82
	63	80
	64	82
	64	80
	62	82
	62	80
	64	78
	65	78
	63	78
	64	79
	64	77
	65	79
	65	77
	63	79
	63	77
	64	75
	65	75
	63	75
	64	76
	64	74
	65	76
	65	74
	63	76
	63	74
	64	72
	65	72
	63	72
	64	73
	64	71
	65	73
	65	71
	63	73
	63	71
	65	66
	66	66
	64	66
	65	67
	65	65
	66	67
	66	65
	64	67
	64	65
	65	60
	66	60
	64	60
	65	61
	65	59
	66	61
	66	59
	64	61
	64	59
	66	57
	67	57
	65	57
	66	58
	66	56
	67	58
	67	56
	65	58
	65	56
	67	53
	66	40
	67	40
	65	40
	66	33
	67	33
	65	33
	66	34
	66	32
	67	34
	67	32
	65	34
	65	32
	64	26
	65	26
	63	26
	64	27
	64	25
	65	27
	65	25
	63	27
	63	25
	64	22
	65	22
	63	22
	64	23
	64	21
	65	23
	65	21
	63	23
	63	21
	64	19
	65	19
	63	19
	64	20
	64	18
	65	20
	65	18
	63	20
	63	18
	64	17
	65	17
	63	17
	64	16
	65	16
	63	16
	64	15
	65	15
	63	15
	64	14
	65	14
	63	14
	64	13
	65	13
	63	13
	64	11
	65	11
	63	11
	64	12
	64	10
	65	12
	65	10
	63	12
	63	10
	64	9
	65	9
	63	9
	64	8
	65	8
	63	8
	64	6
	65	6
	63	6
	64	7
	64	5
	65	7
	65	5
	63	7
	63	5
	62	5
	63	4
	64	4
	62	6
	62	4
	63	3
	64	3
	62	3
	63	2
	64	2
	62	2
	63	1
	64	1
	62	1
	63	0
	64	0
	62	0
	61	0
	61	1
	60	0
	59	0
	60	1
	59	1
	58	0
	58	1
	57	1
	58	2
	59	2
	57	2
	57	0
	56	1
	56	2
	56	0
	52	1
	53	1
	52	2
	52	0
	53	2
	53	0
	52	3
	53	3
	58	3
	59	3
	57	3
	58	4
	59	4
	57	4
	60	3
	61	3
	60	4
	60	2
	61	4
	61	2
	55	3
	56	3
	54	3
	55	4
	55	2
	56	4
	54	4
	54	2
	52	4
	55	1
	54	1
	54	0
	58	5
	59	5
	57	5
	56	5
	55	5
	53	4
	54	5
	53	5
	52	5
	53	6
	54	6
	52	6
	53	7
	54	7
	52	7
	58	6
	59	6
	57	6
	58	7
	59	7
	57	7
	61	6
	60	6
	61	7
	61	5
	62	7
	60	7
	60	5
	56	6
	56	7
	55	6
	55	7
	53	8
	54	8
	52	8
	54	9
	55	8
	55	9
	57	8
	58	8
	56	8
	57	9
	58	9
	56	9
	59	8
	59	9
	60	8
	61	8
	60	9
	61	9
	60	10
	61	10
	59	10
	60	11
	61	11
	59	11
	59	12
	60	12
	58	12
	60	13
	58	11
	57	11
	61	12
	61	13
	62	10
	62	11
	62	9
	62	8
	58	10
	57	10
	56	10
	60	14
	61	14
	60	15
	61	15
	60	16
	61	16
	60	17
	61	17
	60	18
	61	18
	60	19
	61	19
	60	20
	61	20
	62	14
	62	15
	62	13
	62	12
	62	16
	62	17
	62	18
	62	19
	62	20
	62	21
	61	21
	62	23
	61	23
	62	24
	62	22
	63	24
	61	24
	61	22
	62	26
	61	26
	62	27
	62	25
	61	27
	61	25
	62	28
	63	28
	61	28
	62	29
	63	29
	61	29
	62	30
	63	30
	61	30
	62	31
	63	31
	61	31
	62	32
	63	32
	61	32
	60	32
	61	33
	62	33
	60	33
	60	31
	61	34
	62	34
	60	34
	60	29
	60	30
	60	28
	60	27
	60	26
	60	25
	60	24
	60	23
	60	22
	60	21
	60	111
	60	112
	60	110
	60	109
	61	106
	61	103
	61	104
	61	102
	61	101
	61	100
	61	99
	60	108
	60	107
	60	106
	61	105
	60	105
	60	104
	60	103
	60	102
	60	101
	60	100
	61	97
	61	98
	61	96
	61	94
	60	94
	61	95
	61	93
	60	95
	60	93
	61	92
	60	92
	61	91
	60	91
	61	90
	60	90
	61	89
	62	89
	60	89
	61	88
	62	88
	60	88
	61	87
	60	87
	61	85
	60	85
	61	86
	61	84
	62	84
	60	86
	60	84
	61	83
	62	83
	60	83
	61	82
	60	82
	61	80
	60	80
	61	81
	61	79
	62	79
	60	81
	60	79
	60	99
	60	98
	60	97
	60	96
	61	77
	62	77
	60	77
	61	78
	61	76
	62	78
	62	76
	60	78
	60	76
	61	75
	62	75
	60	75
	61	74
	62	74
	60	74
	61	72
	62	72
	60	72
	61	73
	61	71
	62	73
	62	71
	60	73
	60	71
	61	70
	62	70
	60	70
	61	68
	62	68
	60	68
	61	69
	61	67
	62	69
	62	67
	60	69
	60	67
	60	66
	61	66
	60	64
	61	64
	60	65
	60	63
	61	65
	61	63
	60	61
	61	61
	60	62
	60	60
	61	62
	61	60
	60	58
	61	58
	60	59
	60	57
	61	59
	61	57
	60	56
	61	56
	60	55
	61	55
	60	53
	60	54
	60	52
	60	51
	60	50
	60	49
	60	48
	60	47
	60	45
	60	46
	60	44
	60	43
	60	42
	60	41
	60	40
	60	39
	60	38
	60	37
	60	36
	60	35
	61	35
	61	40
	61	41
	61	39
	61	53
	62	56
	63	56
	62	57
	62	55
	63	57
	63	55
	63	59
	62	59
	63	60
	63	58
	64	58
	62	60
	62	58
	63	64
	64	64
	62	64
	63	65
	63	63
	64	63
	62	65
	62	63
	63	67
	63	68
	63	66
	64	68
	62	66
	63	69
	64	69
	63	70
	64	70
	65	70
	63	61
	64	62
	65	62
	63	62
	64	55
	65	55
	64	56
	64	54
	65	54
	63	54
	62	42
	63	41
	62	43
	62	41
	63	40
	64	40
	62	40
	62	37
	63	37
	61	37
	62	38
	62	36
	63	38
	63	36
	61	38
	61	36
	62	35
	63	35
	22	122
	21	123
	22	123
	22	121
	20	123
	23	122
	24	122
	23	123
	23	121
	24	123
	24	121
	25	122
	26	122
	25	123
	25	121
	26	123
	26	121
	27	121
	27	122
	27	120
	26	120
	33	121
	33	122
	33	120
	33	123
	27	123
	25	120
	17	121
	18	121
	16	121
	17	122
	17	120
	18	122
	18	120
	16	122
	16	120
	17	119
	18	119
	16	119
	17	118
	18	118
	16	118
	17	115
	18	115
	16	115
	17	116
	17	114
	18	116
	18	114
	16	116
	16	114
	17	112
	18	112
	16	112
	17	113
	17	111
	18	113
	18	111
	16	113
	16	111
	17	109
	18	109
	16	109
	17	110
	17	108
	18	110
	18	108
	16	110
	16	108
	17	106
	18	106
	16	106
	17	107
	17	105
	18	107
	18	105
	16	107
	16	105
	18	103
	17	103
	17	117
	18	117
	16	117
	16	103
	15	103
	16	104
	17	104
	15	104
	20	85
	15	68
	15	69
	15	67
	15	66
	15	65
	15	64
	15	62
	15	63
	15	61
	15	72
	15	71
	15	105
	15	106
	15	107
	15	108
	15	109
	15	110
	15	111
	15	112
	15	113
	15	114
	15	115
	15	116
	15	117
	15	118
	15	119
	15	120
	15	121
	65	157
	64	158
	65	158
	65	156
	63	158
	65	155
	65	153
	65	154
	65	152
	64	150
	65	150
	64	151
	64	149
	65	151
	65	149
	64	147
	65	147
	64	148
	64	146
	65	148
	65	146
	64	145
	64	144
	63	142
	64	142
	63	143
	63	141
	64	143
	64	141
	63	138
	63	139
	63	137
	63	135
	63	136
	63	134
	62	61
	62	62
	62	54
	61	54
	61	42
	61	43
	62	39
	63	39
	63	34
	64	39
	64	38
	62	46
	61	46
	62	45
	61	45
	62	44
	61	44
	20	90
	18	104
	58	159
	59	159
	57	159
	58	158
	59	158
	57	158
	63	159
	64	159
	62	159
	62	158
	65	159
	66	159
	66	158
	68	158
	69	158
	67	158
	68	159
	68	157
	69	159
	69	157
	67	159
	67	157
	66	157
	61	158
	61	159
	61	157
	60	158
	60	159
	60	157
	61	156
	60	156
	61	154
	60	154
	61	155
	61	153
	60	155
	60	153
	60	151
	61	152
	60	152
	60	150
	60	148
	60	149
	60	147
	60	145
	60	146
	60	144
	59	157
	58	157
	59	154
	58	154
	59	155
	59	153
	58	155
	58	153
	59	151
	58	151
	59	152
	59	150
	58	152
	58	150
	59	149
	58	149
	59	148
	58	148
	59	146
	58	146
	59	147
	59	145
	58	147
	58	145
	59	144
	58	144
	59	143
	58	143
	59	141
	58	141
	59	142
	59	140
	58	142
	58	140
	59	137
	58	137
	59	138
	59	136
	58	138
	58	136
	59	134
	58	134
	59	135
	59	133
	58	135
	58	133
	57	133
	57	135
	57	136
	57	134
	57	137
	56	137
	57	138
	56	138
	57	139
	58	139
	56	139
	57	140
	56	140
	57	141
	56	141
	59	139
	57	142
	55	143
	56	143
	54	143
	55	144
	55	142
	56	144
	56	142
	54	144
	54	142
	55	145
	56	145
	54	145
	55	141
	55	140
	57	143
	57	144
	57	145
	57	147
	56	147
	57	148
	57	146
	56	148
	56	146
	57	149
	56	149
	57	150
	56	150
	57	151
	56	151
	57	152
	56	152
	57	154
	56	154
	57	155
	57	153
	56	155
	56	153
	58	156
	59	156
	57	156
	57	157
	68	156
	69	156
	67	156
	66	156
	67	155
	68	155
	66	155
	67	154
	68	154
	66	154
	67	153
	68	153
	66	153
	67	152
	68	152
	66	152
	67	151
	68	151
	66	151
	67	150
	68	150
	66	150
	68	149
	69	149
	67	149
	68	148
	69	150
	69	148
	67	148
	68	145
	69	145
	67	145
	68	146
	68	144
	69	146
	69	144
	67	146
	67	144
	68	143
	69	143
	67	143
	68	142
	69	142
	67	142
	68	139
	69	139
	67	139
	68	140
	68	138
	69	140
	69	138
	67	140
	67	138
	69	135
	70	135
	68	135
	69	136
	69	134
	70	136
	70	134
	68	136
	68	134
	69	131
	70	131
	68	131
	69	132
	69	130
	70	132
	70	130
	68	132
	68	130
	69	126
	70	126
	68	126
	69	127
	69	125
	70	127
	70	125
	68	127
	68	125
	69	122
	70	122
	68	122
	69	123
	69	121
	70	123
	70	121
	68	123
	68	121
	69	117
	70	117
	68	117
	69	118
	69	116
	70	118
	70	116
	68	118
	69	111
	70	111
	68	111
	69	112
	69	110
	70	112
	70	110
	68	112
	68	110
	69	103
	70	103
	68	103
	69	104
	69	102
	70	104
	70	102
	68	104
	68	102
	69	99
	70	99
	68	99
	69	100
	69	98
	70	100
	70	98
	68	100
	68	98
	69	93
	70	93
	68	93
	69	94
	69	92
	70	94
	70	92
	68	94
	68	92
	69	90
	70	90
	68	90
	69	91
	69	89
	70	91
	70	89
	68	91
	68	89
	68	84
	69	84
	67	84
	68	85
	68	83
	69	85
	69	83
	67	85
	67	83
	67	79
	68	79
	66	79
	67	80
	67	78
	68	80
	68	78
	66	80
	66	78
	67	77
	68	77
	66	77
	67	73
	68	73
	66	73
	67	74
	67	72
	68	74
	68	72
	66	74
	66	72
	67	67
	68	67
	67	68
	67	66
	68	68
	68	66
	66	68
	67	65
	68	65
	67	64
	68	64
	66	64
	67	60
	68	60
	67	61
	67	59
	68	61
	68	59
	67	55
	68	55
	66	55
	67	54
	68	56
	68	54
	66	54
	68	47
	69	47
	68	48
	68	46
	69	48
	69	46
	69	41
	70	41
	68	41
	69	42
	69	40
	70	42
	70	40
	68	42
	68	40
	70	37
	71	37
	69	37
	70	38
	70	36
	71	38
	71	36
	69	38
	69	36
	68	49
	66	38
	67	38
	65	38
	66	39
	66	37
	67	39
	67	37
	65	39
	65	37
	64	32
	65	31
	66	31
	64	33
	64	31
	65	29
	66	29
	64	29
	65	30
	65	28
	66	30
	66	28
	64	30
	64	28
	64	37
	65	36
	66	36
	64	36
	64	24
	64	35
	65	35
	64	34
	63	33
	65	24
	66	21
	67	21
	66	22
	66	20
	67	22
	67	20
	66	17
	67	17
	66	18
	66	16
	67	18
	67	16
	66	19
	67	19
	67	23
	68	23
	66	23
	67	24
	68	24
	68	22
	66	24
	68	36
	67	36
	68	37
	68	35
	69	35
	67	35
	68	38
	68	31
	69	31
	67	31
	68	32
	68	30
	69	32
	69	30
	67	30
	68	43
	69	43
	69	27
	70	27
	68	27
	69	28
	69	26
	70	28
	70	26
	68	28
	68	26
	68	21
	69	21
	68	20
	69	22
	69	20
	68	19
	69	19
	68	18
	69	18
	69	23
	69	24
	67	28
	68	29
	69	29
	67	29
	67	27
	68	25
	69	25
	67	25
	67	26
	66	27
	66	25
	65	2
	65	3
	65	1
	66	11
	66	12
	66	10
	66	15
	67	15
	67	10
	68	10
	67	11
	67	9
	68	11
	68	9
	66	9
	67	4
	68	4
	66	4
	67	5
	67	3
	68	5
	68	3
	66	5
	66	3
	66	1
	67	1
	66	2
	66	0
	67	2
	67	0
	65	0
	66	14
	67	14
	66	13
	67	13
	67	7
	68	7
	66	7
	67	8
	67	6
	68	8
	68	6
	66	8
	66	6
	68	17
	69	17
	68	16
	69	16
	69	11
	70	11
	69	12
	69	10
	70	12
	70	10
	68	12
	69	9
	70	9
	69	3
	68	2
	69	4
	69	2
	68	1
	69	1
	68	0
	69	0
	65	4
	66	26
	68	33
	68	34
	69	34
	69	33
	66	149
	66	148
	67	147
	68	147
	66	147
	66	146
	66	145
	66	144
	66	143
	66	142
	67	141
	68	141
	66	141
	66	140
	66	139
	67	137
	68	137
	66	137
	67	136
	66	138
	66	136
	67	133
	68	133
	66	133
	67	134
	67	132
	66	134
	66	132
	67	131
	66	131
	67	130
	66	130
	67	128
	68	128
	66	128
	67	129
	67	127
	68	129
	66	129
	66	127
	65	144
	65	145
	65	143
	65	142
	65	141
	64	140
	65	140
	63	140
	64	139
	65	139
	64	136
	65	136
	64	137
	64	135
	65	137
	65	135
	64	132
	65	132
	63	132
	64	133
	64	131
	65	133
	65	131
	63	133
	63	131
	64	127
	65	127
	63	127
	64	128
	64	126
	65	128
	65	126
	63	128
	63	126
	64	118
	65	118
	63	118
	64	119
	65	119
	63	119
	65	138
	64	138
	66	135
	65	134
	67	135
	65	121
	66	121
	64	121
	65	122
	65	120
	66	122
	66	120
	64	122
	64	120
	66	119
	66	126
	65	125
	66	125
	64	125
	65	129
	64	129
	65	130
	64	130
	63	130
	63	129
	64	134
	64	124
	65	124
	63	124
	64	123
	65	123
	63	125
	63	123
	66	118
	66	117
	66	123
	66	124
	67	120
	67	121
	67	119
	67	118
	63	122
	63	121
	63	120
	67	123
	67	124
	67	122
	69	115
	67	117
	68	113
	69	113
	69	114
	69	133
	69	108
	70	108
	68	108
	69	109
	69	107
	70	109
	70	107
	68	109
	68	107
	70	105
	71	105
	69	105
	70	106
	71	106
	71	104
	69	106
	71	118
	70	119
	71	119
	71	117
	69	119
	71	107
	65	97
	66	97
	65	98
	65	96
	66	98
	66	96
	66	102
	67	92
	66	92
	67	93
	67	91
	66	93
	66	91
	67	98
	67	99
	67	97
	68	97
	66	99
	67	102
	67	103
	67	101
	68	101
	66	101
	67	96
	68	96
	67	95
	68	95
	66	95
	69	96
	69	97
	69	95
	69	101
	67	100
	66	100
	65	100
	65	101
	65	99
	67	104
	67	109
	67	110
	67	108
	67	89
	66	89
	67	90
	67	88
	68	88
	66	90
	66	88
	68	86
	69	86
	67	86
	67	94
	68	105
	67	105
	68	106
	67	106
	67	107
	66	94
	67	87
	68	87
	66	87
	66	86
	66	85
	66	84
	66	83
	67	82
	68	82
	66	82
	65	95
	65	89
	64	89
	65	90
	65	88
	64	88
	65	85
	65	86
	65	84
	64	84
	65	94
	65	93
	64	83
	65	83
	63	83
	65	82
	63	84
	65	87
	65	80
	65	92
	65	91
	65	81
	66	81
	63	89
	63	88
	67	81
	68	81
	69	80
	69	81
	69	79
	65	68
	65	69
	66	69
	66	70
	66	75
	67	69
	68	69
	67	70
	68	70
	67	71
	68	71
	66	71
	69	71
	69	72
	69	70
	67	75
	68	75
	67	76
	68	76
	66	76
	65	64
	65	63
	66	63
	66	62
	64	57
	67	63
	67	62
	68	62
	68	63
	69	62
	69	63
	69	61
	68	58
	69	58
	68	57
	69	59
	69	57
	68	50
	68	51
	68	45
	69	45
	68	44
	69	44
	69	54
	68	53
	69	55
	69	53
	68	52
	68	39
	69	39
	70	33
	70	34
	70	32
	70	31
	70	43
	66	35
	70	29
	70	30
	70	20
	71	20
	70	21
	70	19
	71	21
	71	19
	70	18
	71	18
	70	22
	71	22
	70	15
	71	15
	69	15
	70	16
	70	14
	71	16
	71	14
	69	14
	70	13
	71	13
	69	13
	71	12
	56	159
	55	159
	56	158
	55	158
	53	159
	54	159
	52	159
	53	158
	54	158
	52	158
	56	157
	55	157
	56	156
	55	156
	52	156
	53	156
	51	156
	52	157
	52	155
	53	157
	53	155
	51	157
	51	155
	54	155
	55	155
	54	156
	54	154
	55	154
	53	154
	55	150
	55	151
	55	149
	55	148
	69	128
	67	126
	68	120
	69	120
	68	119
	70	120
	70	115
	69	124
	70	124
	68	124
	71	127
	70	128
	71	128
	71	126
	71	124
	71	125
	71	123
	67	125
	70	139
	71	139
	70	140
	70	138
	71	140
	71	138
	70	141
	71	141
	69	141
	70	137
	71	137
	69	137
	71	136
	71	134
	70	133
	71	135
	71	133
	71	132
	71	131
	71	130
	70	129
	71	129
	69	129
	72	140
	72	141
	72	139
	71	143
	72	143
	70	143
	71	144
	71	142
	72	144
	72	142
	70	144
	70	142
	71	145
	72	145
	70	145
	71	146
	72	146
	70	146
	71	147
	72	147
	70	147
	71	148
	72	148
	70	148
	71	149
	72	149
	70	149
	71	150
	72	150
	70	150
	71	151
	72	151
	70	151
	71	152
	72	152
	70	152
	71	153
	72	153
	70	153
	71	154
	72	154
	70	154
	69	154
	70	155
	71	155
	69	155
	69	153
	70	156
	71	156
	70	157
	71	157
	70	158
	71	158
	69	151
	69	152
	69	147
	70	159
	71	159
	72	159
	73	159
	72	158
	73	158
	72	157
	72	156
	73	157
	73	156
	72	155
	73	155
	73	154
	73	153
	73	152
	73	151
	73	150
	73	149
	73	148
	73	147
	73	146
	73	145
	73	144
	73	143
	73	142
	73	141
	73	140
	73	139
	72	138
	73	138
	72	137
	73	137
	72	136
	73	136
	72	135
	73	135
	72	134
	73	134
	72	133
	73	133
	72	132
	73	132
	72	131
	73	131
	72	130
	73	130
	72	129
	73	129
	72	128
	73	128
	72	127
	73	127
	72	126
	73	126
	72	125
	73	125
	72	124
	73	124
	72	123
	73	123
	72	122
	73	122
	71	122
	72	121
	73	121
	71	121
	72	120
	73	120
	71	120
	72	119
	73	119
	72	118
	73	118
	72	117
	73	117
	72	116
	73	116
	71	116
	72	115
	73	115
	71	115
	72	114
	73	114
	71	114
	72	113
	73	113
	71	113
	72	112
	73	112
	71	112
	72	111
	73	111
	71	111
	72	110
	73	110
	71	110
	72	109
	73	109
	71	109
	72	108
	73	108
	71	108
	72	107
	73	107
	72	106
	73	106
	72	105
	73	105
	72	104
	73	104
	72	103
	73	103
	71	103
	72	102
	73	102
	71	102
	72	101
	73	101
	71	101
	72	100
	73	100
	71	100
	72	99
	73	99
	71	99
	70	101
	71	98
	72	98
	71	97
	72	97
	70	97
	71	95
	72	95
	70	95
	71	96
	71	94
	72	96
	72	94
	70	96
	71	93
	71	92
	71	91
	71	90
	71	89
	70	88
	71	88
	69	88
	70	87
	71	87
	69	87
	70	86
	71	86
	70	85
	71	85
	70	84
	71	84
	70	83
	71	83
	70	82
	71	82
	69	82
	70	113
	70	114
	72	93
	72	92
	72	91
	73	98
	73	97
	73	96
	73	95
	73	94
	73	93
	73	92
	73	91
	72	90
	73	90
	72	88
	72	89
	72	87
	72	86
	72	85
	72	84
	72	83
	72	82
	71	81
	72	81
	70	81
	71	80
	72	80
	70	80
	71	79
	72	79
	70	79
	71	78
	72	78
	70	78
	71	77
	72	77
	70	77
	71	76
	72	76
	70	76
	73	78
	73	79
	73	77
	73	88
	73	89
	73	87
	73	86
	73	85
	73	84
	73	83
	73	82
	73	81
	73	80
	71	75
	72	75
	70	75
	71	74
	72	74
	70	74
	71	73
	72	73
	70	73
	71	72
	72	72
	70	72
	71	71
	72	71
	70	71
	71	68
	72	68
	70	68
	71	69
	71	67
	72	69
	72	67
	70	69
	70	67
	72	66
	73	66
	71	66
	72	65
	73	67
	73	65
	71	65
	72	64
	73	64
	71	64
	72	62
	73	62
	71	62
	72	63
	72	61
	73	63
	73	61
	71	63
	71	61
	72	59
	73	59
	71	59
	72	60
	72	58
	73	60
	73	58
	71	60
	71	58
	73	76
	73	75
	73	74
	73	73
	73	72
	73	71
	73	68
	73	69
	72	70
	73	70
	71	70
	70	70
	69	78
	69	77
	69	76
	69	75
	69	74
	69	73
	69	66
	69	67
	69	65
	69	60
	69	56
	69	52
	69	51
	69	50
	69	49
	69	69
	69	68
	70	64
	69	64
	70	65
	70	63
	70	62
	70	66
	70	61
	70	60
	70	59
	70	58
	70	55
	71	55
	70	56
	70	54
	71	56
	71	54
	70	51
	71	51
	70	52
	70	50
	71	52
	71	50
	70	47
	71	47
	70	48
	70	46
	71	48
	71	46
	70	45
	71	45
	70	44
	71	44
	71	42
	71	43
	71	41
	71	57
	72	57
	70	57
	72	56
	72	55
	72	54
	71	53
	72	53
	70	53
	73	57
	73	56
	73	55
	73	54
	73	53
	72	52
	73	52
	72	50
	71	49
	72	51
	72	49
	70	49
	72	48
	72	47
	72	46
	72	45
	71	40
	70	39
	71	39
	73	51
	73	50
	73	49
	73	48
	73	47
	73	46
	73	45
	72	44
	73	44
	72	43
	73	43
	72	42
	73	42
	72	41
	73	41
	72	40
	73	40
	72	39
	73	39
	72	38
	72	37
	72	36
	71	35
	72	35
	70	35
	71	34
	72	34
	71	33
	72	33
	71	32
	72	32
	71	31
	72	31
	71	30
	72	30
	71	29
	72	29
	71	28
	72	28
	71	27
	72	27
	71	26
	72	26
	71	25
	72	25
	70	25
	71	24
	72	24
	70	24
	71	23
	72	23
	70	23
	72	22
	72	20
	72	21
	72	19
	72	18
	71	17
	72	17
	70	17
	72	16
	72	15
	72	14
	72	13
	72	12
	71	11
	72	11
	71	10
	72	10
	71	9
	72	9
	71	8
	72	8
	70	8
	70	7
	71	7
	69	7
	70	6
	71	6
	69	8
	69	6
	70	5
	71	5
	69	5
	70	4
	71	4
	70	3
	71	3
	70	2
	71	2
	70	1
	71	1
	70	0
	71	0
	68	15
	68	14
	68	13
	67	12
	55	0
	73	38
	73	37
	73	36
	73	35
	73	34
	73	33
	73	31
	73	32
	73	30
	73	29
	73	28
	73	27
	73	26
	73	25
	73	24
	73	23
	73	22
	73	21
	73	20
	73	19
	72	7
	73	17
	73	18
	73	16
	73	15
	73	14
	73	13
	73	12
	73	10
	73	11
	73	9
	72	6
	72	5
	72	4
	72	3
	72	2
	72	1
	72	0
	73	0
	73	1
	73	8
	73	6
	73	7
	73	5
	73	4
	73	3
	73	2
	54	147
	55	147
	53	147
	54	148
	54	146
	55	146
	53	148
	53	146
	52	146
	53	145
	52	147
	52	148
	53	149
	54	149
	52	149
	54	157
	54	150
	53	150
	53	144
	52	150
	53	153
	54	153
	52	153
	53	152
	54	152
	52	154
	52	152
	55	152
	54	151
	55	153
	53	151
	52	151
	51	147
	51	148
	51	152
	51	153
	51	151
	51	154
	51	158
	51	159
	50	159
	50	158
	50	157
	49	157
	50	156
	49	158
	49	156
	50	155
	49	155
	50	154
	49	154
	50	153
	49	153
	50	152
	49	152
	50	151
	49	151
	50	150
	51	150
	49	150
	51	149
	50	149
	50	148
	50	147
	49	149
	49	148
	48	149
	48	150
	47	150
	46	150
	47	151
	48	151
	46	151
	45	151
	44	151
	45	152
	46	152
	44	152
	42	152
	43	152
	41	152
	42	153
	42	151
	43	153
	43	151
	41	153
	41	151
	40	152
	39	152
	40	153
	40	151
	39	153
	39	151
	38	152
	37	152
	38	153
	38	151
	37	153
	37	151
	45	153
	46	153
	44	153
	48	153
	47	153
	48	154
	48	152
	47	154
	47	152
	46	154
	45	154
	40	154
	41	154
	39	154
	40	155
	41	155
	39	155
	43	154
	44	154
	42	154
	43	155
	44	155
	42	155
	48	155
	47	155
	48	156
	47	156
	41	156
	42	156
	40	156
	41	157
	42	157
	40	157
	39	156
	38	156
	39	157
	38	157
	38	155
	46	156
	45	156
	46	157
	46	155
	47	157
	45	157
	45	155
	48	157
	47	158
	48	158
	46	158
	47	159
	48	159
	46	159
	45	158
	44	158
	45	159
	44	159
	44	157
	43	158
	42	158
	43	159
	43	157
	42	159
	41	158
	40	158
	41	159
	40	159
	39	158
	39	159
	49	159
	43	156
	44	156
	38	158
	37	157
	36	157
	37	158
	37	156
	36	158
	36	156
	37	159
	38	159
	36	159
	37	155
	38	154
	37	154
	38	150
	37	150
	36	151
	36	152
	36	150
	37	149
	36	149
	36	148
	35	149
	35	150
	35	148
	34	149
	34	150
	34	148
	33	149
	33	150
	33	148
	34	151
	35	151
	33	151
	34	152
	35	152
	33	152
	34	153
	35	153
	33	153
	34	154
	35	154
	33	154
	34	155
	35	155
	33	155
	36	154
	36	155
	36	153
	35	156
	34	156
	35	157
	35	158
	33	156
	34	159
	35	159
	33	159
	34	158
	33	158
	32	159
	32	158
	31	159
	31	158
	32	157
	33	157
	31	157
	34	157
	32	156
	30	158
	30	159
	30	157
	31	156
	30	156
	31	155
	32	155
	30	155
	31	154
	32	154
	30	154
	31	153
	32	153
	30	153
	31	152
	32	152
	30	152
	31	151
	32	151
	30	151
	31	150
	32	150
	30	150
	31	149
	32	149
	30	149
	31	148
	32	148
	30	148
	31	147
	32	147
	30	147
	31	146
	32	146
	30	146
	31	145
	32	145
	30	145
	31	144
	32	144
	30	144
	31	143
	32	143
	30	143
	31	142
	32	142
	30	142
	33	147
	33	146
	33	145
	33	144
	33	143
	33	142
	32	141
	33	141
	31	141
	32	140
	33	140
	31	140
	32	139
	33	139
	31	139
	32	138
	33	138
	31	138
	33	137
	32	137
	33	136
	32	136
	33	135
	32	135
	33	134
	32	134
	33	133
	32	133
	33	132
	32	132
	33	131
	33	130
	33	129
	33	128
	33	127
	33	126
	33	125
	33	124
	30	132
	31	132
	29	132
	30	133
	31	133
	29	133
	30	134
	31	134
	29	134
	30	135
	31	135
	29	135
	30	136
	31	136
	29	136
	30	137
	31	137
	29	137
	30	138
	29	138
	30	139
	29	139
	30	140
	29	140
	30	141
	29	141
	29	142
	29	143
	27	125
	27	126
	27	124
	26	125
	26	126
	26	124
	27	127
	26	127
	26	129
	27	129
	25	129
	26	130
	26	128
	27	130
	27	128
	25	130
	25	128
	26	131
	27	131
	25	131
	26	132
	27	132
	25	132
	27	133
	28	133
	26	133
	27	134
	28	134
	28	132
	26	134
	27	135
	28	135
	26	135
	27	138
	28	138
	26	138
	27	139
	27	137
	28	139
	28	137
	26	139
	26	137
	27	140
	28	140
	26	140
	27	142
	28	142
	26	142
	27	143
	27	141
	28	143
	28	141
	26	143
	26	141
	27	145
	28	145
	26	145
	27	146
	27	144
	28	146
	28	144
	26	146
	26	144
	27	147
	28	147
	26	147
	28	151
	29	151
	27	151
	28	152
	28	150
	29	152
	29	150
	27	152
	27	150
	28	153
	29	153
	27	153
	28	154
	29	154
	27	154
	28	156
	29	156
	27	156
	28	157
	28	155
	29	157
	29	155
	27	157
	27	155
	29	159
	28	159
	29	158
	28	158
	29	149
	28	149
	29	148
	28	148
	29	144
	27	148
	29	147
	27	149
	29	145
	29	146
	27	158
	27	159
	26	157
	26	158
	26	156
	26	154
	25	154
	26	155
	26	153
	25	155
	25	153
	26	149
	25	149
	26	150
	26	148
	25	150
	25	148
	25	144
	25	145
	25	143
	25	139
	25	140
	25	138
	25	134
	25	135
	25	133
	25	127
	25	126
	25	124
	25	137
	26	136
	27	136
	25	136
	28	136
	25	156
	25	157
	26	159
	25	159
	25	158
	24	158
	24	159
	24	157
	24	152
	25	152
	23	152
	24	153
	24	151
	25	151
	23	153
	23	151
	24	155
	24	156
	24	154
	24	149
	24	150
	24	148
	26	152
	26	151
	23	154
	23	155
	22	155
	21	155
	22	156
	22	154
	23	156
	21	156
	21	154
	19	159
	20	159
	18	159
	19	158
	20	158
	18	158
	23	159
	22	159
	23	158
	22	158
	21	159
	21	158
	20	155
	20	156
	20	154
	22	157
	23	157
	21	157
	23	147
	24	147
	22	147
	23	148
	23	146
	24	146
	22	148
	22	146
	23	150
	22	150
	23	149
	22	151
	22	149
	25	147
	25	146
	24	145
	23	145
	24	141
	25	141
	23	141
	24	142
	24	140
	25	142
	23	142
	23	140
	24	134
	23	134
	24	135
	24	133
	23	135
	23	133
	24	138
	23	138
	24	139
	24	137
	23	139
	23	137
	24	124
	23	124
	24	125
	25	125
	23	125
	23	143
	24	143
	22	143
	23	144
	24	144
	22	144
	22	142
	22	145
	22	130
	23	130
	21	130
	22	131
	22	129
	23	131
	23	129
	21	131
	21	129
	19	123
	20	128
	21	128
	19	128
	20	129
	20	127
	21	127
	19	129
	19	127
	19	139
	20	139
	18	139
	19	140
	19	138
	20	140
	20	138
	18	140
	18	138
	19	141
	20	141
	18	141
	21	139
	21	140
	21	138
	22	128
	22	127
	21	126
	22	126
	20	126
	21	125
	22	125
	20	125
	21	124
	22	124
	20	124
	22	137
	23	136
	24	136
	22	138
	22	136
	22	133
	23	132
	24	132
	22	134
	22	132
	24	130
	24	131
	24	129
	22	135
	24	128
	23	128
	24	127
	23	127
	24	126
	23	126
	21	135
	21	136
	21	134
	22	139
	22	140
	21	142
	22	141
	21	143
	21	141
	21	137
	20	134
	21	133
	20	135
	20	133
	20	130
	19	130
	18	127
	19	126
	18	128
	18	126
	19	124
	18	124
	19	125
	18	125
	18	123
	17	126
	17	127
	17	125
	18	130
	17	130
	18	131
	18	129
	19	131
	17	131
	17	129
	18	135
	19	135
	17	135
	18	136
	18	134
	19	136
	19	134
	17	136
	17	134
	19	137
	20	137
	18	137
	20	143
	19	143
	20	144
	20	142
	21	144
	19	144
	19	142
	20	145
	21	145
	19	145
	20	146
	21	146
	19	146
	21	149
	20	149
	21	150
	21	148
	20	150
	20	148
	21	151
	20	151
	20	131
	20	132
	21	132
	19	132
	22	152
	21	152
	21	147
	20	147
	20	153
	21	153
	19	153
	20	152
	19	154
	19	152
	20	157
	19	157
	19	156
	19	155
	18	144
	17	144
	18	145
	18	143
	17	145
	17	143
	16	143
	17	142
	18	142
	16	144
	16	142
	17	151
	18	151
	16	151
	17	152
	17	150
	18	152
	18	150
	16	152
	16	150
	17	154
	18	154
	16	154
	17	155
	17	153
	18	155
	18	153
	16	155
	16	153
	17	156
	18	156
	16	156
	22	153
	18	157
	17	157
	17	158
	17	159
	16	157
	16	158
	17	149
	18	149
	16	149
	17	147
	18	147
	16	147
	17	148
	17	146
	18	148
	18	146
	16	148
	16	146
	16	145
	17	141
	16	141
	17	140
	16	140
	19	148
	19	149
	19	147
	19	150
	19	151
	17	139
	17	137
	17	138
	18	132
	19	133
	18	133
	20	136
	16	159
	15	157
	15	158
	15	156
	15	155
	15	153
	15	154
	15	152
	15	151
	15	150
	15	149
	15	147
	15	148
	15	146
	15	145
	15	141
	15	142
	15	140
	16	138
	15	138
	16	139
	16	137
	15	139
	15	137
	16	136
	15	136
	16	135
	15	135
	16	133
	17	133
	15	133
	16	134
	16	132
	17	132
	15	134
	15	132
	15	131
	16	131
	14	131
	15	130
	16	130
	14	132
	14	130
	15	125
	16	125
	14	125
	15	126
	15	124
	16	126
	16	124
	14	126
	14	124
	15	123
	16	123
	14	123
	15	122
	14	122
	14	120
	14	121
	14	119
	14	118
	14	117
	15	127
	16	127
	14	127
	15	128
	16	128
	14	128
	15	129
	16	129
	14	129
	17	124
	17	123
	17	128
	14	133
	14	134
	14	135
	14	136
	14	138
	14	139
	14	137
	15	143
	14	143
	15	144
	14	144
	14	142
	14	140
	14	141
	13	141
	13	142
	13	140
	13	143
	13	144
	14	147
	13	147
	14	148
	14	146
	13	148
	13	146
	14	149
	13	149
	14	150
	13	150
	14	151
	13	151
	14	153
	14	154
	14	152
	14	155
	14	156
	15	159
	14	157
	14	158
	14	159
	13	159
	13	158
	13	157
	13	154
	13	155
	13	153
	13	152
	14	145
	13	145
	13	156
	13	138
	13	139
	13	137
	13	136
	13	135
	13	134
	13	133
	13	132
	13	131
	13	130
	13	129
	13	128
	13	127
	13	126
	13	125
	13	124
	13	123
	13	122
	13	121
	13	120
	13	119
	13	118
	14	116
	14	115
	14	114
	14	113
	14	112
	13	117
	13	116
	13	115
	13	114
	13	113
	13	112
	14	111
	13	111
	14	110
	13	110
	14	109
	13	109
	14	108
	13	108
	14	107
	13	107
	14	106
	13	106
	14	105
	13	105
	14	104
	13	104
	14	103
	13	103
	14	70
	15	70
	13	70
	14	71
	14	69
	13	71
	13	69
	14	66
	13	66
	14	67
	14	65
	13	67
	13	65
	14	64
	13	64
	14	63
	13	63
	14	60
	13	60
	14	61
	14	59
	13	61
	13	59
	14	56
	13	56
	14	57
	14	55
	13	57
	13	55
	14	51
	13	51
	14	52
	14	50
	13	52
	13	50
	14	47
	13	47
	14	48
	14	46
	13	48
	13	46
	13	43
	14	44
	13	44
	13	42
	13	41
	13	40
	9	41
	10	41
	8	41
	6	41
	7	41
	5	41
	4	41
	11	41
	12	41
	6	42
	7	42
	5	42
	6	43
	7	43
	5	43
	0	43
	1	43
	0	44
	0	42
	1	44
	1	42
	2	44
	3	44
	2	45
	2	43
	3	45
	3	43
	1	45
	8	42
	8	43
	10	42
	11	42
	9	42
	10	43
	11	43
	9	43
	12	42
	12	43
	12	47
	12	48
	12	46
	13	49
	14	49
	12	49
	12	44
	13	45
	14	45
	12	45
	14	53
	13	53
	11	47
	11	48
	11	46
	10	46
	11	45
	10	47
	10	45
	9	46
	9	47
	9	45
	7	45
	8	45
	6	45
	7	46
	7	44
	8	46
	8	44
	6	46
	6	44
	9	44
	4	45
	5	45
	4	46
	4	44
	5	46
	5	44
	3	46
	2	46
	0	45
	1	46
	0	46
	2	42
	1	41
	2	41
	0	41
	1	40
	0	40
	3	42
	3	41
	4	43
	4	42
	10	44
	11	44
	12	53
	11	53
	12	54
	12	52
	13	54
	11	54
	11	52
	14	54
	10	52
	9	52
	10	53
	10	51
	11	51
	9	53
	9	51
	8	52
	7	52
	8	53
	8	51
	7	53
	7	51
	14	62
	12	55
	11	55
	12	58
	13	58
	11	58
	12	59
	12	57
	11	59
	11	57
	12	60
	11	60
	12	61
	11	61
	8	50
	9	50
	7	50
	6	53
	7	54
	8	54
	6	54
	6	52
	8	49
	9	49
	7	49
	8	48
	9	48
	7	48
	10	60
	9	60
	10	61
	10	59
	9	61
	9	59
	12	51
	10	56
	11	56
	9	56
	10	57
	10	55
	9	57
	9	55
	10	50
	11	50
	10	49
	11	49
	10	48
	8	47
	7	47
	6	47
	6	48
	6	49
	5	48
	5	49
	5	47
	12	50
	12	62
	13	62
	11	62
	12	63
	11	63
	14	58
	14	72
	12	65
	11	65
	12	66
	12	64
	11	66
	11	64
	12	69
	11	69
	12	70
	12	68
	13	68
	11	70
	11	68
	10	66
	11	67
	12	67
	10	67
	10	65
	11	72
	12	72
	10	72
	9	72
	10	71
	11	71
	9	71
	8	70
	9	70
	7	70
	8	71
	8	69
	9	69
	7	71
	7	69
	4	61
	5	61
	3	61
	4	62
	4	60
	5	62
	5	60
	3	62
	3	60
	3	58
	4	58
	2	58
	3	59
	3	57
	4	59
	4	57
	2	59
	2	57
	3	55
	4	55
	2	55
	3	56
	3	54
	4	56
	4	54
	2	56
	2	54
	3	53
	4	53
	2	53
	3	52
	4	52
	2	52
	3	51
	4	51
	2	51
	3	50
	4	50
	2	50
	2	49
	3	49
	1	49
	2	48
	3	48
	1	50
	1	48
	1	47
	2	47
	0	47
	0	48
	4	48
	3	47
	4	49
	4	47
	5	50
	6	50
	5	51
	6	51
	10	54
	9	54
	12	56
	8	55
	8	56
	5	54
	6	55
	7	55
	5	55
	5	53
	1	51
	0	51
	1	52
	0	52
	0	50
	5	52
	0	49
	1	54
	0	54
	1	55
	1	53
	0	55
	0	53
	0	56
	1	56
	1	58
	1	59
	1	57
	0	59
	0	60
	0	58
	1	60
	5	58
	5	59
	5	57
	6	57
	5	56
	6	58
	6	56
	7	56
	7	57
	8	57
	10	58
	9	58
	8	58
	7	58
	0	57
	0	61
	1	61
	0	62
	1	62
	8	61
	7	61
	8	62
	8	60
	9	62
	7	62
	7	60
	10	62
	13	72
	12	71
	14	68
	8	59
	7	59
	6	60
	6	61
	6	59
	6	62
	2	61
	2	62
	2	60
	1	63
	2	63
	0	63
	4	63
	5	63
	3	63
	9	63
	10	63
	8	63
	7	63
	6	63
	8	72
	10	70
	10	69
	10	64
	9	64
	9	65
	7	72
	8	64
	7	64
	9	68
	10	68
	8	68
	9	67
	8	67
	8	65
	9	66
	8	66
	7	68
	7	67
	7	66
	6	66
	7	65
	6	67
	6	65
	6	64
	6	68
	5	68
	6	69
	5	69
	5	67
	5	72
	6	72
	4	72
	5	71
	6	71
	4	71
	5	70
	6	70
	4	70
	4	64
	5	64
	3	64
	4	65
	5	65
	3	65
	3	70
	4	69
	3	71
	3	69
	2	66
	3	66
	1	66
	2	67
	2	65
	3	67
	1	67
	1	65
	2	64
	1	64
	2	69
	3	68
	4	68
	2	70
	2	68
	4	66
	5	66
	4	67
	0	66
	0	67
	0	65
	0	68
	1	68
	0	69
	1	69
	0	70
	1	70
	0	64
	0	71
	1	71
	2	72
	3	72
	1	72
	2	71
	0	72
	28	68
	28	66
	28	67
	27	64
	28	64
	27	63
	28	63
	27	61
	28	61
	27	62
	27	60
	28	62
	28	60
	27	59
	28	59
	27	58
	27	57
	29	64
	29	65
	29	63
	29	61
	29	62
	29	60
	28	58
	29	58
	28	57
	29	59
	29	57
	28	55
	29	55
	28	56
	28	54
	29	56
	29	54
	28	53
	29	53
	30	56
	30	57
	30	55
	30	63
	30	64
	30	62
	30	68
	31	68
	29	68
	30	65
	31	65
	30	66
	31	66
	31	64
	29	66
	31	62
	30	61
	31	63
	31	61
	30	59
	31	59
	30	60
	30	58
	31	60
	31	58
	31	57
	31	55
	30	54
	31	56
	31	54
	30	53
	31	53
	32	61
	32	62
	32	60
	32	63
	32	64
	31	67
	32	67
	30	67
	32	66
	33	67
	33	66
	32	65
	33	65
	33	64
	33	63
	33	62
	33	61
	33	60
	32	59
	33	59
	32	58
	33	58
	32	57
	33	57
	32	56
	33	56
	32	55
	33	55
	32	54
	33	54
	34	58
	34	59
	34	57
	34	61
	34	62
	34	60
	34	63
	34	64
	34	65
	34	56
	29	67
	62	53
	63	53
	62	52
	63	52
	61	52
	62	51
	63	51
	61	51
	62	49
	63	49
	61	49
	62	50
	62	48
	63	50
	63	48
	61	50
	61	48
	62	47
	63	47
	61	47
	63	46
	63	44
	63	45
	63	43
	63	42
	64	50
	64	51
	64	49
	64	46
	64	47
	64	45
	64	43
	64	44
	64	42
	64	41
	65	41
	65	42
	65	50
	65	51
	65	49
	65	53
	66	53
	64	53
	66	50
	66	51
	66	49
	65	48
	66	48
	64	48
	65	47
	66	47
	65	46
	66	46
	65	45
	66	45
	65	43
	66	43
	65	44
	66	44
	66	42
	66	41
	65	52
	66	52
	64	52
	67	52
	67	49
	67	50
	67	48
	67	47
	67	46
	67	45
	67	44
	67	43
	67	42
	67	41
	67	51
	62	116
	63	116
	61	116
	62	115
	63	117
	63	115
	61	115
	62	114
	63	114
	61	114
	62	113
	63	113
	64	113
	63	112
	64	114
	64	112
	62	112
	63	109
	64	109
	62	109
	63	110
	63	108
	64	110
	64	108
	62	110
	62	108
	63	111
	64	111
	62	111
	64	117
	65	117
	65	114
	64	115
	65	115
	65	113
	65	111
	65	112
	65	110
	64	107
	65	107
	63	107
	64	106
	65	108
	65	106
	63	106
	64	105
	65	105
	63	105
	64	104
	65	104
	63	104
	66	112
	66	113
	66	111
	66	114
	66	116
	67	116
	65	116
	66	115
	67	115
	68	116
	68	115
	67	113
	68	114
	67	114
	67	112
	67	111
	66	108
	66	109
	66	107
	66	106
	66	105
	66	104
	65	102
	64	102
	65	103
	66	103
	64	103
	65	109
	66	110
	63	103
	63	102
	62	107
	62	106
	62	105
	64	116
	29	131
	30	131
	28	131
	29	130
	30	130
	28	130
	29	128
	30	128
	28	128
	29	129
	29	127
	30	129
	30	127
	28	129
	28	127
	29	126
	30	126
	28	126
	29	125
	30	125
	28	125
	29	123
	30	123
	28	123
	29	124
	29	122
	30	124
	30	122
	28	124
	28	122
	29	120
	30	120
	28	120
	29	121
	29	119
	30	121
	30	119
	28	121
	28	119
	29	117
	30	117
	28	117
	29	118
	29	116
	30	118
	30	116
	28	118
	28	116
	32	116
	31	116
	32	117
	31	117
	32	118
	31	118
	32	119
	31	119
	32	120
	31	120
	32	121
	31	121
	32	122
	31	122
	32	123
	31	123
	32	124
	31	124
	32	125
	31	125
	32	126
	31	126
	32	127
	31	127
	32	129
	31	129
	32	130
	32	128
	31	130
	31	128
	32	131
	31	131
	35	98
	34	97
	35	97
	35	95
	36	95
	34	95
	35	96
	35	94
	36	96
	36	94
	34	96
	34	94
	35	93
	36	93
	34	93
	35	91
	36	91
	34	91
	35	92
	35	90
	36	92
	36	90
	34	92
	34	90
	35	89
	36	89
	33	90
	33	96
	33	95
	33	94
	33	93
	33	92
	33	91
	37	90
	38	90
	37	91
	37	89
	38	91
	37	92
	38	92
	37	93
	38	93
	37	94
	38	94
	37	95
	38	95
	37	96
	38	96
	37	97
	38	97
	36	97
	37	98
	38	98
	36	98
	39	97
	39	98
	39	96
	39	95
	39	94
	39	93
	39	92
	39	91
	39	90
InvisibleObstacle		
AW1		
	34	26
	33	26
	34	27
	34	25
	33	27
	33	25
	34	24
	33	24
	34	23
	33	23
	34	22
	33	22
	34	21
	33	21
	34	20
	33	20
	34	19
	33	19
	34	18
	33	18
	34	17
	33	17
	34	16
	33	16
	34	15
	33	15
	34	14
	33	14
	34	13
	33	13
	34	12
	33	12
	34	11
	33	11
	34	10
	33	10
	34	9
	33	9
	34	8
	33	8
	34	7
	33	7
	33	30
	34	30
	32	30
	33	31
	33	29
	34	31
	34	29
	32	31
	32	29
	32	27
	33	28
	34	28
	32	28
	32	26
	32	25
	32	24
	32	23
	32	22
	32	21
	32	20
	32	19
	32	18
	32	17
	32	16
	32	15
	32	14
	32	13
	32	12
	32	11
	32	10
	32	9
	32	8
	32	7
CB1		
	55	95
	56	95
	54	95
	55	96
	55	94
	56	96
	56	94
	54	96
	54	94
	52	95
	53	95
	51	95
	52	96
	52	94
	53	96
	53	94
	51	96
	51	94
	52	92
	53	92
	51	92
	52	93
	52	91
	53	93
	53	91
	51	93
	51	91
	55	92
	56	92
	54	92
	55	93
	55	91
	56	93
	56	91
	54	93
	54	91
	50	92
	50	93
	50	91
	50	94
	50	95
	50	96
	51	97
	52	97
	50	97
	54	97
	55	97
	53	97
	56	97
AW2		
	37	32
	38	32
	36	32
	39	32
	40	32
	41	32
	42	32
	43	32
	44	32
	45	32
	46	32
	47	32
	48	32
	49	32
	50	32
	51	32
	52	32
	53	32
	54	32
	55	32
	56	32
	57	32
	58	32
	36	33
	37	33
	38	33
	39	33
	37	34
	38	34
	36	34
	39	34
	40	33
	40	34
	41	33
	41	34
	42	33
	42	34
	43	33
	43	34
	44	33
	44	34
	45	33
	45	34
	46	33
	46	34
	47	33
	47	34
	48	33
	48	34
	49	33
	49	34
	50	33
	50	34
	51	33
	51	34
	52	33
	52	34
	53	33
	53	34
	54	33
	54	34
	55	33
	55	34
	56	33
	56	34
	57	33
	57	34
	58	33
	58	34
	59	33
	59	34
	59	32
	35	33
	35	34
	35	32
CG1		
	37	131
	37	132
	37	130
	38	131
	38	132
	38	130
	39	131
	39	132
	39	130
	40	131
	40	132
	40	130
	41	131
	41	132
	41	130
	42	131
	42	132
	42	130
	43	131
	43	132
	43	130
	44	131
	44	132
	44	130
	45	131
	45	132
	45	130
	46	131
	46	132
	46	130
	47	131
	47	132
	47	130
	48	131
	48	132
	48	130
	49	131
	49	132
	49	130
	50	131
	50	132
	50	130
	51	131
	51	132
	51	130
	52	131
	52	132
	52	130
	53	131
	53	132
	53	130
JDSH		
	16	13
	17	13
	18	13
	19	13
	19	14
	19	15
	19	16
	19	17
	19	18
	18	18
	17	18
	16	18
	16	17
	16	16
	16	15
	16	14
	16	12
	17	12
	18	12
	19	12
	20	12
	20	13
	20	14
	20	15
	20	16
	20	17
	20	18
	20	19
	19	19
	18	19
	17	19
	16	19
	15	19
	15	18
	15	17
	15	16
	15	15
	15	14
	15	12
	15	13
	21	19
	21	18
	21	17
	21	16
	21	15
	21	14
	21	13
	21	12
	15	11
	16	11
	17	11
	18	11
	19	11
	20	11
	21	11
	14	19
	14	18
	14	17
	14	16
	14	15
	14	14
	14	13
	14	12
	14	11
	14	20
	15	20
	16	20
	17	20
	18	20
	19	20
	20	20
	21	20
AW3		
	39	83
	40	83
	38	83
	39	84
	39	82
	40	84
	40	82
	38	84
	38	82
	41	83
	41	84
	41	82
	42	83
	42	84
	42	82
	43	83
	43	84
	43	82
	44	83
	44	84
	44	82
	45	83
	45	84
	45	82
	46	83
	46	84
	46	82
	47	83
	47	84
	47	82
	48	83
	48	84
	48	82
	49	83
	49	84
	49	82
	50	83
	50	84
	50	82
	51	83
	51	84
	51	82
	53	83
	54	83
	52	83
	53	84
	53	82
	54	84
	54	82
	52	84
	52	82
	55	83
	55	84
	55	82
CG2		
	39	36
	40	36
	38	36
	39	37
	39	35
	40	37
	40	35
	38	37
	38	35
	42	36
	43	36
	41	36
	42	37
	42	35
	43	37
	43	35
	41	37
	41	35
	45	36
	46	36
	44	36
	45	37
	45	35
	46	37
	46	35
	44	37
	44	35
	47	36
	48	36
	47	37
	47	35
	48	37
	48	35
	49	36
	50	36
	49	37
	49	35
	50	37
	50	35
	51	36
	52	36
	51	37
	51	35
	52	37
	52	35
	54	36
	55	36
	53	36
	54	37
	54	35
	55	37
	55	35
	53	37
	53	35
	39	39
	40	39
	38	39
	39	40
	39	38
	40	40
	40	38
	38	40
	38	38
	41	39
	41	40
	41	38
	42	39
	42	40
	42	38
	43	39
	43	40
	43	38
	44	39
	44	40
	44	38
	45	39
	45	40
	45	38
	46	39
	46	40
	46	38
	47	39
	47	40
	47	38
	48	39
	48	40
	48	38
	49	38
	49	39
	50	38
	50	39
	51	38
	51	39
	52	38
	53	38
	52	39
	53	39
	54	38
	54	39
	50	40
	51	40
	49	40
	52	40
	53	40
	54	40
	55	39
	55	40
	55	38
CG3		
	41	86
	42	86
	40	86
	41	87
	41	85
	42	87
	42	85
	40	87
	40	85
	43	86
	44	86
	43	87
	43	85
	44	87
	44	85
	45	86
	45	87
	45	85
	46	86
	46	87
	46	85
	47	87
	46	88
	47	88
	47	86
	45	88
	48	87
	48	88
	48	86
	49	86
	48	85
	49	87
	49	85
	47	85
	50	86
	50	87
	50	85
	51	87
	50	88
	51	88
	51	86
	49	88
	52	86
	53	86
	52	87
	52	85
	53	87
	53	85
	51	85
	54	86
	55	86
	54	87
	54	85
	55	87
	55	85
	44	89
	45	89
	43	89
	44	90
	44	88
	45	90
	43	90
	43	88
	46	89
	46	90
	47	89
	47	90
	48	89
	48	90
	49	89
	49	90
	50	89
	50	90
	51	89
	51	90
	52	89
	52	90
	52	88
	53	89
	53	90
	53	88
	54	89
	54	90
	54	88
	55	89
	55	90
	55	88
