Key	CellX	CellY
VisibleObstacle		
	286	65
	287	65
	285	65
	286	66
	286	64
	287	66
	287	64
	285	66
	285	64
	284	65
	284	66
	284	64
	283	65
	283	66
	283	64
	282	65
	282	66
	282	64
	281	65
	281	66
	281	64
	280	65
	280	66
	280	64
	279	65
	279	66
	279	64
	278	65
	278	66
	278	64
	277	65
	277	66
	277	64
	276	65
	276	66
	276	64
	275	65
	275	66
	275	64
	274	65
	274	66
	274	64
	273	65
	273	66
	273	64
	272	65
	272	66
	272	64
	271	65
	271	66
	271	64
	270	65
	270	66
	270	64
	269	65
	269	66
	269	64
	268	65
	268	66
	268	64
	267	65
	267	66
	267	64
	266	65
	266	66
	266	64
	265	65
	265	66
	265	64
	264	65
	264	66
	264	64
	263	65
	263	66
	263	64
	262	65
	262	66
	262	64
	261	65
	261	66
	261	64
	238	65
	237	65
	236	65
	260	66
	237	66
	260	65
	259	66
	237	64
	259	65
	258	66
	238	66
	258	65
	257	66
	238	64
	257	65
	260	64
	259	64
	258	64
	257	64
	256	65
	256	66
	256	64
	255	65
	255	66
	255	64
	254	65
	254	66
	254	64
	253	65
	253	66
	253	64
	252	65
	252	66
	252	64
	251	65
	251	66
	251	64
	250	65
	250	66
	250	64
	249	65
	249	66
	249	64
	248	65
	248	66
	248	64
	247	65
	247	66
	247	64
	246	65
	246	66
	246	64
	245	65
	245	66
	245	64
	244	65
	244	66
	244	64
	243	65
	243	66
	243	64
	242	65
	242	66
	242	64
	241	65
	241	66
	241	64
	240	65
	240	66
	240	64
	239	65
	239	66
	239	64
	236	66
	236	64
	235	65
	235	66
	235	64
	234	65
	234	66
	234	64
	233	65
	233	66
	233	64
	232	65
	232	66
	232	64
	231	65
	231	66
	231	64
	230	65
	230	66
	230	64
	229	65
	229	66
	229	64
	228	65
	228	66
	228	64
	227	65
	227	66
	227	64
	226	65
	226	66
	226	64
	225	65
	225	66
	225	64
	224	65
	224	66
	224	64
	223	65
	223	66
	223	64
	222	65
	222	66
	222	64
	221	65
	221	66
	221	64
	220	65
	220	66
	220	64
	219	65
	219	66
	219	64
	218	65
	218	66
	218	64
	217	65
	217	66
	217	64
	216	65
	216	66
	216	64
	215	65
	215	66
	215	64
	214	65
	214	66
	214	64
	213	65
	213	66
	213	64
	212	65
	212	66
	212	64
	211	65
	211	66
	211	64
	210	65
	210	66
	210	64
	209	65
	209	66
	209	64
	208	65
	208	66
	208	64
	207	65
	207	66
	207	64
	206	65
	206	66
	206	64
	205	65
	205	66
	205	64
	204	65
	204	66
	204	64
	203	65
	203	66
	203	64
	202	65
	202	66
	202	64
	201	65
	201	66
	201	64
	200	65
	200	66
	200	64
	199	65
	199	66
	199	64
	198	65
	198	66
	198	64
	197	65
	197	66
	197	64
	196	65
	196	66
	196	64
	195	65
	195	66
	195	64
	194	65
	194	66
	194	64
	193	65
	193	66
	193	64
	192	65
	192	66
	192	64
	191	65
	191	66
	191	64
	190	65
	190	66
	190	64
	189	65
	189	66
	189	64
	188	65
	188	66
	188	64
	187	65
	187	66
	187	64
	186	65
	186	66
	186	64
	185	65
	185	66
	185	64
	184	65
	184	66
	184	64
	183	65
	183	66
	183	64
	182	65
	182	66
	182	64
	181	65
	181	66
	181	64
	180	65
	180	66
	180	64
	179	65
	179	66
	179	64
	178	65
	178	66
	178	64
	177	65
	177	66
	177	64
	176	65
	176	66
	176	64
	175	65
	175	66
	175	64
	174	65
	174	66
	174	64
	173	65
	173	66
	173	64
	172	65
	172	66
	172	64
	171	65
	171	66
	171	64
	170	65
	170	66
	170	64
	169	65
	169	66
	169	64
	168	65
	168	66
	168	64
	167	65
	167	66
	167	64
	166	65
	166	66
	166	64
	165	65
	165	66
	165	64
	164	65
	164	66
	164	64
	163	65
	163	66
	163	64
	161	65
	162	65
	160	65
	161	66
	161	64
	162	66
	162	64
	160	66
	160	64
	159	65
	159	66
	159	64
	158	65
	158	66
	158	64
	157	65
	157	66
	157	64
	156	65
	156	66
	156	64
	155	65
	155	66
	155	64
	154	65
	154	66
	154	64
	153	65
	153	66
	153	64
	152	65
	152	66
	152	64
	151	65
	151	66
	151	64
	150	65
	150	66
	150	64
	149	65
	149	66
	149	64
	148	65
	148	66
	148	64
	147	65
	147	66
	147	64
	146	65
	146	66
	146	64
	145	65
	145	66
	145	64
	144	65
	144	66
	144	64
	143	65
	143	66
	143	64
	142	65
	142	66
	142	64
	141	65
	141	66
	141	64
	140	65
	140	66
	140	64
	139	65
	139	66
	139	64
	138	65
	138	66
	138	64
	137	65
	137	66
	137	64
	136	65
	136	66
	136	64
	135	65
	135	66
	135	64
	134	65
	134	66
	134	64
	133	65
	133	66
	133	64
	132	65
	132	66
	132	64
	131	65
	131	66
	131	64
	130	65
	130	66
	130	64
	129	65
	129	66
	129	64
	128	65
	128	66
	128	64
	127	65
	127	66
	127	64
	126	65
	126	66
	126	64
	125	65
	125	66
	125	64
	124	65
	124	66
	124	64
	123	65
	123	66
	123	64
	122	65
	122	66
	122	64
	121	65
	121	66
	121	64
	120	65
	120	66
	120	64
	119	65
	119	66
	119	64
	118	65
	118	66
	118	64
	117	65
	117	66
	117	64
	116	65
	116	66
	116	64
	115	65
	115	66
	115	64
	114	65
	114	66
	114	64
	113	65
	113	66
	113	64
	112	65
	112	66
	112	64
	111	65
	111	66
	111	64
	110	65
	110	66
	110	64
	109	65
	109	66
	109	64
	108	65
	108	66
	108	64
	107	65
	107	66
	107	64
	106	65
	106	66
	106	64
	105	65
	105	66
	105	64
	104	65
	104	66
	104	64
	103	65
	103	66
	103	64
	102	65
	102	66
	102	64
	101	65
	101	66
	101	64
	100	65
	100	66
	100	64
	99	65
	99	66
	99	64
	98	65
	98	66
	98	64
	97	65
	97	66
	97	64
	96	65
	96	66
	96	64
	95	65
	95	66
	95	64
	94	65
	94	66
	94	64
	93	65
	93	66
	93	64
	92	65
	92	66
	92	64
	91	65
	91	66
	91	64
	90	65
	90	66
	90	64
	89	65
	88	65
	89	66
	89	64
	88	66
	88	64
	87	65
	87	66
	87	64
	86	65
	86	66
	86	64
	87	63
	88	63
	86	63
	87	62
	88	62
	86	62
	87	61
	88	61
	86	61
	88	36
	87	36
	86	37
	86	60
	87	60
	88	37
	86	59
	87	59
	87	37
	88	60
	88	59
	87	58
	88	58
	86	58
	87	57
	88	57
	86	57
	87	56
	88	56
	86	56
	87	55
	88	55
	86	55
	87	54
	88	54
	86	54
	87	53
	88	53
	86	53
	87	52
	88	52
	86	52
	87	51
	88	51
	86	51
	87	50
	88	50
	86	50
	87	49
	88	49
	86	49
	87	48
	88	48
	86	48
	87	47
	88	47
	86	47
	87	46
	88	46
	86	46
	87	45
	88	45
	86	45
	87	44
	88	44
	86	44
	87	43
	88	43
	86	43
	87	42
	88	42
	86	42
	87	41
	88	41
	86	41
	87	40
	88	40
	86	40
	87	39
	88	39
	86	39
	87	38
	88	38
	86	38
	86	36
	87	35
	88	35
	86	35
	87	34
	88	34
	86	34
	87	33
	88	33
	86	33
	87	32
	88	32
	86	32
	87	31
	88	31
	86	31
	87	30
	88	30
	86	30
	89	23
	86	22
	88	22
	86	29
	87	29
	87	22
	88	29
	87	28
	88	28
	86	28
	87	27
	88	27
	86	27
	87	26
	88	26
	86	26
	87	25
	88	25
	86	25
	87	24
	88	24
	86	24
	87	23
	88	23
	86	23
	89	24
	89	22
	90	23
	90	24
	90	22
	91	23
	91	24
	91	22
	92	23
	92	24
	92	22
	93	23
	93	24
	93	22
	94	23
	94	24
	94	22
	95	23
	95	24
	95	22
	96	23
	96	24
	96	22
	97	23
	97	24
	97	22
	98	23
	98	24
	98	22
	99	23
	99	24
	99	22
	100	23
	100	24
	100	22
	101	23
	101	24
	101	22
	102	23
	102	24
	102	22
	103	23
	103	24
	103	22
	104	23
	104	24
	104	22
	105	23
	105	24
	105	22
	106	23
	106	24
	106	22
	107	23
	107	24
	107	22
	108	23
	108	24
	108	22
	113	26
	112	24
	112	26
	109	24
	112	25
	109	23
	110	24
	111	25
	110	23
	111	24
	113	25
	111	23
	110	22
	111	22
	109	22
	113	24
	111	26
	114	25
	114	26
	114	24
	115	25
	115	26
	115	24
	116	25
	116	26
	116	24
	117	25
	117	26
	117	24
	118	25
	118	26
	118	24
	119	25
	119	26
	119	24
	120	25
	120	26
	120	24
	121	25
	121	26
	121	24
	122	25
	122	26
	122	24
	123	25
	123	26
	123	24
	124	25
	124	26
	124	24
	123	23
	124	23
	122	23
	123	22
	124	22
	122	22
	125	23
	125	24
	125	22
	126	23
	126	24
	126	22
	127	23
	127	24
	127	22
	128	23
	128	24
	128	22
	129	23
	129	24
	129	22
	130	23
	130	24
	130	22
	131	23
	131	24
	131	22
	132	23
	132	24
	132	22
	133	23
	133	24
	133	22
	134	23
	134	24
	134	22
	135	23
	135	24
	135	22
	136	23
	136	24
	136	22
	137	23
	137	24
	137	22
	138	23
	138	24
	138	22
	139	23
	139	24
	139	22
	140	23
	140	24
	140	22
	141	23
	141	24
	141	22
	142	23
	142	24
	142	22
	143	23
	143	24
	143	22
	141	25
	142	25
	140	25
	143	25
	142	26
	143	26
	141	26
	142	27
	143	27
	141	27
	144	26
	144	27
	144	25
	143	28
	144	28
	142	28
	143	29
	144	29
	142	29
	143	30
	144	30
	142	30
	145	29
	145	30
	145	28
	144	31
	145	31
	143	31
	142	31
	143	32
	144	32
	142	32
	143	33
	144	33
	142	33
	143	34
	144	34
	142	34
	143	35
	144	35
	142	35
	145	34
	145	35
	145	33
	144	36
	145	36
	143	36
	144	37
	145	37
	143	37
	144	38
	145	38
	146	37
	146	38
	146	36
	145	39
	146	39
	144	39
	147	38
	147	39
	147	37
	146	40
	147	40
	145	40
	148	39
	148	40
	148	38
	147	41
	148	41
	146	41
	147	42
	148	42
	146	42
	149	41
	149	42
	149	40
	148	43
	149	43
	147	43
	150	42
	150	43
	150	41
	149	44
	150	44
	148	44
	151	43
	151	44
	151	42
	150	45
	151	45
	149	45
	152	44
	152	45
	152	43
	151	46
	152	46
	150	46
	153	46
	152	47
	153	47
	153	45
	151	47
	152	48
	153	48
	151	48
	154	47
	154	48
	154	46
	153	49
	154	49
	152	49
	155	48
	155	49
	155	47
	156	48
	156	49
	156	47
	155	50
	156	50
	154	50
	157	48
	157	49
	157	47
	158	48
	158	49
	158	47
	159	48
	159	49
	159	47
	160	48
	160	49
	160	47
	159	50
	160	50
	158	50
	161	49
	161	50
	161	48
	161	47
	157	50
	162	48
	162	49
	162	47
	163	48
	163	49
	163	47
	164	48
	164	49
	164	47
	163	50
	164	50
	162	50
	165	49
	165	50
	165	48
	166	49
	166	50
	166	48
	167	49
	167	50
	167	48
	168	49
	168	50
	168	48
	169	48
	168	47
	169	49
	169	47
	167	47
	170	48
	170	49
	170	47
	169	46
	170	46
	168	46
	171	47
	171	48
	171	46
	172	47
	172	48
	172	46
	171	45
	172	45
	170	45
	171	44
	172	44
	170	44
	171	43
	172	43
	170	43
	171	42
	172	42
	170	42
	171	41
	172	41
	170	41
	171	40
	172	40
	170	40
	171	39
	172	39
	170	39
	171	38
	172	38
	170	38
	171	37
	172	37
	170	37
	171	36
	172	36
	170	36
	173	37
	173	38
	173	36
	172	35
	173	35
	171	35
	172	34
	173	34
	171	34
	172	33
	173	33
	171	33
	172	32
	173	32
	171	32
	172	31
	173	31
	171	31
	172	30
	173	30
	171	30
	172	29
	173	29
	171	29
	172	28
	173	28
	171	28
	172	27
	173	27
	171	27
	174	28
	174	29
	174	27
	173	26
	174	26
	172	26
	175	27
	175	28
	175	26
	174	25
	175	25
	173	25
	176	26
	176	27
	176	25
	175	24
	176	24
	174	24
	175	23
	176	23
	174	23
	177	24
	177	25
	177	23
	176	22
	177	22
	175	22
	178	23
	178	24
	178	22
	179	23
	179	24
	179	22
	180	23
	180	24
	180	22
	181	23
	181	24
	181	22
	182	23
	182	24
	182	22
	183	23
	183	24
	183	22
	184	23
	184	24
	184	22
	185	23
	185	24
	185	22
	186	23
	186	24
	186	22
	187	23
	187	24
	187	22
	188	23
	188	24
	188	22
	189	23
	189	24
	189	22
	190	23
	190	24
	190	22
	191	23
	191	24
	191	22
	192	23
	192	24
	192	22
	193	23
	193	24
	193	22
	194	23
	194	24
	194	22
	195	23
	195	24
	195	22
	196	23
	196	24
	196	22
	197	23
	197	24
	197	22
	198	23
	198	24
	198	22
	199	23
	199	24
	199	22
	200	23
	200	24
	200	22
	201	23
	201	24
	201	22
	202	23
	202	24
	202	22
	203	23
	203	24
	203	22
	204	23
	204	24
	204	22
	205	23
	205	24
	205	22
	204	25
	205	25
	203	25
	204	26
	205	26
	203	26
	206	25
	206	26
	206	24
	207	25
	207	26
	207	24
	208	25
	208	26
	208	24
	209	25
	209	26
	209	24
	210	25
	210	26
	210	24
	211	25
	211	26
	211	24
	212	25
	212	26
	212	24
	213	25
	213	26
	213	24
	214	25
	214	26
	214	24
	215	25
	215	26
	215	24
	216	25
	216	26
	216	24
	217	25
	217	26
	217	24
	218	25
	218	26
	218	24
	219	25
	219	26
	219	24
	220	25
	220	26
	220	24
	221	25
	221	26
	221	24
	222	25
	222	26
	222	24
	223	25
	223	26
	223	24
	224	25
	224	26
	224	24
	225	25
	225	26
	225	24
	226	25
	226	26
	226	24
	227	25
	227	26
	227	24
	228	25
	228	26
	228	24
	229	25
	229	26
	229	24
	230	25
	230	26
	230	24
	229	23
	230	23
	228	23
	229	22
	230	22
	228	22
	231	23
	231	24
	231	22
	232	23
	232	24
	232	22
	233	23
	233	24
	233	22
	234	23
	234	24
	234	22
	235	23
	235	24
	235	22
	236	23
	236	24
	236	22
	237	23
	237	24
	237	22
	238	23
	238	24
	238	22
	239	23
	239	24
	239	22
	240	23
	240	24
	240	22
	241	23
	241	24
	241	22
	242	23
	242	24
	242	22
	244	23
	245	23
	243	23
	244	24
	244	22
	245	24
	245	22
	243	24
	243	22
	246	23
	246	24
	246	22
	247	23
	247	24
	247	22
	248	22
	250	22
	250	24
	248	24
	249	22
	248	23
	249	24
	250	23
	249	23
	251	23
	251	24
	251	22
	250	25
	251	25
	249	25
	252	25
	251	26
	252	26
	252	24
	250	26
	253	25
	253	26
	253	24
	252	27
	253	27
	251	27
	252	28
	253	28
	251	28
	254	27
	254	28
	254	26
	253	29
	254	29
	252	29
	253	30
	254	30
	252	30
	255	29
	255	30
	255	28
	254	31
	255	31
	253	31
	254	32
	255	32
	253	32
	254	33
	255	33
	253	33
	254	34
	255	34
	253	34
	254	35
	255	35
	253	35
	254	36
	255	36
	253	36
	254	37
	255	37
	253	37
	254	38
	255	38
	253	38
	256	37
	256	38
	256	36
	255	39
	256	39
	254	39
	257	38
	257	39
	257	37
	256	40
	257	40
	255	40
	258	39
	258	40
	258	38
	257	41
	258	41
	256	41
	259	40
	259	41
	259	39
	258	42
	259	42
	257	42
	260	41
	260	42
	260	40
	261	41
	261	42
	261	40
	260	43
	261	43
	259	43
	262	42
	262	43
	262	41
	261	44
	262	44
	260	44
	263	43
	263	44
	263	42
	262	45
	263	45
	261	45
	264	44
	264	45
	264	43
	263	46
	264	46
	262	46
	265	45
	265	46
	265	44
	264	47
	265	47
	263	47
	266	46
	266	47
	266	45
	265	48
	266	48
	264	48
	267	47
	267	48
	267	46
	266	49
	267	49
	265	49
	268	48
	268	49
	268	47
	267	50
	268	50
	266	50
	269	49
	269	50
	269	48
	270	49
	270	50
	270	48
	269	47
	270	47
	271	48
	271	49
	271	47
	272	48
	272	49
	272	47
	273	48
	273	49
	273	47
	274	48
	274	49
	274	47
	275	48
	275	49
	275	47
	274	46
	275	46
	273	46
	276	47
	276	48
	276	46
	277	48
	276	49
	277	49
	277	47
	278	48
	278	49
	278	47
	277	50
	278	50
	276	50
	279	49
	279	50
	279	48
	280	49
	280	50
	280	48
	281	49
	281	50
	281	48
	282	49
	282	50
	282	48
	283	49
	283	50
	283	48
	284	49
	284	50
	284	48
	285	49
	285	50
	285	48
	284	47
	285	47
	283	47
	286	48
	286	49
	286	47
	287	48
	287	49
	287	47
	286	46
	287	46
	285	46
	288	47
	288	48
	288	46
	288	49
	287	50
	288	50
	286	50
	287	51
	288	51
	286	51
	287	52
	288	52
	286	52
	287	53
	288	53
	286	53
	287	54
	288	54
	286	54
	287	55
	288	55
	286	55
	287	56
	288	56
	286	56
	287	57
	288	57
	286	57
	287	58
	288	58
	286	58
	287	59
	288	59
	286	59
	287	60
	288	60
	286	60
	286	61
	287	61
	286	62
	287	62
	288	61
	288	62
	287	63
	288	63
	286	63
	288	64
	288	65
	288	66
	285	63
	284	63
	283	63
	282	63
	281	63
	280	63
	279	63
	278	63
	277	63
	276	63
	275	63
	274	63
	273	63
	272	63
	271	63
	270	63
	269	63
	268	63
	267	63
	266	63
	265	63
	264	63
	263	63
	262	63
	261	63
	260	63
	259	63
	258	63
	257	63
	256	63
	255	63
	254	63
	253	63
	252	63
	251	63
	250	63
	249	63
	248	63
	247	63
	246	63
	245	63
	244	63
	243	63
	242	63
	241	63
	240	63
	239	63
	238	63
	237	63
	236	63
	235	63
	234	63
	233	63
	232	63
	231	63
	230	63
	229	63
	228	63
	227	63
	226	63
	225	63
	224	63
	222	63
	223	63
	221	63
	220	63
	219	63
	218	63
	217	63
	216	63
	215	63
	214	63
	213	63
	212	63
	211	63
	210	63
	209	63
	208	63
	207	63
	206	63
	205	63
	204	63
	91	63
	90	63
	89	63
	203	63
	92	63
	202	63
	93	63
	201	63
	94	63
	200	63
	95	63
	199	63
	96	63
	198	63
	97	63
	197	63
	98	63
	196	63
	99	63
	195	63
	100	63
	194	63
	193	63
	192	63
	191	63
	190	63
	189	63
	188	63
	187	63
	186	63
	185	63
	184	63
	183	63
	182	63
	181	63
	180	63
	179	63
	178	63
	177	63
	176	63
	175	63
	174	63
	173	63
	172	63
	171	63
	170	63
	169	63
	168	63
	167	63
	166	63
	165	63
	164	63
	163	63
	162	63
	161	63
	160	63
	159	63
	158	63
	157	63
	156	63
	155	63
	154	63
	153	63
	152	63
	151	63
	150	63
	149	63
	148	63
	147	63
	101	63
	102	63
	103	63
	104	63
	105	63
	106	63
	107	63
	108	63
	109	63
	110	63
	111	63
	112	63
	113	63
	114	63
	115	63
	116	63
	117	63
	118	63
	119	63
	120	63
	121	63
	122	63
	123	63
	124	63
	125	63
	126	63
	127	63
	128	63
	129	63
	130	63
	131	63
	132	63
	133	63
	134	63
	135	63
	136	63
	137	63
	138	63
	139	63
	140	63
	141	63
	142	63
	143	63
	144	63
	145	63
	146	63
	86	68
	87	68
	85	68
	86	69
	86	67
	87	69
	87	67
	85	69
	85	67
	90	68
	91	68
	89	68
	90	69
	90	67
	91	69
	91	67
	89	69
	89	67
	92	68
	93	68
	92	69
	92	67
	93	69
	93	67
	94	68
	94	69
	94	67
	95	68
	95	69
	95	67
	96	69
	97	69
	96	70
	96	68
	97	70
	97	68
	95	70
	98	69
	98	70
	98	68
	94	70
	88	68
	88	69
	88	67
	96	67
	97	67
	98	67
	99	67
	99	68
	102	67
	103	67
	101	67
	102	68
	103	68
	101	68
	104	67
	104	68
	105	67
	105	68
	106	68
	107	68
	106	69
	106	67
	107	69
	107	67
	105	69
	104	69
	100	67
	100	68
	108	68
	108	69
	108	67
	109	68
	110	68
	109	69
	109	67
	110	69
	110	67
	114	68
	115	68
	113	68
	114	69
	114	67
	115	69
	115	67
	113	69
	113	67
	116	68
	116	69
	116	67
	117	68
	118	68
	117	69
	117	67
	118	69
	118	67
	119	68
	119	69
	119	67
	112	67
	112	68
	111	67
	111	68
	112	69
	113	70
	114	70
	112	70
	115	70
	116	70
	117	70
	118	70
	119	70
	120	69
	120	70
	120	68
	121	69
	121	70
	121	68
	120	67
	121	67
	122	68
	122	69
	122	67
	123	68
	124	68
	123	69
	123	67
	124	69
	124	67
	125	68
	125	69
	125	67
	127	68
	128	68
	126	68
	127	69
	127	67
	128	69
	128	67
	126	69
	126	67
	129	68
	129	69
	129	67
	130	68
	131	68
	130	69
	130	67
	131	69
	131	67
	132	68
	133	68
	132	69
	132	67
	133	69
	133	67
	134	68
	134	69
	134	67
	135	68
	136	68
	135	69
	135	67
	136	69
	136	67
	137	68
	137	69
	137	67
	139	68
	140	68
	138	68
	139	69
	139	67
	140	69
	140	67
	138	69
	138	67
	141	68
	141	69
	141	67
	142	68
	142	69
	142	67
	144	68
	145	68
	143	68
	144	69
	144	67
	145	69
	145	67
	143	69
	143	67
	146	67
	146	68
	148	67
	149	67
	147	67
	148	68
	149	68
	147	68
	150	67
	151	67
	150	68
	151	68
	153	67
	154	67
	152	67
	153	68
	154	68
	152	68
	156	67
	157	67
	155	67
	156	68
	157	68
	155	68
	146	69
	147	69
	148	69
	149	69
	151	69
	152	69
	150	69
	153	69
	155	69
	156	69
	154	69
	157	69
	161	68
	162	68
	160	68
	161	69
	161	67
	162	69
	162	67
	160	69
	160	67
	166	68
	167	68
	165	68
	166	69
	166	67
	167	69
	167	67
	165	69
	165	67
	168	68
	168	69
	168	67
	164	67
	163	67
	164	68
	163	68
	159	67
	158	67
	159	68
	158	68
	159	69
	163	69
	164	69
	169	68
	169	69
	169	67
	170	68
	170	69
	170	67
	171	68
	172	68
	171	69
	171	67
	172	69
	172	67
	173	68
	173	69
	173	67
	174	68
	175	68
	174	69
	174	67
	175	69
	175	67
	176	68
	176	69
	176	67
	177	68
	178	68
	177	69
	177	67
	178	69
	178	67
	179	68
	179	69
	179	67
	181	68
	182	68
	180	68
	181	69
	181	67
	182	69
	182	67
	180	69
	180	67
	183	68
	184	68
	183	69
	183	67
	184	69
	184	67
	185	68
	186	68
	185	69
	185	67
	186	69
	186	67
	187	68
	187	69
	187	67
	188	69
	189	69
	188	70
	188	68
	189	70
	189	68
	187	70
	190	69
	191	69
	190	70
	190	68
	191	70
	191	68
	192	69
	192	70
	192	68
	158	69
	159	70
	160	70
	158	70
	188	67
	189	67
	190	67
	191	67
	192	67
	193	68
	193	69
	193	67
	194	68
	194	69
	194	67
	195	68
	196	68
	195	69
	195	67
	196	69
	196	67
	197	68
	198	68
	197	69
	197	67
	198	69
	198	67
	200	68
	201	68
	199	68
	200	69
	200	67
	201	69
	201	67
	199	69
	199	67
	202	68
	202	69
	202	67
	203	68
	203	69
	203	67
	204	68
	205	68
	204	69
	204	67
	205	69
	205	67
	206	68
	206	69
	206	67
	207	68
	207	69
	207	67
	209	68
	210	68
	208	68
	209	69
	209	67
	210	69
	210	67
	208	69
	208	67
	212	68
	213	68
	211	68
	212	69
	212	67
	213	69
	213	67
	211	69
	211	67
	214	68
	214	69
	214	67
	215	68
	216	68
	215	69
	215	67
	216	69
	216	67
	217	68
	217	69
	217	67
	219	68
	220	68
	218	68
	219	69
	219	67
	220	69
	220	67
	218	69
	218	67
	221	68
	222	68
	221	69
	221	67
	222	69
	222	67
	223	68
	223	69
	223	67
	226	68
	227	68
	225	68
	226	69
	226	67
	227	69
	227	67
	225	69
	225	67
	228	68
	228	69
	228	67
	224	68
	224	69
	224	67
	229	68
	230	68
	229	69
	229	67
	230	69
	230	67
	232	68
	233	68
	231	68
	232	69
	232	67
	233	69
	233	67
	231	69
	231	67
	234	68
	235	68
	234	69
	234	67
	235	69
	235	67
	237	68
	238	68
	236	68
	237	69
	237	67
	238	69
	238	67
	236	69
	236	67
	239	68
	239	69
	239	67
	240	68
	240	69
	240	67
	241	68
	242	68
	241	69
	241	67
	242	69
	242	67
	244	68
	245	68
	243	68
	244	69
	244	67
	245	69
	245	67
	243	69
	243	67
	246	68
	246	69
	246	67
	247	68
	248	68
	247	69
	247	67
	248	69
	248	67
	249	68
	250	68
	249	69
	249	67
	250	69
	250	67
	251	68
	252	68
	251	69
	251	67
	252	69
	252	67
	253	68
	253	69
	253	67
	254	68
	255	68
	254	69
	254	67
	255	69
	255	67
	257	68
	258	68
	256	68
	257	69
	257	67
	258	69
	258	67
	256	69
	256	67
	259	68
	260	68
	259	69
	259	67
	260	69
	260	67
	261	68
	262	68
	261	69
	261	67
	262	69
	262	67
	264	68
	265	68
	263	68
	264	69
	264	67
	265	69
	265	67
	263	69
	263	67
	267	68
	268	68
	266	68
	267	69
	267	67
	268	69
	268	67
	266	69
	266	67
	269	68
	270	68
	269	69
	269	67
	270	69
	270	67
	271	68
	271	69
	271	67
	273	68
	274	68
	272	68
	273	69
	273	67
	274	69
	274	67
	272	69
	272	67
	275	68
	275	69
	275	67
	278	68
	279	68
	277	68
	278	69
	278	67
	279	69
	279	67
	277	69
	277	67
	280	68
	280	69
	280	67
	281	68
	281	69
	281	67
	282	68
	282	69
	282	67
	283	68
	283	69
	283	67
	284	68
	285	68
	284	69
	284	67
	285	69
	285	67
	276	68
	276	69
	276	67
	286	68
	286	69
	286	67
	287	68
	287	69
	287	67
	288	68
	288	69
	288	67
	290	68
	291	68
	289	68
	290	69
	290	67
	291	69
	291	67
	289	69
	289	67
	290	66
	291	66
	289	66
	290	65
	291	65
	289	65
	290	64
	291	64
	289	64
	290	63
	291	63
	289	63
	290	62
	291	62
	289	62
	290	61
	291	61
	289	61
	290	60
	291	60
	289	60
	290	59
	291	59
	289	59
	290	58
	291	58
	289	58
	290	57
	291	57
	289	57
	291	56
	292	56
	290	56
	291	55
	292	57
	292	55
	290	55
	291	54
	292	54
	290	54
	291	53
	292	53
	290	53
	291	52
	292	52
	290	52
	291	51
	292	51
	290	51
	289	56
	289	55
	289	54
	289	53
	289	52
	289	51
	289	50
	290	50
	289	49
	290	49
	289	48
	290	48
	289	47
	290	47
	291	49
	291	50
	291	48
	291	47
	290	46
	291	46
	289	46
	284	46
	283	46
	284	45
	285	45
	283	45
	282	46
	282	47
	282	45
	281	46
	281	47
	281	45
	280	46
	280	47
	280	45
	279	46
	279	47
	279	45
	278	46
	277	46
	278	45
	277	45
	276	45
	275	45
	274	45
	273	45
	272	46
	272	45
	271	46
	271	45
	270	46
	270	45
	271	44
	272	44
	270	44
	269	45
	269	46
	269	44
	268	45
	268	46
	268	44
	267	45
	267	44
	267	43
	268	43
	266	43
	267	42
	268	42
	266	44
	266	42
	265	42
	266	41
	267	41
	265	43
	265	41
	264	42
	264	41
	263	41
	263	40
	264	40
	262	40
	263	39
	264	39
	262	39
	261	39
	260	39
	261	38
	262	38
	260	38
	259	38
	260	37
	261	37
	259	37
	258	37
	259	36
	260	36
	258	36
	257	36
	258	35
	259	35
	257	35
	258	34
	259	34
	257	34
	256	34
	257	33
	258	33
	256	35
	256	33
	257	32
	258	32
	256	32
	257	31
	258	31
	256	31
	256	30
	257	30
	256	29
	257	29
	256	28
	257	28
	256	27
	257	27
	255	27
	256	26
	257	26
	255	26
	255	25
	256	25
	254	25
	255	24
	256	24
	254	24
	255	23
	256	23
	254	23
	255	22
	256	22
	254	22
	253	23
	253	22
	252	22
	253	21
	254	21
	252	23
	252	21
	84	67
	83	67
	84	68
	84	66
	85	66
	83	68
	83	66
	82	68
	83	69
	84	69
	82	69
	82	67
	85	65
	84	65
	85	64
	84	64
	84	63
	85	63
	83	63
	84	62
	85	62
	83	64
	83	62
	84	61
	85	61
	83	61
	84	60
	85	60
	83	60
	84	59
	85	59
	83	59
	84	58
	85	58
	83	58
	84	56
	85	56
	83	56
	84	57
	84	55
	85	57
	85	55
	83	57
	83	55
	84	54
	85	54
	83	54
	84	53
	85	53
	83	53
	84	52
	85	52
	83	52
	84	51
	85	51
	83	51
	84	50
	85	50
	83	50
	84	49
	85	49
	83	49
	84	48
	85	48
	83	48
	84	47
	85	47
	83	47
	84	46
	85	46
	83	46
	84	45
	85	45
	83	45
	84	44
	85	44
	83	44
	84	43
	85	43
	83	43
	84	42
	85	42
	83	42
	84	41
	85	41
	83	41
	84	40
	85	40
	83	40
	84	39
	85	39
	83	39
	84	38
	85	38
	83	38
	84	37
	85	37
	83	37
	84	36
	85	36
	83	36
	84	33
	85	33
	83	33
	84	34
	84	32
	85	34
	85	32
	83	34
	83	32
	84	31
	85	31
	83	31
	84	30
	85	30
	83	30
	84	29
	85	29
	83	29
	84	28
	85	28
	83	28
	84	27
	85	27
	83	27
	84	26
	85	26
	83	26
	84	25
	85	25
	83	25
	84	24
	85	24
	83	24
	84	35
	85	35
	83	35
	84	23
	85	23
	83	23
	84	22
	85	22
	83	22
	84	21
	85	21
	83	21
	84	20
	85	20
	83	20
	87	21
	88	21
	86	21
	87	20
	88	20
	86	20
	89	21
	90	21
	89	20
	90	20
	91	21
	91	20
	92	21
	93	21
	92	20
	93	20
	96	21
	97	21
	95	21
	96	20
	97	20
	95	20
	98	21
	99	21
	98	20
	99	20
	100	21
	100	20
	101	21
	101	20
	94	21
	102	21
	94	20
	103	21
	102	20
	103	20
	104	21
	105	21
	106	21
	107	21
	108	21
	109	21
	110	21
	111	21
	104	20
	105	20
	106	20
	110	20
	111	20
	109	20
	112	21
	112	22
	112	20
	107	20
	108	20
	113	23
	114	23
	112	23
	113	22
	114	22
	115	23
	115	22
	116	23
	116	22
	117	23
	118	23
	117	22
	118	22
	119	23
	119	22
	120	23
	120	22
	121	23
	121	22
	121	21
	122	21
	120	21
	121	20
	122	20
	120	20
	123	21
	123	20
	124	21
	125	21
	124	20
	125	20
	126	21
	126	20
	127	21
	128	21
	127	20
	128	20
	131	21
	132	21
	130	21
	131	20
	132	20
	130	20
	133	21
	133	20
	136	21
	137	21
	135	21
	136	20
	137	20
	135	20
	138	21
	138	20
	137	19
	138	19
	136	19
	135	19
	134	20
	134	21
	134	19
	133	19
	132	19
	131	19
	130	19
	129	20
	129	21
	129	19
	139	21
	140	21
	139	20
	140	20
	141	21
	141	20
	142	21
	142	20
	143	21
	143	20
	144	21
	144	22
	144	20
	145	25
	146	25
	145	26
	145	24
	146	26
	146	24
	144	24
	147	26
	146	27
	147	27
	147	25
	145	27
	146	28
	147	28
	146	29
	147	29
	146	30
	147	30
	146	31
	147	31
	146	32
	147	32
	145	32
	146	33
	147	33
	147	24
	146	23
	147	23
	145	23
	144	23
	145	22
	146	22
	145	21
	148	31
	148	32
	148	30
	148	33
	147	34
	148	34
	146	34
	147	35
	148	35
	146	35
	147	36
	148	36
	149	36
	148	37
	149	37
	149	35
	150	37
	149	38
	150	38
	150	36
	149	39
	150	39
	151	39
	150	40
	151	40
	151	38
	151	41
	152	41
	152	42
	152	40
	153	42
	153	43
	153	41
	153	44
	154	44
	154	45
	154	43
	155	45
	155	46
	155	44
	156	46
	156	45
	157	46
	158	46
	157	45
	158	45
	159	46
	159	45
	160	46
	160	45
	161	46
	161	45
	163	46
	164	46
	162	46
	165	47
	165	46
	166	47
	166	46
	167	46
	163	45
	164	45
	162	45
	165	45
	166	45
	167	45
	168	45
	169	45
	168	44
	169	44
	167	44
	169	42
	168	42
	169	43
	169	41
	168	43
	168	41
	169	40
	168	40
	169	39
	168	39
	169	38
	168	38
	169	37
	168	37
	169	35
	170	35
	168	35
	169	36
	169	34
	170	34
	168	36
	168	34
	170	32
	169	32
	170	33
	170	31
	169	33
	169	31
	170	30
	169	30
	170	29
	169	29
	170	28
	169	28
	170	27
	169	27
	171	26
	170	26
	171	25
	172	25
	170	25
	171	24
	172	24
	170	24
	171	23
	172	23
	170	23
	171	22
	172	22
	170	22
	173	23
	173	24
	173	22
	174	22
	175	21
	176	21
	174	21
	177	21
	173	21
	172	21
	173	20
	174	20
	172	20
	175	20
	176	20
	177	20
	178	21
	178	20
	181	21
	182	21
	180	21
	181	20
	182	20
	180	20
	183	21
	184	21
	183	20
	184	20
	185	21
	185	20
	179	21
	179	20
	186	21
	186	20
	189	21
	190	21
	188	21
	189	20
	190	20
	188	20
	191	21
	191	20
	187	21
	187	20
	192	21
	192	20
	194	21
	195	21
	193	21
	198	21
	199	21
	197	21
	200	21
	194	20
	195	20
	193	20
	196	21
	196	20
	197	20
	198	20
	199	20
	201	21
	200	20
	201	20
	203	21
	204	21
	202	21
	203	20
	204	20
	202	20
	205	21
	205	20
	206	21
	206	22
	206	20
	207	22
	206	23
	207	23
	207	21
	208	22
	209	22
	208	23
	208	21
	209	23
	209	21
	211	22
	212	22
	210	22
	211	23
	211	21
	212	23
	212	21
	210	23
	210	21
	213	22
	214	22
	213	23
	213	21
	214	23
	214	21
	215	22
	215	23
	215	21
	216	22
	217	22
	216	23
	216	21
	217	23
	217	21
	218	22
	218	23
	218	21
	220	22
	221	22
	219	22
	220	23
	220	21
	221	23
	221	21
	219	23
	219	21
	222	21
	223	21
	222	22
	222	20
	223	22
	223	20
	221	20
	224	21
	225	21
	224	22
	224	20
	225	22
	225	20
	226	21
	227	21
	226	22
	226	20
	227	22
	227	20
	228	21
	228	20
	223	23
	224	23
	222	23
	226	23
	227	23
	225	23
	231	21
	232	21
	230	21
	231	20
	232	20
	230	20
	229	21
	229	20
	233	21
	234	21
	233	20
	234	20
	237	21
	238	21
	236	21
	239	21
	240	21
	241	21
	235	21
	236	20
	237	20
	235	20
	238	20
	239	20
	240	20
	242	21
	241	20
	242	20
	243	21
	243	20
	244	21
	244	20
	245	21
	246	21
	245	20
	246	20
	247	21
	248	21
	247	20
	248	20
	249	21
	250	21
	249	20
	250	20
	251	21
	251	20
	252	20
	253	20
	254	20
	255	21
	256	21
	255	20
	256	20
	257	21
	258	21
	257	22
	257	20
	258	22
	258	20
	257	23
	258	23
	257	24
	257	25
	258	25
	258	26
	258	24
	258	27
	258	28
	258	29
	258	30
	259	32
	260	32
	259	33
	259	31
	260	33
	260	31
	261	32
	261	33
	261	31
	260	34
	261	34
	260	35
	261	35
	261	36
	263	38
	262	37
	263	37
	265	39
	264	38
	265	40
	265	38
	266	40
	266	39
	268	41
	269	42
	270	42
	269	43
	269	41
	270	43
	270	41
	271	43
	272	43
	271	42
	272	42
	195	62
	196	62
	194	62
	195	61
	196	61
	194	61
	196	59
	197	59
	199	59
	200	60
	201	60
	201	59
	188	62
	189	61
	199	61
	200	61
	198	61
	197	61
	198	62
	199	62
	197	62
	201	61
	200	62
	201	62
	202	61
	202	62
	202	60
	203	61
	203	62
	203	60
	204	61
	204	62
	204	60
	190	61
	206	58
	189	62
	191	59
	191	62
	190	60
	203	58
	200	58
	205	60
	204	58
	206	60
	201	58
	207	59
	207	60
	207	58
	208	59
	208	60
	208	58
	209	59
	209	60
	209	58
	210	59
	210	60
	210	58
	211	59
	211	60
	211	58
	209	61
	210	61
	208	61
	207	61
	206	61
	207	62
	208	62
	206	62
	205	61
	205	62
	209	62
	211	61
	210	62
	211	62
	212	61
	213	61
	212	62
	212	60
	213	62
	213	60
	214	61
	214	62
	214	60
	215	61
	215	62
	215	60
	216	61
	216	62
	216	60
	214	59
	215	59
	213	59
	212	59
	216	59
	217	60
	217	61
	217	59
	213	58
	214	58
	212	58
	215	58
	216	58
	218	59
	217	58
	218	60
	218	58
	219	59
	219	60
	219	58
	220	59
	220	60
	220	58
	221	59
	221	60
	221	58
	222	59
	222	60
	222	58
	218	61
	219	61
	218	62
	219	62
	217	62
	220	61
	221	61
	220	62
	221	62
	223	60
	222	61
	223	61
	223	59
	222	62
	223	62
	224	60
	224	61
	224	59
	223	58
	224	58
	225	59
	225	60
	225	58
	226	59
	226	60
	226	58
	227	59
	227	60
	227	58
	225	61
	226	61
	224	62
	225	62
	226	62
	227	61
	227	62
	228	61
	228	62
	228	60
	228	59
	230	61
	231	61
	229	61
	230	62
	230	60
	231	62
	231	60
	229	62
	229	60
	229	59
	230	59
	228	58
	229	58
	232	62
	232	61
	233	62
	233	61
	234	62
	234	61
	235	62
	235	61
	233	60
	234	60
	232	60
	236	61
	235	60
	236	62
	236	60
	237	61
	237	62
	237	60
	238	61
	238	62
	238	60
	239	61
	239	62
	239	60
	240	61
	240	62
	240	60
	241	61
	241	62
	241	60
	242	61
	242	62
	242	60
	243	61
	243	62
	243	60
	244	61
	244	62
	244	60
	245	61
	245	62
	245	60
	246	61
	246	62
	246	60
	247	61
	247	62
	247	60
	248	61
	248	62
	248	60
	249	60
	248	59
	249	61
	249	59
	247	59
	250	60
	250	61
	250	59
	249	62
	250	62
	251	61
	251	62
	251	60
	251	59
	250	58
	251	58
	249	58
	217	56
	218	56
	218	57
	252	59
	252	60
	252	58
	253	59
	253	60
	253	58
	252	61
	253	61
	254	60
	254	61
	254	59
	255	61
	254	62
	255	62
	255	60
	253	62
	252	62
	256	61
	256	62
	256	60
	255	59
	256	59
	255	58
	216	57
	254	58
	246	59
	245	59
	244	59
	243	59
	242	59
	241	59
	240	59
	239	59
	238	59
	237	59
	236	59
	235	59
	234	59
	233	59
	232	59
	231	59
	230	58
	231	58
	232	58
	233	58
	234	58
	235	58
	236	58
	237	58
	238	58
	239	58
	240	58
	241	58
	242	58
	243	58
	244	58
	245	58
	246	58
	247	58
	248	58
	217	57
	216	56
	193	62
	193	61
	192	61
	198	60
	192	62
	197	60
	199	60
	198	59
	200	59
	202	59
	203	59
	196	60
	190	62
	191	60
	192	58
	191	61
	195	58
	205	58
	196	58
	202	58
	198	58
	199	58
	197	58
	195	60
	195	59
	194	59
	192	59
	192	60
	193	59
	258	62
	194	60
	257	60
	193	60
	257	62
	257	61
	254	57
	253	57
	253	56
	252	55
	252	57
	252	56
	251	55
	251	57
	251	56
	250	55
	250	57
	250	56
	256	58
	249	55
	248	55
	247	56
	249	56
	248	56
	247	57
	249	57
	248	57
	221	55
	221	57
	221	56
	220	55
	216	55
	220	57
	220	56
	217	55
	219	55
	218	55
	219	56
	219	57
	194	58
	193	58
	205	59
	206	59
	204	59
InvisibleObstacle		
AW1		
	155	61
	156	61
	154	61
	155	62
	155	60
	156	62
	156	60
	154	62
	154	60
	155	58
	156	58
	154	58
	155	59
	155	57
	156	59
	156	57
	154	59
	154	57
	155	56
	156	56
	154	56
	155	55
	156	55
	154	55
	155	54
	156	54
	154	54
	155	53
	156	53
	154	53
	155	51
	156	51
	154	51
	155	52
	155	50
	156	52
	156	50
	154	52
	154	50
AW2		
	219	61
	220	61
	218	61
	219	62
	219	60
	220	62
	220	60
	218	62
	218	60
	219	59
	220	59
	218	59
	219	58
	220	58
	218	58
	219	57
	220	57
	218	57
	219	56
	220	56
	218	56
	219	55
	220	55
	218	55
	219	54
	220	54
	218	54
	219	53
	220	53
	218	53
	219	52
	220	52
	218	52
	219	51
	220	51
	218	51
	219	50
	220	50
	218	50
	219	49
	220	49
	218	49
	219	48
	220	48
	218	48
	219	47
	220	47
	218	47
	219	46
	220	46
	218	46
	219	45
	220	45
	218	45
	219	44
	220	44
	218	44
	219	43
	220	43
	218	43
	219	42
	220	42
	218	42
	219	41
	220	41
	218	41
	219	40
	220	40
	218	40
	219	39
	220	39
	218	39
	219	38
	220	38
	218	38
	219	37
	220	37
	218	37
	219	36
	220	36
	218	36
	219	35
	220	35
	218	35
	219	34
	220	34
	218	34
	219	33
	220	33
	218	33
	219	32
	220	32
	218	32
	219	31
	220	31
	218	31
	219	30
	220	30
	218	30
	219	29
	220	29
	218	29
	219	28
	220	28
	218	28
	219	27
	220	27
	218	27
