Key	CellX	CellY
VisibleObstacle		
	43	206
	44	206
	42	206
	43	207
	43	205
	44	207
	44	205
	42	207
	42	205
	43	204
	44	204
	42	204
	43	203
	44	203
	42	203
	43	202
	44	202
	42	202
	43	201
	44	201
	42	201
	43	200
	44	200
	42	200
	43	199
	44	199
	42	199
	41	200
	41	201
	41	199
	42	198
	43	198
	41	198
	40	199
	40	200
	40	198
	39	198
	40	197
	41	197
	39	199
	39	197
	38	198
	38	199
	38	197
	37	198
	37	199
	37	197
	36	197
	37	196
	38	196
	36	198
	36	196
	35	197
	35	198
	35	196
	34	196
	35	195
	36	195
	34	197
	34	195
	33	196
	33	197
	33	195
	32	196
	32	197
	32	195
	33	194
	34	194
	32	194
	31	195
	31	196
	31	194
	30	195
	30	196
	30	194
	29	195
	29	196
	29	194
	28	195
	28	196
	28	194
	29	193
	30	193
	28	193
	27	194
	27	195
	27	193
	26	194
	26	195
	26	193
	25	194
	25	195
	25	193
	24	193
	25	192
	26	192
	24	194
	24	192
	23	193
	23	194
	23	192
	22	193
	22	194
	22	192
	21	193
	21	194
	21	192
	22	191
	23	191
	21	191
	20	192
	20	193
	20	191
	19	192
	19	193
	19	191
	20	190
	21	190
	19	190
	18	191
	18	192
	18	190
	17	191
	17	192
	17	190
	18	189
	19	189
	17	189
	16	190
	16	191
	16	189
	15	190
	15	191
	15	189
	14	190
	14	191
	14	189
	13	190
	13	191
	13	189
	12	189
	13	188
	14	188
	12	190
	12	188
	11	189
	11	190
	11	188
	12	187
	13	187
	11	187
	10	188
	10	189
	10	187
	11	186
	12	186
	10	186
	9	187
	9	188
	9	186
	10	185
	11	185
	9	185
	8	186
	8	187
	8	185
	9	184
	10	184
	8	184
	7	184
	8	183
	9	183
	7	185
	7	183
	8	182
	9	182
	7	182
	6	182
	7	181
	8	181
	6	183
	6	181
	7	180
	8	180
	6	180
	7	179
	8	179
	6	179
	5	179
	6	178
	7	178
	5	180
	5	178
	6	177
	7	177
	5	177
	6	176
	7	176
	5	176
	6	175
	7	175
	5	175
	6	174
	7	174
	5	174
	6	173
	7	173
	5	173
	6	172
	7	172
	5	172
	6	171
	7	171
	5	171
	6	170
	7	170
	5	170
	8	170
	7	169
	8	171
	8	169
	6	169
	7	168
	8	168
	6	168
	9	169
	9	170
	9	168
	10	168
	9	167
	10	169
	10	167
	8	167
	11	168
	11	169
	11	167
	12	168
	12	169
	12	167
	13	168
	13	169
	13	167
	14	168
	14	169
	14	167
	15	168
	15	169
	15	167
	16	168
	16	169
	16	167
	17	168
	17	169
	17	167
	16	166
	17	166
	15	166
	18	167
	18	168
	18	166
	19	167
	19	168
	19	166
	20	167
	20	168
	20	166
	21	167
	21	168
	21	166
	22	167
	22	168
	22	166
	23	167
	23	168
	23	166
	24	167
	24	168
	24	166
	25	167
	25	168
	25	166
	26	167
	26	168
	26	166
	27	167
	27	168
	27	166
	28	167
	28	168
	28	166
	27	165
	28	165
	26	165
	29	166
	29	167
	29	165
	30	166
	30	167
	30	165
	31	166
	31	167
	31	165
	32	166
	32	167
	32	165
	33	166
	34	166
	33	167
	33	165
	34	167
	34	165
	37	166
	38	166
	36	166
	37	167
	37	165
	38	167
	38	165
	36	167
	36	165
	40	165
	41	165
	39	165
	40	166
	40	164
	41	166
	41	164
	39	166
	39	164
	42	165
	43	165
	42	166
	42	164
	43	166
	43	164
	44	165
	45	165
	44	166
	44	164
	45	166
	45	164
	46	164
	45	163
	46	165
	46	163
	44	163
	47	164
	47	165
	47	163
	48	164
	48	165
	48	163
	49	164
	49	165
	49	163
	50	164
	50	165
	50	163
	51	164
	51	165
	51	163
	52	164
	52	165
	52	163
	53	164
	53	165
	53	163
	54	164
	54	165
	54	163
	55	164
	55	165
	55	163
	56	164
	56	165
	56	163
	57	164
	57	165
	57	163
	58	164
	58	165
	58	163
	59	164
	59	165
	59	163
	60	164
	60	165
	60	163
	61	164
	61	165
	61	163
	62	164
	62	165
	62	163
	63	164
	63	165
	63	163
	64	164
	64	165
	64	163
	65	164
	65	165
	65	163
	66	165
	65	166
	66	166
	66	164
	64	166
	67	165
	67	166
	67	164
	68	165
	68	166
	68	164
	69	165
	69	166
	69	164
	70	165
	70	166
	70	164
	71	165
	71	166
	71	164
	72	165
	72	166
	72	164
	73	165
	73	166
	73	164
	74	165
	74	166
	74	164
	75	165
	75	166
	75	164
	33	168
	34	168
	32	168
	35	167
	35	168
	35	166
	37	168
	38	168
	36	168
	40	167
	41	167
	39	167
	40	168
	41	168
	39	168
	43	167
	44	167
	42	167
	43	168
	44	168
	42	168
	45	167
	45	168
	46	167
	46	168
	46	166
	47	167
	47	168
	47	166
	48	167
	48	168
	48	166
	49	166
	49	167
	50	166
	50	167
	51	166
	51	167
	52	166
	52	167
	53	166
	53	167
	54	166
	55	166
	56	166
	57	166
	58	166
	59	166
	60	166
	61	166
	62	166
	63	166
	47	169
	48	169
	46	169
	47	170
	48	170
	46	170
	47	171
	48	171
	46	171
	49	171
	48	172
	49	172
	49	170
	47	172
	50	171
	50	172
	50	170
	49	173
	50	173
	48	173
	51	173
	50	174
	51	174
	51	172
	49	174
	50	175
	51	175
	49	175
	52	175
	51	176
	52	176
	52	174
	50	176
	51	177
	52	177
	50	177
	51	178
	52	178
	50	178
	53	178
	52	179
	53	179
	53	177
	51	179
	52	180
	53	180
	51	180
	54	180
	53	181
	54	181
	54	179
	52	181
	53	182
	54	182
	52	182
	55	181
	55	182
	55	180
	56	181
	56	182
	56	180
	57	182
	56	183
	57	183
	57	181
	55	183
	58	182
	58	183
	58	181
	59	182
	59	183
	59	181
	60	183
	59	184
	60	184
	60	182
	58	184
	61	183
	61	184
	61	182
	62	183
	62	184
	62	182
	63	183
	63	184
	63	182
	64	183
	64	184
	64	182
	65	183
	65	184
	65	182
	66	183
	66	184
	66	182
	65	181
	66	181
	64	181
	67	182
	67	183
	67	181
	68	182
	69	182
	68	183
	68	181
	69	183
	69	181
	70	181
	69	180
	70	182
	70	180
	68	180
	71	181
	71	182
	71	180
	72	181
	72	182
	72	180
	73	180
	100	164
	73	181
	73	179
	97	166
	98	165
	72	179
	101	164
	99	165
	99	164
	100	165
	98	166
	101	165
	104	164
	103	164
	97	165
	102	166
	93	165
	101	166
	104	165
	89	171
	87	170
	95	166
	89	170
	90	171
	96	166
	88	170
	90	170
	89	172
	96	165
	89	173
	95	165
	87	174
	91	170
	89	174
	88	174
	91	171
	90	169
	90	173
	91	172
	90	172
	91	174
	90	174
	91	173
	92	173
	86	173
	92	174
	88	171
	88	173
	91	169
	92	172
	91	167
	90	168
	92	171
	90	167
	92	170
	93	167
	87	173
	92	168
	92	169
	93	168
	92	167
	91	168
	115	165
	108	168
	107	167
	106	168
	108	167
	93	170
	109	167
	105	167
	92	165
	105	168
	103	167
	107	168
	104	167
	112	165
	104	169
	103	169
	106	167
	104	168
	103	168
	102	168
	100	167
	101	169
	102	169
	75	181
	102	167
	74	180
	101	168
	74	181
	75	180
	74	179
	75	179
	141	182
	141	183
	141	185
	141	186
	141	187
	141	196
	141	184
	141	191
	141	197
	141	188
	141	189
	141	190
	141	192
	141	205
	141	193
	141	194
	141	195
	141	202
	141	203
	141	204
	83	181
	80	181
	81	181
	141	209
	141	207
	83	177
	85	178
	141	206
	82	178
	83	178
	82	180
	85	179
	83	179
	82	179
	85	176
	85	177
	84	176
	84	175
	86	177
	85	175
	87	175
	86	176
	86	175
	86	174
	86	178
	85	174
	116	167
	116	168
	116	166
	117	168
	116	169
	117	169
	117	167
	141	208
	118	168
	118	169
	118	167
	119	168
	119	169
	119	167
	120	168
	120	169
	120	167
	121	168
	121	169
	121	167
	122	168
	122	169
	122	167
	123	168
	123	169
	123	167
	124	168
	124	169
	124	167
	125	168
	125	169
	125	167
	126	168
	126	169
	126	167
	127	168
	127	169
	127	167
	128	168
	128	169
	128	167
	129	168
	129	169
	129	167
	130	168
	130	169
	130	167
	131	168
	131	169
	131	167
	132	168
	132	169
	132	167
	133	168
	133	169
	133	167
	125	170
	126	170
	124	170
	125	171
	126	171
	124	171
	126	172
	127	172
	125	172
	126	173
	127	173
	127	171
	125	173
	127	174
	128	174
	126	174
	127	175
	128	175
	128	173
	126	175
	129	174
	129	175
	129	173
	128	176
	129	176
	127	176
	130	176
	129	177
	130	177
	130	175
	128	177
	131	176
	131	177
	131	175
	130	178
	131	178
	129	178
	132	177
	132	178
	132	176
	133	177
	133	178
	133	176
	134	177
	134	178
	134	176
	135	177
	135	178
	135	176
	136	177
	136	178
	136	176
	137	177
	137	178
	137	176
	138	178
	139	178
	138	179
	138	177
	139	179
	139	177
	137	179
	140	178
	140	179
	140	177
	141	178
	141	179
	141	177
	142	179
	141	180
	142	180
	142	178
	140	180
	143	179
	143	180
	143	178
	144	179
	144	180
	144	178
	143	181
	144	181
	142	181
	143	182
	144	182
	142	182
	143	183
	144	183
	142	183
	143	184
	144	184
	142	184
	143	185
	144	185
	142	185
	143	186
	144	186
	142	186
	143	187
	144	187
	142	187
	143	188
	144	188
	142	188
	143	189
	144	189
	142	189
	143	190
	144	190
	142	190
	143	191
	144	191
	142	191
	143	192
	144	192
	142	192
	143	193
	144	193
	142	193
	143	194
	144	194
	142	194
	143	195
	144	195
	142	195
	143	196
	144	196
	142	196
	143	197
	144	197
	142	197
	143	198
	144	198
	142	198
	143	199
	144	199
	142	199
	143	200
	144	200
	142	200
	143	201
	144	201
	142	201
	143	202
	144	202
	142	202
	143	203
	144	203
	142	203
	143	212
	144	212
	142	212
	143	213
	143	211
	144	213
	144	211
	142	213
	142	211
	143	210
	144	210
	142	210
	143	209
	144	209
	142	209
	143	208
	144	208
	142	208
	143	207
	144	207
	142	207
	143	206
	144	206
	142	206
	143	205
	144	205
	142	205
	143	204
	144	204
	142	204
	139	210
	140	210
	138	210
	139	211
	139	209
	140	211
	140	209
	138	211
	138	209
	137	210
	137	211
	137	209
	135	210
	136	210
	134	210
	135	211
	135	209
	136	211
	136	209
	134	211
	134	209
	133	210
	133	211
	133	209
	132	210
	132	211
	132	209
	131	210
	131	211
	131	209
	130	210
	130	211
	130	209
	129	210
	129	211
	129	209
	128	210
	127	210
	128	211
	128	209
	127	211
	127	209
	126	210
	126	211
	126	209
	125	210
	125	211
	125	209
	124	210
	124	211
	124	209
	123	210
	122	210
	123	211
	123	209
	122	211
	122	209
	121	210
	121	211
	121	209
	120	210
	120	211
	120	209
	119	210
	119	211
	119	209
	118	210
	118	211
	118	209
	117	210
	116	210
	117	211
	117	209
	116	211
	116	209
	115	210
	115	211
	115	209
	114	210
	114	211
	114	209
	113	210
	113	211
	113	209
	112	210
	112	211
	112	209
	113	212
	114	212
	112	212
	111	211
	111	212
	111	210
	110	211
	110	212
	110	210
	109	211
	109	212
	109	210
	108	211
	108	212
	108	210
	107	211
	107	212
	107	210
	106	211
	105	211
	106	212
	106	210
	105	212
	105	210
	104	211
	104	212
	104	210
	103	210
	104	209
	105	209
	103	211
	103	209
	103	212
	102	211
	102	212
	102	210
	101	210
	102	209
	101	211
	101	209
	100	210
	100	211
	100	209
	99	210
	99	211
	99	209
	98	210
	98	211
	98	209
	97	210
	97	211
	97	209
	96	210
	96	211
	96	209
	95	211
	96	212
	97	212
	95	212
	95	210
	94	211
	93	211
	94	212
	94	210
	93	212
	93	210
	92	211
	92	212
	92	210
	91	211
	91	212
	91	210
	90	211
	90	212
	90	210
	89	211
	88	211
	89	212
	89	210
	88	212
	88	210
	86	211
	87	211
	85	211
	86	212
	86	210
	87	212
	87	210
	85	212
	85	210
	84	211
	83	211
	84	212
	84	210
	83	212
	83	210
	82	211
	81	211
	82	212
	82	210
	81	212
	81	210
	80	211
	79	211
	80	212
	80	210
	79	212
	79	210
	78	211
	77	211
	78	212
	78	210
	77	212
	77	210
	76	211
	75	211
	76	212
	76	210
	75	212
	75	210
	74	211
	74	212
	74	210
	73	211
	72	211
	73	212
	73	210
	72	212
	72	210
	71	211
	71	212
	71	210
	70	211
	69	211
	70	212
	70	210
	69	212
	69	210
	68	211
	68	212
	68	210
	67	211
	66	211
	67	212
	67	210
	66	212
	66	210
	65	211
	65	212
	65	210
	64	211
	64	212
	64	210
	63	211
	63	212
	63	210
	62	211
	62	212
	62	210
	60	211
	61	211
	59	211
	60	212
	60	210
	61	212
	61	210
	59	212
	59	210
	57	211
	58	211
	56	211
	57	212
	57	210
	58	212
	58	210
	56	212
	56	210
	54	210
	55	210
	53	210
	54	211
	54	209
	55	211
	55	209
	53	211
	53	209
	52	210
	52	211
	52	209
	51	210
	50	210
	51	211
	51	209
	50	211
	50	209
	49	210
	49	211
	49	209
	48	210
	48	211
	48	209
	47	210
	47	211
	47	209
	46	210
	46	211
	46	209
	45	210
	45	211
	45	209
	44	210
	44	211
	44	209
	43	210
	43	211
	43	209
	42	210
	42	211
	42	209
	41	210
	41	211
	41	209
	40	210
	40	211
	40	209
	41	208
	42	208
	40	208
	41	207
	40	207
	41	206
	40	206
	43	208
	41	205
	44	208
	45	208
	45	207
	66	50
	66	54
	66	122
	65	121
	65	120
	66	120
	66	119
	66	118
	66	117
	65	116
	66	116
	65	115
	66	115
	66	114
	65	113
	66	113
	65	112
	66	112
	66	111
	65	110
	66	110
	65	109
	66	109
	65	108
	66	108
	66	107
	65	105
	65	104
	65	98
	65	97
	65	94
	66	94
	65	93
	66	95
	66	93
	66	92
	65	91
	66	91
	66	90
	66	89
	65	88
	66	88
	65	87
	66	87
	66	86
	65	85
	66	85
	65	84
	66	84
	66	83
	65	82
	66	82
	65	81
	66	81
	65	80
	66	80
	66	79
	65	78
	66	78
	66	77
	65	76
	66	76
	65	75
	66	75
	65	74
	66	74
	65	73
	66	73
	65	72
	66	72
	65	71
	66	71
	65	70
	66	70
	65	69
	66	69
	65	68
	66	68
	66	67
	66	66
	66	65
	66	64
	1	29
	1	30
	1	31
	1	32
	1	33
	1	34
	1	35
	1	36
	1	37
	1	38
	1	39
	1	40
	1	41
	1	42
	1	43
	1	44
	1	45
	1	46
	1	47
	1	48
	1	49
	1	50
	1	51
	1	52
	1	53
	1	54
	1	55
	1	56
	1	57
	1	58
	1	59
	1	60
	1	61
	1	62
	1	63
	1	64
	1	65
	1	66
	1	67
	1	68
	1	69
	1	70
	1	71
	1	72
	1	73
	1	74
	1	75
	1	76
	1	77
	1	78
	1	79
	1	80
	1	81
	1	82
	1	83
	1	84
	1	85
	1	86
	1	87
	1	88
	1	89
	1	90
	1	91
	1	92
	1	93
	1	94
	1	95
	1	96
	1	97
	1	98
	1	99
	1	100
	1	101
	1	102
	1	103
	1	104
	1	105
	1	106
	2	29
	2	30
	2	31
	2	32
	2	33
	2	34
	2	35
	2	36
	2	37
	2	38
	2	39
	2	40
	2	41
	2	42
	2	43
	2	44
	2	45
	2	46
	2	47
	2	48
	2	49
	2	50
	2	51
	2	52
	2	53
	2	54
	2	55
	2	56
	2	57
	2	58
	2	59
	2	60
	2	61
	2	62
	2	63
	2	64
	2	65
	2	66
	2	67
	2	68
	2	69
	2	70
	2	71
	2	72
	2	73
	2	74
	2	75
	2	76
	2	77
	2	78
	2	79
	2	80
	2	81
	2	82
	2	83
	2	84
	2	85
	2	86
	2	87
	2	88
	2	89
	2	90
	2	91
	2	92
	2	93
	2	94
	2	95
	2	96
	2	97
	2	98
	2	99
	2	100
	2	101
	2	102
	2	103
	2	104
	2	105
	2	106
	3	29
	3	30
	3	31
	3	32
	3	33
	3	34
	3	35
	3	36
	3	37
	3	38
	3	39
	3	40
	3	41
	3	42
	3	43
	3	44
	3	45
	3	46
	3	47
	3	48
	3	49
	3	50
	3	51
	3	52
	3	53
	3	54
	3	55
	3	56
	3	57
	3	58
	3	59
	3	60
	3	61
	3	62
	3	63
	3	64
	3	65
	3	66
	3	67
	3	68
	3	69
	3	70
	3	71
	3	72
	3	73
	3	74
	3	75
	3	76
	3	77
	3	78
	3	79
	3	80
	3	81
	3	82
	3	83
	3	84
	3	85
	3	86
	3	87
	3	88
	3	89
	3	90
	3	91
	3	92
	3	93
	3	94
	3	95
	3	96
	3	97
	3	98
	3	99
	3	100
	3	101
	3	102
	3	103
	3	104
	3	105
	3	106
	4	29
	4	30
	4	31
	4	32
	4	33
	4	34
	4	35
	4	36
	4	37
	4	38
	4	39
	4	40
	4	41
	4	42
	4	43
	4	44
	4	45
	4	46
	4	47
	4	48
	4	49
	4	50
	4	51
	4	52
	4	53
	4	54
	4	55
	4	56
	4	57
	4	58
	4	59
	4	60
	4	61
	4	62
	4	63
	4	64
	4	65
	4	66
	4	67
	4	68
	4	69
	4	70
	4	71
	4	72
	4	73
	4	74
	4	75
	4	76
	4	77
	4	78
	4	79
	4	80
	4	81
	4	82
	4	83
	4	84
	4	85
	4	86
	4	87
	4	88
	4	89
	4	90
	4	91
	4	92
	4	93
	4	94
	4	95
	4	96
	4	97
	4	98
	4	99
	4	100
	4	101
	4	102
	4	103
	4	104
	4	105
	4	106
	5	29
	5	30
	5	31
	5	32
	5	33
	5	34
	5	35
	5	36
	5	37
	5	39
	5	40
	5	41
	5	42
	5	44
	5	45
	5	46
	5	47
	5	48
	5	49
	5	50
	5	51
	5	52
	5	53
	5	54
	5	55
	5	56
	5	57
	5	58
	5	59
	5	60
	5	61
	5	62
	5	63
	5	64
	5	65
	5	66
	5	67
	5	68
	5	69
	5	70
	5	71
	5	72
	5	73
	5	74
	5	75
	5	76
	5	77
	5	78
	5	79
	5	80
	5	81
	5	82
	5	83
	5	84
	5	85
	5	86
	5	87
	5	88
	5	89
	5	90
	5	91
	5	92
	5	93
	5	94
	5	95
	5	96
	5	97
	5	98
	5	99
	5	100
	5	101
	5	102
	5	106
	6	30
	6	31
	6	32
	6	35
	6	36
	6	40
	6	41
	6	45
	6	46
	6	47
	6	48
	6	49
	6	51
	6	52
	6	53
	6	54
	6	55
	6	56
	6	57
	6	58
	6	59
	6	60
	6	61
	6	62
	6	63
	6	64
	6	65
	6	66
	6	67
	6	68
	6	69
	6	70
	6	71
	6	72
	6	73
	6	74
	6	75
	6	76
	6	77
	6	78
	6	79
	6	80
	6	81
	6	82
	6	83
	6	84
	6	85
	6	86
	6	87
	6	88
	6	89
	6	90
	6	91
	6	92
	6	93
	6	94
	6	95
	6	96
	6	97
	6	99
	6	106
	7	46
	7	47
	7	48
	7	52
	7	53
	7	54
	7	55
	7	56
	7	57
	7	58
	7	59
	7	60
	7	61
	7	62
	7	63
	7	64
	7	65
	7	66
	7	67
	7	68
	7	69
	7	70
	7	71
	7	72
	7	73
	7	74
	7	75
	7	76
	7	77
	7	78
	7	79
	7	80
	7	81
	7	82
	7	83
	7	84
	7	85
	7	86
	7	87
	7	88
	7	89
	7	90
	7	91
	7	92
	7	93
	7	94
	7	95
	7	96
	8	46
	8	47
	8	53
	8	54
	8	55
	8	56
	8	57
	8	58
	8	59
	8	60
	8	61
	8	62
	8	63
	8	64
	8	65
	8	66
	8	67
	8	68
	8	69
	8	70
	8	71
	8	72
	8	73
	8	74
	8	75
	8	76
	8	77
	8	78
	8	79
	8	80
	8	81
	8	82
	8	83
	8	84
	8	85
	8	86
	8	87
	8	91
	8	92
	9	53
	9	54
	9	55
	9	58
	9	59
	9	60
	9	61
	9	62
	9	63
	9	64
	9	65
	9	66
	9	67
	9	68
	9	69
	9	70
	9	71
	9	72
	9	73
	9	74
	9	75
	9	76
	9	77
	9	78
	9	79
	9	80
	9	91
	9	92
	10	54
	10	59
	10	60
	10	61
	10	62
	10	63
	10	64
	10	65
	10	66
	10	67
	10	68
	10	69
	10	70
	10	71
	10	72
	10	73
	10	79
	10	91
	11	60
	11	61
	11	62
	11	63
	11	64
	11	65
	11	67
	11	68
	11	69
	11	70
	11	71
	11	72
	11	73
	11	79
	11	91
	66	96
	66	97
	66	98
	66	99
	66	101
	66	102
	66	103
	66	104
	66	105
	66	106
	67	60
	67	61
	67	62
	67	63
	67	64
	67	65
	67	66
	67	67
	67	68
	67	69
	67	70
	67	71
	67	72
	67	73
	67	74
	67	75
	67	76
	67	77
	67	78
	67	79
	67	80
	67	81
	67	82
	67	83
	67	84
	67	85
	67	86
	67	87
	67	88
	67	89
	67	90
	67	91
	67	92
	67	93
	67	94
	67	95
	67	96
	67	97
	67	98
	67	99
	67	100
	67	101
	67	102
	67	103
	67	104
	67	105
	67	106
	67	107
	67	108
	67	109
	67	110
	67	111
	67	112
	67	113
	67	114
	67	115
	67	116
	67	119
	67	123
	67	124
	68	60
	68	61
	68	62
	68	63
	68	64
	68	65
	68	66
	68	67
	68	68
	68	69
	68	70
	68	71
	68	72
	68	73
	68	74
	68	75
	68	76
	68	77
	68	78
	68	79
	68	80
	68	81
	68	82
	68	83
	68	84
	68	85
	68	86
	68	87
	68	88
	68	89
	68	90
	68	91
	68	92
	68	93
	68	94
	68	95
	68	96
	68	97
	68	98
	68	99
	68	100
	68	101
	68	102
	68	103
	68	104
	68	105
	68	106
	68	107
	68	108
	68	109
	68	110
	68	111
	68	112
	68	113
	68	114
	68	115
	68	124
	68	130
	68	138
	69	60
	69	61
	69	62
	69	63
	69	64
	69	65
	69	66
	69	67
	69	68
	69	69
	69	70
	69	71
	69	72
	69	73
	69	74
	69	75
	69	76
	69	77
	69	78
	69	79
	69	80
	69	81
	69	82
	69	83
	69	84
	69	85
	69	86
	69	87
	69	88
	69	89
	69	90
	69	91
	69	92
	69	93
	69	94
	69	95
	69	96
	69	97
	69	98
	69	99
	69	100
	69	101
	69	102
	69	103
	69	104
	69	105
	69	106
	69	107
	69	108
	69	109
	69	110
	69	111
	69	112
	69	113
	69	114
	69	129
	69	130
	69	131
	69	132
	69	133
	69	137
	69	138
	70	60
	70	61
	70	62
	70	63
	70	64
	70	65
	70	66
	70	67
	70	68
	70	69
	70	70
	70	71
	70	72
	70	73
	70	74
	70	75
	70	76
	70	77
	70	78
	70	79
	70	80
	70	81
	70	82
	70	83
	70	84
	70	85
	70	86
	70	87
	70	88
	70	89
	70	90
	70	91
	70	92
	70	93
	70	94
	70	95
	70	96
	70	97
	70	98
	70	99
	70	100
	70	101
	70	102
	70	103
	70	104
	70	105
	70	106
	70	107
	70	108
	70	109
	70	110
	70	111
	70	112
	70	113
	70	114
	70	115
	70	120
	70	124
	70	128
	70	129
	70	130
	70	131
	70	132
	70	138
	71	60
	71	61
	71	62
	71	63
	71	64
	71	65
	71	66
	71	67
	71	68
	71	69
	71	70
	71	71
	71	72
	71	73
	71	74
	71	75
	71	76
	71	77
	71	78
	71	79
	71	80
	71	81
	71	82
	71	83
	71	84
	71	85
	71	86
	71	87
	71	88
	71	89
	71	90
	71	91
	71	92
	71	93
	71	94
	71	95
	71	96
	71	97
	71	98
	71	99
	71	100
	71	101
	71	102
	71	103
	71	104
	71	105
	71	106
	71	107
	71	108
	71	109
	71	110
	71	111
	71	112
	71	113
	71	114
	71	115
	71	116
	71	119
	71	120
	71	121
	71	123
	71	124
	71	125
	71	127
	71	128
	71	129
	71	130
	71	131
	71	137
	71	138
	72	60
	72	61
	72	62
	72	63
	72	64
	72	65
	72	66
	72	67
	72	68
	72	69
	72	70
	72	71
	72	72
	72	73
	72	74
	72	75
	72	76
	72	77
	72	78
	72	79
	72	80
	72	81
	72	82
	72	83
	72	84
	72	85
	72	86
	72	87
	72	88
	72	89
	72	90
	72	91
	72	92
	72	93
	72	94
	72	95
	72	96
	72	97
	72	98
	72	99
	72	100
	72	101
	72	102
	72	103
	72	104
	72	105
	72	106
	72	107
	72	108
	72	109
	72	110
	72	111
	72	112
	72	113
	72	114
	72	115
	72	116
	72	117
	72	118
	72	119
	72	120
	72	121
	72	122
	72	123
	72	124
	72	125
	72	126
	72	127
	72	128
	72	129
	72	130
	72	131
	72	132
	72	136
	72	137
	72	138
	73	60
	73	61
	73	62
	73	63
	73	64
	73	65
	73	66
	73	67
	73	68
	73	69
	73	70
	73	71
	73	72
	73	73
	73	74
	73	75
	73	76
	73	77
	73	78
	73	79
	73	80
	73	81
	73	82
	73	83
	73	84
	73	85
	73	86
	73	87
	73	88
	73	89
	73	90
	73	91
	73	92
	73	93
	73	94
	73	95
	73	96
	73	97
	73	98
	73	99
	73	100
	73	101
	73	102
	73	103
	73	104
	73	105
	73	106
	73	107
	73	108
	73	109
	73	110
	73	111
	73	112
	73	113
	73	114
	73	115
	73	116
	73	117
	73	118
	73	119
	73	120
	73	121
	73	122
	73	123
	73	124
	73	125
	73	126
	73	127
	73	128
	73	129
	73	130
	73	131
	73	132
	73	133
	73	135
	73	136
	73	137
	73	138
	74	60
	74	61
	74	62
	74	63
	74	64
	74	65
	74	66
	74	67
	74	68
	74	69
	74	70
	74	71
	74	72
	74	73
	74	74
	74	75
	74	76
	74	77
	74	78
	74	79
	74	80
	74	81
	74	82
	74	83
	74	84
	74	85
	74	86
	74	87
	74	88
	74	89
	74	90
	74	91
	74	92
	74	93
	74	94
	74	95
	74	96
	74	97
	74	98
	74	99
	74	100
	74	101
	74	102
	74	103
	74	104
	74	105
	74	106
	74	107
	74	108
	74	109
	74	110
	74	111
	74	112
	74	113
	74	114
	74	115
	74	116
	74	117
	74	118
	74	119
	74	120
	74	121
	74	122
	74	123
	74	124
	74	125
	74	126
	74	127
	74	128
	74	129
	74	130
	74	131
	74	132
	74	133
	74	134
	74	135
	74	136
	74	137
	74	138
	75	60
	75	61
	75	62
	75	63
	75	64
	75	65
	75	66
	75	67
	75	68
	75	69
	75	70
	75	71
	75	72
	75	73
	75	74
	75	75
	75	76
	75	77
	75	78
	75	79
	75	80
	75	81
	75	82
	75	83
	75	84
	75	85
	75	86
	75	87
	75	88
	75	89
	75	90
	75	91
	75	92
	75	93
	75	94
	75	95
	75	96
	75	97
	75	98
	75	99
	75	100
	75	101
	75	102
	75	103
	75	104
	75	105
	75	106
	75	107
	75	108
	75	109
	75	110
	75	111
	75	112
	75	113
	75	114
	75	115
	75	116
	75	117
	75	118
	75	119
	75	120
	75	121
	75	122
	75	123
	75	124
	75	125
	75	126
	75	127
	75	128
	75	129
	75	130
	75	131
	75	132
	75	133
	75	134
	75	135
	75	136
	75	137
	75	138
	67	30
	67	50
	67	51
	67	52
	67	53
	67	54
	67	55
	67	56
	67	57
	67	58
	67	59
	68	31
	68	42
	68	51
	68	52
	68	53
	68	54
	68	55
	68	56
	68	57
	68	58
	68	59
	69	30
	69	31
	69	32
	69	36
	69	37
	69	41
	69	42
	69	43
	69	50
	69	51
	69	52
	69	53
	69	54
	69	55
	69	56
	69	57
	69	58
	69	59
	70	29
	70	30
	70	31
	70	32
	70	33
	70	35
	70	36
	70	37
	70	38
	70	40
	70	41
	70	42
	70	43
	70	44
	70	46
	70	49
	70	50
	70	51
	70	52
	70	53
	70	54
	70	55
	70	56
	70	57
	70	58
	70	59
	71	28
	71	29
	71	30
	71	31
	71	32
	71	33
	71	34
	71	35
	71	36
	71	37
	71	38
	71	39
	71	40
	71	41
	71	42
	71	43
	71	44
	71	45
	71	46
	71	47
	71	48
	71	49
	71	50
	71	51
	71	52
	71	53
	71	54
	71	55
	71	56
	71	57
	71	58
	71	59
	72	28
	72	29
	72	30
	72	31
	72	32
	72	33
	72	34
	72	35
	72	36
	72	37
	72	38
	72	39
	72	40
	72	41
	72	42
	72	43
	72	44
	72	45
	72	46
	72	47
	72	48
	72	49
	72	50
	72	51
	72	52
	72	53
	72	54
	72	55
	72	56
	72	57
	72	58
	72	59
	73	28
	73	29
	73	30
	73	31
	73	32
	73	33
	73	34
	73	35
	73	36
	73	37
	73	38
	73	39
	73	40
	73	41
	73	42
	73	43
	73	44
	73	45
	73	46
	73	47
	73	48
	73	49
	73	50
	73	51
	73	52
	73	53
	73	54
	73	55
	73	56
	73	57
	73	58
	73	59
	74	28
	74	29
	74	30
	74	31
	74	32
	74	33
	74	34
	74	35
	74	36
	74	37
	74	38
	74	39
	74	40
	74	41
	74	42
	74	43
	74	44
	74	45
	74	46
	74	47
	74	48
	74	49
	74	50
	74	51
	74	52
	74	53
	74	54
	74	55
	74	56
	74	57
	74	58
	74	59
	75	28
	75	29
	75	30
	75	31
	75	32
	75	33
	75	34
	75	35
	75	36
	75	37
	75	38
	75	39
	75	40
	75	41
	75	42
	75	43
	75	44
	75	45
	75	46
	75	47
	75	48
	75	49
	75	50
	75	51
	75	52
	75	53
	75	54
	75	55
	75	56
	75	57
	75	58
	75	59
	5	16
	5	17
	5	18
	5	19
	5	20
	5	21
	5	22
	5	24
	5	25
	5	26
	5	27
	5	28
	6	16
	6	17
	6	18
	6	19
	6	20
	6	21
	6	25
	6	26
	6	27
	6	28
	7	16
	7	17
	7	18
	7	20
	7	27
	9	16
	7	21
	8	21
	8	19
	12	60
	12	61
	12	63
	12	64
	12	68
	12	70
	12	72
	12	73
	12	83
	1	13
	1	14
	1	15
	1	16
	1	17
	1	18
	1	19
	1	20
	1	21
	1	22
	1	23
	1	24
	1	25
	1	26
	1	27
	1	28
	2	13
	2	14
	2	15
	2	16
	2	17
	2	18
	2	19
	2	20
	2	21
	2	22
	2	23
	2	24
	2	25
	2	26
	2	27
	2	28
	3	13
	3	14
	3	15
	3	16
	3	17
	3	18
	3	19
	3	20
	3	21
	3	22
	3	23
	3	24
	3	25
	3	26
	3	27
	3	28
	4	13
	4	14
	4	15
	4	16
	4	17
	4	18
	4	19
	4	20
	4	21
	4	22
	4	23
	4	24
	4	25
	4	26
	4	27
	4	28
	5	13
	5	14
	5	15
	6	13
	6	14
	6	15
	7	13
	7	14
	7	15
	8	13
	8	14
	8	15
	9	13
	9	14
	9	15
	10	13
	10	15
	67	26
	68	13
	68	14
	68	15
	68	16
	68	17
	68	18
	68	19
	68	20
	68	21
	68	25
	69	13
	69	14
	69	15
	69	16
	69	17
	69	18
	69	19
	69	20
	69	21
	69	22
	69	24
	69	25
	69	26
	70	13
	70	14
	70	15
	70	16
	70	17
	70	18
	70	19
	70	20
	70	21
	70	22
	70	23
	70	24
	70	25
	70	26
	70	27
	71	13
	71	14
	71	15
	71	16
	71	17
	71	18
	71	19
	71	20
	71	21
	71	22
	71	23
	71	24
	71	25
	71	26
	71	27
	72	13
	72	14
	72	15
	72	16
	72	17
	72	18
	72	19
	72	20
	72	21
	72	22
	72	23
	72	24
	72	25
	72	26
	72	27
	73	13
	73	14
	73	15
	73	16
	73	17
	73	18
	73	19
	73	20
	73	21
	73	22
	73	23
	73	24
	73	25
	73	26
	73	27
	74	13
	74	14
	74	15
	74	16
	74	17
	74	18
	74	19
	74	20
	74	21
	74	22
	74	23
	74	24
	74	25
	74	26
	74	27
	0	103
	0	104
	0	105
	0	106
	0	107
	0	108
	0	109
	0	110
	0	111
	0	112
	0	113
	0	114
	0	115
	0	116
	0	117
	0	118
	0	119
	0	120
	0	121
	0	122
	0	123
	0	124
	0	125
	0	126
	0	127
	0	128
	0	129
	0	130
	0	131
	0	132
	0	133
	0	134
	0	135
	0	136
	0	137
	0	138
	0	139
	1	107
	1	108
	1	109
	1	110
	1	111
	1	112
	1	113
	1	114
	1	115
	1	116
	1	117
	1	118
	1	119
	1	120
	1	121
	1	122
	1	123
	1	124
	1	125
	1	126
	1	127
	1	128
	1	129
	1	130
	1	131
	1	132
	1	133
	1	134
	1	135
	1	136
	1	137
	1	138
	1	139
	2	107
	2	108
	2	109
	2	110
	2	111
	2	112
	2	113
	2	114
	2	115
	2	116
	2	117
	2	118
	2	119
	2	120
	2	121
	2	122
	2	123
	2	124
	2	125
	2	126
	2	127
	2	128
	2	129
	2	130
	2	131
	2	132
	2	133
	2	134
	2	135
	2	136
	2	137
	2	138
	2	139
	3	107
	3	108
	3	109
	3	110
	3	111
	3	112
	3	113
	3	114
	3	115
	3	116
	3	117
	3	118
	3	119
	3	120
	3	121
	3	122
	3	123
	3	124
	3	125
	3	126
	3	127
	3	128
	3	129
	3	130
	3	131
	3	132
	3	133
	3	134
	3	135
	3	136
	3	137
	3	138
	3	139
	4	107
	4	108
	4	109
	4	110
	4	111
	4	112
	4	113
	4	114
	4	115
	4	116
	4	117
	4	118
	4	119
	4	120
	4	121
	4	122
	4	123
	4	124
	4	125
	4	126
	4	127
	4	128
	4	129
	4	130
	4	131
	4	132
	4	133
	4	134
	4	135
	4	136
	4	137
	4	138
	4	139
	5	110
	5	111
	5	115
	5	119
	5	120
	5	124
	5	128
	5	132
	5	133
	6	110
	6	111
	6	128
	6	133
	1	140
	1	141
	1	142
	1	143
	1	144
	1	145
	1	146
	1	147
	1	148
	1	149
	1	150
	1	151
	1	152
	1	153
	1	154
	1	155
	1	156
	1	157
	1	158
	1	159
	1	160
	1	161
	1	162
	1	163
	1	164
	1	165
	1	166
	1	167
	2	140
	2	141
	2	142
	2	143
	2	144
	2	145
	2	146
	2	147
	2	148
	2	149
	2	150
	2	151
	2	152
	2	153
	2	154
	2	155
	2	156
	2	157
	2	158
	2	159
	2	160
	2	161
	2	162
	2	163
	2	164
	2	165
	2	166
	2	167
	3	140
	3	141
	3	142
	3	143
	3	144
	3	145
	3	146
	3	147
	3	148
	3	149
	3	150
	3	151
	3	152
	3	153
	3	154
	3	155
	3	156
	3	157
	3	158
	3	159
	3	160
	3	161
	3	162
	3	163
	3	164
	3	165
	3	166
	3	167
	4	140
	4	141
	4	142
	4	143
	4	144
	4	145
	4	146
	4	147
	4	148
	4	149
	4	150
	4	151
	4	152
	4	153
	4	154
	4	155
	4	156
	4	157
	4	158
	4	159
	4	160
	4	161
	4	162
	4	163
	4	164
	4	165
	4	166
	4	167
	5	143
	5	144
	5	145
	5	146
	5	147
	5	148
	5	149
	5	150
	5	151
	5	152
	5	153
	5	154
	5	155
	5	156
	5	157
	5	158
	5	159
	5	160
	5	161
	5	162
	5	163
	5	164
	5	165
	5	166
	5	167
	6	143
	6	144
	6	145
	6	146
	6	147
	6	148
	6	149
	6	150
	6	151
	6	152
	6	153
	6	154
	6	155
	6	156
	6	157
	6	158
	6	159
	6	160
	6	161
	6	162
	6	163
	6	164
	6	165
	6	166
	6	167
	7	144
	7	145
	7	146
	7	147
	7	148
	7	149
	7	150
	7	151
	7	152
	7	153
	7	154
	7	155
	7	156
	7	157
	7	158
	7	159
	7	160
	7	161
	7	162
	7	163
	7	164
	7	165
	7	166
	7	167
	8	145
	8	146
	8	147
	8	148
	8	149
	8	150
	8	151
	8	152
	8	153
	8	154
	8	155
	8	156
	8	157
	8	158
	8	159
	8	160
	8	161
	8	162
	8	163
	8	164
	8	165
	8	166
	9	146
	9	147
	9	148
	9	149
	9	150
	9	151
	9	152
	9	153
	9	154
	9	155
	9	156
	9	157
	9	158
	9	159
	9	160
	9	161
	9	162
	9	163
	9	164
	9	165
	9	166
	10	147
	10	148
	10	149
	10	150
	10	151
	10	152
	10	153
	10	154
	10	155
	10	156
	10	157
	10	158
	10	159
	10	160
	10	161
	10	162
	10	163
	10	164
	10	165
	10	166
	11	147
	11	148
	11	149
	11	150
	11	151
	11	152
	11	153
	11	154
	11	155
	11	156
	11	157
	11	158
	11	159
	11	160
	11	161
	11	162
	11	163
	11	164
	11	165
	11	166
	12	147
	12	148
	12	149
	12	150
	12	151
	12	152
	12	153
	12	154
	12	155
	12	156
	12	157
	12	158
	12	159
	12	160
	12	161
	12	162
	12	163
	12	164
	12	165
	12	166
	13	147
	13	148
	13	149
	13	150
	13	151
	13	152
	13	153
	13	154
	13	155
	13	156
	13	157
	13	158
	13	159
	13	160
	13	161
	13	162
	13	163
	13	164
	13	165
	13	166
	14	147
	14	148
	14	149
	14	150
	14	151
	14	152
	14	153
	14	154
	14	155
	14	156
	14	157
	14	158
	14	159
	14	160
	14	161
	14	162
	14	163
	14	164
	14	165
	14	166
	15	143
	15	147
	15	148
	15	149
	15	150
	15	151
	15	152
	15	153
	15	154
	15	155
	15	156
	15	157
	15	158
	15	159
	15	160
	15	161
	15	162
	15	163
	15	164
	15	165
	16	143
	16	144
	16	145
	16	146
	16	147
	16	148
	16	149
	16	150
	16	151
	16	152
	16	153
	16	154
	16	155
	16	156
	16	157
	16	158
	16	159
	16	160
	16	161
	16	162
	16	163
	16	164
	16	165
	17	144
	17	145
	17	146
	17	147
	17	148
	17	149
	17	150
	17	151
	17	152
	17	153
	17	154
	17	155
	17	156
	17	157
	17	158
	17	159
	17	160
	17	161
	17	162
	17	163
	17	164
	17	165
	18	145
	18	146
	18	147
	18	148
	18	149
	18	150
	18	151
	18	152
	18	153
	18	154
	18	155
	18	156
	18	157
	18	158
	18	159
	18	160
	18	161
	18	162
	18	163
	18	164
	18	165
	19	144
	19	145
	19	146
	19	147
	19	148
	19	149
	19	150
	19	151
	19	152
	19	153
	19	154
	19	155
	19	156
	19	157
	19	158
	19	159
	19	160
	19	161
	19	162
	19	163
	19	164
	19	165
	20	147
	20	148
	20	149
	20	150
	20	151
	20	152
	20	153
	20	154
	20	155
	20	156
	20	157
	20	158
	20	159
	20	160
	20	161
	20	162
	20	163
	20	164
	20	165
	21	147
	21	148
	21	149
	21	150
	21	151
	21	152
	21	153
	21	154
	21	155
	21	156
	21	157
	21	158
	21	159
	21	160
	21	161
	21	162
	21	163
	21	164
	21	165
	22	147
	22	148
	22	149
	22	150
	22	151
	22	152
	22	153
	22	154
	22	155
	22	156
	22	157
	22	158
	22	159
	22	160
	22	161
	22	162
	22	163
	22	164
	22	165
	23	144
	23	145
	23	146
	23	147
	23	148
	23	149
	23	150
	23	151
	23	152
	23	153
	23	154
	23	155
	23	156
	23	157
	23	158
	23	159
	23	160
	23	161
	23	162
	23	163
	23	164
	23	165
	24	145
	24	146
	24	147
	24	148
	24	149
	24	150
	24	151
	24	152
	24	153
	24	154
	24	155
	24	156
	24	157
	24	158
	24	159
	24	160
	24	161
	24	162
	24	163
	24	164
	24	165
	25	146
	25	147
	25	148
	25	149
	25	150
	25	151
	25	152
	25	153
	25	154
	25	155
	25	156
	25	157
	25	158
	25	159
	25	160
	25	161
	25	162
	25	163
	25	164
	25	165
	26	145
	26	146
	26	147
	26	148
	26	149
	26	150
	26	151
	26	152
	26	153
	26	154
	26	155
	26	156
	26	157
	26	158
	26	159
	26	160
	26	161
	26	162
	26	163
	26	164
	27	144
	27	145
	27	146
	27	147
	27	148
	27	149
	27	150
	27	151
	27	152
	27	153
	27	154
	27	155
	27	156
	27	157
	27	158
	27	159
	27	160
	27	161
	27	162
	27	163
	27	164
	28	144
	28	145
	28	146
	28	147
	28	148
	28	149
	28	150
	28	151
	28	152
	28	153
	28	154
	28	155
	28	156
	28	157
	28	158
	28	159
	28	160
	28	161
	28	162
	28	163
	28	164
	29	144
	29	145
	29	146
	29	147
	29	148
	29	149
	29	150
	29	151
	29	152
	29	153
	29	154
	29	155
	29	156
	29	157
	29	158
	29	159
	29	160
	29	161
	29	162
	29	163
	29	164
	30	147
	30	148
	30	149
	30	150
	30	151
	30	152
	30	153
	30	154
	30	155
	30	156
	30	157
	30	158
	30	159
	30	160
	30	161
	30	162
	30	163
	30	164
	31	147
	31	148
	31	149
	31	150
	31	151
	31	152
	31	153
	31	154
	31	155
	31	156
	31	157
	31	158
	31	159
	31	160
	31	161
	31	162
	31	163
	31	164
	32	147
	32	148
	32	149
	32	150
	32	151
	32	152
	32	153
	32	154
	32	155
	32	156
	32	157
	32	158
	32	159
	32	160
	32	161
	32	162
	32	163
	32	164
	33	145
	33	146
	33	147
	33	148
	33	149
	33	150
	33	151
	33	152
	33	153
	33	154
	33	155
	33	156
	33	157
	33	158
	33	159
	33	160
	33	161
	33	162
	33	163
	33	164
	34	144
	34	145
	34	146
	34	147
	34	148
	34	149
	34	150
	34	151
	34	152
	34	153
	34	154
	34	155
	34	156
	34	157
	34	158
	34	159
	34	160
	34	161
	34	162
	34	163
	34	164
	35	146
	35	147
	35	148
	35	149
	35	150
	35	151
	35	152
	35	153
	35	154
	35	155
	35	156
	35	157
	35	158
	35	159
	35	160
	35	161
	35	162
	35	163
	35	164
	35	165
	36	147
	36	148
	36	149
	36	150
	36	151
	36	152
	36	153
	36	154
	36	155
	36	156
	36	157
	36	158
	36	159
	36	160
	36	161
	36	162
	36	163
	36	164
	37	147
	37	148
	37	149
	37	150
	37	151
	37	152
	37	153
	37	154
	37	155
	37	156
	37	157
	37	158
	37	159
	37	160
	37	161
	37	162
	37	163
	37	164
	38	143
	38	147
	38	148
	38	149
	38	150
	38	151
	38	152
	38	153
	38	154
	38	155
	38	156
	38	157
	38	158
	38	159
	38	160
	38	161
	38	162
	38	163
	38	164
	39	143
	39	144
	39	145
	39	146
	39	147
	39	148
	39	149
	39	150
	39	151
	39	152
	39	153
	39	154
	39	155
	39	156
	39	157
	39	158
	39	159
	39	160
	39	161
	39	162
	39	163
	40	146
	40	147
	40	148
	40	149
	40	150
	40	151
	40	152
	40	153
	40	154
	40	155
	40	156
	40	157
	40	158
	40	159
	40	160
	40	161
	40	162
	40	163
	41	146
	41	147
	41	148
	41	149
	41	150
	41	151
	41	152
	41	153
	41	154
	41	155
	41	156
	41	157
	41	158
	41	159
	41	160
	41	161
	41	162
	41	163
	42	146
	42	147
	42	148
	42	149
	42	150
	42	151
	42	152
	42	153
	42	154
	42	155
	42	156
	42	157
	42	158
	42	159
	42	160
	42	161
	42	162
	42	163
	43	146
	43	147
	43	148
	43	149
	43	150
	43	151
	43	152
	43	153
	43	154
	43	155
	43	156
	43	157
	43	158
	43	159
	43	160
	43	161
	43	162
	43	163
	44	146
	44	147
	44	148
	44	149
	44	150
	44	151
	44	152
	44	153
	44	154
	44	155
	44	156
	44	157
	44	158
	44	159
	44	160
	44	161
	44	162
	45	146
	45	147
	45	148
	45	149
	45	150
	45	151
	45	152
	45	153
	45	154
	45	155
	45	156
	45	157
	45	158
	45	159
	45	160
	45	161
	45	162
	46	143
	46	144
	46	145
	46	146
	46	147
	46	148
	46	149
	46	150
	46	151
	46	152
	46	153
	46	154
	46	155
	46	156
	46	157
	46	158
	46	159
	46	160
	46	161
	46	162
	47	144
	47	145
	47	146
	47	147
	47	148
	47	149
	47	150
	47	151
	47	152
	47	153
	47	154
	47	155
	47	156
	47	157
	47	158
	47	159
	47	160
	47	161
	47	162
	48	145
	48	146
	48	147
	48	148
	48	149
	48	150
	48	151
	48	152
	48	153
	48	154
	48	155
	48	156
	48	157
	48	158
	48	159
	48	160
	48	161
	48	162
	49	145
	49	146
	49	147
	49	148
	49	149
	49	150
	49	151
	49	152
	49	153
	49	154
	49	155
	49	156
	49	157
	49	158
	49	159
	49	160
	49	161
	49	162
	50	146
	50	147
	50	148
	50	149
	50	150
	50	151
	50	152
	50	153
	50	154
	50	155
	50	156
	50	157
	50	158
	50	159
	50	160
	50	161
	50	162
	51	146
	51	147
	51	148
	51	149
	51	150
	51	151
	51	152
	51	153
	51	154
	51	155
	51	156
	51	157
	51	158
	51	159
	51	160
	51	161
	51	162
	52	146
	52	147
	52	148
	52	149
	52	150
	52	151
	52	152
	52	153
	52	154
	52	155
	52	156
	52	157
	52	158
	52	159
	52	160
	52	161
	52	162
	53	144
	53	145
	53	146
	53	147
	53	148
	53	149
	53	150
	53	151
	53	152
	53	153
	53	154
	53	155
	53	156
	53	157
	53	158
	53	159
	53	160
	53	161
	53	162
	54	144
	54	145
	54	146
	54	147
	54	148
	54	149
	54	150
	54	151
	54	152
	54	153
	54	154
	54	155
	54	156
	54	157
	54	158
	54	159
	54	160
	54	161
	54	162
	54	167
	55	146
	55	147
	55	148
	55	149
	55	150
	55	151
	55	152
	55	153
	55	154
	55	155
	55	156
	55	157
	55	158
	55	159
	55	160
	55	161
	55	162
	55	167
	56	146
	56	147
	56	148
	56	149
	56	150
	56	151
	56	152
	56	153
	56	154
	56	155
	56	156
	56	157
	56	158
	56	159
	56	160
	56	161
	56	162
	56	167
	57	146
	57	147
	57	148
	57	149
	57	150
	57	151
	57	152
	57	153
	57	154
	57	155
	57	156
	57	157
	57	158
	57	159
	57	160
	57	161
	57	162
	57	167
	58	146
	58	147
	58	148
	58	149
	58	150
	58	151
	58	152
	58	153
	58	154
	58	155
	58	156
	58	157
	58	158
	58	159
	58	160
	58	161
	58	162
	58	167
	59	146
	59	147
	59	148
	59	149
	59	150
	59	151
	59	152
	59	153
	59	154
	59	155
	59	156
	59	157
	59	158
	59	159
	59	160
	59	161
	59	162
	59	167
	60	143
	60	144
	60	145
	60	146
	60	147
	60	148
	60	149
	60	150
	60	151
	60	152
	60	153
	60	154
	60	155
	60	156
	60	157
	60	158
	60	159
	60	160
	60	161
	60	162
	60	167
	61	143
	61	144
	61	145
	61	146
	61	147
	61	148
	61	149
	61	150
	61	151
	61	152
	61	153
	61	154
	61	155
	61	156
	61	157
	61	158
	61	159
	61	160
	61	161
	61	162
	61	167
	62	142
	62	143
	62	144
	62	145
	62	146
	62	147
	62	148
	62	149
	62	150
	62	151
	62	152
	62	153
	62	154
	62	155
	62	156
	62	157
	62	158
	62	159
	62	160
	62	161
	62	162
	62	167
	63	143
	63	144
	63	145
	63	146
	63	147
	63	148
	63	149
	63	150
	63	151
	63	152
	63	153
	63	154
	63	155
	63	156
	63	157
	63	158
	63	159
	63	160
	63	161
	63	162
	63	167
	64	142
	64	143
	64	144
	64	145
	64	146
	64	147
	64	148
	64	149
	64	150
	64	151
	64	152
	64	153
	64	154
	64	155
	64	156
	64	157
	64	158
	64	159
	64	160
	64	161
	64	162
	64	167
	65	142
	65	143
	65	144
	65	145
	65	146
	65	147
	65	148
	65	149
	65	150
	65	151
	65	152
	65	153
	65	154
	65	155
	65	156
	65	157
	65	158
	65	159
	65	160
	65	161
	65	162
	65	167
	66	143
	66	144
	66	145
	66	146
	66	147
	66	148
	66	149
	66	150
	66	151
	66	152
	66	153
	66	154
	66	155
	66	156
	66	157
	66	158
	66	159
	66	160
	66	161
	66	162
	66	163
	66	167
	67	142
	67	143
	67	144
	67	145
	67	146
	67	147
	67	148
	67	149
	67	150
	67	151
	67	152
	67	153
	67	154
	67	155
	67	156
	67	157
	67	158
	67	159
	67	160
	67	161
	67	162
	67	163
	67	167
	68	141
	68	142
	68	143
	68	144
	68	145
	68	146
	68	147
	68	148
	68	149
	68	150
	68	151
	68	152
	68	153
	68	154
	68	155
	68	156
	68	157
	68	158
	68	159
	68	160
	68	161
	68	162
	68	163
	68	167
	69	140
	69	141
	69	142
	69	143
	69	144
	69	145
	69	146
	69	147
	69	148
	69	149
	69	150
	69	151
	69	152
	69	153
	69	154
	69	155
	69	156
	69	157
	69	158
	69	159
	69	160
	69	161
	69	162
	69	163
	69	167
	70	140
	70	141
	70	142
	70	143
	70	144
	70	145
	70	146
	70	147
	70	148
	70	149
	70	150
	70	151
	70	152
	70	153
	70	154
	70	155
	70	156
	70	157
	70	158
	70	159
	70	160
	70	161
	70	162
	70	163
	70	167
	71	140
	71	141
	71	142
	71	143
	71	144
	71	145
	71	146
	71	147
	71	148
	71	149
	71	150
	71	151
	71	152
	71	153
	71	154
	71	155
	71	156
	71	157
	71	158
	71	159
	71	160
	71	161
	71	162
	71	163
	71	167
	72	140
	72	141
	72	142
	72	143
	72	144
	72	145
	72	146
	72	147
	72	148
	72	149
	72	150
	72	151
	72	152
	72	153
	72	154
	72	155
	72	156
	72	157
	72	158
	72	159
	72	160
	72	161
	72	162
	72	163
	72	167
	73	140
	73	141
	73	142
	73	143
	73	144
	73	145
	73	146
	73	147
	73	148
	73	149
	73	150
	73	151
	73	152
	73	153
	73	154
	73	155
	73	156
	73	157
	73	158
	73	159
	73	160
	73	161
	73	162
	73	163
	73	167
	74	140
	74	141
	74	142
	74	143
	74	144
	74	145
	74	146
	74	147
	74	148
	74	149
	74	150
	74	151
	74	152
	74	153
	74	154
	74	155
	74	156
	74	157
	74	158
	74	159
	74	160
	74	161
	74	162
	74	163
	74	167
	75	140
	75	141
	75	142
	75	143
	75	144
	75	145
	75	146
	75	147
	75	148
	75	149
	75	150
	75	151
	75	152
	75	153
	75	154
	75	155
	75	156
	75	157
	75	158
	75	159
	75	160
	75	161
	75	162
	75	163
	75	167
	76	140
	76	141
	76	142
	76	143
	76	144
	76	145
	76	146
	76	147
	76	148
	76	149
	76	150
	76	151
	76	152
	76	153
	76	154
	76	155
	76	156
	76	157
	76	158
	76	159
	76	160
	76	161
	76	162
	76	163
	76	164
	76	165
	76	166
	76	167
	49	168
	49	169
	50	168
	50	169
	51	168
	51	169
	51	170
	51	171
	52	168
	52	169
	52	170
	52	171
	52	172
	52	173
	53	168
	53	169
	53	170
	53	171
	53	172
	53	173
	53	174
	53	175
	54	168
	54	169
	54	170
	54	171
	54	172
	54	173
	54	174
	54	175
	55	168
	55	169
	55	170
	55	171
	55	172
	55	173
	55	174
	55	175
	56	168
	56	169
	56	170
	56	171
	56	172
	56	173
	56	174
	56	175
	57	168
	57	169
	57	170
	57	171
	57	172
	57	173
	57	174
	57	175
	58	168
	58	169
	58	170
	58	171
	58	172
	58	173
	58	174
	58	175
	59	168
	59	169
	59	170
	59	171
	59	172
	59	173
	59	174
	59	175
	60	168
	60	169
	60	170
	60	171
	60	172
	60	173
	60	174
	60	175
	61	168
	61	169
	61	170
	61	171
	61	172
	61	173
	61	174
	61	175
	62	168
	62	169
	62	170
	62	171
	62	172
	62	173
	62	174
	62	175
	63	168
	63	169
	63	170
	63	171
	63	172
	63	173
	63	174
	63	175
	64	168
	64	169
	64	170
	64	171
	64	172
	64	173
	64	174
	64	175
	65	168
	65	169
	65	170
	65	171
	65	172
	65	173
	65	174
	65	175
	66	168
	66	169
	66	170
	66	171
	66	172
	66	173
	66	174
	66	175
	67	168
	67	169
	67	170
	67	171
	67	172
	67	173
	67	174
	67	175
	68	168
	68	169
	68	170
	68	171
	68	172
	68	173
	68	174
	68	175
	69	168
	69	169
	69	170
	69	171
	69	172
	69	173
	69	174
	69	175
	70	168
	70	169
	70	170
	70	171
	70	172
	70	173
	70	174
	70	175
	71	168
	71	169
	71	170
	71	171
	71	172
	71	173
	71	174
	71	175
	72	168
	72	169
	72	170
	72	171
	72	172
	72	173
	72	174
	72	175
	73	168
	73	169
	73	170
	73	171
	73	172
	73	173
	73	174
	73	175
	74	168
	74	169
	74	170
	74	171
	74	172
	74	173
	74	174
	74	175
	75	168
	75	169
	75	170
	75	171
	75	172
	75	173
	75	174
	75	175
	76	168
	76	169
	76	170
	76	171
	76	172
	76	173
	76	174
	76	175
	77	161
	77	162
	77	163
	77	164
	77	165
	77	166
	77	167
	77	168
	77	169
	77	170
	77	171
	77	172
	77	173
	77	174
	77	175
	78	161
	78	162
	78	163
	78	164
	78	165
	78	166
	78	167
	78	168
	78	169
	78	170
	78	171
	78	172
	78	173
	78	174
	78	175
	79	161
	79	162
	79	163
	79	164
	79	165
	79	166
	79	167
	79	168
	79	169
	79	170
	79	171
	79	172
	79	173
	79	174
	79	175
	80	161
	80	162
	80	163
	80	164
	80	165
	80	166
	80	167
	80	168
	80	169
	80	170
	80	171
	80	172
	80	173
	80	174
	80	175
	81	161
	81	162
	81	163
	81	164
	81	165
	81	166
	81	167
	81	168
	81	169
	81	170
	81	171
	81	172
	81	173
	91	166
	100	166
	82	161
	82	162
	82	163
	82	164
	82	165
	82	166
	82	167
	82	168
	82	169
	82	170
	82	171
	82	172
	93	166
	94	165
	99	166
	83	161
	83	162
	83	163
	83	164
	83	165
	83	166
	83	167
	83	168
	83	169
	83	170
	83	171
	83	172
	106	165
	106	164
	105	166
	84	161
	84	162
	84	163
	84	164
	84	165
	84	166
	84	167
	84	168
	84	169
	84	170
	84	171
	84	172
	106	166
	107	166
	86	172
	85	161
	85	162
	85	163
	85	164
	85	165
	85	166
	85	167
	85	168
	85	169
	85	170
	85	171
	85	172
	105	164
	107	165
	87	171
	86	161
	86	162
	86	163
	86	164
	86	165
	86	166
	86	167
	86	168
	86	169
	86	170
	86	171
	113	165
	115	166
	114	165
	87	161
	87	162
	87	163
	87	164
	87	165
	87	166
	87	167
	87	168
	87	169
	108	165
	110	165
	114	166
	88	172
	88	161
	88	162
	88	163
	88	164
	88	165
	88	166
	88	167
	88	168
	88	169
	109	165
	109	166
	113	166
	87	172
	35	210
	35	211
	35	212
	35	213
	35	214
	35	215
	35	216
	35	217
	35	218
	35	219
	35	220
	35	221
	35	222
	35	223
	35	224
	36	210
	36	211
	36	212
	36	213
	36	214
	36	215
	36	216
	36	217
	36	218
	36	219
	36	220
	36	221
	36	222
	36	223
	36	224
	37	210
	37	211
	37	212
	37	213
	37	214
	37	215
	37	216
	37	217
	37	218
	37	219
	37	220
	37	221
	37	222
	37	223
	37	224
	38	210
	38	211
	38	212
	38	213
	38	214
	38	215
	38	216
	38	217
	38	218
	38	219
	38	220
	38	221
	38	222
	38	223
	38	224
	39	210
	39	211
	39	212
	39	213
	39	214
	39	215
	39	216
	39	217
	39	218
	39	219
	39	220
	39	221
	39	222
	39	223
	39	224
	40	212
	40	213
	40	214
	40	215
	40	216
	40	217
	40	218
	40	219
	40	220
	40	221
	40	222
	40	223
	40	224
	41	212
	41	213
	41	214
	41	215
	41	216
	41	217
	41	218
	41	219
	41	220
	41	221
	41	222
	41	223
	41	224
	42	212
	42	213
	42	214
	42	215
	42	216
	42	217
	42	218
	42	219
	42	220
	42	221
	42	222
	42	223
	42	224
	43	212
	43	213
	43	214
	43	215
	43	216
	43	217
	43	218
	43	219
	43	220
	43	221
	43	222
	43	223
	43	224
	44	212
	44	213
	44	214
	44	215
	44	216
	44	217
	44	218
	44	219
	44	220
	44	221
	44	222
	44	223
	44	224
	45	212
	45	213
	45	214
	45	215
	45	216
	45	217
	45	218
	45	219
	45	220
	45	221
	45	222
	45	223
	45	224
	46	212
	46	213
	46	214
	46	215
	46	216
	46	217
	46	218
	46	219
	46	220
	46	221
	46	222
	46	223
	46	224
	47	212
	47	213
	47	214
	47	215
	47	216
	47	217
	47	218
	47	219
	47	220
	47	221
	47	222
	47	223
	47	224
	48	212
	48	213
	48	214
	48	215
	48	216
	48	217
	48	218
	48	219
	48	220
	48	221
	48	222
	48	223
	48	224
	49	212
	49	213
	49	214
	49	215
	49	216
	49	217
	49	218
	49	219
	49	220
	49	221
	49	222
	49	223
	49	224
	50	212
	50	213
	50	214
	50	215
	50	216
	50	217
	50	218
	50	219
	50	220
	50	221
	50	222
	50	223
	50	224
	51	212
	51	213
	51	214
	51	215
	51	216
	51	217
	51	218
	51	219
	51	220
	51	221
	51	222
	51	223
	51	224
	52	212
	52	213
	52	214
	52	215
	52	216
	52	217
	52	218
	52	219
	52	220
	52	221
	52	222
	52	223
	52	224
	53	212
	53	213
	53	214
	53	215
	53	216
	53	217
	53	218
	53	219
	53	220
	53	221
	53	222
	53	223
	53	224
	54	212
	54	213
	54	214
	54	215
	54	216
	54	217
	54	218
	54	219
	54	220
	54	221
	54	222
	54	223
	54	224
	55	212
	55	213
	55	214
	55	215
	55	216
	55	217
	55	218
	55	219
	55	220
	55	221
	55	222
	55	223
	55	224
	56	213
	56	214
	56	215
	56	216
	56	217
	56	218
	56	219
	56	220
	56	221
	56	222
	56	223
	56	224
	57	213
	57	214
	57	215
	57	216
	57	217
	57	218
	57	219
	57	220
	57	221
	57	222
	57	223
	57	224
	58	213
	58	214
	58	215
	58	216
	58	217
	58	218
	58	219
	58	220
	58	221
	58	222
	58	223
	58	224
	59	213
	59	214
	59	215
	59	216
	59	217
	59	218
	59	219
	59	220
	59	221
	59	222
	59	223
	59	224
	60	213
	60	214
	60	215
	60	216
	60	217
	60	218
	60	219
	60	220
	60	221
	60	222
	60	223
	60	224
	61	213
	61	214
	61	215
	61	216
	61	217
	61	218
	61	219
	61	220
	61	221
	61	222
	61	223
	61	224
	62	213
	62	214
	62	215
	62	216
	62	217
	62	218
	62	219
	62	220
	62	221
	62	222
	62	223
	62	224
	63	213
	63	214
	63	215
	63	216
	63	217
	63	218
	63	219
	63	220
	63	221
	63	222
	63	223
	63	224
	64	213
	64	214
	64	215
	64	216
	64	217
	64	218
	64	219
	64	220
	64	221
	64	222
	64	223
	64	224
	65	213
	65	214
	65	215
	65	216
	65	217
	65	218
	65	219
	65	220
	65	221
	65	222
	65	223
	65	224
	66	213
	66	214
	66	215
	66	216
	66	217
	66	218
	66	219
	66	220
	66	221
	66	222
	66	223
	66	224
	67	213
	67	214
	67	215
	67	216
	67	217
	67	218
	67	219
	67	220
	67	221
	67	222
	67	223
	67	224
	68	213
	68	214
	68	215
	68	216
	68	217
	68	218
	68	219
	68	220
	68	221
	68	222
	68	223
	68	224
	69	213
	69	214
	69	215
	69	216
	69	217
	69	218
	69	219
	69	220
	69	221
	69	222
	69	223
	69	224
	70	213
	70	214
	70	215
	70	216
	70	217
	70	218
	70	219
	70	220
	70	221
	70	222
	70	223
	70	224
	71	213
	71	214
	71	215
	71	216
	71	217
	71	218
	71	219
	71	220
	71	221
	71	222
	71	223
	71	224
	72	213
	72	214
	72	215
	72	216
	72	217
	72	218
	72	219
	72	220
	72	221
	72	222
	72	223
	72	224
	73	213
	73	214
	73	215
	73	216
	73	217
	73	218
	73	219
	73	220
	73	221
	73	222
	73	223
	73	224
	74	213
	74	214
	74	215
	74	216
	74	217
	74	218
	74	219
	74	220
	74	221
	74	222
	74	223
	74	224
	75	213
	75	214
	75	215
	75	216
	75	217
	75	218
	75	219
	75	220
	75	221
	75	222
	75	223
	75	224
	76	213
	76	214
	76	215
	76	216
	76	217
	76	218
	76	219
	76	220
	76	221
	76	222
	76	223
	76	224
	77	213
	77	214
	77	215
	77	216
	77	217
	77	218
	77	219
	77	220
	77	221
	77	222
	77	223
	77	224
	78	213
	78	214
	78	215
	78	216
	78	217
	78	218
	78	219
	78	220
	78	221
	78	222
	78	223
	78	224
	79	213
	79	214
	79	215
	79	216
	79	217
	79	218
	79	219
	79	220
	79	221
	79	222
	79	223
	79	224
	80	213
	80	214
	80	215
	80	216
	80	217
	80	218
	80	219
	80	220
	80	221
	80	222
	80	223
	80	224
	81	213
	81	214
	81	215
	81	216
	81	217
	81	218
	81	219
	81	220
	81	221
	81	222
	81	223
	81	224
	82	213
	82	214
	82	215
	82	216
	82	217
	82	218
	82	219
	82	220
	82	221
	82	222
	82	223
	82	224
	83	213
	83	214
	83	215
	83	216
	83	217
	83	218
	83	219
	83	220
	83	221
	83	222
	83	223
	83	224
	84	213
	84	214
	84	215
	84	216
	84	217
	84	218
	84	219
	84	220
	84	221
	84	222
	84	223
	84	224
	85	213
	85	214
	85	215
	85	216
	85	217
	85	218
	85	219
	85	220
	85	221
	85	222
	85	223
	85	224
	86	213
	86	214
	86	215
	86	216
	86	217
	86	218
	86	219
	86	220
	86	221
	86	222
	86	223
	86	224
	87	213
	87	214
	87	215
	87	216
	87	217
	87	218
	87	219
	87	220
	87	221
	87	222
	87	223
	87	224
	88	213
	88	214
	88	215
	88	216
	88	217
	88	218
	88	219
	88	220
	88	221
	88	222
	88	223
	88	224
	89	213
	89	214
	89	215
	89	216
	89	217
	89	218
	89	219
	89	220
	89	221
	89	222
	89	223
	89	224
	90	213
	90	214
	90	215
	90	216
	90	217
	90	218
	90	219
	90	220
	90	221
	90	222
	90	223
	90	224
	91	213
	91	214
	91	215
	91	216
	91	217
	91	218
	91	219
	91	220
	91	221
	91	222
	91	223
	91	224
	92	213
	92	214
	92	215
	92	216
	92	217
	92	218
	92	219
	92	220
	92	221
	92	222
	92	223
	92	224
	93	213
	93	214
	93	215
	93	216
	93	217
	93	218
	93	219
	93	220
	93	221
	93	222
	93	223
	93	224
	94	213
	94	214
	94	215
	94	216
	94	217
	94	218
	94	219
	94	220
	94	221
	94	222
	94	223
	94	224
	95	213
	95	214
	95	215
	95	216
	95	217
	95	218
	95	219
	95	220
	95	221
	95	222
	95	223
	95	224
	96	213
	96	214
	96	215
	96	216
	96	217
	96	218
	96	219
	96	220
	96	221
	96	222
	96	223
	96	224
	97	213
	97	214
	97	215
	97	216
	97	217
	97	218
	97	219
	97	220
	97	221
	97	222
	97	223
	97	224
	98	212
	98	213
	98	214
	98	215
	98	216
	98	217
	98	218
	98	219
	98	220
	98	221
	98	222
	98	223
	98	224
	99	212
	99	213
	99	214
	99	215
	99	216
	99	217
	99	218
	99	219
	99	220
	99	221
	99	222
	99	223
	99	224
	100	212
	100	213
	100	214
	100	215
	100	216
	100	217
	100	218
	100	219
	100	220
	100	221
	100	222
	100	223
	100	224
	101	212
	101	213
	101	214
	101	215
	101	216
	101	217
	101	218
	101	219
	101	220
	101	221
	101	222
	101	223
	101	224
	102	213
	102	214
	102	215
	102	216
	102	217
	102	218
	102	219
	102	220
	102	221
	102	222
	102	223
	102	224
	103	213
	103	214
	103	215
	103	216
	103	217
	103	218
	103	219
	103	220
	103	221
	103	222
	103	223
	103	224
	104	213
	104	214
	104	215
	104	216
	104	217
	104	218
	104	219
	104	220
	104	221
	104	222
	104	223
	104	224
	105	213
	105	214
	105	215
	105	216
	105	217
	105	218
	105	219
	105	220
	105	221
	105	222
	105	223
	105	224
	106	213
	106	214
	106	215
	106	216
	106	217
	106	218
	106	219
	106	220
	106	221
	106	222
	106	223
	106	224
	107	213
	107	214
	107	215
	107	216
	107	217
	107	218
	107	219
	107	220
	107	221
	107	222
	107	223
	107	224
	108	213
	108	214
	108	215
	108	216
	108	217
	108	218
	108	219
	108	220
	108	221
	108	222
	108	223
	108	224
	109	213
	109	214
	109	215
	109	216
	109	217
	109	218
	109	219
	109	220
	109	221
	109	222
	109	223
	109	224
	110	213
	110	214
	110	215
	110	216
	110	217
	110	218
	110	219
	110	220
	110	221
	110	222
	110	223
	110	224
	111	213
	111	214
	111	215
	111	216
	111	217
	111	218
	111	219
	111	220
	111	221
	111	222
	111	223
	111	224
	112	213
	112	214
	112	215
	112	216
	112	217
	112	218
	112	219
	112	220
	112	221
	112	222
	112	223
	112	224
	113	213
	113	214
	113	215
	113	216
	113	217
	113	218
	113	219
	113	220
	113	221
	113	222
	113	223
	113	224
	114	213
	114	214
	114	215
	114	216
	114	217
	114	218
	114	219
	114	220
	114	221
	114	222
	114	223
	114	224
	115	212
	115	213
	115	214
	115	215
	115	216
	115	217
	115	218
	115	219
	115	220
	115	221
	115	222
	115	223
	115	224
	116	212
	116	213
	116	214
	116	215
	116	216
	116	217
	116	218
	116	219
	116	220
	116	221
	116	222
	116	223
	116	224
	117	212
	117	213
	117	214
	117	215
	117	216
	117	217
	117	218
	117	219
	117	220
	117	221
	117	222
	117	223
	117	224
	118	212
	118	213
	118	214
	118	215
	118	216
	118	217
	118	218
	118	219
	118	220
	118	221
	118	222
	118	223
	118	224
	119	212
	119	213
	119	214
	119	215
	119	216
	119	217
	119	218
	119	219
	119	220
	119	221
	119	222
	119	223
	119	224
	120	212
	120	213
	120	214
	120	215
	120	216
	120	217
	120	218
	120	219
	120	220
	120	221
	120	222
	120	223
	120	224
	121	212
	121	213
	121	214
	121	215
	121	216
	121	217
	121	218
	121	219
	121	220
	121	221
	121	222
	121	223
	121	224
	122	212
	122	213
	122	214
	122	215
	122	216
	122	217
	122	218
	122	219
	122	220
	122	221
	122	222
	122	223
	122	224
	123	212
	123	213
	123	214
	123	215
	123	216
	123	217
	123	218
	123	219
	123	220
	123	221
	123	222
	123	223
	123	224
	124	212
	124	213
	124	214
	124	215
	124	216
	124	217
	124	218
	124	219
	124	220
	124	221
	124	222
	124	223
	124	224
	125	212
	125	213
	125	214
	125	215
	125	216
	125	217
	125	218
	125	219
	125	220
	125	221
	125	222
	125	223
	125	224
	126	212
	126	213
	126	214
	126	215
	126	216
	126	217
	126	218
	126	219
	126	220
	126	221
	126	222
	126	223
	126	224
	127	212
	127	213
	127	214
	127	215
	127	216
	127	217
	127	218
	127	219
	127	220
	127	221
	127	222
	127	223
	127	224
	128	212
	128	213
	128	214
	128	215
	128	216
	128	217
	128	218
	128	219
	128	220
	128	221
	128	222
	128	223
	128	224
	129	212
	129	213
	129	214
	129	215
	129	216
	129	217
	129	218
	129	219
	129	220
	129	221
	129	222
	129	223
	129	224
	130	212
	130	213
	130	214
	130	215
	130	216
	130	217
	130	218
	130	219
	130	220
	130	221
	130	222
	130	223
	130	224
	131	212
	131	213
	131	214
	131	215
	131	216
	131	217
	131	218
	131	219
	131	220
	131	221
	131	222
	131	223
	131	224
	132	212
	132	213
	132	214
	132	215
	132	216
	132	217
	132	218
	132	219
	132	220
	132	221
	132	222
	132	223
	132	224
	133	212
	133	213
	133	214
	133	215
	133	216
	133	217
	133	218
	133	219
	133	220
	133	221
	133	222
	133	223
	133	224
	134	212
	134	213
	134	214
	134	215
	134	216
	134	217
	134	218
	134	219
	134	220
	134	221
	134	222
	134	223
	134	224
	135	212
	135	213
	135	214
	135	215
	135	216
	135	217
	135	218
	135	219
	135	220
	135	221
	135	222
	135	223
	135	224
	136	212
	136	213
	136	214
	136	215
	136	216
	136	217
	136	218
	136	219
	136	220
	136	221
	136	222
	136	223
	136	224
	137	212
	137	213
	137	214
	137	215
	137	216
	137	217
	137	218
	137	219
	137	220
	137	221
	137	222
	137	223
	137	224
	138	212
	138	213
	138	214
	138	215
	138	216
	138	217
	138	218
	138	219
	138	220
	138	221
	138	222
	138	223
	138	224
	139	212
	139	213
	139	214
	139	215
	139	216
	139	217
	139	218
	139	219
	139	220
	139	221
	139	222
	139	223
	139	224
	140	212
	140	213
	140	214
	140	215
	140	216
	140	217
	140	218
	140	219
	140	220
	140	221
	140	222
	140	223
	140	224
	141	210
	141	211
	141	212
	141	213
	141	214
	141	215
	141	216
	141	217
	141	218
	141	219
	141	220
	141	221
	141	222
	141	223
	141	224
	142	214
	142	215
	142	216
	142	217
	142	218
	142	219
	142	220
	142	221
	142	222
	142	223
	142	224
	143	214
	143	215
	143	216
	143	217
	143	218
	143	219
	143	220
	143	221
	143	222
	143	223
	143	224
	144	214
	144	215
	144	216
	144	217
	144	218
	144	219
	144	220
	144	221
	144	222
	144	223
	144	224
	145	178
	145	179
	145	180
	145	181
	145	182
	145	183
	145	184
	145	185
	145	186
	145	187
	145	188
	145	189
	145	190
	145	191
	145	192
	145	193
	145	194
	145	195
	145	196
	145	197
	145	198
	145	199
	145	200
	145	201
	145	202
	145	203
	145	204
	145	205
	145	206
	145	207
	145	208
	145	209
	145	210
	145	211
	145	212
	145	213
	145	214
	145	215
	145	216
	145	217
	145	218
	145	219
	145	220
	145	221
	145	222
	145	223
	145	224
	146	178
	146	179
	146	180
	146	181
	146	182
	146	183
	146	184
	146	185
	146	186
	146	187
	146	188
	146	189
	146	190
	146	191
	146	192
	146	193
	146	194
	146	195
	146	196
	146	197
	146	198
	146	199
	146	200
	146	201
	146	202
	146	203
	146	204
	146	205
	146	206
	146	207
	146	208
	146	209
	146	210
	146	211
	146	212
	146	213
	146	214
	146	215
	146	216
	146	217
	146	218
	146	219
	146	220
	146	221
	146	222
	146	223
	146	224
	147	178
	147	179
	147	180
	147	181
	147	182
	147	183
	147	184
	147	185
	147	186
	147	187
	147	188
	147	189
	147	190
	147	191
	147	192
	147	193
	147	194
	147	195
	147	196
	147	197
	147	198
	147	199
	147	200
	147	201
	147	202
	147	203
	147	204
	147	205
	147	206
	147	207
	147	208
	147	209
	147	210
	147	211
	147	212
	147	213
	147	214
	147	215
	147	216
	147	217
	147	218
	147	219
	147	220
	147	221
	147	222
	147	223
	147	224
	148	178
	148	179
	148	180
	148	181
	148	182
	148	183
	148	184
	148	185
	148	186
	148	187
	148	188
	148	189
	148	190
	148	191
	148	192
	148	193
	148	194
	148	195
	148	196
	148	197
	148	198
	148	199
	148	200
	148	201
	148	202
	148	203
	148	204
	148	205
	148	206
	148	207
	148	208
	148	209
	148	210
	148	211
	148	212
	148	213
	148	214
	148	215
	148	216
	148	217
	148	218
	148	219
	148	220
	148	221
	148	222
	148	223
	148	224
	149	178
	149	179
	149	180
	149	181
	149	182
	149	183
	149	184
	149	185
	149	186
	149	187
	149	188
	149	189
	149	190
	149	191
	149	192
	149	193
	149	194
	149	195
	149	196
	149	197
	149	198
	149	199
	149	200
	149	201
	149	202
	149	203
	149	204
	149	205
	149	206
	149	207
	149	208
	149	209
	149	210
	149	211
	149	212
	149	213
	149	214
	149	215
	149	216
	149	217
	149	218
	149	219
	149	220
	149	221
	149	222
	149	223
	149	224
	150	178
	150	179
	150	180
	150	181
	150	182
	150	183
	150	184
	150	185
	150	186
	150	187
	150	188
	150	189
	150	190
	150	191
	150	192
	150	193
	150	194
	150	195
	150	196
	150	197
	150	198
	150	199
	150	200
	150	201
	150	202
	150	203
	150	204
	150	205
	150	206
	150	207
	150	208
	150	209
	150	210
	150	211
	150	212
	150	213
	150	214
	150	215
	150	216
	150	217
	150	218
	150	219
	150	220
	150	221
	150	222
	150	223
	150	224
	151	178
	151	179
	151	180
	151	181
	151	182
	151	183
	151	184
	151	185
	151	186
	151	187
	151	188
	151	189
	151	190
	151	191
	151	192
	151	193
	151	194
	151	195
	151	196
	151	197
	151	198
	151	199
	151	200
	151	201
	151	202
	151	203
	151	204
	151	205
	151	206
	151	207
	151	208
	151	209
	151	210
	151	211
	151	212
	151	213
	151	214
	151	215
	151	216
	151	217
	151	218
	151	219
	151	220
	151	221
	151	222
	151	223
	151	224
	152	178
	152	179
	152	180
	152	181
	152	182
	152	183
	152	184
	152	185
	152	186
	152	187
	152	188
	152	189
	152	190
	152	191
	152	192
	152	193
	152	194
	152	195
	152	196
	152	197
	152	198
	152	199
	152	200
	152	201
	152	202
	152	203
	152	204
	152	205
	152	206
	152	207
	152	208
	152	209
	152	210
	152	211
	152	212
	152	213
	152	214
	152	215
	152	216
	152	217
	152	218
	152	219
	152	220
	152	221
	152	222
	152	223
	152	224
	153	178
	153	179
	153	180
	153	181
	153	182
	153	183
	153	184
	153	185
	153	186
	153	187
	153	188
	153	189
	153	190
	153	191
	153	192
	153	193
	153	194
	153	195
	153	196
	153	197
	153	198
	153	199
	153	200
	153	201
	153	202
	153	203
	153	204
	153	205
	153	206
	153	207
	153	208
	153	209
	153	210
	153	211
	153	212
	153	213
	153	214
	153	215
	153	216
	153	217
	153	218
	153	219
	153	220
	153	221
	153	222
	153	223
	153	224
	154	178
	154	179
	154	180
	154	181
	154	182
	154	183
	154	184
	154	185
	154	186
	154	187
	154	188
	154	189
	154	190
	154	191
	154	192
	154	193
	154	194
	154	195
	154	196
	154	197
	154	198
	154	199
	154	200
	154	201
	154	202
	154	203
	154	204
	154	205
	154	206
	154	207
	154	208
	154	209
	154	210
	154	211
	154	212
	154	213
	154	214
	154	215
	154	216
	154	217
	154	218
	154	219
	154	220
	154	221
	154	222
	154	223
	154	224
	155	178
	155	179
	155	180
	155	181
	155	182
	155	183
	155	184
	155	185
	155	186
	155	187
	155	188
	155	189
	155	190
	155	191
	155	192
	155	193
	155	194
	155	195
	155	196
	155	197
	155	198
	155	199
	155	200
	155	201
	155	202
	155	203
	155	204
	155	205
	155	206
	155	207
	155	208
	155	209
	155	210
	155	211
	155	212
	155	213
	155	214
	155	215
	155	216
	155	217
	155	218
	155	219
	155	220
	155	221
	155	222
	155	223
	155	224
	145	176
	146	176
	144	176
	145	177
	145	175
	146	177
	146	175
	144	177
	144	175
	147	176
	145	174
	143	176
	143	175
	142	175
	143	174
	144	174
	142	176
	142	174
	143	177
	143	173
	141	175
	140	175
	141	176
	141	174
	140	176
	140	174
	141	173
	139	175
	139	176
	138	176
	138	175
	137	175
	138	174
	142	177
	136	175
	137	174
	135	175
	134	175
	135	174
	133	175
	134	174
	133	174
	134	173
	132	175
	131	174
	132	174
	130	174
	131	173
	132	173
	130	173
	131	172
	130	172
	129	172
	130	171
	128	171
	129	171
	128	172
	128	170
	129	170
	127	170
	131	171
	130	170
	131	170
	132	171
	135	173
	133	173
	134	172
	135	172
	133	172
	136	173
	134	171
	136	174
	132	172
	135	171
	133	171
	136	172
	134	170
	137	173
	138	173
	139	173
	138	172
	139	174
	139	172
	137	172
	140	173
	138	171
	140	172
	142	173
	142	172
	137	171
	136	171
	135	170
	133	170
	132	170
	129	166
	128	166
	127	166
	128	165
	125	166
	126	166
	124	166
	125	165
	126	165
	124	165
	125	164
	123	166
	120	166
	121	166
	119	166
	120	165
	121	165
	119	165
	122	166
	120	164
	118	166
	117	166
	118	165
	117	165
	118	164
	116	165
	84	174
	116	164
	83	173
	84	173
	84	177
	112	164
	84	181
	84	179
	82	181
	83	176
	79	181
	108	164
	84	180
	83	174
	83	180
	83	175
	78	178
	78	181
	82	177
	82	173
	77	178
	78	179
	82	175
	82	174
	96	171
	141	201
	78	180
	81	174
	81	177
	82	176
	96	172
	81	175
	96	170
	141	198
	95	167
	79	177
	81	176
	80	176
	79	176
	141	200
	80	177
	81	178
	76	179
	95	172
	77	180
	81	179
	77	179
	81	180
	79	180
	80	179
	76	181
	80	180
	79	178
	96	168
	80	178
	77	177
	79	179
	100	169
	78	177
	76	180
	100	168
	76	178
	98	167
	93	172
	99	167
	101	167
	98	169
	99	168
	93	169
	89	169
	111	165
	94	171
	110	166
	89	168
	112	166
	93	171
	111	166
	108	166
	77	181
	141	199
	84	178
	109	164
	113	164
	111	164
	85	173
	112	163
	117	164
	115	164
	116	163
	119	164
	119	163
	123	165
	122	165
	123	164
	127	165
	126	164
	134	168
	135	168
	134	169
	134	167
	135	169
	135	167
	136	168
	134	166
	139	169
	140	169
	138	169
	139	170
	139	168
	140	170
	140	168
	138	170
	138	168
	139	171
	141	169
	139	167
	137	169
	140	171
	141	171
	141	172
	141	170
	142	171
	136	170
	136	169
	137	170
	137	168
	136	167
	138	167
	137	167
	138	166
	135	166
	136	166
	135	165
	133	166
	134	165
	131	166
	132	166
	130	166
	131	165
	132	165
	130	165
	131	164
	129	165
	129	164
	130	164
	128	164
	129	163
	127	164
	127	163
	124	164
	124	163
	122	164
	121	164
	122	163
	120	163
	117	163
	113	163
	111	163
	114	164
	112	162
	110	164
	107	164
	108	163
	109	163
	107	163
	108	162
	94	167
	95	168
	102	163
	94	168
	101	163
	97	172
	97	170
	97	171
	96	169
	98	164
	95	169
	97	164
	98	163
	95	171
	96	167
	97	169
	98	170
	95	170
	76	177
	94	169
	99	169
	94	170
	97	168
	94	164
	98	168
	97	167
	94	172
	98	171
	91	165
	92	164
	90	166
	89	167
	89	166
	90	165
	89	165
	93	164
	93	163
	95	164
	96	164
	95	163
	96	163
	99	163
	94	163
	95	162
	91	164
	92	163
	91	163
	92	162
	90	164
	89	164
	90	163
	89	163
	90	162
	89	162
	104	166
	105	165
	103	166
	94	166
	92	166
	78	176
	102	165
	77	176
	103	165
	102	164
	75	177
	76	176
	75	178
	75	176
	74	177
	73	177
	74	178
	74	176
	73	178
	73	176
	72	177
	72	178
	71	178
	71	179
	71	177
	72	176
	70	178
	69	178
	68	178
	69	179
	69	177
	70	179
	70	177
	68	179
	68	177
	69	176
	67	178
	67	179
	67	177
	68	176
	66	178
	66	179
	66	177
	67	180
	67	176
	65	178
	65	179
	65	177
	66	180
	66	176
	64	178
	63	179
	64	179
	62	179
	63	180
	63	178
	64	180
	62	180
	62	178
	63	181
	63	177
	61	179
	61	180
	61	178
	62	181
	62	177
	60	179
	60	180
	60	178
	61	181
	61	177
	59	179
	59	180
	59	178
	60	181
	60	177
	58	179
	59	177
	60	176
	58	178
	57	178
	58	177
	57	179
	57	177
	58	180
	58	176
	56	178
	56	177
	55	177
	56	176
	57	176
	55	178
	55	176
	56	179
	54	177
	54	176
	53	176
	54	178
	57	180
	55	179
	62	176
	63	176
	61	176
	64	177
	64	176
	65	176
	70	176
	71	176
	65	180
	59	176
	36	209
	37	209
	35	209
	36	208
	34	210
	37	208
	38	208
	37	207
	38	209
	38	207
	36	207
	39	208
	37	206
	35	208
	38	206
	36	206
	39	207
	37	205
	35	207
	39	206
	38	205
	39	209
	39	205
	40	205
	39	204
	40	204
	38	204
	39	203
	37	204
	38	203
	37	203
	38	202
	36	204
	35	204
	34	204
	35	205
	35	203
	36	205
	36	203
	34	205
	34	203
	35	206
	35	202
	33	204
	31	202
	32	202
	30	202
	31	203
	31	201
	32	203
	32	201
	30	203
	30	201
	31	204
	33	202
	31	200
	29	202
	26	200
	27	200
	25	200
	26	201
	26	199
	27	201
	27	199
	25	201
	25	199
	26	202
	28	200
	26	198
	24	200
	21	198
	22	198
	20	198
	21	199
	21	197
	22	199
	22	197
	20	199
	20	197
	21	200
	23	198
	21	196
	19	198
	18	197
	19	197
	17	197
	18	198
	18	196
	19	196
	17	198
	17	196
	18	199
	18	195
	16	197
	16	196
	15	196
	16	195
	17	195
	15	197
	15	195
	16	198
	16	194
	14	196
	13	195
	14	195
	12	195
	13	196
	13	194
	14	194
	12	196
	12	194
	13	197
	13	193
	11	195
	10	194
	11	194
	9	194
	10	195
	10	193
	11	193
	9	195
	9	193
	10	196
	10	192
	8	194
	8	193
	7	193
	8	192
	9	192
	7	194
	7	192
	8	195
	8	191
	6	193
	6	192
	5	192
	6	191
	7	191
	5	193
	5	191
	6	194
	6	190
	4	192
	5	190
	4	190
	5	189
	6	189
	4	191
	4	189
	7	190
	5	188
	3	190
	3	187
	4	187
	2	187
	3	188
	3	186
	4	188
	4	186
	2	188
	2	186
	3	189
	5	187
	3	185
	1	187
	4	185
	2	185
	3	184
	4	184
	2	184
	5	185
	3	183
	1	185
	2	180
	3	180
	1	180
	2	181
	2	179
	3	181
	3	179
	1	181
	1	179
	2	182
	4	180
	2	178
	0	180
	1	178
	0	178
	1	177
	2	177
	0	179
	0	177
	3	178
	1	176
	1	174
	2	174
	0	174
	1	175
	1	173
	2	175
	2	173
	0	175
	0	173
	3	174
	1	172
	1	171
	2	171
	0	171
	1	170
	2	172
	2	170
	0	172
	0	170
	3	171
	1	169
	2	169
	0	169
	1	168
	2	168
	0	168
	3	169
	3	168
	4	168
	3	170
	4	170
	3	172
	4	171
	5	168
	5	169
	4	169
	4	172
	3	173
	4	174
	3	175
	4	175
	4	173
	3	176
	4	176
	4	177
	4	178
	4	179
	3	177
	4	181
	5	181
	4	182
	5	182
	3	182
	4	183
	5	183
	2	176
	2	183
	1	182
	6	187
	5	186
	6	188
	6	186
	7	187
	8	190
	7	189
	8	189
	9	190
	7	188
	5	184
	6	184
	6	185
	1	186
	1	184
	0	185
	9	191
	11	192
	10	191
	11	191
	12	192
	10	190
	12	193
	13	192
	14	193
	12	191
	9	189
	8	188
	7	186
	15	193
	16	193
	15	194
	15	192
	16	192
	14	192
	17	193
	17	194
	18	194
	18	193
	19	194
	20	196
	20	195
	21	195
	19	195
	22	196
	20	194
	22	195
	23	196
	24	196
	23	197
	23	195
	24	197
	24	195
	25	196
	24	198
	23	199
	25	197
	27	198
	25	198
	28	199
	26	197
	24	199
	29	201
	30	200
	29	200
	30	199
	28	201
	32	200
	33	201
	31	199
	33	200
	34	201
	32	199
	36	202
	37	202
	36	201
	34	202
	35	201
	33	203
	29	199
	29	198
	28	198
	28	197
	33	199
	32	198
	33	198
	31	198
	34	199
	34	200
	35	200
	36	200
	37	201
	35	199
	41	204
	40	203
	41	203
	40	202
	39	202
	39	201
	40	201
	38	201
	41	202
	39	200
	38	200
	37	200
	36	199
	30	198
	31	197
	29	197
	27	197
	27	196
	26	196
	30	197
	34	198
	69	139
	71	139
	72	139
	70	139
	73	139
	74	139
	75	139
	106	163
	107	162
	115	163
	114	163
	115	162
	118	163
	118	162
	123	163
	121	163
	122	162
	123	162
	125	163
	124	162
	128	163
	126	163
	127	162
	128	162
	130	163
	129	162
	131	163
	132	164
	130	162
	133	165
	133	164
	132	163
	133	163
	134	164
	132	162
	131	162
	130	161
	126	162
	127	161
	128	161
	126	161
	127	160
	125	162
	123	161
	124	161
	122	161
	123	160
	121	162
	120	162
	121	161
	120	161
	121	160
	119	162
	117	162
	116	162
	117	161
	118	161
	116	161
	117	160
	113	162
	114	162
	113	161
	114	161
	112	161
	113	160
	111	162
	109	162
	110	162
	109	161
	110	163
	110	161
	108	161
	109	160
	106	162
	107	161
	106	161
	107	160
	105	162
	105	163
	105	161
	106	160
	104	162
	100	162
	101	162
	99	162
	100	163
	100	161
	101	161
	99	161
	102	162
	100	160
	98	162
	97	162
	96	162
	97	163
	97	161
	98	161
	96	161
	97	160
	91	162
	91	161
	92	161
	90	161
	93	162
	91	160
	94	162
	95	161
	94	161
	95	160
	103	162
	103	163
	103	161
	104	163
	104	161
	102	161
	103	160
	89	161
	90	160
	89	160
	90	159
	10	14
	11	14
	11	15
	11	13
	12	14
	12	15
	12	13
	14	14
	15	14
	13	14
	14	15
	14	13
	15	15
	15	13
	13	15
	13	13
	16	14
	16	15
	16	13
	17	14
	18	14
	17	15
	17	13
	1	11
	18	13
	2	10
	2	12
	3	10
	19	14
	1	10
	20	14
	3	12
	2	11
	18	15
	1	12
	21	14
	3	11
	22	14
	20	13
	21	13
	19	13
	22	13
	23	14
	23	15
	23	13
	24	14
	24	15
	24	13
	25	14
	25	15
	25	13
	26	14
	26	15
	26	13
	27	14
	27	15
	27	13
	28	14
	29	14
	28	15
	28	13
	29	15
	29	13
	30	14
	31	14
	30	15
	30	13
	31	15
	31	13
	32	14
	32	15
	32	13
	34	14
	35	14
	33	14
	34	15
	34	13
	35	15
	35	13
	33	15
	33	13
	37	14
	38	14
	36	14
	37	15
	37	13
	38	15
	38	13
	36	15
	36	13
	39	14
	40	14
	39	15
	39	13
	40	15
	40	13
	41	14
	41	15
	41	13
	42	14
	43	14
	42	15
	42	13
	43	15
	43	13
	48	14
	49	14
	47	14
	48	15
	48	13
	49	15
	49	13
	47	15
	47	13
	51	14
	52	14
	50	14
	51	15
	51	13
	52	15
	52	13
	50	15
	50	13
	46	14
	45	14
	46	15
	46	13
	45	15
	45	13
	44	14
	44	15
	44	13
	53	14
	54	14
	53	15
	53	13
	54	15
	54	13
	55	15
	56	15
	19	15
	55	14
	20	15
	56	14
	22	15
	57	15
	21	15
	57	14
	56	13
	57	13
	55	13
	58	14
	58	15
	58	13
	59	14
	59	15
	59	13
	60	14
	60	15
	60	13
	62	14
	63	14
	61	14
	62	15
	62	13
	63	15
	63	13
	61	15
	61	13
	64	14
	64	15
	64	13
	66	14
	67	14
	65	14
	66	15
	66	13
	67	15
	67	13
	65	15
	65	13
	4	11
	5	11
	4	12
	4	10
	5	12
	5	10
	6	10
	5	9
	6	11
	6	9
	4	9
	7	10
	8	10
	7	11
	7	9
	8	11
	8	9
	9	10
	9	11
	9	9
	6	12
	7	12
	2	9
	3	9
	1	9
	10	10
	10	11
	10	9
	11	10
	12	10
	11	11
	11	9
	12	11
	12	9
	13	10
	14	10
	13	11
	13	9
	14	11
	14	9
	15	10
	15	11
	15	9
	16	10
	17	10
	16	11
	16	9
	17	11
	17	9
	8	12
	9	12
	13	12
	14	12
	12	12
	17	12
	18	12
	16	12
	18	11
	19	12
	19	11
	22	12
	23	12
	21	12
	22	11
	23	11
	21	11
	25	12
	26	12
	24	12
	25	11
	26	11
	24	11
	20	12
	20	11
	15	12
	11	12
	10	12
	18	10
	19	10
	18	9
	19	9
	20	10
	20	9
	21	10
	22	10
	21	9
	22	9
	23	10
	24	10
	23	9
	24	9
	25	10
	25	9
	26	10
	26	9
	27	10
	28	10
	27	11
	27	9
	28	11
	28	9
	29	10
	29	11
	29	9
	31	10
	32	10
	30	10
	31	11
	31	9
	32	11
	32	9
	30	11
	30	9
	34	10
	35	10
	33	10
	34	11
	34	9
	35	11
	35	9
	33	11
	33	9
	36	10
	36	11
	36	9
	37	10
	38	10
	37	11
	37	9
	38	11
	38	9
	39	9
	40	9
	39	10
	15	32
	40	10
	13	29
	14	28
	41	9
	41	10
	13	28
	42	9
	42	10
	12	29
	28	12
	29	12
	27	12
	32	12
	33	12
	31	12
	35	12
	36	12
	34	12
	39	11
	40	11
	39	12
	40	12
	38	12
	41	11
	42	11
	41	12
	42	12
	43	11
	44	11
	43	12
	43	10
	44	12
	44	10
	45	11
	45	12
	45	10
	30	12
	46	12
	47	12
	46	11
	47	11
	49	12
	50	12
	48	12
	49	11
	50	11
	48	11
	51	12
	52	12
	51	11
	52	11
	53	12
	53	11
	56	11
	57	11
	55	11
	56	12
	56	10
	57	12
	57	10
	55	12
	55	10
	59	11
	60	11
	58	11
	59	12
	59	10
	60	12
	60	10
	58	12
	58	10
	62	11
	63	11
	61	11
	62	12
	62	10
	63	12
	63	10
	61	12
	61	10
	65	11
	66	11
	64	11
	65	12
	65	10
	66	12
	66	10
	64	12
	64	10
	37	12
	52	10
	53	10
	51	10
	67	11
	68	11
	67	12
	67	10
	68	12
	68	10
	73	11
	74	11
	72	11
	73	12
	73	10
	74	12
	74	10
	72	12
	72	10
	70	11
	71	11
	69	11
	70	12
	70	10
	71	12
	71	10
	69	12
	69	10
	54	12
	54	11
	54	10
	44	9
	45	9
	43	9
	46	10
	47	10
	46	9
	47	9
	48	9
	14	29
	48	10
	13	30
	15	29
	49	9
	50	9
	49	10
	13	32
	50	10
	15	30
	51	9
	52	9
	53	9
	54	9
	55	9
	56	9
	57	9
	60	9
	61	9
	59	9
	62	9
	63	9
	64	9
	65	9
	66	9
	67	9
	68	9
	69	9
	70	9
	71	9
	72	9
	14	30
	14	32
	13	31
	73	9
	15	31
	74	9
	14	31
	58	9
	12	30
	12	28
	15	28
	14	27
	15	27
	13	27
	14	26
	15	26
	13	26
	14	25
	15	25
	13	25
	14	24
	15	24
	13	24
	14	23
	15	23
	13	23
	9	22
	15	22
	7	22
	8	20
	14	22
	15	21
	8	22
	14	21
	13	22
	13	21
	14	20
	15	20
	13	20
	14	19
	15	19
	13	19
	12	19
	9	17
	8	16
	12	20
	8	18
	11	19
	11	20
	9	18
	10	19
	10	20
	7	19
	9	19
	9	20
	9	21
	8	17
	8	23
	9	23
	7	23
	8	24
	9	24
	7	24
	5	23
	6	22
	6	23
	14	33
	15	33
	13	33
	12	32
	12	33
	12	31
	11	32
	11	33
	11	31
	10	32
	9	32
	10	33
	10	31
	9	33
	9	31
	8	32
	8	33
	8	31
	7	32
	7	33
	7	31
	6	33
	6	29
	7	29
	7	30
	7	28
	7	26
	7	25
	6	24
	8	25
	8	26
	10	24
	9	25
	10	25
	10	23
	11	23
	10	22
	11	24
	11	22
	12	22
	11	21
	12	23
	12	21
	10	21
	11	25
	12	25
	11	26
	12	26
	12	24
	10	26
	11	28
	10	28
	11	29
	11	27
	12	27
	10	29
	10	27
	11	30
	10	30
	9	29
	8	29
	9	30
	9	28
	8	30
	8	28
	8	27
	9	27
	9	26
	8	34
	9	34
	7	34
	8	35
	9	35
	7	35
	8	36
	9	36
	7	36
	8	37
	9	37
	7	37
	8	39
	9	39
	7	39
	8	40
	8	38
	9	40
	9	38
	7	40
	7	38
	6	37
	6	38
	5	38
	6	39
	6	34
	6	43
	7	43
	5	43
	6	44
	6	42
	7	44
	7	42
	8	42
	9	42
	8	43
	8	41
	9	43
	9	41
	7	41
	9	44
	11	45
	8	44
	9	45
	10	45
	7	45
	8	45
	10	46
	10	44
	11	46
	11	44
	9	46
	12	45
	12	46
	12	44
	11	47
	12	47
	10	47
	11	48
	12	48
	10	48
	11	49
	12	49
	10	49
	12	50
	13	50
	11	50
	12	51
	13	51
	13	49
	11	51
	14	51
	13	52
	14	52
	14	50
	12	52
	14	54
	15	54
	13	54
	14	55
	14	53
	15	55
	15	53
	13	55
	13	53
	15	52
	16	54
	16	55
	16	53
	17	54
	17	55
	17	53
	18	55
	17	56
	18	56
	18	54
	16	56
	17	57
	18	57
	16	57
	17	58
	18	58
	16	58
	17	59
	18	59
	16	59
	17	60
	18	60
	16	60
	15	59
	15	60
	15	58
	14	59
	13	59
	14	60
	14	58
	13	60
	13	58
	12	59
	12	58
	15	62
	16	62
	14	62
	15	63
	15	61
	16	63
	16	61
	14	63
	14	61
	15	64
	16	64
	14	64
	15	65
	16	65
	14	65
	16	66
	17	66
	15	66
	16	67
	17	67
	17	65
	15	67
	16	68
	17	68
	15	68
	14	68
	15	69
	16	69
	14	69
	14	67
	15	70
	16	70
	14	70
	14	66
	13	65
	13	66
	13	64
	13	62
	12	62
	13	63
	13	61
	13	57
	14	57
	12	57
	13	56
	14	56
	12	56
	15	56
	15	57
	12	55
	10	56
	11	56
	9	56
	10	57
	10	55
	11	57
	11	55
	9	57
	10	58
	11	59
	11	58
	11	54
	12	54
	11	53
	12	53
	10	53
	10	52
	11	52
	9	52
	10	51
	9	51
	8	51
	9	50
	10	50
	8	52
	8	50
	8	49
	9	49
	7	49
	8	48
	9	48
	7	50
	9	47
	6	50
	7	51
	13	70
	13	71
	13	69
	14	71
	12	71
	12	69
	13	72
	14	72
	13	73
	12	74
	13	74
	11	74
	10	74
	11	75
	12	75
	10	75
	11	76
	12	76
	10	76
	10	77
	11	77
	10	78
	11	78
	11	80
	12	80
	10	80
	11	81
	12	81
	12	79
	10	81
	13	81
	12	82
	13	82
	13	80
	11	82
	14	82
	13	83
	14	83
	14	81
	11	83
	10	82
	9	82
	10	83
	9	83
	9	81
	12	67
	13	68
	13	67
	12	66
	11	66
	12	65
	13	85
	14	85
	12	85
	13	86
	13	84
	14	86
	14	84
	12	86
	12	84
	15	86
	14	87
	15	87
	15	85
	13	87
	15	88
	16	88
	14	88
	15	89
	16	89
	16	87
	14	89
	17	88
	17	89
	17	87
	16	90
	17	90
	15	90
	16	91
	17	91
	15	91
	16	92
	17	92
	15	92
	14	92
	15	93
	16	93
	14	93
	14	91
	13	92
	13	93
	13	91
	12	92
	11	92
	12	93
	12	91
	11	93
	10	93
	11	94
	12	94
	10	94
	10	92
	9	93
	9	89
	10	89
	8	89
	9	90
	9	88
	10	90
	10	88
	8	90
	8	88
	9	87
	10	87
	9	86
	10	86
	9	85
	10	85
	9	84
	10	84
	11	85
	11	86
	11	84
	11	87
	12	87
	11	88
	12	88
	13	88
	12	89
	13	89
	11	89
	13	90
	14	90
	12	90
	11	90
	12	95
	11	95
	13	94
	8	93
	9	94
	9	95
	9	96
	10	96
	10	97
	10	98
	10	99
	11	99
	11	100
	11	101
	10	101
	9	101
	9	102
	9	103
	10	103
	10	104
	11	104
	11	105
	12	105
	12	106
	12	104
	11	106
	11	107
	10	108
	9	109
	10	109
	8	110
	9	110
	8	111
	7	111
	6	112
	7	112
	7	113
	8	113
	8	114
	7	115
	8	115
	7	116
	6	117
	6	118
	5	118
	5	117
	5	121
	5	122
	6	122
	7	122
	7	123
	7	124
	7	126
	7	125
	8	126
	8	127
	8	128
	8	129
	7	130
	8	130
	7	131
	7	132
	7	133
	9	100
	10	100
	8	100
	9	99
	8	101
	8	99
	8	98
	9	98
	7	98
	8	97
	9	97
	7	99
	7	97
	10	95
	8	95
	8	96
	8	94
	6	98
	6	101
	7	101
	6	102
	6	100
	7	102
	7	100
	6	103
	7	103
	5	103
	6	104
	7	104
	5	104
	6	105
	7	105
	5	105
	5	107
	6	107
	5	108
	6	108
	5	109
	6	109
	7	108
	7	109
	7	107
	7	110
	8	109
	8	108
	8	107
	9	107
	8	106
	9	108
	9	106
	7	106
	10	106
	9	105
	10	107
	10	105
	8	105
	8	104
	9	104
	8	103
	8	102
	5	112
	5	113
	6	113
	6	114
	7	114
	5	114
	6	115
	5	116
	6	116
	6	124
	5	125
	5	123
	6	125
	6	123
	5	126
	6	126
	5	127
	6	127
	5	131
	6	131
	5	130
	6	132
	6	130
	6	129
	7	129
	5	129
	7	128
	7	127
	54	16
	55	16
	53	16
	56	16
	57	16
	56	17
	57	17
	55	17
	58	16
	58	17
	59	16
	58	18
	57	18
	56	18
	5	142
	6	142
	5	141
	6	141
	7	142
	7	143
	7	141
	8	142
	9	142
	8	143
	8	141
	9	143
	9	141
	11	142
	12	142
	10	142
	11	143
	11	141
	12	143
	12	141
	10	143
	10	141
	13	142
	14	142
	13	143
	13	141
	14	143
	14	141
	15	142
	16	142
	15	141
	16	141
	18	142
	19	142
	17	142
	18	143
	18	141
	19	143
	19	141
	17	143
	17	141
	20	142
	20	143
	20	141
	21	142
	21	143
	21	141
	22	142
	22	143
	22	141
	23	142
	24	142
	23	143
	23	141
	24	143
	24	141
	25	142
	25	143
	25	141
	27	142
	28	142
	26	142
	27	143
	27	141
	28	143
	28	141
	26	143
	26	141
	29	142
	29	143
	29	141
	30	142
	30	143
	30	141
	31	142
	32	142
	31	143
	31	141
	32	143
	32	141
	35	142
	36	142
	34	142
	35	143
	35	141
	36	143
	36	141
	34	143
	34	141
	37	142
	37	143
	37	141
	38	142
	38	141
	33	142
	33	143
	33	141
	40	142
	41	142
	39	142
	40	143
	40	141
	41	143
	41	141
	39	141
	42	142
	42	143
	42	141
	43	142
	43	143
	43	141
	45	142
	46	142
	44	142
	45	143
	45	141
	46	141
	44	143
	44	141
	47	142
	47	143
	47	141
	48	142
	48	143
	48	141
	49	142
	49	143
	49	141
	9	145
	8	144
	9	144
	13	145
	14	145
	12	145
	13	146
	13	144
	14	146
	14	144
	12	146
	12	144
	15	145
	15	146
	15	144
	11	146
	11	145
	10	146
	10	145
	10	144
	11	144
	21	144
	22	144
	20	144
	21	145
	22	145
	20	145
	24	144
	25	145
	25	144
	21	146
	22	146
	20	146
	18	144
	26	144
	30	144
	30	145
	31	144
	31	145
	32	144
	33	144
	32	145
	35	144
	35	145
	32	146
	31	146
	30	146
	36	145
	37	145
	36	146
	36	144
	37	146
	37	144
	38	145
	38	146
	38	144
	40	145
	41	145
	40	144
	41	144
	42	144
	43	144
	42	145
	43	145
	44	144
	45	144
	44	145
	45	145
	51	142
	52	142
	50	142
	51	143
	51	141
	52	143
	52	141
	50	143
	50	141
	53	142
	54	142
	53	143
	53	141
	54	143
	54	141
	55	142
	55	143
	55	141
	56	142
	57	142
	56	143
	56	141
	57	143
	57	141
	58	141
	59	141
	58	142
	58	140
	59	142
	59	140
	61	136
	60	140
	60	137
	60	141
	60	139
	58	139
	50	144
	51	144
	49	144
	50	145
	51	145
	52	144
	52	145
	55	144
	56	144
	55	145
	56	145
	57	144
	58	144
	57	145
	58	145
	58	143
	59	144
	59	145
	59	143
	48	144
	61	139
	60	138
	61	140
	61	138
	57	140
	62	138
	61	137
	62	139
	62	137
	59	139
	63	137
	62	136
	63	138
	63	136
	59	138
	64	136
	63	135
	64	137
	64	135
	62	135
	65	135
	64	134
	65	136
	65	134
	63	134
	66	134
	65	133
	66	135
	66	133
	64	133
	60	142
	61	142
	61	141
	65	140
	66	140
	64	140
	65	141
	65	139
	66	141
	66	139
	64	141
	64	139
	68	140
	67	140
	68	139
	67	141
	67	139
	70	137
	71	136
	70	136
	71	135
	72	135
	70	135
	72	133
	71	133
	72	134
	73	134
	71	134
	71	132
	69	135
	70	134
	69	136
	69	134
	67	138
	68	137
	67	137
	66	142
	63	141
	63	142
	63	140
	62	141
	62	140
	63	139
	66	137
	65	137
	66	138
	66	136
	67	136
	65	138
	68	136
	68	135
	68	134
	70	133
	68	133
	68	132
	67	134
	67	135
	67	133
	64	138
	65	132
	66	132
	64	132
	65	131
	66	131
	64	131
	65	130
	66	130
	64	130
	65	129
	66	129
	64	129
	65	128
	66	128
	64	128
	65	127
	66	127
	64	127
	65	126
	66	126
	64	126
	65	125
	66	125
	64	125
	65	124
	66	124
	64	124
	65	123
	66	123
	64	123
	65	122
	64	122
	66	121
	64	121
	64	120
	65	119
	64	119
	64	88
	64	118
	65	118
	64	89
	65	89
	64	117
	65	117
	64	90
	64	116
	64	92
	64	115
	65	90
	64	114
	65	114
	65	92
	64	113
	64	91
	64	112
	65	111
	64	111
	64	110
	64	109
	64	108
	65	107
	64	107
	65	106
	64	106
	64	105
	64	104
	65	103
	64	103
	65	102
	64	102
	65	101
	64	101
	65	100
	66	100
	64	100
	65	99
	64	99
	64	98
	64	97
	65	95
	64	95
	65	96
	64	96
	64	94
	64	93
	64	87
	65	86
	64	86
	64	85
	64	84
	65	83
	64	83
	64	82
	64	81
	65	79
	64	79
	64	80
	64	78
	65	77
	64	77
	64	76
	64	75
	64	74
	64	73
	64	72
	64	71
	64	70
	64	69
	64	68
	65	67
	64	67
	65	66
	64	66
	65	65
	64	65
	65	64
	64	64
	65	63
	66	63
	64	63
	65	62
	66	62
	64	62
	65	61
	66	61
	64	61
	65	60
	66	60
	64	60
	65	59
	66	59
	64	59
	65	58
	66	58
	64	58
	65	57
	66	57
	64	57
	65	56
	66	56
	64	56
	65	55
	66	55
	64	55
	65	54
	64	54
	65	53
	66	53
	64	53
	65	52
	66	52
	64	52
	66	51
	65	51
	65	50
	66	49
	67	49
	65	49
	66	48
	67	48
	65	48
	66	47
	67	47
	65	47
	66	46
	67	46
	65	46
	66	45
	67	45
	65	45
	64	50
	64	51
	64	49
	64	47
	64	48
	64	46
	64	45
	65	44
	66	44
	64	44
	65	43
	66	43
	64	43
	65	41
	66	41
	64	41
	65	42
	65	40
	66	42
	66	40
	64	42
	64	40
	65	39
	66	39
	64	39
	65	38
	66	38
	64	38
	66	37
	67	37
	65	37
	66	36
	67	38
	67	36
	65	36
	66	35
	67	35
	65	35
	66	34
	67	34
	65	34
	64	35
	64	36
	64	34
	65	33
	66	33
	64	33
	65	32
	66	32
	64	32
	65	31
	66	31
	64	31
	65	30
	66	30
	64	30
	65	29
	66	29
	64	29
	65	28
	66	28
	64	28
	65	27
	66	27
	64	27
	65	26
	66	26
	64	26
	68	35
	68	37
	68	36
	65	25
	66	25
	64	25
	65	24
	66	24
	64	24
	65	23
	66	23
	64	23
	65	22
	66	22
	64	22
	65	21
	66	21
	64	21
	65	20
	66	20
	64	20
	65	19
	66	19
	64	19
	65	18
	66	18
	64	18
	65	17
	66	17
	64	17
	65	16
	66	16
	64	16
	64	37
	69	35
	69	33
	68	33
	69	34
	70	34
	68	34
	68	32
	69	27
	68	27
	69	28
	70	28
	68	28
	68	26
	69	23
	68	23
	68	24
	68	22
	67	20
	67	21
	67	19
	67	17
	67	18
	67	16
	67	22
	67	23
	67	24
	67	27
	67	25
	68	30
	68	29
	69	29
	67	31
	67	29
	67	28
	67	32
	67	33
	69	40
	68	40
	69	39
	70	39
	68	41
	68	39
	70	45
	69	45
	69	46
	69	44
	70	48
	69	48
	70	47
	69	49
	69	47
	68	50
	68	49
	68	48
	68	47
	68	46
	68	45
	68	44
	67	44
	68	43
	67	43
	69	38
	68	38
	67	41
	67	42
	67	40
	67	39
	67	132
	68	131
	68	129
	69	128
	68	128
	69	127
	70	127
	68	127
	69	125
	70	125
	68	125
	69	126
	69	124
	70	126
	68	126
	70	122
	71	122
	69	122
	70	123
	70	121
	69	123
	69	121
	70	119
	69	119
	70	118
	71	118
	69	120
	69	118
	70	116
	69	116
	70	117
	71	117
	69	117
	69	115
	71	126
	67	131
	67	130
	68	123
	68	122
	68	121
	68	120
	68	119
	68	118
	68	116
	68	117
	67	117
	67	121
	67	122
	67	120
	67	129
	67	128
	67	127
	67	126
	67	125
	67	118
	63	133
	139	180
	138	180
	137	180
	137	181
	138	181
	140	181
	141	181
	139	181
	136	179
	136	180
	136	181
InvisibleObstacle		
AW1		
AW2		
AW3		
