Id	Name	Shape	SizeX	SizeY	OffsetX	OffsetY	Speed	HitSpeed	Direction	TargetType	TrackTarget	LiveTime	FillTime	DeadExplosion	HitCount	RepeatDamage	HitEffect[1]	HitEffect[2]	DamageInterval	StartJoint	Effect	WaitTime	DamageCount	DamageRange	ExplosionEffect	LineType	LineParams[1]	LineParams[2]	LineParams[3]	LineParams[4]	LineParams[5]	LineParams[6]	LineParams[7]	BornPosition	ChildDelay	ChildInterval	ChildCountLimit	ChildId	BornChildWhileDead	SwitchTargetOnHit	BornDirectionType	BeHitCenter	HitShakeDirection	HitShakeDuration	HitShakeIntensity	BeHitState	Magic[1]	Magic[2]	Magic[3]	Magic[4]	Magic[5]	MagicLauncherNpc[1]	MagicLauncherNpc[3]	MagicLauncherNpc[2]	EffectHeight	HitOnJoint	ResizeEffect	BindLauncher	LockLauncherFightTarget	BindSkill	ActiveDelayTime	ExplodeOnFloor	DodgeLimitMark	HitEffectUseMissileDirection	IgnoreNpcTimeScale	ScaleTimeOnHit	TimeScale	TimeScaleDuration
10060101	普攻-1-1	1	3	4		2	0			4		0.1			-1		FxR2ShenweiAttack01Shouji						-1			1					0	0	0	0							0	3	30	0.2	0.1	100601011	100600	100616				100616		100601012	1.3		1	1		1			1	1				
10060201	普攻-2-1	1	3	4		2	0			4		0.1			-1		FxR2ShenweiAttack02Shouji01						-1			1					0	0	0	0							0	3	30	0.2	0.1	100602011	100601	100615				100615		100602012	1.3		1	1		1			1	1				
10060202	普攻-2-2	1	8	4		2	0			4		0.1			-1		FxR2ShenweiAttack02Shouji02						-1			1					0	0	0	0							0	3	30	0.2	0.1	100602021	100601	100615				100615		100602022	1.3		1	1		1			1	1				
10060301	普攻-3-1	1	3	4		2	0			4		0.1			-1		FxR2ShenweiAttack03Shouji						-1			1					0	0	0	0							0	3	30	0.2	0.15	100603011	100602	100616				100616		100603012	1.3		1	1		1			1	1				
10060401	普攻-4-1	1	3	4		2	0			4		0.1			-1		FxR2ShenweiAttack04Shouji						-1			1					0	0	0	0							0	3	30	0.2	0.08	100604011	100603							100604012	1.3		1	1		1			1	1				
10060501	红消-1-1	1	3	5		2.5	0			4		0.1			-1		FxR2ShenweiAttack11Shouji						-1			1					0	0	0	0							0	3	30	0.2	0.15	100605011	100610	100618				100618		100605012	0.5			0		1			1	1				
10060601	红消-2-1	1	3	5		2.5	0			4		0.1			-1		FxR2ShenweiAttack11Shouji						-1			1					0	0	0	0							0	3	30	0.2	0.15	100606011	100611	100618				100618		100606012	0.5			0		1			1	1				
10060701	红消-3-1	1	3	5		2.5	0			4		0.1			-1		FxR2ShenweiAttack11Shouji						-1			1					0	0	0	0			1	10060702			0	3	30	0.2	0.18	100607011	100612	100618				100618		100607012	0.5		1	0					1	1				
10060702	红消-3-1	1	3	5			0			4		0.1			-1		FxR2ShenweiAttack11Shouji					1	-1			1					0	0	0	2							0	3		0.2	0.15	100607021	100612							100607022	0.5		1	0					1	1				
10061101	蓝消-1-1	2	3.5				0			4		0.1			-1		FxR2ShenweiAttack21Shouji						-1			1					0	0	0	0							0	2		0.2	0.1	100611011	100626	100623							1.3		1	0		1			1	1				
10061102	蓝消-1-2	2	3.5				0			4		0.1			-1		FxR2ShenweiAttack21Shouji						-1			1					0	0	0	0							0	2	90	0.2	0.1	100611021	100626							100611022	1.3		1	0		1			1	1				
10061103	蓝消-1-3	2	5				0			4		0.1			-1		FxR2ShenweiAttack21Shouji						-1			1					0	0	0	0							0	2	90	0.2	0.2	100611031	100626	200102				200102		100611032	1.3		1	0		1			1	1				
10061201	蓝消-2-1	2	3.5				0			4		0.1			-1		FxR2ShenweiAttack21Shouji						-1			1					0	0	0	0							0	2		0.2	0.1	100612011	100627	100624							1.3		1	0		1			1	1				
10061202	蓝消-2-2	2	3.5				0			4		0.1			-1		FxR2ShenweiAttack21Shouji						-1			1					0	0	0	0							0	2	90	0.2	0.1	100612021	100627							100612022	1.3		1	0		1			1	1				
10061203	蓝消-2-3	2	5				0			4		0.1			-1		FxR2ShenweiAttack21Shouji						-1			1					0	0	0	0							0	2	90	0.2	0.2	100612031	100627	200102				200102		100612032	1.3		1	0		1			1	1				
10061301	蓝消-3-1	2	4.5				0			4		0.1			-1		FxR2ShenweiAttack21Shouji						-1			1					0	0	0	0							0	2		0.2	0.1	100613011	100628	100625							1.3		1	0		1			1	1				
10061302	蓝消-3-2	2	4.5				0			4		0.1			-1		FxR2ShenweiAttack21Shouji						-1			1					0	0	0	0							0	2	90	0.2	0.1	100613021	100628							100613022	1.3		1	0		1			1	1				
10061303	蓝消-3-3	2	6				0			4		0.1			-1		FxR2ShenweiAttack21Shouji						-1			1					0	0	0	0							0	2	90	0.2	0.2	100613031	100628	200102				200102		100613032	1.3		1	0		1			1	1				
10061308	蓝消-3-8	2	8				0			4		0.1			-1		FxR2ShenweiAttack21Shouji					0.5	-1			1					0	0	0	0							0	3		0.2	0.1	100613081	100628								1.3		1	0					1	1				
10061401	QTE-1	2	2.5	5		2.5	0			4		0.1			-1		FxR2ShenweiQteShouji						-1			1					0	0	0	0							0	3		0.2	0.15	100614011	100651								0.5		1	0					1	1				
10061402	QTE-2	1	2.5	5		2.5	0			4		0.1			-1		FxR2ShenweiQteShouji						-1			1					0	0	0	0							0	3		0.2	0.15	100614021	100651	100652	100653						0.5		1	0					1	1				
10061701	大招-1	1	8	6		3	0			4		0.1			-1		FxR2ShenweiAttack51Shouji						-1			1					0	0	0	0			1	10061710			0	3	90	0.2	0.1	100617011	100661	100664	100663						1.3		1	0					1	1				
10061702	大招-2	2	0.1				2			4		2			-1						FxR2ShenweiAttack51Dandao		-1			1	-1.25				0	0	0	0							0	3		0.2	0.1										0	HitCase		0					0	1				
10061707	大招-镜头2	2	999				0			4		0.1			-1								-1			1					0	0	0	0							0	3		0.2	0		100662								0	HitCase		0					0	1				
10061710	大招-10	1	8	6		3	0			4		0.3			-1	1	FxR2ShenweiAttack51Shouji		0.1			1	-1			1					0	0	0	0							0	3	90	0.2	0.1	100617101	100661								1.3		1	0					1	1				
10062201	出场技-1	1	3	5		2.5	0			4		0.1			-1		FxR2ShenweiAttack11Shouji						-1			1					0	0	0	0			1	10060702			0	3	30	0.2	0.18	100622011	100612	100618				100618		100622012	0.5		1	0					1	1				
10062202	出场技-1	1	3	5			0			4		0.1			-1		FxR2ShenweiAttack11Shouji					1	-1			1					0	0	0	2							0	3		0.2	0.15	100622021	100612							100622022	0.5		1	0					1	1				
10062401	黄消-一般反击1-1	1	4	4		2	0			4		0.1			-1		FxR2ShenweiAttack41Shouji						-1			1					0	0	0	0	0.1		1	10062402			0	3	30	0.2	0.18	100624011	200103	100683					200103		1.4			0					1	1				
10062402	黄消-一般反击1-2	1	4	3		0.6	33			4		3			-1		FxR2ShenweiAttack41Shouji				FxR2ShenweiAttack41Dandao		-1			1					0	0	0	0							0	3		0.2	0.15	100624021	100683								0	HitCase		0					1	1				
10062501	黄消-一般反击2-1	1	4	4		2	0			4		0.1			-1		FxR2ShenweiAttack41Shouji						-1			1					0	0	0	0	0.1		1	10062502			0	3	30	0.2	0.18	100625011	200103	100684					200103		1.4			0					1	1				
10062502	黄消-一般反击2-2	1	4	3		0.6	33			4		3			-1		FxR2ShenweiAttack41Shouji				FxR2ShenweiAttack41Dandao		-1			1					0	0	0	0							0	3		0.2	0.15	100625021	100684								0	HitCase		0					1	1				
10062601	黄消-一般反击3-1	1	4	4		2	0			4		0.1			-1		FxR2ShenweiAttack41Shouji						-1			1					0	0	0	0	0.1		1	10062602			0	3	30	0.2	0.18	100626011	200103	100685					200103		1.4			0					1	1				
10062602	黄消-一般反击3-2	1	4	3		0.6	33			4		3			-1		FxR2ShenweiAttack41Shouji				FxR2ShenweiAttack41Dandao		-1			1					0	0	0	0							0	3		0.2	0.15	100626021	100685								0	HitCase		0					1	1				
10062701	黄消-格挡反击1-1	2	10				0			4		0.2			-1		FxR2ShenweiAttack42Shouji						-1			1					0	0	0	0	0.1		1	10062704			0	3	30	0.2	0.18	100627011	100630	200104				200104			1.2			0					1	1				
10062704	黄消-格挡反击1-4	1	4	3		0.5	33			4		3			-1		FxR2ShenweiAttack42Shouji				FxR2ShenweiAttack42Dandao		-1			1					0	0	0	0							0	3		0.2	0.15	100627041	100630								1.2	HitCase		0					1	1				
10062801	黄消-格挡反击2-1	2	10				0			4		0.2			-1		FxR2ShenweiAttack42Shouji						-1			1					0	0	0	0	0.1		1	10062804			0	3	30	0.2	0.18	100628011	100631	200104				200104			1.2			0					1	1				
10062804	黄消-格挡反击2-4	1	4	3		0.5	33			4		3			-1		FxR2ShenweiAttack42Shouji				FxR2ShenweiAttack42Dandao		-1			1					0	0	0	0							0	3		0.2	0.15	100628041	100631								1.2	HitCase		0					1	1				
10062901	黄消-格挡反击3-1	2	10				0			4		0.2			-1		FxR2ShenweiAttack42Shouji						-1			1					0	0	0	0	0.1		1	10062904			0	3	30	0.2	0.18	100629011	100632	200104				200104			1.2			0					1	1				
10062904	黄消-格挡反击3-4	1	4	3		0.5	33			4		3			-1		FxR2ShenweiAttack42Shouji				FxR2ShenweiAttack42Dandao		-1			1					0	0	0	0							0	3		0.2	0.15	100629041	100632								1.2	HitCase		0					1	1				
10063001	普攻-1-1	1	3	4		2	0			4		0.1			-1		FxR2ShenweiAttack01Shouji						-1			1					0	0	0	0							0	3	30	0.2	0.1	100630011	100600	100616				100616		100630012	1.3		1	1		1			1	1				
10110101	普攻1-子弹1	1	2	7		3.25	0			4		0.1			-1		FxR3LiangAttack01Shouji						-1			1					0	0	0	0							0	3		0.15	0.08	101101011	101101								1.2		1	0					1	1				
10110102	普攻1-子弹2	1	2	7		3.55	0			4		0.1			-1		FxR3LiangAttack01Shouji						-1			1					0	0	0	0							0	3		0.15	0.08	101101021	101101								0.8		1	0					1	1				
10110103	普攻1-子弹3	1	2	7		3.25	0			4		0.1			-1		FxR3LiangAttack01Shouji						-1			1					0	0	0	0							0	3		0.15	0.08	101101031	101101								0.8		1	0					1	1				
10110201	普攻2-散弹	3	6	100			0		-80	4		0.25			-1	1	FxR3LiangAttack01Shouji		0.05				-1			2	650	600	0	0	0	0	0	0							0	3		0.15	0.08	101102011	101102								0.8		1	0					1	1				
10110301	普攻3-子弹1	1	2	6		3	0			4		0.1			-1		FxR3LiangAttack01Shouji						-1			1					0	0	0	0							0	3		0.2	0.1	101103011	101103								1		1	0					1	1				
10110302	普攻3-子弹2	1	2	6		3.3	0			4		0.1			-1		FxR3LiangAttack01Shouji						-1			1					0	0	0	0							0	3		0.2	0.1	101103021	101103								0.8		1	0					1	1				
10110303	普攻3-脚踢	1	2	6		3	0			4		0.1			-1		FxR3LiangAttack01Shouji						-1			1					0	0	0	0							0	3		0.2	0.1	101103031	101103	101107				101107			1.4		1	0					1	1				
10110305	普攻3-虫洞	2	0.1				0			4		1.1			-1						FxR3LiangAttack03zha		-1			1					0	0	0	0			1	10110306			0	3		0.2	0.1										0			0		0			1	1				
10110306	普攻3-虫洞伤害	1	2	1.7		2.7	0			4		0.2			-1	1	FxR3LiangAttack01Shouji		0.1				-1			1					0	0	0	2							3	3		0.2	0.1	101103061	101103								1.5		1	0		0			1	1				
10110401	普攻4-空中范围	2	6				0			4		0.1			-1		FxR3LiangAttack01Shouji						-1			1					0	0	0	0							0	3		0.2	0.1	101104011	101104								1.4		1	1					1	1				
10110402	普攻4-2	2	6				0			4		0.1			-1		FxR3LiangAttack01Shouji						-1			1					0	0	0	0							0	3		0.2	0.1	101104021	101104								1.5		1	1					1	1				
10110403	普攻4-3	2	6				0			4		0.1			-1		FxR3LiangAttack01Shouji						-1			1					0	0	0	0							0	3		0.2	0.1	101104031	101104								1.3		1	1					1	1				
10110404	普攻4-4	2	6				0			4		0.1			-1		FxR3LiangAttack01Shouji						-1			1					0	0	0	0							0	3		0.2	0.1	101104041	101104								0.9		1	1					1	1				
10110405	普攻4-5	2	6				0			4		0.1			-1		FxR3LiangAttack01Shouji						-1			1					0	0	0	0							0	3		0.2	0.1	101104051	101104								0.7		1	1					1	1				
10110501	普攻5-前向连续射击	1	2	6		3	0			4		0.1			-1		FxR3LiangAttack01Shouji						-1			1					0	0	0	0							0	3		0.2	0.1	101105011	101105								0.8		1	0					1	1				
10110502	普攻5-2	1	2	6		3	0			4		0.1			-1		FxR3LiangAttack01Shouji						-1			1					0	0	0	0							0	3		0.2	0.1	101105021	101105								0.8		1	0					1	1				
10110503	普攻5-3	1	2	6		3	0			4		0.1			-1		FxR3LiangAttack01Shouji						-1			1					0	0	0	0							0	3		0.2	0.1	101105031	101105								0.8		1	0					1	1				
10110504	普攻5-4	1	2	6		3	0			4		0.1			-1		FxR3LiangAttack01Shouji						-1			1					0	0	0	0							0	3		0.2	0.1	101105041	101105								0.8		1	0					1	1				
10110505	普攻5-5	1	2	6		3	0			4		0.1			-1		FxR3LiangAttack01Shouji						-1			1					0	0	0	0							0	3		0.2	0.1	101105051	101105								0.8		1	0					1	1				
10110601	普攻6-一次性伤害	1	3	11		5.5	0			4		0.1			-1		FxR3LiangAttack01Shouji						-1			1					0	0	0	0							0	3		0.2	0.1	101106011	101106								1.2		1	0					1	1				
10110701	红球1消-1	1	4	6		3	50			4		1			-1	1	FxR3LiangAttack01Shouji		0.1				-1			1					0	0	0	0							0	3		0.1	0.07	101107011	101110								1.3		1	1		1			1	1				
10110801	红球2消-1	1	4	6		3	50			4		1			-1	1	FxR3LiangAttack01Shouji		0.1				-1			1					0	0	0	0							0	3		0.1	0.07	101108011	101111								1.3		1	1		1			1	1				
10110901	红球3消-1	1	4	6		3	50			4		1			-1	1	FxR3LiangAttack01Shouji		0.1				-1			1					0	0	0	0							0	3		0.1	0.07	101109011	101112								1.3		1	1		1			1	1				
10111001	蓝球1消-1	1	3	6		3	0			4		0.1			-1		FxR3LiangAttack01Shouji						-1			1					0	0	0	0							0	3		0.2	0.1	101110011	101120								1.2		1	0					1	1				
10111003	蓝球1消-3	2	5				0			4		3			-1	1	FxR3LiangAttack21Shouji		0.5		FxR3LiangAttack21Dandao		-1			1					0	0	0	2	9999		1	10111006	1		2	3		0.1	0.07		101123	101126	101129						0	HitCase		0					0	1				
10111005	蓝球1消远程子弹	2	0.5				60			4		0.15		1	1								1			1					0	0	0	0	9999		1	10111003	1		0	3		0.2	0.1										0	HitCase		0					0	1				
10111006	蓝球1消怪物特效	2	5				0			4		5			-1	1			1				-1			1					0	0	0	2							2	3		0	0	101110061	101126								0	HitCase		0					0	1				
10111101	蓝球2消-1	1	3	6		3	0			4		0.1			-1		FxR3LiangAttack01Shouji						-1			1					0	0	0	0							0	3		0.2	0.1	101111011	101121								1.2		1	0					1	1				
10111103	蓝球2消-3	2	5				0			4		4			-1	1	FxR3LiangAttack21Shouji		0.5		FxR3LiangAttack22Dandao		-1			1					0	0	0	2	9999		1	10111106	1		2	3		0.1	0.07		101124	101127	101129						0	HitCase		0					0	1				
10111105	蓝球2消远程子弹	2	0.5				60			4		0.15		1	1								1			1					0	0	0	0	9999		1	10111103	1		0	3		0.2	0.1										0	HitCase		0					0	1				
10111106	蓝球2消怪物特效	2	5				0			4		5			-1	1			1				-1			1					0	0	0	2							2	3		0	0	101111061	101127								0	HitCase		0					0	1				
10111201	蓝球3消-1	1	3	6		3	0			4		0.1			-1		FxR3LiangAttack01Shouji						-1			1					0	0	0	0							0	3		0.2	0.1	101112011	101122								1.2		1	0					1	1				
10111203	蓝球3消-伤害子弹	2	5				0			4		5			-1	1	FxR3LiangAttack21Shouji		0.5		FxR3LiangAttack23Dandao		-1			1					0	0	0	2	9999		1	10111206	1		2	3		0.1	0.07		101125	101129							0	HitCase		0					0	1				
10111205	蓝球3消-远程子弹	2	0.5				60			4		0.15		1	1								1			1					0	0	0	0	9999		1	10111203	1		0	3		0.2	0.1										0	HitCase		0					0	1				
10111206	蓝球3消-拖拽子弹	2	5				0			4		5			-1	1			1				-1			1					0	0	0	2							2	3		0	0	101112061	101128								0	HitCase		0					0	1				
10111301	黄球1消-脚踩1	1	3	3		1.5	0			4		0.1			-1		FxR3LiangAttack31Shouji						-1			1					0	0	0	0							0	3		0.2	0.1	101113011	101130								0.8			0					1	1				
10111302	黄球1消-脚踩2	1	3	3		1.5	0			4		0.1			-1		FxR3LiangAttack31Shouji						-1			1					0	0	0	0							0	3		0.2	0.1	101113021	101130	101108				101108			1			0					1	1				
10111303	黄球1消-发射子弹	1	3	5		2.5	0			4		0.1			-1		FxR3LiangAttack31Shouji			WeaponCase2			-1			1					0	0	0	0							0	3		0.2	0.1	101113031	101131	101136							1.2			0					1	1				
10111313	黄球触发-1-特效	2	0.1				0			4		1			-1		FxR3LiangChongdong01						-1			1					0	0	0	1	0.1		1	10111314			1	3		0.2	0.1										0			0		0			0	1				
10111314	黄球触发-1-1	2	1				0			4		0.1			-1		FxR3LiangChongdongShouji						-1			1					0	0	0	2							2	3		0.2	0.1	101113141	101145							101113142	1.3			0		0			0	1				
10111315	黄球触发-2-特效	2	0.1				0			4		1			-1		FxR3LiangChongdong02						-1			1					0	0	0	1	0.1		1	10111316			1	3		0.2	0.1										0			0		0			0	1				
10111316	黄球触发-2-1	2	1				0			4		0.1			-1		FxR3LiangChongdongShouji						-1			1					0	0	0	2							2	3		0.2	0.1	101113161	101145							101113162	1.3			0		0			0	1				
10111317	黄球触发-3-特效	2	0.1				0			4		1			-1		FxR3LiangChongdong03						-1			1					0	0	0	1	0.1		1	10111318			1	3		0.2	0.1										0			0		0			0	1				
10111318	黄球触发-3-1	2	1				0			4		0.1			-1		FxR3LiangChongdongShouji						-1			1					0	0	0	2							2	3		0.2	0.1	101113181	101145							101113182	1.3			0		0			0	1				
10111319	黄球触发-4-特效	2	0.1				0			4		1			-1		FxR3LiangChongdong04						-1			1					0	0	0	1	0.1		1	10111320			1	3		0.2	0.1										0			0		0			0	1				
10111320	黄球触发-4-1	2	1				0			4		0.1			-1		FxR3LiangChongdongShouji						-1			1					0	0	0	2							2	3		0.2	0.1	101113201	101145							101113202	1.3			0		0			0	1				
10111321	黄球触发-5-特效	2	0.1				0			4		1			-1		FxR3LiangChongdong05						-1			1					0	0	0	1	0.1		1	10111322			1	3		0.2	0.1										0			0		0			0	1				
10111322	黄球触发-5-1	2	1				0			4		0.1			-1		FxR3LiangChongdongShouji						-1			1					0	0	0	2							2	3		0.2	0.1	101113221	101145							101113222	1.3			0		0			0	1				
10111323	黄球触发-6-特效	2	0.1				0			4		1			-1		FxR3LiangChongdong06						-1			1					0	0	0	1	0.1		1	10111324			1	3		0.2	0.1										0			0		0			0	1				
10111324	黄球触发-6-1	2	1				0			4		0.1			-1		FxR3LiangChongdongShouji						-1			1					0	0	0	2							2	3		0.2	0.1	101113241	101145							101113242	1.3			0		0			0	1				
10111401	黄球2消-脚踩1	1	3	3		1.5	0			4		0.1			-1		FxR3LiangAttack31Shouji						-1			1					0	0	0	0							0	3		0.2	0.1	101114011	101132								0.8			0					1	1				
10111402	黄球2消-脚踩2	1	3	3		1.5	0			4		0.1			-1		FxR3LiangAttack31Shouji						-1			1					0	0	0	0							0	3		0.2	0.1	101114021	101132	101108				101108			1			0					1	1				
10111403	黄球2消-发射子弹	1	3	5		2.5	0			4		0.1			-1		FxR3LiangAttack31Shouji			WeaponCase2			-1			1					0	0	0	0							0	3		0.2	0.1	101114031	101133	101137							1.2			0					1	1				
10111413	黄球触发-1-特效	2	0.1				0			4		1			-1		FxR3LiangChongdong01						-1			1					0	0	0	1	0.1		1	10111414			1	3		0.2	0.1										0			0		0			0	1				
10111414	黄球触发-1-1	2	1				0			4		0.1			-1		FxR3LiangChongdongShouji						-1			1					0	0	0	2							2	3		0.2	0.1	101114141	101146							101114142	1.3			0		0			0	1				
10111415	黄球触发-2-特效	2	0.1				0			4		1			-1		FxR3LiangChongdong02						-1			1					0	0	0	1	0.1		1	10111416			1	3		0.2	0.1										0			0		0			0	1				
10111416	黄球触发-2-1	2	1				0			4		0.1			-1		FxR3LiangChongdongShouji						-1			1					0	0	0	2							2	3		0.2	0.1	101114161	101146							101114162	1.3			0		0			0	1				
10111417	黄球触发-3-特效	2	0.1				0			4		1			-1		FxR3LiangChongdong03						-1			1					0	0	0	1	0.1		1	10111418			1	3		0.2	0.1										0			0		0			0	1				
10111418	黄球触发-3-1	2	1				0			4		0.1			-1		FxR3LiangChongdongShouji						-1			1					0	0	0	2							2	3		0.2	0.1	101114181	101146							101114182	1.3			0		0			0	1				
10111419	黄球触发-4-特效	2	0.1				0			4		1			-1		FxR3LiangChongdong04						-1			1					0	0	0	1	0.1		1	10111420			1	3		0.2	0.1										0			0		0			0	1				
10111420	黄球触发-4-1	2	1				0			4		0.1			-1		FxR3LiangChongdongShouji						-1			1					0	0	0	2							2	3		0.2	0.1	101114201	101146							101114202	1.3			0		0			0	1				
10111421	黄球触发-5-特效	2	0.1				0			4		1			-1		FxR3LiangChongdong05						-1			1					0	0	0	1	0.1		1	10111422			1	3		0.2	0.1										0			0		0			0	1				
10111422	黄球触发-5-1	2	1				0			4		0.1			-1		FxR3LiangChongdongShouji						-1			1					0	0	0	2							2	3		0.2	0.1	101114221	101146							101114222	1.3			0		0			0	1				
10111423	黄球触发-6-特效	2	0.1				0			4		1			-1		FxR3LiangChongdong06						-1			1					0	0	0	1	0.1		1	10111424			1	3		0.2	0.1										0			0		0			0	1				
10111424	黄球触发-6-1	2	1				0			4		0.1			-1		FxR3LiangChongdongShouji						-1			1					0	0	0	2							2	3		0.2	0.1	101114241	101146							101114242	1.3			0		0			0	1				
10111501	黄球3消-脚踩1	1	3	3		1.5	0			4		0.1			-1		FxR3LiangAttack31Shouji						-1			1					0	0	0	0							0	3		0.2	0.1	101115011	101134								0.8			0					1	1				
10111502	黄球3消-脚踩2	1	3	3		1.5	0			4		0.1			-1		FxR3LiangAttack31Shouji						-1			1					0	0	0	0							0	3		0.2	0.1	101115021	101134	101108				101108			1			0					1	1				
10111503	黄球3消-发射子弹	1	3	5		2.5	0			4		0.1			-1		FxR3LiangAttack31Shouji			WeaponCase2			-1			1					0	0	0	0							0	3		0.2	0.1	101115031	101135	101138							1.2			0					1	1				
10111513	黄球触发-1-特效	2	0.1				0			4		1			-1		FxR3LiangChongdong01						-1			1					0	0	0	1	0.1		1	10111514			1	3		0.2	0.1										0			0		0			0	1				
10111514	黄球触发-1-1	2	1				0			4		0.1			-1		FxR3LiangChongdongShouji						-1			1					0	0	0	2							2	3		0.2	0.1	101115141	101147							101115142	1.3			0		0			0	1				
10111515	黄球触发-2-特效	2	0.1				0			4		1			-1		FxR3LiangChongdong02						-1			1					0	0	0	1	0.1		1	10111516			1	3		0.2	0.1										0			0		0			0	1				
10111516	黄球触发-2-1	2	1				0			4		0.1			-1		FxR3LiangChongdongShouji						-1			1					0	0	0	2							2	3		0.2	0.1	101115161	101147							101115162	1.3			0		0			0	1				
10111517	黄球触发-3-特效	2	0.1				0			4		1			-1		FxR3LiangChongdong03						-1			1					0	0	0	1	0.1		1	10111518			1	3		0.2	0.1										0			0		0			0	1				
10111518	黄球触发-3-1	2	1				0			4		0.1			-1		FxR3LiangChongdongShouji						-1			1					0	0	0	2							2	3		0.2	0.1	101115181	101147							101115182	1.3			0		0			0	1				
10111519	黄球触发-4-特效	2	0.1				0			4		1			-1		FxR3LiangChongdong04						-1			1					0	0	0	1	0.1		1	10111520			1	3		0.2	0.1										0			0		0			0	1				
10111520	黄球触发-4-1	2	1				0			4		0.1			-1		FxR3LiangChongdongShouji						-1			1					0	0	0	2							2	3		0.2	0.1	101115201	101147							101115202	1.3			0		0			0	1				
10111521	黄球触发-5-特效	2	0.1				0			4		1			-1		FxR3LiangChongdong05						-1			1					0	0	0	1	0.1		1	10111522			1	3		0.2	0.1										0			0		0			0	1				
10111522	黄球触发-5-1	2	1				0			4		0.1			-1		FxR3LiangChongdongShouji						-1			1					0	0	0	2							2	3		0.2	0.1	101115221	101147							101115222	1.3			0		0			0	1				
10111523	黄球触发-6-特效	2	0.1				0			4		1			-1		FxR3LiangChongdong06						-1			1					0	0	0	1	0.1		1	10111524			1	3		0.2	0.1										0			0		0			0	1				
10111524	黄球触发-6-1	2	1				0			4		0.1			-1		FxR3LiangChongdongShouji						-1			1					0	0	0	2							2	3		0.2	0.1	101115241	101147							101115242	1.3			0		0			0	1				
10111602	大招-特效子弹	2	0.1				0			4		2			-1						FxR3LiangAttack51Dandao		-1			1					0	0	0	2			1	10111603	1		2	3		0.2	0.1										0			0					0	1				
10111603	大招-伤害子弹	2	3				0			4		0.2			-1		FxR3LiangAttack01Shouji					0.1	-1			1					0	0	0	2			1	10111613	1		3	2		0.2	0.15	101116031	101152								1.3			0					1	1				
10111610	大招-红边	2	0.1				0			4		0.1			-1						FxR3LiangAttack51Dianji		-1			1					0	0	0	0							0	3		0.2	0.1										0	HitCase		0					0	1				
10111611	大招-延迟子弹	2	0.1				0			4		0.1		1	-1								-1			1					0	0	0	3			1	10111602	1		4	3		0.2	0.1										0	HitCase		0					0	1				
10111612	大招-击退子弹	2	4				0			4		4.5			-1	1			0.05				-1			1					0	0	0	0							0	2		0	0		101155								1.3			0					0	1				
10111613	大招-震屏子弹	2	99				0			1		0.1			-1								-1			1					0	0	0	2							2	3		0.2	0.1									101116132	0	HitCase		0					0	1				
10111616	大招-16	2	999				0			4		0.1			-1								-1			1					0	0	0	0							0	3		0.2	0		101162	101163							0	HitCase		0					0	1				
10112001	出场技-1	1	3	6		3	0			4		0.1			-1		FxR3LiangAttack01Shouji						-1			1					0	0	0	0							0	3		0.2	0.1	101120011	101122								1.2		1	0					1	1				
10112003	出场技-3	2	5				0			4		5			-1	1	FxR3LiangAttack21Shouji		0.5		FxR3LiangAttack23Dandao		-1			1					0	0	0	2	9999		1	10111206	1		2	3		0.1	0.07		101125	101129							0	HitCase		0					0	1				
10112005	出场技-5	2	0.5				60			4		0.15		1	1								1			1					0	0	0	0	9999		1	10111203	1		0	3		0.2	0.1										0	HitCase		0					0	1				
10112006	出场技-6	2	5				0			4		5			-1	1			1				-1			1					0	0	0	2							2	3		0	0	101120061	101128								0	HitCase		0					0	1				
10112201	QTE-1	2	6				0			4		0.3			-1	1	FxR3LiangAttack01Shouji		0.1				-1			1					0	0	0	0							0	3		0.2	0.1	101122011	101143	101144							1.2			0					1	1				
10112202	QTE-1	1	4	6		3	0			4		0.1			-1		FxR3LiangAttack01Shouji						-1			1					0	0	0	0							0	3		0.2	0.1	101122021	101143	101144							1.2			0					1	1				
10112203	QTE-2	1	4	7		3.5	0			4		0.1			-1		FxR3LiangAttack01Shouji						-1			1					0	0	0	0							0	3		0.2	0.1	101122031	101143	101144							1.2			0					1	1				
10112204	QTE-3	1	4	8		4	0			4		0.1			-1		FxR3LiangAttack01Shouji						-1			1					0	0	0	0							0	3		0.2	0.1	101122041	101143	101144							1.2			0					1	1				
10112205	QTE-4	1	4	9		4.5	0			4		0.1			-1		FxR3LiangAttack01Shouji						-1			1					0	0	0	0							0	3		0.2	0.1	101122051	101143	101144							1.2			0					1	1				
10112206	QTE-5	1	4	10		5	0			4		0.1			-1		FxR3LiangAttack01Shouji						-1			1					0	0	0	0							0	3		0.2	0.1	101122061	101143	101144							1.2			0					1	1				
10112301	强化红球-伤害1	1	4	8		4	50			4		1		1	-1	1	FxR3LiangAttack01Shouji		0.1				-1			1					0	0	0	0	999		1	10112308	1		0	3		0.1	0.07	101123011	101115								1.3		1	1		1			1	1				
10112302	强化红球-伤害2	1	4	8		4	0			4		1			-1	1	FxR3LiangAttack01Shouji		0.1				-1			1					0	0	0	2			1	10112305			2	3		0.1	0.07	101123021	101115								1.3		1	0					1	1				
10112308	强化红球-过渡子弹	2	5			-4	0			4		0.35		1	-1								-1			1					0	0	0	2	999		1	10112302	1		2	3		0.2	0.1										0	HitCase	1	0		1			0	1				
10030101	普攻1-1	1	3	10		5	0			4		0.1			-1		FxR1LifuAttack01Shouji						-1			1					0	0	0	0							0	3	330	0.2	0.07	100301011	100349								1.3		1	0					1	1				
10030201	普攻2-1	1	3	10		5	0			4		0.1			-1		FxR1LifuAttack01Shouji						-1			1					0	0	0	0							0	3	30	0.2	0.07	100302011	100350								1.3		1	0					1	1				
10030301	普攻3-1	1	3	3			0			4		0.1			-1		FxR1LifuAttack01Shouji						-1			1					0	0	0	1							0	3		0.2	0.09	100303011	100351								1.3		1	0					1	1				
10030302	普攻3-2	1	3	3			0			4		0.1			-1		FxR1LifuAttack01Shouji						-1			1					0	0	0	1							0	3		0.2	0.09	100303021	100351								1.3		1	0					1	1				
10030401	普攻4-1	1	3	10		5	0			4		0.1			-1		FxR1LifuAttack01Shouji						-1			1					0	0	0	0							0	3	30	0.2	0.09	100304011	100352								1.3		1	0					1	1				
10030501	普攻5-1	1	4	4			0			4		0.1			-1		FxR1LifuAttack01Shouji						-1			1					0	0	0	1							1	3	30	0.2	0.09	100305011	100353								1.3		1	0					1	1				
10030502	普攻5-2	1	4	4			0			4		0.1			-1		FxR1LifuAttack01Shouji						-1			1					0	0	0	1							1	3	330	0.2	0.09	100305021	100353								1.3		1	0					1	1				
10030503	普攻5-3	1	4	4			0			4		0.1			-1		FxR1LifuAttack01Shouji						-1			1					0	0	0	1							1	3	80	0.2	0.12	100305031	100353								1.3		1	0					1	1				
10030504	普攻5-4	1	4	4			0			4		0.1			-1		FxR1LifuAttack01Shouji						-1			1					0	0	0	1							1	3	280	0.2	0.12	100305041	100353								1.3		1	0					1	1				
10030607	红球炮击-1-7	1	3	10		5	0			4		0.1			-1		FxR1LifuAttack11Shouji						-1			1					0	0	0	0							0	3	30	0.2	0.1	100306071	100305								0	HitCase		0					1	1				
10030707	红球炮击-2-7	1	3	10		5	0			4		0.1			-1		FxR1LifuAttack11Shouji						-1			1					0	0	0	0							0	3	30	0.2	0.1	100307071	100306								0	HitCase		0					1	1				
10030807	红球炮击-3-7	1	3	10		5	0			4		0.1			-1		FxR1LifuAttack11Shouji						-1			1					0	0	0	0							0	3	30	0.2	0.1	100308071	100307								0	HitCase		0					1	1				
10030901	蓝球放阵-1-1	2	6				0			4		2			-1		FxR1LifuAttack21Shouji						-1			1					0	0	0	0							0	2		0.2	0.07	100309011	100308								0	HitCase	1	0					1	1				
10030902	蓝球放阵-1-2	2	6				0			3		2			-1		FxTongyongCureshouji						-1			1					0	0	0	0							0	3		0.2	0.1		100332								0	HitCase		0					0	1				
10030903	蓝球放阵-1-3	2	6				0			4		0.05			-1								-1			1					0	0	0	0							0	3		0.2	0.1		100364								0	HitCase		0					0	1				
10031001	蓝球放阵-2-1	2	6				0			4		2			-1		FxR1LifuAttack21Shouji						-1			1					0	0	0	0							0	2		0.2	0.07	100310011	100309								0	HitCase	1	0					1	1				
10031002	蓝球放阵-2-2	2	6				0			3		2			-1		FxTongyongCureshouji						-1			1					0	0	0	0							0	3		0.2	0.1		100367								0	HitCase		0					0	1				
10031003	蓝球放阵-2-3	2	6				0			4		0.05			-1								-1			1					0	0	0	0							0	3		0.2	0.1		100365								0	HitCase		0					0	1				
10031101	蓝球放阵-3-1	2	6				0			4		2			-1		FxR1LifuAttack21Shouji						-1			1					0	0	0	0							0	2		0.2	0.07	100311011	100310								0	HitCase	1	0					1	1				
10031102	蓝球放阵-3-2	2	6				0			3		2			-1		FxTongyongCureshouji						-1			1					0	0	0	0							0	3		0.2	0.1		100368								0	HitCase		0					0	1				
10031103	蓝球放阵-3-3	2	6				0			4		0.05			-1								-1			1					0	0	0	0							0	3		0.2	0.1		100366								0	HitCase		0					0	1				
10031201	黄球黑洞-1-1	2	5			1.1	0			4		1			-1	1			0.05		FxR1LifuAttack31Dandao		-1			1					0	0	0	1			1	10031202			0	2		0.2	0.1		100314								0	HitCase		0					1	1				
10031202	黄球黑洞-1-2	2	5				0			4		1.1			-1	1	FxR1LifuAttack31Shouji		0.5				-1			1					0	0	0	2	1		1	10031203			0	2		0.2	0.07		100317								0	HitCase		0					0	1				
10031203	黄球黑洞-1-3	2	5				0			4		0.1			-1		FxR1LifuAttack31Shouji				FxR1LifuAttack31Zha		-1			1					0	0	0	2							0	2		0.2	0.1	100312031	100311							100312032	0	HitCase		0					0	1				
10031301	黄球黑洞-2-1	2	5			1.1	0			4		2			-1	1			0.05		FxR1LifuAttack32Dandao		-1			1					0	0	0	1			1	10031302			0	2		0.2	0.1		100315								0	HitCase		0					1	1				
10031302	黄球黑洞-2-1	2	5				0			4		2.1			-1	1	FxR1LifuAttack31Shouji		0.5				-1			1					0	0	0	2	2		1	10031303			0	2		0.2	0.07		100318								0	HitCase		0					0	1				
10031303	黄球黑洞-2-3	2	5				0			4		0.1			-1		FxR1LifuAttack31Shouji				FxR1LifuAttack32Zha		-1			1					0	0	0	2							0	2		0.2	0.1	100313031	100312							100313032	0	HitCase		0					0	1				
10031401	黄球黑洞-3-1	2	5			1.1	0			4		3			-1	1			0.05		FxR1LifuAttack33Dandao		-1			1					0	0	0	1			1	10031402			0	2		0.2	0.1		100316								0	HitCase		0					1	1				
10031402	黄球黑洞-3-2	2	5				0			4		3.1			-1	1	FxR1LifuAttack31Shouji		0.5				-1			1					0	0	0	2	3		1	10031403			0	2		0.2	0.07		100319								0	HitCase		0					0	1				
10031403	黄球黑洞-3-3	2	5				0			4		0.1			-1		FxR1LifuAttack31Shouji				FxR1LifuAttack33Zha		-1			1					0	0	0	2							0	2		0.2	0.1	100314031	100313							100314032	0	HitCase		0					0	1				
10031503	大招-特效1	2	0.1				0			4		1.2			-1						FxR1LifuAttack51Dandao		-1			1					0	0	0	3	0.03		1	10031506			4	3		0.2	0.1										0	HitCase		0					0	1				
10031504	大招-特效2	2	0.1				0			4		1.2			-1						FxR1LifuAttack51Dandao	0.05	-1			1					0	0	0	3	0.03		1	10031507			4	3		0.2	0.1										0	HitCase		0					0	1				
10031505	大招-特效3	2	0.1				0			4		1.2			-1						FxR1LifuAttack51Dandao	0.1	-1			1					0	0	0	3	0.03		1	10031508			4	3		0.2	0.1										0	HitCase		0					0	1				
10031506	大招-伤害子弹1	2	1				0			4		0.3			-1		FxR1LifuAttack51shouji						-1			1					0	0	0	2							3	2		0.2	0.11	100315061	100339								0	HitCase	1	0					1	1				
10031507	大招-伤害子弹2	2	1				0			4		0.3			-1		FxR1LifuAttack51shouji						-1			1					0	0	0	2							3	2		0.2	0.11	100315071	100339								0	HitCase	1	0					1	1				
10031508	大招-伤害子弹3	2	1				0			4		0.3			-1		FxR1LifuAttack51shouji						-1			1					0	0	0	2							3	2		0.2	0.11	100315081	100339								0	HitCase	1	0					1	1				
10031513	大招-13	2	999				0			4		0.1			-1								-1			1					0	0	0	0							0	3		0.2	0		100369								0	HitCase		0					0	1				
10031601	出场技-1	2	5			1.1	0			4		3			-1	1			0.05		FxR1LifuAttack33Dandao		-1			1					0	0	0	1			1	10031602			0	2		0.2	0.1		100316								0	HitCase		0					1	1				
10031602	出场技-2	2	5				0			4		3.1			-1	1	FxR1LifuAttack31Shouji		0.5				-1			1					0	0	0	2	3		1	10031603			0	2		0.2	0.07		100319								0	HitCase		0					0	1				
10031603	出场技-3	2	5				0			4		0.1			-1		FxR1LifuAttack31Shouji				FxR1LifuAttack33Zha		-1			1					0	0	0	2							0	2		0.2	0.1	100316031	100313							100316032	0	HitCase		0					0	1				
10031801	QTE-1	2	3.5				0			3		0.1		1	-1		FxTongyongCureshouji						-1			1					0	0	0	0			1	10031802			0	3		0.2	0.1		100354								0	HitCase		0					0	1				
10031802	QTE-2	2	3.5				0			4		0.1			-1		FxR1LifuQteShouji						-1			1					0	0	0	2							1	3		0.2	0.1	100318021	100355								0	HitCase		0					0	1				
10032307	强化红球-子弹1	1	7	10		5	0			4		0.9			-1	1	FxR1LifuAttack11Shouji		0.1				-1			1					0	0	0	0							0	3	330	0.2	0.1	100323071	100357								1.3		1	0					1	1				
10260101	普攻1-1	1	3	5		2.5	0			4		0.1			-1		FxR2XiuMd010011Attack01Shouji01						-1			1					0	0	0	0							0	3		0	0	102601011	102601	102607						102601012	0	HitCase	1	0		1			1	1				
10260201	普攻2-1	1	4	3		1.5	0			4		0.1			-1		FxR2XiuMd010011Attack02Shouji01						-1			1					0	0	0	0							0	3		0.2	0.1	102602011	102602	102608						102602012	0	HitCase	1	0		1			1	1				
10260202	普攻2-2	2	3				0			4		0.1			-1		FxR2XiuMd010011Attack02Shouji02						-1			1					0	0	0	0							0	3		0.2	0.1	102602021	102602	102608				200005		102602022	0	HitCase	1	0		1			0	1				
10260301	普攻3-1	2	3				0			4		0.1			-1		FxR2XiuMd010011Attack03Shouji01						-1			1					0	0	0	0							0	3		0.2	0.1	102603011	102603	102608						102603012	0	HitCase	1	0		1			1	1				
10260302	普攻3-2	1	3	3		1.5	0			4		0.1			-1		FxR2XiuMd010011Attack03Shouji02						-1			1					0	0	0	0							0	3		0.2	0.1	102603021	102603	102608						102603022	0	HitCase	1	0		1			0	1				
10260401	普攻4-1	1	4	3.5		1.75	0			4		0.1			-1		FxR2XiuMd010011Attack04Shouji						-1			1					0	0	0	0							0	3		0.2	0.1	102604011	102604	102608						102604012	0	HitCase	1	0		1			1	1				
10260701	红消1-1	1	8	4		2	0			4		0.1			-1		FxR2XiuMd010011Attack11Shouji01						-1			1					0	0	0	0							0	3		0.2	0.1	102607011	102610							102607012	0	HitCase	1	0		1			1	1				
10260702	红消1-2	1	8	4		2	0			4		0.1			-1		FxR2XiuMd010011Attack11Shouji02						-1			1					0	0	0	0							0	3		0.2	0.1	102607021	102610							102607022	0	HitCase	1	0		1			1	1				
10260703	红消1-3	1	4	4		2	0			4		0.1			-1		FxR2XiuMd010011Attack11Shouji03						-1			1					0	0	0	0							0	3		0.2	0.1	102607031	102610	102607						102607032	0	HitCase	1	0		1			1	1				
10260704	红消1-4	1	4	5		2.5	0			4		0.1			-1		FxR2XiuMd010011Attack11Shouji04						-1			1					0	0	0	0							0	3		0.2	0.1	102607041	102610	102607						102607042	0	HitCase	1	0		1			1	1				
10260801	红消2-1	1	8	4		2	0			4		0.1			-1		FxR2XiuMd010011Attack11Shouji01						-1			1					0	0	0	0							0	3		0.2	0.1	102608011	102611							102608012	0	HitCase	1	0		1			1	1				
10260802	红消2-2	1	8	4		2	0			4		0.1			-1		FxR2XiuMd010011Attack11Shouji02						-1			1					0	0	0	0							0	3		0.2	0.1	102608021	102611							102608022	0	HitCase	1	0		1			1	1				
10260803	红消2-3	1	4	4		2	0			4		0.1			-1		FxR2XiuMd010011Attack11Shouji03						-1			1					0	0	0	0							0	3		0.2	0.1	102608031	102611	102607						102608032	0	HitCase	1	0		1			1	1				
10260804	红消2-4	1	4	5		2.5	0			4		0.1			-1		FxR2XiuMd010011Attack11Shouji04						-1			1					0	0	0	0							0	3		0.2	0.1	102608041	102611	102607						102608042	0	HitCase	1	0		1			1	1				
10260901	红消3-1	1	8	4		2	0			4		0.1			-1		FxR2XiuMd010011Attack11Shouji01						-1			1					0	0	0	0							0	3		0.2	0.1	102609011	102612							102609012	0	HitCase	1	0		1			1	1				
10260902	红消3-2	1	8	4		2	0			4		0.1			-1		FxR2XiuMd010011Attack11Shouji02						-1			1					0	0	0	0							0	3		0.2	0.1	102609021	102612							102609022	0	HitCase	1	0		1			1	1				
10260903	红消3-3	1	4	4		2	0			4		0.1			-1		FxR2XiuMd010011Attack11Shouji03						-1			1					0	0	0	0							0	3		0.2	0.1	102609031	102612	102607						102609032	0	HitCase	1	0		1			1	1				
10260904	红消3-4	1	4	5		2.5	0			4		0.1			-1		FxR2XiuMd010011Attack11Shouji04						-1			1					0	0	0	0							0	3		0.2	0.1	102609041	102612	102607						102609042	0	HitCase	1	0		1			1	1				
10261001	蓝消1-1	1	3	8		4	0			4		0.1			-1	1	FxR2XiuMd010011Attack21Shouji		0.05				-1			1					0	0	0	0							0	3		0.2	0.1	102610011	102620								0	HitCase	1	0		1			1	1				
10261002	蓝消1-2	1	3	8		4	0			4		0.15			-1	1			0.05				-1			1					0	0	0	0							0	3		0.2	0.1	102610021	102620								0	HitCase	1	0		1			1	1				
10261004	蓝消1-破除免疫受击	1	3	8		4	0			4		0.1			-1								-1			1					0	0	0	0							0	3		0.2	0.1		102647								0	HitCase		0		1			0	1				
10261006	蓝消1-拉扯	1	3	8		4	0			4		0.2			-1	1			0.05				-1			1					0	0	0	0							0	3		0	0		102623								0	HitCase		0		1			0	1				
10261101	蓝消2-1	1	3	8		4	0			4		0.1			-1	1	FxR2XiuMd010011Attack21Shouji		0.05				-1			1					0	0	0	0							0	3		0.2	0.1	102611011	102621								0	HitCase	1	0		1			1	1				
10261102	蓝消2-2	1	3	8		4	0			4		0.15			-1	1			0.05				-1			1					0	0	0	0							0	3		0.2	0.1	102611021	102621								0	HitCase	1	0		1			1	1				
10261104	蓝消2-破除免疫受击	1	3	8		4	0			4		0.1			-1								-1			1					0	0	0	0							0	3		0.2	0.1		102647								0	HitCase		0		1			0	1				
10261106	蓝消2-拉扯	1	3	8		4	0			4		0.2			-1	1			0.05				-1			1					0	0	0	0							0	3		0	0		102623								0	HitCase		0		1			0	1				
10261201	蓝消3-1	1	3	8		4	0			4		0.1			-1	1	FxR2XiuMd010011Attack21Shouji		0.05				-1			1					0	0	0	0							0	3		0.2	0.1	102612011	102622								0	HitCase	1	0		1			1	1				
10261202	蓝消3-2	1	3	8		4	0			4		0.15			-1	1			0.05				-1			1					0	0	0	0							0	3		0.2	0.1	102612021	102622								0	HitCase	1	0		1			1	1				
10261204	蓝消3-破除免疫受击	1	3	8		4	0			4		0.1			-1								-1			1					0	0	0	0							0	3		0.2	0.1		102647								0	HitCase		0		1			0	1				
10261206	蓝消3-拉扯	1	3	8		4	0			4		0.2			-1	1			0.05				-1			1					0	0	0	0							0	3		0	0		102623								0	HitCase		0		1			0	1				
10261301	黄消1-1	1	5	5		2.5	0			4		0.1			-1		FxR2XiuMd010011Attack31Shouji01						-1			1					0	0	0	0							0	3		0.2	0.1	102613011	102630							102613012	0	HitCase	1	0		1			1	1				
10261302	黄消1-2	1	10	5		2.5	0			4		0.1			-1		FxR2XiuMd010011Attack31Shouji02						-1			1					0	0	0	0							0	3		0.2	0.1	102613021	102633	102636	200103			200103		102613022	0	HitCase	1	0		1			1	1				
10261401	黄消2-1	1	5	5		2.5	0			4		0.1			-1		FxR2XiuMd010011Attack31Shouji01						-1			1					0	0	0	0							0	3		0.2	0.1	102614011	102631							102614012	0	HitCase	1	0		1			1	1				
10261402	黄消2-2	1	10	5		2.5	0			4		0.1			-1		FxR2XiuMd010011Attack31Shouji02						-1			1					0	0	0	0							0	3		0.2	0.1	102614021	102634	102636	200103			200103		102614022	0	HitCase	1	0		1			1	1				
10261501	黄消3-1	1	5	5		2.5	0			4		0.1			-1		FxR2XiuMd010011Attack31Shouji01						-1			1					0	0	0	0							0	3		0.2	0.1	102615011	102632							102615012	0	HitCase	1	0		1			1	1				
10261502	黄消3-2	1	10	5		2.5	0			4		0.1			-1		FxR2XiuMd010011Attack31Shouji02						-1			1					0	0	0	0							0	3		0.2	0.1	102615021	102635	102636	200103			200103		102615022	0	HitCase	1	0		1			1	1				
10261701	格挡反击-伤害子弹	2	10				0			4		0.1			-1								-1			1					0	0	0	0							0	1		0.2	0.1	102617011	102653	102646						102617012	0	HitCase		0		1			1	1				
10261703	格挡反击-3	2	10				0			4		0.1			-1								-1			1					0	0	0	0							0	3		0.2	0.1		102647								0	HitCase		0		1			0	1				
10261802	大招-波纹伤害	2	7				0			4		0.1			-1								-1			1					0	0	0	0							0	1		0.2	0.1	102618021	102653	102646							0	HitCase	1	0					1	1				
10261806	大招-尖啸伤害	2	7				0			4		0.4			-1	1			0.1				-1			1					0	0	0	0							0	1		0.2	0.1	102618061	102653	102646							0	HitCase	1	0					1	1				
10261901	QTE（格挡反击-1	2	10				0			4		0.1			-1								-1			1					0	0	0	0							0	1		0.2	0.1	102619011	102653	102646							0	HitCase		0		1			1	1				
10261903	QTE（格挡反击-3	2	10				0			4		0.1			-1								-1			1					0	0	0	0							0	3		0.2	0.1		102647								0	HitCase		0		1			0	1				
10262001	出场技-1	1	8	4		2	0			4		0.1			-1		FxR2XiuMd010011Attack11Shouji01						-1			1					0	0	0	0							0	3		0.2	0.1	102620011	102613							102620012	0	HitCase	1	0		1			1	1				
10262002	出场技-2	1	8	4		2	0			4		0.1			-1		FxR2XiuMd010011Attack11Shouji02						-1			1					0	0	0	0							0	3		0.2	0.1	102620021	102613							102620022	0	HitCase	1	0		1			1	1				
10262003	出场技-3	1	4	4		2	0			4		0.1			-1		FxR2XiuMd010011Attack11Shouji03						-1			1					0	0	0	0							0	3		0.2	0.1	102620031	102613	102607						102620032	0	HitCase	1	0		1			1	1				
10262004	出场技-4	1	4	5		2.5	0			4		0.1			-1		FxR2XiuMd010011Attack11Shouji04						-1			1					0	0	0	0							0	3		0.2	0.1	102620041	102613	102607						102620042	0	HitCase	1	0		1			1	1				
10262101	普攻1（大招-1	1	5	5		2.5	0			4		0.1			-1		FxR2XiuMd010011Attack42Shouji						-1			1					0	0	0	0							0	3		0	0	102621011	102670							102621012	0	HitCase	1	0		1			1	1				
10262201	普攻2（大招-1	1	3	4		2	0			4		0.1			-1		FxR2XiuMd010011Attack43Shouji01						-1			1					0	0	0	0							0	3		0	0	102622011	102671	102607						102622012	0	HitCase	1	0		1			1	1				
10262202	普攻2（大招-2	1	3	4		2	0			4		0.1			-1		FxR2XiuMd010011Attack43Shouji02						-1			1					0	0	0	0							0	3		0	0	102622021	102671	102607						102622022	0	HitCase	1	0		1			1	1				
10262301	普攻3（大招-1	1	3	4		2	0			4		0.1			-1		FxR2XiuMd010011Attack44Shouji01						-1			1					0	0	0	0							0	3		0	0	102623011	102672	102607						102623012	0	HitCase	1	0		1			1	1				
10262302	普攻3（大招-2	1	3	4		2	0			4		0.1			-1		FxR2XiuMd010011Attack44Shouji01						-1			1					0	0	0	0							0	3		0	0	102623021	102672	102607						102623022	0	HitCase	1	0		1			1	1				
10262401	普攻4（大招-1	2	3				0			4		0.1			-1		FxR2XiuMd010011Attack45Shouji						-1			1					0	0	0	0							0	3		0	0	102624011	102673	102607						102624012	0	HitCase	1	0		1			1	1				
10262501	普攻5（大招-1	1	3	4		2	0			4		0.1			-1		FxR2XiuMd010011Attack46Shouji						-1			1					0	0	0	0							0	3		0	0	102625011	102674	102607						102625012	0	HitCase	1	0		1			1	1				
10262801	格挡反击（一般-1	1	3	5		2.5	0			4		0.1			-1		FxR2XiuMd010011Attack01Shouji01						-1			1					0	0	0	0	0.1		1	10262806			0	3		0	0	102628011	102654	102607						102628012	0	HitCase	1	0		1			1	1				
10262806	格挡反击（一般-6	1	4	3		0.9	33			4		3			-1		FxR2XiuMd010011Attack01Shouji01				FxR2XiuMd010011Attack01Dandao		-1			1					0	0	0	0							0	3		0.2	0.15	102628061	102655								0	HitCase	1	0					1	1				
10120101	普通攻击1-1	1	1.5	3		1.5	0			4		0.1			-1		FxR2LuxiyaAttack01Shouji						-1			1					0	0	0	0							0	3	270	0.2	0.1	101201011	101200							101201012	1.2			0					1	1				
10120201	普通攻击2-1	1	1.5	3		1.5	0			4		0.1			-1		FxR2LuxiyaAttack02Shouji01						-1			1					0	0	0	0							0	3	90	0.2	0.1	101202011	101201							101202012	1.2			0					1	1				
10120202	普通攻击2-2	1	1.5	3		1.5	0			4		0.1			-1		FxR2LuxiyaAttack02Shouji02						-1			1					0	0	0	0							0	3	90	0.2	0.1	101202021	101201							101202022	1.2			0					0	1				
10120301	普通攻击3-1	1	1.5	3		1.5	0			4		0.1			-1		FxR2LuxiyaAttack03Shouji						-1			1					0	0	0	0							0	3	300	0.2	0.1	101203011	101202	101283				101283		101203012	1.2			0					1	1				
10120401	普通攻击4-1	1	1.5	3		1.5	0			4		0.1			-1		FxR2LuxiyaAttack04Shouji						-1			1					0	0	0	0							0	3	60	0.2	0.1	101204011	101203							101204012	1.2			0					1	1				
10120501	普通攻击5-1	1	1.5	3		1.5	0			4		0.1			-1		FxR2LuxiyaAttack05Shouji						-1			1					0	0	0	0							0	3	30	0.1	0.08	101205011	101204							101205012	1.2			0					1	1				
10120502	普通攻击5-2	1	1.5	3		1.5	0			4		0.1			-1		FxR2LuxiyaAttack05Shouji						-1			1					0	0	0	0							0	3	330	0.2	0.08	101205021	101204							101205022	1.2			0					1	1				
10120601	普通攻击6-1	1	2	6		3	0			4		0.3			-1	1	FxR2LuxiyaAttack06Shouji		0.1				-1			1					0	0	0	0							0	3	270	0.2	0.1	101206011	101205	200002						101206012	1.2			0					1	1				
10120701	红球1消-1	1	3	4		2	0			4		0.1			-1		FxR2LuxiyaAttack11Shouji						-1			1					0	0	0	0							0	3	330	0.2	0.08	101207011	101210	101282						101207012	1.2			0					1	1				
10120702	红球1消-2	1	3	4		2	0			4		0.1			-1		FxR2LuxiyaAttack11Shouji						-1			1					0	0	0	0							0	3	30	0.2	0.08	101207021	101210	101282						101207022	1.2			0					1	1				
10120703	红球1消-3	1	3	4		2	0			4		0.1			-1		FxR2LuxiyaAttack11Shouji						-1			1					0	0	0	0							0	3	330	0.2	0.08	101207031	101210	101282						101207032	1.2			0					1	1				
10120704	红球1消-4	1	3	4		2	0			4		0.1			-1		FxR2LuxiyaAttack11Shouji						-1			1					0	0	0	0							0	3	30	0.2	0.08	101207041	101210	101282						101207042	1.2			0					1	1				
10120705	红球1消-5	1	3	4		2	0			4		0.1			-1		FxR2LuxiyaAttack11Shouji						-1			1					0	0	0	0							0	3	330	0.2	0.08	101207051	101210	101282						101207052	1.2			0					1	1				
10120708	红球1消-8	2	0.1				0			4		3			-1						FxR2LuxiyaAttack11		-1			1					0	0	0	0							0	3		0.2	0.1										0	HitCase		0		1			0	1				
10120801	红球2消-1	1	3	4		2	0			4		0.1			-1		FxR2LuxiyaAttack11Shouji						-1			1					0	0	0	0							0	3	330	0.2	0.08	101208011	101211	101282						101208012	1.2			0					1	1				
10120802	红球2消-2	1	3	4		2	0			4		0.1			-1		FxR2LuxiyaAttack11Shouji						-1			1					0	0	0	0							0	3	30	0.2	0.08	101208021	101211	101282						101208022	1.2			0					1	1				
10120803	红球2消-3	1	3	4		2	0			4		0.1			-1		FxR2LuxiyaAttack11Shouji						-1			1					0	0	0	0							0	3	330	0.2	0.08	101208031	101211	101282						101208032	1.2			0					1	1				
10120804	红球2消-4	1	3	4		2	0			4		0.1			-1		FxR2LuxiyaAttack11Shouji						-1			1					0	0	0	0							0	3	30	0.2	0.08	101208041	101211	101282						101208042	1.2			0					1	1				
10120805	红球2消-5	1	3	4		2	0			4		0.1			-1		FxR2LuxiyaAttack11Shouji						-1			1					0	0	0	0							0	3	330	0.2	0.08	101208051	101211	101282						101208052	1.2			0					1	1				
10120808	红球2消-8	2	0.1				0			4		3			-1						FxR2LuxiyaAttack11		-1			1					0	0	0	0							0	3		0.2	0.1										0	HitCase		0		1			0	1				
10120901	红球3消-1	1	3	4		2	0			4		0.1			-1		FxR2LuxiyaAttack11Shouji						-1			1					0	0	0	0							0	3	330	0.2	0.08	101209011	101212	101282						101209012	1.2			0					1	1				
10120902	红球3消-2	1	3	4		2	0			4		0.1			-1		FxR2LuxiyaAttack11Shouji						-1			1					0	0	0	0							0	3	30	0.2	0.08	101209021	101212	101282						101209022	1.2			0					1	1				
10120903	红球3消-3	1	3	4		2	0			4		0.1			-1		FxR2LuxiyaAttack11Shouji						-1			1					0	0	0	0							0	3	330	0.2	0.08	101209031	101212	101282						101209032	1.2			0					1	1				
10120904	红球3消-4	1	3	4		2	0			4		0.1			-1		FxR2LuxiyaAttack11Shouji						-1			1					0	0	0	0							0	3	30	0.2	0.08	101209041	101212	101282						101209042	1.2			0					1	1				
10120905	红球3消-5	1	3	4		2	0			4		0.1			-1		FxR2LuxiyaAttack11Shouji						-1			1					0	0	0	0							0	3	330	0.2	0.08	101209051	101212	101282						101209052	1.2			0					1	1				
10120906	红球3消-6	1	3	5		2.5	0			4		0.1			-1		FxR2LuxiyaAttack11Shouji						-1			1					0	0	0	0							0	3	30	0.2	0.15	101209061	101212							101209062	1.2			0					1	1				
10120908	红球3消-8	2	0.1				0			4		3			-1						FxR2LuxiyaAttack13		-1			1					0	0	0	0							0	3		0.2	0.1										0	HitCase		0		1			0	1				
10121002	蓝球1消-2	3	9.5	70			0			4		0.1			-1		FxR2LuxiyaAttack21Shouji01						-1			1					0	0	0	0							0	3		0.2	0.1	101210021	101220							101210022	1.2			0					1	1				
10121003	蓝球1消-3	3	9.5	70			0			4		0.2			-1		FxR2LuxiyaAttack21Shouji02						-1			1					0	0	0	0							0	3		0.2	0.1	101210031	101223	200102				200102		101210032	1.2			0					1	1				
10121006	蓝球1消-6	3	9.5	70			0			4		0.2			-1	1			0.05				-1			1					0	0	0	0							0	3		0.2	0.1		101229								0	HitCase		0					0	1				
10121102	蓝球2消-2	3	9.5	70			0			4		0.1			-1		FxR2LuxiyaAttack21Shouji01						-1			1					0	0	0	0							0	3		0.2	0.1	101211021	101221							101211022	1.2			0					1	1				
10121103	蓝球2消-3	3	9.5	70			0			4		0.2			-1		FxR2LuxiyaAttack21Shouji02						-1			1					0	0	0	0							0	3		0.2	0.1	101211031	101224	200102				200102		101211032	1.2			0					1	1				
10121106	蓝球2消-6	3	9.5	70			0			4		0.2			-1	1			0.05				-1			1					0	0	0	0							0	3		0.2	0.1		101229								0	HitCase		0					0	1				
10121202	蓝球3消-2	3	9.5	70			0			4		0.1			-1		FxR2LuxiyaAttack21Shouji01						-1			1					0	0	0	0							0	3		0.2	0.1	101212021	101222							101212022	1.2			0					1	1				
10121203	蓝球3消-3	3	9.5	70			0			4		0.2			-1		FxR2LuxiyaAttack21Shouji02						-1			1					0	0	0	0							0	3		0.2	0.1	101212031	101225	200102				200102		101212032	1.2			0					1	1				
10121206	蓝球3消-6	3	9.5	70			0			4		0.2			-1	1			0.05				-1			1					0	0	0	0							0	3		0.2	0.1		101229								0	HitCase		0					0	1				
10121302	黄球1消-2	2	4				0			4		0.1			-1		FxR2LuxiyaAttack11Shouji						-1			1					0	0	0	0							0	2		0.2	0.1	101213021	101230								1.2			0					1	1				
10121303	黄球1消-3	2	4				0			4		3			-1	1	FxR2LuxiyaAttack31Shouji		1				-1			1					0	0	0	0							0	2		0.2	0.1		101233								1.2			0					1	1				
10121305	黄球1消-5	2	4				0			1		3			-1	1			0.2				-1			1					0	0	0	0							0	3		0	0		101236								0	HitCase		0					0	1				
10121402	黄球2消-2	2	5				0			4		0.1			-1		FxR2LuxiyaAttack31Shouji						-1			1					0	0	0	0							0	2		0.2	0.1	101214021	101231								1.2			0					1	1				
10121403	黄球2消-3	2	5				0			4		4			-1	1	FxR2LuxiyaAttack31Shouji		1				-1			1					0	0	0	0							0	2		0.2	0.1		101234								1.2			0					1	1				
10121405	黄球2消-5	2	5				0			1		4			-1	1			0.2				-1			1					0	0	0	0							0	3		0	0		101237								0	HitCase		0					0	1				
10121502	黄球3消-2	2	5				0			4		0.1			-1		FxR2LuxiyaAttack31Shouji						-1			1					0	0	0	0							0	2		0.2	0.1	101215021	101232								1.2			0					1	1				
10121503	黄球3消-3	2	5				0			4		5			-1	1	FxR2LuxiyaAttack31Shouji		1				-1			1					0	0	0	0							0	2		0.2	0.1		101235								1.2			0					1	1				
10121505	黄球3消-5	2	5				0			1		5			-1	1			0.2				-1			1					0	0	0	0							0	3		0	0		101238								0	HitCase		0					0	1				
10121702	出场技-2	2	5				0			4		0.1			-1		FxR2LuxiyaAttack31Shouji						-1			1					0	0	0	0							0	2		0.2	0.1	101217021	101232								1.2			0					0	1				
10121703	出场技-3	2	5				0			4		5			-1	1	FxR2LuxiyaAttack31Shouji		1				-1			1					0	0	0	0							0	2		0.2	0.1		101235								1.2			0					0	1				
10121705	出场技-5	2	5				0			1		5			-1	1			0.2				-1			1					0	0	0	0							0	3		0	0		101238								0	HitCase		0					0	1				
10121807	援助技能-7	2	2			2	0			4		0.05			-1		FxR2LuxiyaQteShouji02						-1			1					0	0	0	0							0	3	30	0.05	0.1	101218071	101247								1.5			0					0	1				
10121808	援助技能-8	2	2			2	0			4		0.05			-1		FxR2LuxiyaQteShouji02						-1			1					0	0	0	0							0	3	330	0.05	0.1	101218081	101247								1.5			0					0	1				
10121809	援助技能-9	2	3				0			4		0.1			-1		FxR2LuxiyaQteShouji01						-1			1					0	0	0	0							0	3	90	0.05	0.1	101218091	101247								1.5			0					0	1				
10121810	援助技能-10	2	4				0			4		0.15			-1	1	FxR2LuxiyaQteShouji01		0.05				-1			1					0	0	0	0							0	3	30	0.05	0.1	101218101	101247								1.5			0					0	1				
10121811	援助技能-11	2	4				0			4		0.15			-1	1	FxR2LuxiyaQteShouji01		0.05				-1			1					0	0	0	0							0	3	330	0.05	0.1	101218111	101247								1.5			0					0	1				
10121812	援助技能-12	2	4				0			4		0.15			-1	1	FxR2LuxiyaQteShouji01		0.05				-1			1					0	0	0	0							0	3	30	0.05	0.1	101218121	101247								1.5			0					0	1				
10121813	援助技能-13	2	4				0			4		0.25			-1	1	FxR2LuxiyaQteShouji01		0.05				-1			1					0	0	0	0							0	3	330	0.05	0.1	101218131	101247								1.5			0					0	1				
10121814	援助技能-14	2	3				0			4		0.1			-1		FxR2LuxiyaQteShouji01						-1			1					0	0	0	0							0	3	90	0.05	0.1	101218141	101247								1.5			0					0	1				
10121815	援助技能-15	1	3.5	2		2	0			4		0.15			-1	1	FxR2LuxiyaQteShouji03		0.05				-1			1					0	0	0	0							0	3	330	0.05	0.1	101218151	101247								1.5			0					0	1				
10122109	大招-9	2	999				0			4		0.1			-1								-1			1					0	0	0	0							0	3		0.2	0		101257								0	HitCase		0					0	1				
10122501	普通攻击1（大招）-1	1	1.5	2		1	0			4		0.1			-1		FxR2LuxiyaAttack01Shouji						-1			1					0	0	0	0							0	3	270	0.2	0.1	101225011	101200							101225012	1.2			0					1	1				
10122503	普通攻击1（大招）-3	1	1.5	2		1	0			4		0.1			-1		FxR2LuxiyaAttack01Shouji					0.1	-1			1					0	0	0	0							0	3	270	0.2	0.05	101225031	101253							101225032	1.2			0					1	1				
10122504	普通攻击1（大招）-4	1	1.5	2		1	0			4		0.1			-1		FxR2LuxiyaAttack01Shouji					0.2	-1			1					0	0	0	0							0	3	270	0.2	0.05	101225041	101253							101225042	1.2			0					1	1				
10122601	普通攻击2（大招）-1	1	1.5	3		1.5	0			4		0.1			-1		FxR2LuxiyaAttack02Shouji01						-1			1					0	0	0	0							0	3	90	0.2	0.1	101226011	101201							101226012	1.2			0					1	1				
10122602	普通攻击2（大招）-2	1	1.5	3		1.5	0			4		0.1			-1		FxR2LuxiyaAttack02Shouji02						-1			1					0	0	0	0							0	3	90	0.2	0.1	101226021	101201							101226022	1.2			0					1	1				
10122604	普通攻击2（大招）-4	1	1.5	3		1.5	0			4		0.1			-1		FxR2LuxiyaAttack02Shouji01					0.1	-1			1					0	0	0	0							0	3	90	0.2	0.05	101226041	101253							101226042	1.2			0					1	1				
10122605	普通攻击2（大招）-5	1	1.5	3		1.5	0			4		0.1			-1		FxR2LuxiyaAttack02Shouji02					0.1	-1			1					0	0	0	0							0	3	90	0.2	0.05	101226051	101253							101226052	1.2			0					1	1				
10122701	普通攻击3（大招）-1	1	1.5	3		1.5	0			4		0.1			-1		FxR2LuxiyaAttack03Shouji						-1			1					0	0	0	0							0	3	300	0.2	0.1	101227011	101202							101227012	1.2			0					1	1				
10122703	普通攻击3（大招）-3	1	1.5	3		1.5	0			4		0.1			-1		FxR2LuxiyaAttack03Shouji					0.1	-1			1					0	0	0	0							0	3	300	0.2	0.05	101227031	101253							101227032	1.2			0					1	1				
10122704	普通攻击3（大招）-4	1	1.5	3		1.5	0			4		0.1			-1		FxR2LuxiyaAttack03Shouji					0.2	-1			1					0	0	0	0							0	3	300	0.2	0.05	101227041	101253							101227042	1.2			0					1	1				
10122801	普通攻击4（大招）-1	1	1.5	3		1.5	0			4		0.1			-1		FxR2LuxiyaAttack04Shouji						-1			1					0	0	0	0							0	3	60	0.2	0.1	101228011	101203							101228012	1.2			0					1	1				
10122803	普通攻击4（大招）-3	1	1.5	3		1.5	0			4		0.1			-1		FxR2LuxiyaAttack04Shouji					0.1	-1			1					0	0	0	0							0	3	60	0.2	0.05	101228031	101253							101228032	1.2			0					1	1				
10122804	普通攻击4（大招）-4	1	1.5	3		1.5	0			4		0.1			-1		FxR2LuxiyaAttack04Shouji					0.2	-1			1					0	0	0	0							0	3	60	0.2	0.05	101228041	101253							101228042	1.2			0					1	1				
10122901	普通攻击5（大招）-1	1	1.5	3		1.5	0			4		0.1			-1		FxR2LuxiyaAttack05Shouji						-1			1					0	0	0	0							0	3	30	0.1	0.08	101229011	101204							101229012	1.2			0					1	1				
10122902	普通攻击5（大招）-2	1	1.5	3		1.5	0			4		0.1			-1		FxR2LuxiyaAttack05Shouji						-1			1					0	0	0	0							0	3	330	0.2	0.08	101229021	101204							101229022	1.2			0					1	1				
10122904	普通攻击5（大招）-4	1	1.5	3		1.5	0			4		0.1			-1		FxR2LuxiyaAttack05Shouji					0.1	-1			1					0	0	0	0							0	3	30	0.1	0.04	101229041	101253							101229042	1.2			0					1	1				
10122905	普通攻击5（大招）-5	1	1.5	3		1.5	0			4		0.1			-1		FxR2LuxiyaAttack05Shouji					0.1	-1			1					0	0	0	0							0	3	330	0.2	0.04	101229051	101253							101229052	1.2			0					1	1				
10123001	普通攻击6（大招）-1	1	2	6		3	0			4		0.3			-1	1	FxR2LuxiyaAttack06Shouji		0.1				-1			1					0	0	0	0							0	3	270	0.2	0.1	101230011	101205							101230012	1.2			0					1	1				
10123007	普通攻击6（大招）-7	1	2	6		3	0			4		0.1			-1		FxR2LuxiyaAttack06Shouji					0.1	-1			1					0	0	0	0							0	3	270	0.2	0.08	101230071	101253							101230072	1.2			0					1	1				
10123008	普通攻击6（大招）-8	1	2	6		3	0			4		0.1			-1		FxR2LuxiyaAttack06Shouji					0.2	-1			1					0	0	0	0							0	3	270	0.2	0.08	101230081	101253							101230082	1.2			0					1	1				
10123101	红球1消（大招）-1	1	3	4		2	0			4		0.1			-1		FxR2LuxiyaAttack11Shouji						-1			1					0	0	0	0							0	3	330	0.2	0.08	101231011	101210							101231012	1.2			0					1	1				
10123102	红球1消（大招）-2	1	3	4		2	0			4		0.1			-1		FxR2LuxiyaAttack11Shouji						-1			1					0	0	0	0							0	3	30	0.2	0.08	101231021	101210							101231022	1.2			0					1	1				
10123103	红球1消（大招）-3	1	3	4		2	0			4		0.1			-1		FxR2LuxiyaAttack11Shouji						-1			1					0	0	0	0							0	3	330	0.2	0.08	101231031	101210							101231032	1.2			0					1	1				
10123104	红球1消（大招）-4	1	3	4		2	0			4		0.1			-1		FxR2LuxiyaAttack11Shouji						-1			1					0	0	0	0							0	3	30	0.2	0.08	101231041	101210							101231042	1.2			0					1	1				
10123105	红球1消（大招）-5	1	3	4		2	0			4		0.1			-1		FxR2LuxiyaAttack11Shouji						-1			1					0	0	0	0							0	3	330	0.2	0.08	101231051	101210							101231052	1.2			0					1	1				
10123106	红球1消（大招）-6	2	0.1				0			4		3			-1						FxR2LuxiyaAttack11Ex		-1			1					0	0	0	0							0	3		0.2	0.1										0	HitCase		0		1			0	1				
10123110	红球1消（大招）-10	1	3	4		2	0			4		0.5			-1	1	FxR2LuxiyaAttack11Shouji		0.1				-1			1					0	0	0	0							0	3	30	0.2	0.1	101231101	101254							101231102	1.2			0		1			0	1				
10123201	红球2消（大招）-1	1	3	4		2	0			4		0.1			-1		FxR2LuxiyaAttack11Shouji						-1			1					0	0	0	0							0	3	330	0.2	0.08	101232011	101211							101232012	1.2			0					1	1				
10123202	红球2消（大招）-2	1	3	4		2	0			4		0.1			-1		FxR2LuxiyaAttack11Shouji						-1			1					0	0	0	0							0	3	30	0.2	0.08	101232021	101211							101232022	1.2			0					1	1				
10123203	红球2消（大招）-3	1	3	4		2	0			4		0.1			-1		FxR2LuxiyaAttack11Shouji						-1			1					0	0	0	0							0	3	330	0.2	0.08	101232031	101211							101232032	1.2			0					1	1				
10123204	红球2消（大招）-4	1	3	4		2	0			4		0.1			-1		FxR2LuxiyaAttack11Shouji						-1			1					0	0	0	0							0	3	30	0.2	0.08	101232041	101211							101232042	1.2			0					1	1				
10123205	红球2消（大招）-5	1	3	4		2	0			4		0.1			-1		FxR2LuxiyaAttack11Shouji						-1			1					0	0	0	0							0	3	330	0.2	0.08	101232051	101211							101232052	1.2			0					1	1				
10123206	红球2消（大招）-6	2	0.1				0			4		3			-1						FxR2LuxiyaAttack11Ex		-1			1					0	0	0	0							0	3		0.2	0.1										0	HitCase		0		1			0	1				
10123210	红球2消（大招）-10	1	3	4		2	0			4		0.5			-1	1	FxR2LuxiyaAttack11Shouji		0.1				-1			1					0	0	0	0							0	3	30	0.2	0.1	101232101	101254							101232102	1.2			0		1			0	1				
10123301	红球3消（大招）-1	1	3	4		2	0			4		0.1			-1		FxR2LuxiyaAttack11Shouji						-1			1					0	0	0	0							0	3	330	0.2	0.08	101233011	101212							101233012	1.2			0					1	1				
10123302	红球3消（大招）-2	1	3	4		2	0			4		0.1			-1		FxR2LuxiyaAttack11Shouji						-1			1					0	0	0	0							0	3	30	0.2	0.08	101233021	101212							101233022	1.2			0					1	1				
10123303	红球3消（大招）-3	1	3	4		2	0			4		0.1			-1		FxR2LuxiyaAttack11Shouji						-1			1					0	0	0	0							0	3	330	0.2	0.08	101233031	101212							101233032	1.2			0					1	1				
10123304	红球3消（大招）-4	1	3	4		2	0			4		0.1			-1		FxR2LuxiyaAttack11Shouji						-1			1					0	0	0	0							0	3	30	0.2	0.08	101233041	101212							101233042	1.2			0					1	1				
10123305	红球3消（大招）-5	1	3	4		2	0			4		0.1			-1		FxR2LuxiyaAttack11Shouji						-1			1					0	0	0	0							0	3	330	0.2	0.08	101233051	101212							101233052	1.2			0					1	1				
10123306	红球3消（大招）-6	1	3	5		2.5	0			4		0.1			-1		FxR2LuxiyaAttack11Shouji						-1			1					0	0	0	0							0	3	30	0.2	0.15	101233061	101212	200103				200103		101233062	1.2			0					1	1				
10123308	红球3消（大招）-8	2	0.1				0			4		3			-1						FxR2LuxiyaAttack13Ex		-1			1					0	0	0	0							0	3		0.2	0.1										0	HitCase		0		1			0	1				
10123312	红球3消（大招）-12	1	3	4		2	0			4		0.5			-1	1	FxR2LuxiyaAttack11Shouji		0.1				-1			1					0	0	0	0							0	3	30	0.2	0.1	101233121	101254							101233122	1.2			0		1			0	1				
10123402	蓝球1消（大招）-2	3	6.5	70			0			4		0.1			-1		FxR2LuxiyaAttack21Shouji01						-1			1					0	0	0	0							0	3		0.2	0.1	101234021	101220							101234022	1.2			0					1	1				
10123403	蓝球1消（大招）-3	3	7.5	70			0			4		0.2			-1		FxR2LuxiyaAttack21Shouji02						-1			1					0	0	0	0							0	3		0.2	0.1	101234031	101223	200102				200102		101234032	1.2			0					1	1				
10123406	蓝球1消（大招）-6	3	7.5	70			0			4		0.2			-1	1			0.05				-1			1					0	0	0	0							0	3		0.2	0.1		101229								0	HitCase		0					0	1				
10123409	蓝球1消（大招）-9	1	4	7		3.5	0			4		0.5			-1	1	FxR2LuxiyaAttack21Shouji01		0.1				-1			1					0	0	0	0							0	3		0.2	0.1	101234091	101255							101234092	1.2			0		1			1	1				
10123502	蓝球2消（大招）-2	3	6.5	70			0			4		0.1			-1		FxR2LuxiyaAttack21Shouji01						-1			1					0	0	0	0							0	3		0.2	0.1	101235021	101221							101235022	1.2			0					1	1				
10123503	蓝球2消（大招）-3	3	7.5	70			0			4		0.2			-1		FxR2LuxiyaAttack21Shouji02						-1			1					0	0	0	0							0	3		0.2	0.1	101235031	101224	200102				200102		101235032	1.2			0					1	1				
10123506	蓝球2消（大招）-6	3	7.5	70			0			4		0.2			-1	1			0.05				-1			1					0	0	0	0							0	3		0.2	0.1		101229								0	HitCase		0					0	1				
10123509	蓝球2消（大招）-9	1	4	7		3.5	0			4		0.5			-1	1	FxR2LuxiyaAttack21Shouji01		0.1				-1			1					0	0	0	0							0	3		0.2	0.1	101235091	101255							101235092	1.2			0		1			1	1				
10123602	蓝球3消（大招）-2	3	6.5	70			0			4		0.1			-1		FxR2LuxiyaAttack21Shouji01						-1			1					0	0	0	0							0	3		0.2	0.1	101236021	101222							101236022	1.2			0					1	1				
10123603	蓝球3消（大招）-3	3	7.5	70			0			4		0.2			-1		FxR2LuxiyaAttack21Shouji02						-1			1					0	0	0	0							0	3		0.2	0.1	101236031	101225	200102				200102		101236032	1.2			0					1	1				
10123606	蓝球3消（大招）-6	3	7.5	70			0			4		0.2			-1	1			0.05				-1			1					0	0	0	0							0	3		0.2	0.1		101229								0	HitCase		0					0	1				
10123609	蓝球3消（大招）-9	1	4	7		3.5	0			4		0.5			-1	1	FxR2LuxiyaAttack21Shouji01		0.1				-1			1					0	0	0	0							0	3		0.2	0.1	101236091	101255							101236092	1.2			0		1			1	1				
10123702	黄球1消（大招）-2	2	4				0			4		0.1			-1		FxR2LuxiyaAttack31ExShouji						-1			1					0	0	0	0							0	2		0.2	0.1	101237021	101230	200102				200102		101237022	1.2			1					1	1				
10123703	黄球1消（大招）-3	2	4				0			4		3			-1	1	FxR2LuxiyaAttack31ExShouji		1				-1			1					0	0	0	0							0	2		0.2	0.1		101233								1.2			0					1	1				
10123705	黄球1消（大招）-5	2	4				0			1		3			-1	1			0.2				-1			1					0	0	0	0							0	3		0	0		101236								0	HitCase		0					0	1				
10123709	黄球1消（大招）-9	2	4				0			4		0.5			-1	1	FxR2LuxiyaAttack11Shouji		0.1				-1			1					0	0	0	0							0	2		0.2	0.08	101237091	101256							101237092	1.2			1		1			1	1				
10123802	黄球2消（大招）-2	2	4				0			4		0.1			-1		FxR2LuxiyaAttack31ExShouji						-1			1					0	0	0	0							0	2		0.2	0.1	101238021	101230	200102				200102		101238022	1.2			1					1	1				
10123803	黄球2消（大招）-3	2	4				0			4		3			-1	1	FxR2LuxiyaAttack31ExShouji		1				-1			1					0	0	0	0							0	2		0.2	0.1		101233								1.2			0					1	1				
10123805	黄球2消（大招）-5	2	4				0			1		3			-1	1			0.2				-1			1					0	0	0	0							0	3		0	0		101236								0	HitCase		0					0	1				
10123809	黄球2消（大招）-9	2	4				0			4		0.5			-1	1	FxR2LuxiyaAttack11Shouji		0.1				-1			1					0	0	0	0							0	2		0.2	0.08	101238091	101256							101238092	1.2			1		1			1	1				
10123902	黄球3消（大招）-2	2	5				0			4		0.1			-1		FxR2LuxiyaAttack31ExShouji						-1			1					0	0	0	0							0	2		0.2	0.1	101239021	101232	200102				200102		101239022	1.2			1					1	1				
10123903	黄球3消（大招）-3	2	5				0			4		5			-1	1	FxR2LuxiyaAttack31ExShouji		1				-1			1					0	0	0	0							0	2		0.2	0.1		101235								1.2			0					1	1				
10123905	黄球3消（大招）-5	2	5				0			1		5			-1	1			0.2				-1			1					0	0	0	0							0	3		0	0		101238								0	HitCase		0					0	1				
10123909	黄球3消（大招）-9	2	4				0			4		0.5			-1	1	FxR2LuxiyaAttack11Shouji		0.1				-1			1					0	0	0	0							0	2		0.2	0.08	101239091	101256							101239092	1.2			1		1			1	1				
10124001	普通攻击1（突进版）-1	1	1.5	3		1.5	0			4		0.1			-1		FxR2LuxiyaAttack01Shouji						-1			1					0	0	0	0							0	3	270	0.2	0.1	101240011	101200							101240012	1.2			0					1	1				
10124101	普通攻击1（大招）（突进版）-1	1	1.5	2		1	0			4		0.1			-1		FxR2LuxiyaAttack01Shouji						-1			1					0	0	0	0							0	3	270	0.2	0.1	101241011	101200							101241012	1.2			0					1	1				
10124103	普通攻击1（大招）（突进版）-3	1	1.5	2		1	0			4		0.1			-1		FxR2LuxiyaAttack01Shouji					0.1	-1			1					0	0	0	0							0	3	270	0.2	0.05	101241031	101253							101241032	1.2			0					1	1				
10124104	普通攻击1（大招）（突进版）-4	1	1.5	2		1	0			4		0.1			-1		FxR2LuxiyaAttack01Shouji					0.2	-1			1					0	0	0	0							0	3	270	0.2	0.05	101241041	101253							101241042	1.2			0					1	1				
