Key	CellX	CellY
VisibleObstacle		
	172	350
	173	350
	171	350
	172	351
	172	349
	173	351
	173	349
	171	351
	171	349
	172	348
	173	348
	171	348
	172	347
	173	347
	171	347
	172	346
	173	346
	171	346
	172	345
	173	345
	171	345
	172	344
	173	344
	171	344
	172	343
	173	343
	171	343
	172	342
	173	342
	171	342
	172	341
	173	341
	171	341
	172	340
	173	340
	171	340
	172	339
	173	339
	171	339
	172	338
	173	338
	171	338
	172	337
	173	337
	171	337
	172	336
	173	336
	171	336
	172	335
	173	335
	171	335
	172	334
	173	334
	171	334
	172	333
	173	333
	171	333
	172	332
	173	332
	171	332
	172	331
	173	331
	171	331
	172	330
	173	330
	171	330
	172	329
	173	329
	171	329
	172	328
	173	328
	171	328
	172	327
	173	327
	171	327
	172	326
	173	326
	171	326
	172	325
	173	325
	171	325
	172	324
	173	324
	171	324
	172	323
	173	323
	171	323
	172	322
	173	322
	171	322
	172	321
	173	321
	171	321
	172	320
	173	320
	171	320
	172	319
	173	319
	171	319
	172	318
	173	318
	171	318
	172	317
	173	317
	171	317
	172	316
	173	316
	171	316
	172	315
	173	315
	171	315
	172	314
	173	314
	171	314
	171	313
	172	313
	171	312
	172	312
	171	311
	172	311
	173	313
	173	312
	173	311
	172	310
	173	310
	171	310
	172	309
	173	309
	171	309
	172	308
	173	308
	171	308
	172	307
	173	307
	171	307
	172	306
	173	306
	171	306
	172	305
	173	305
	171	305
	172	304
	173	304
	171	304
	172	303
	173	303
	171	303
	172	302
	173	302
	171	302
	172	301
	173	301
	171	301
	172	300
	173	300
	171	300
	172	299
	173	299
	171	299
	172	298
	173	298
	171	298
	172	297
	173	297
	171	297
	172	296
	173	296
	171	296
	172	295
	173	295
	171	295
	172	294
	173	294
	171	294
	172	293
	173	293
	171	293
	172	292
	173	292
	171	292
	172	291
	173	291
	171	291
	172	290
	173	290
	171	290
	172	289
	173	289
	171	289
	172	288
	173	288
	171	288
	172	287
	173	287
	171	287
	172	286
	173	286
	171	286
	172	285
	173	285
	171	285
	172	284
	173	284
	171	284
	172	283
	173	283
	171	283
	172	280
	173	280
	171	280
	172	281
	172	279
	173	281
	173	279
	171	281
	171	279
	172	278
	173	278
	171	278
	172	277
	173	277
	171	277
	172	276
	173	276
	171	276
	172	275
	173	275
	171	275
	172	274
	173	274
	171	274
	172	273
	173	273
	171	273
	172	272
	173	272
	171	272
	172	282
	173	282
	171	282
	172	271
	173	271
	171	271
	172	270
	173	270
	171	270
	172	269
	173	269
	171	269
	172	268
	173	268
	171	268
	172	267
	173	267
	171	267
	172	266
	173	266
	171	266
	172	265
	173	265
	171	265
	172	264
	173	264
	171	264
	172	263
	173	263
	171	263
	172	262
	173	262
	171	262
	172	261
	173	261
	171	261
	172	260
	173	260
	171	260
	172	259
	173	259
	171	259
	172	258
	173	258
	171	258
	172	257
	173	257
	171	257
	172	256
	173	256
	171	256
	172	255
	173	255
	171	255
	172	254
	173	254
	171	254
	172	253
	173	253
	171	253
	172	252
	173	252
	171	252
	172	251
	173	251
	171	251
	172	250
	173	250
	171	250
	172	249
	173	249
	171	249
	172	248
	173	248
	171	248
	172	247
	173	247
	171	247
	172	246
	173	246
	171	246
	172	245
	173	245
	171	245
	172	244
	173	244
	171	244
	172	243
	173	243
	171	243
	172	242
	173	242
	171	242
	172	241
	173	241
	171	241
	172	240
	173	240
	171	240
	172	239
	173	239
	171	239
	172	238
	173	238
	171	238
	172	237
	173	237
	171	237
	172	236
	173	236
	171	236
	171	235
	172	235
	171	234
	172	234
	171	233
	172	233
	173	235
	173	234
	173	233
	172	232
	173	232
	171	232
	172	231
	173	231
	171	231
	172	230
	173	230
	171	230
	172	229
	173	229
	171	229
	171	228
	172	228
	171	227
	172	227
	171	226
	172	226
	173	227
	173	228
	173	226
	174	227
	174	228
	174	226
	175	227
	175	228
	175	226
	176	227
	176	228
	176	226
	177	227
	177	228
	177	226
	178	227
	178	228
	178	226
	179	227
	179	228
	179	226
	180	227
	180	228
	180	226
	181	227
	181	228
	181	226
	182	227
	182	228
	182	226
	183	227
	183	228
	183	226
	184	227
	184	228
	184	226
	185	227
	185	228
	185	226
	186	227
	186	228
	186	226
	187	227
	187	228
	187	226
	188	227
	188	228
	188	226
	189	227
	189	228
	189	226
	190	227
	190	228
	190	226
	191	227
	191	228
	191	226
	192	227
	192	228
	192	226
	193	227
	193	228
	193	226
	194	227
	194	228
	194	226
	195	227
	195	228
	195	226
	196	227
	196	228
	196	226
	197	227
	197	228
	197	226
	198	227
	198	228
	198	226
	199	227
	199	228
	199	226
	200	227
	200	228
	200	226
	201	227
	201	228
	201	226
	202	227
	202	228
	202	226
	203	227
	203	228
	203	226
	204	227
	204	228
	204	226
	205	227
	205	228
	205	226
	206	227
	206	228
	206	226
	207	227
	207	228
	207	226
	208	227
	208	228
	208	226
	209	227
	209	228
	209	226
	210	227
	210	228
	210	226
	211	227
	211	228
	211	226
	212	227
	212	228
	212	226
	213	227
	213	228
	213	226
	214	227
	214	228
	214	226
	215	227
	215	228
	215	226
	216	227
	216	228
	216	226
	217	227
	218	227
	217	228
	217	226
	218	228
	218	226
	219	227
	219	228
	219	226
	220	227
	221	227
	220	228
	220	226
	221	228
	221	226
	222	227
	222	228
	222	226
	223	227
	223	228
	223	226
	224	227
	224	228
	224	226
	225	227
	225	228
	225	226
	226	227
	227	227
	226	228
	226	226
	227	228
	227	226
	228	227
	228	228
	228	226
	229	227
	229	228
	229	226
	230	227
	230	228
	230	226
	231	227
	231	228
	231	226
	232	227
	232	228
	232	226
	233	227
	233	228
	249	226
	234	227
	234	228
	251	228
	235	227
	235	228
	250	226
	236	227
	236	228
	247	226
	237	227
	237	228
	245	226
	243	226
	246	226
	238	227
	244	226
	248	226
	242	226
	239	227
	251	226
	241	226
	240	227
	252	227
	240	226
	241	227
	252	228
	239	226
	242	227
	252	226
	238	226
	237	226
	243	227
	253	227
	244	227
	253	228
	236	226
	245	227
	253	226
	235	226
	234	226
	246	227
	254	227
	247	227
	254	228
	233	226
	248	227
	254	226
	255	227
	255	226
	249	227
	255	228
	250	227
	256	228
	256	227
	251	227
	256	226
	263	226
	264	228
	264	226
	257	227
	265	228
	257	228
	264	227
	265	227
	257	226
	262	226
	262	228
	263	228
	258	227
	263	227
	258	228
	261	228
	262	227
	258	226
	261	227
	261	226
	259	227
	260	228
	260	226
	259	228
	238	228
	239	228
	240	228
	241	228
	242	228
	243	228
	244	228
	245	228
	246	228
	247	228
	248	228
	249	228
	250	228
	330	226
	331	228
	331	227
	332	227
	331	226
	332	228
	329	226
	330	228
	329	228
	330	227
	326	228
	328	228
	327	226
	329	227
	328	226
	328	227
	327	228
	327	227
	326	226
	326	227
	325	228
	325	227
	325	226
	324	226
	324	228
	324	227
	323	228
	323	227
	323	226
	322	226
	322	228
	321	226
	322	227
	269	228
	320	226
	321	228
	270	227
	320	228
	321	227
	269	226
	260	227
	259	226
	269	227
	270	228
	270	226
	271	227
	268	226
	320	227
	271	228
	268	228
	319	226
	271	226
	267	226
	319	228
	272	227
	268	227
	284	228
	319	227
	272	226
	318	226
	272	228
	284	226
	318	228
	273	227
	285	227
	318	227
	273	228
	285	228
	317	226
	273	226
	286	227
	285	226
	317	228
	274	228
	317	227
	274	227
	267	228
	316	226
	274	226
	267	227
	316	228
	275	227
	286	228
	286	226
	275	228
	314	228
	315	228
	275	226
	315	227
	316	227
	276	227
	314	226
	315	226
	276	228
	312	228
	313	228
	276	226
	313	227
	314	227
	277	227
	312	226
	313	226
	277	226
	277	228
	266	226
	278	227
	311	228
	309	226
	309	228
	312	227
	311	227
	310	226
	311	226
	310	228
	310	227
	308	228
	309	227
	306	226
	306	228
	308	227
	307	226
	308	226
	287	227
	307	228
	307	227
	288	227
	278	228
	305	228
	306	227
	278	226
	303	226
	303	228
	305	227
	304	226
	265	226
	279	227
	305	226
	302	228
	304	228
	304	227
	300	226
	300	228
	302	226
	300	227
	303	227
	301	228
	301	227
	299	226
	299	228
	302	227
	301	226
	298	228
	299	227
	287	228
	296	226
	296	228
	298	227
	297	226
	287	226
	283	226
	298	226
	283	228
	297	228
	297	227
	284	227
	282	228
	294	228
	295	228
	283	227
	295	227
	294	226
	296	227
	282	226
	295	226
	266	228
	293	227
	294	227
	266	227
	293	226
	291	228
	292	226
	292	228
	289	226
	289	228
	293	228
	291	226
	289	227
	292	227
	290	228
	290	227
	288	226
	288	228
	291	227
	290	226
	280	227
	280	228
	280	226
	281	227
	279	228
	281	226
	281	228
	279	226
	282	227
	332	226
	333	227
	333	228
	333	226
	334	227
	334	228
	334	226
	335	227
	335	228
	335	226
	336	227
	336	228
	336	226
	337	227
	337	228
	337	226
	338	227
	338	228
	338	226
	339	227
	339	228
	339	226
	340	227
	340	228
	340	226
	341	227
	341	228
	341	226
	342	227
	342	228
	342	226
	343	227
	343	228
	343	226
	344	227
	344	228
	344	226
	345	227
	345	228
	345	226
	346	227
	346	228
	346	226
	347	227
	347	228
	347	226
	348	227
	348	228
	348	226
	349	227
	349	228
	349	226
	350	227
	350	228
	350	226
	351	227
	351	228
	351	226
	352	227
	352	228
	352	226
	353	227
	353	228
	353	226
	354	227
	354	228
	354	226
	355	227
	355	228
	355	226
	356	227
	356	228
	356	226
	357	227
	357	228
	357	226
	358	227
	358	228
	358	226
	359	227
	359	228
	359	226
	360	227
	360	228
	360	226
	361	227
	361	228
	361	226
	362	227
	362	228
	362	226
	363	227
	363	228
	363	226
	364	227
	364	228
	364	226
	365	227
	365	228
	365	226
	366	227
	366	228
	366	226
	367	227
	367	228
	367	226
	368	227
	368	228
	368	226
	369	227
	369	228
	369	226
	370	227
	370	228
	370	226
	371	227
	371	228
	371	226
	372	227
	372	228
	372	226
	372	236
	372	235
	372	238
	371	235
	371	234
	372	237
	372	229
	372	234
	371	229
	371	233
	372	233
	371	230
	371	231
	372	232
	371	232
	370	230
	370	231
	370	229
	372	231
	372	230
	370	232
	371	265
	370	265
	370	233
	371	266
	371	264
	370	234
	372	265
	372	266
	370	235
	371	236
	372	264
	370	236
	371	237
	370	264
	370	237
	371	238
	370	266
	370	238
	371	239
	372	239
	370	239
	371	240
	372	240
	370	240
	371	241
	372	241
	370	241
	371	242
	372	242
	370	242
	371	243
	372	243
	370	243
	371	244
	372	244
	370	244
	371	245
	372	245
	370	245
	371	246
	372	246
	370	246
	371	247
	372	247
	370	247
	371	248
	372	248
	370	248
	371	249
	372	249
	370	249
	371	250
	372	250
	370	250
	371	251
	372	251
	370	251
	371	252
	372	252
	370	252
	371	253
	372	253
	370	253
	371	254
	371	263
	370	254
	371	255
	372	263
	370	255
	371	262
	372	262
	370	263
	370	262
	371	261
	371	256
	371	260
	370	261
	372	261
	372	260
	370	260
	371	259
	372	259
	370	259
	371	258
	372	258
	370	258
	371	257
	372	257
	370	257
	372	256
	370	256
	371	285
	372	255
	371	283
	370	284
	372	254
	372	284
	371	284
	372	285
	372	283
	370	285
	370	283
	371	282
	372	282
	370	282
	371	281
	372	281
	370	281
	371	280
	372	280
	370	280
	371	279
	372	279
	370	279
	371	278
	372	278
	370	278
	371	277
	372	277
	370	277
	371	276
	372	276
	370	276
	371	275
	372	275
	370	275
	371	274
	372	274
	370	274
	371	273
	372	273
	370	273
	371	272
	372	272
	370	272
	371	271
	372	271
	370	271
	371	270
	372	270
	370	270
	371	269
	372	269
	370	269
	371	268
	372	268
	370	268
	371	267
	372	267
	370	267
	371	307
	372	307
	370	307
	371	308
	371	306
	372	308
	372	306
	370	308
	370	306
	371	305
	372	305
	370	305
	371	304
	372	304
	370	304
	371	303
	372	303
	370	303
	371	302
	372	302
	370	302
	371	301
	372	301
	370	301
	371	300
	372	300
	370	300
	371	299
	372	299
	370	299
	371	298
	372	298
	370	298
	371	297
	372	297
	370	297
	371	296
	372	296
	370	296
	371	295
	372	295
	370	295
	371	294
	372	294
	370	294
	371	293
	372	293
	370	293
	371	292
	372	292
	370	292
	371	291
	372	291
	370	291
	371	290
	372	290
	370	290
	371	289
	372	289
	370	289
	371	288
	372	288
	370	288
	371	287
	372	287
	370	287
	371	286
	372	286
	370	286
	371	332
	372	332
	370	332
	371	333
	371	331
	372	333
	372	331
	370	333
	370	331
	371	330
	372	330
	370	330
	371	329
	372	329
	370	329
	371	328
	372	328
	370	328
	371	327
	372	327
	370	327
	371	326
	372	326
	370	326
	371	325
	372	325
	370	325
	371	324
	372	324
	370	324
	371	323
	372	323
	370	323
	371	322
	372	322
	370	322
	371	321
	372	321
	370	321
	371	320
	372	320
	370	320
	371	319
	372	319
	370	319
	371	318
	372	318
	370	318
	371	317
	372	317
	370	317
	371	316
	372	316
	370	316
	371	315
	372	315
	370	315
	371	314
	372	314
	370	314
	371	313
	372	313
	370	313
	370	335
	371	336
	372	335
	372	312
	371	335
	371	312
	372	311
	370	334
	371	311
	372	310
	372	334
	371	310
	372	309
	371	334
	371	309
	370	310
	370	311
	370	309
	370	312
	372	336
	370	336
	371	337
	372	337
	370	337
	371	338
	372	338
	370	338
	371	339
	372	339
	370	339
	371	340
	372	340
	370	340
	371	341
	372	341
	370	341
	371	342
	372	342
	370	342
	371	343
	372	343
	370	343
	371	344
	372	344
	370	344
	371	345
	372	345
	370	345
	371	346
	372	346
	370	346
	371	347
	372	347
	370	347
	371	348
	372	348
	370	348
	371	349
	372	349
	370	349
	371	350
	372	350
	370	350
	371	351
	372	351
	370	351
	174	350
	174	351
	174	349
	175	350
	175	351
	175	349
	176	350
	176	351
	176	349
	177	350
	177	351
	177	349
	178	350
	178	351
	178	349
	179	350
	179	351
	179	349
	180	350
	180	351
	180	349
	181	350
	181	351
	181	349
	182	350
	182	351
	182	349
	183	350
	183	351
	183	349
	184	349
	261	351
	184	350
	238	350
	238	349
	185	349
	185	350
	237	349
	186	349
	186	350
	259	351
	187	349
	187	350
	237	350
	188	349
	188	350
	236	349
	189	349
	189	350
	235	349
	184	351
	185	351
	186	351
	187	351
	188	351
	189	351
	233	349
	232	349
	234	349
	190	351
	236	350
	190	350
	191	351
	288	350
	191	350
	192	351
	193	351
	236	351
	192	350
	234	351
	193	350
	194	351
	288	349
	194	350
	195	351
	235	351
	195	350
	196	351
	288	351
	196	350
	197	351
	235	350
	197	350
	190	349
	191	349
	192	349
	193	349
	194	349
	195	349
	196	349
	197	349
	198	350
	198	351
	198	349
	199	350
	200	350
	199	351
	199	349
	200	351
	200	349
	201	350
	201	351
	201	349
	202	350
	202	351
	202	349
	203	350
	203	351
	203	349
	204	350
	205	350
	204	351
	204	349
	205	351
	205	349
	206	350
	206	351
	206	349
	207	350
	207	351
	207	349
	208	350
	208	351
	208	349
	209	350
	209	351
	209	349
	210	350
	210	351
	210	349
	211	350
	211	351
	211	349
	212	350
	212	351
	212	349
	213	350
	213	351
	213	349
	214	350
	215	350
	214	351
	214	349
	215	351
	215	349
	216	350
	217	350
	216	351
	216	349
	217	351
	217	349
	219	350
	220	350
	218	350
	219	351
	219	349
	220	351
	220	349
	218	351
	218	349
	231	349
	289	349
	221	351
	233	351
	222	350
	290	350
	223	350
	289	350
	221	350
	230	349
	229	349
	232	351
	231	351
	225	350
	230	351
	226	350
	289	351
	224	350
	228	349
	229	351
	227	350
	227	349
	228	351
	228	350
	226	351
	227	351
	229	350
	225	349
	224	349
	226	349
	230	350
	225	351
	231	350
	223	349
	224	351
	232	350
	222	349
	221	349
	223	351
	233	350
	222	351
	234	350
	239	350
	260	351
	239	349
	240	350
	256	351
	240	349
	241	350
	258	351
	241	349
	242	350
	257	351
	242	349
	243	350
	244	350
	243	351
	243	349
	244	351
	244	349
	245	350
	245	351
	245	349
	246	350
	246	351
	246	349
	247	350
	247	351
	247	349
	248	350
	249	350
	249	351
	248	349
	248	351
	249	349
	250	350
	250	351
	250	349
	251	350
	251	351
	251	349
	252	350
	252	351
	252	349
	253	350
	254	350
	253	351
	253	349
	254	351
	254	349
	255	350
	255	351
	255	349
	256	350
	240	351
	256	349
	257	350
	242	351
	257	349
	258	350
	241	351
	258	349
	259	350
	237	351
	259	349
	260	350
	239	351
	260	349
	261	350
	238	351
	261	349
	262	350
	262	351
	262	349
	263	350
	263	351
	263	349
	264	350
	264	351
	264	349
	265	350
	265	351
	265	349
	266	350
	266	351
	266	349
	267	350
	267	351
	267	349
	268	350
	268	351
	268	349
	269	350
	269	351
	269	349
	270	350
	270	351
	270	349
	271	350
	271	351
	271	349
	272	350
	272	351
	272	349
	273	350
	273	351
	273	349
	274	350
	274	351
	274	349
	275	350
	275	351
	275	349
	276	350
	276	351
	276	349
	277	350
	277	351
	277	349
	278	350
	278	351
	278	349
	279	350
	279	351
	279	349
	280	350
	280	351
	280	349
	281	350
	281	351
	281	349
	282	350
	282	351
	282	349
	283	350
	283	351
	283	349
	284	350
	284	351
	284	349
	285	350
	285	351
	285	349
	286	350
	286	351
	286	349
	287	350
	287	351
	287	349
	290	351
	290	349
	291	350
	291	351
	291	349
	292	350
	292	351
	292	349
	293	350
	293	351
	293	349
	294	350
	294	351
	294	349
	295	350
	295	351
	295	349
	296	350
	296	351
	296	349
	297	350
	297	351
	297	349
	298	350
	298	351
	298	349
	299	350
	299	351
	299	349
	300	350
	300	351
	300	349
	301	350
	301	351
	301	349
	302	350
	302	351
	302	349
	303	350
	303	351
	303	349
	304	350
	304	351
	304	349
	305	350
	305	351
	305	349
	306	350
	306	351
	306	349
	307	350
	307	351
	307	349
	308	350
	308	351
	308	349
	309	350
	309	351
	309	349
	310	350
	310	351
	310	349
	311	350
	312	350
	311	351
	311	349
	312	351
	312	349
	313	350
	313	351
	313	349
	314	350
	314	351
	314	349
	315	350
	315	351
	315	349
	316	350
	316	351
	316	349
	317	350
	317	351
	317	349
	318	350
	318	351
	318	349
	319	351
	319	350
	320	351
	320	350
	321	351
	321	350
	322	351
	322	350
	323	351
	323	350
	324	351
	324	350
	325	351
	325	350
	326	351
	326	350
	319	349
	320	349
	321	349
	322	349
	323	349
	324	349
	325	349
	326	349
	327	350
	327	351
	327	349
	328	350
	329	350
	328	351
	328	349
	329	351
	329	349
	331	350
	332	350
	330	350
	331	351
	331	349
	332	351
	332	349
	330	351
	330	349
	333	350
	333	351
	333	349
	334	350
	334	351
	334	349
	335	350
	335	351
	335	349
	336	350
	336	351
	336	349
	337	350
	338	350
	337	351
	337	349
	338	351
	338	349
	339	350
	339	351
	339	349
	340	350
	341	350
	340	351
	340	349
	341	351
	341	349
	342	350
	342	351
	342	349
	343	350
	343	351
	343	349
	344	350
	344	351
	344	349
	345	350
	345	351
	345	349
	346	350
	346	351
	346	349
	347	350
	347	351
	347	349
	348	350
	349	350
	348	351
	348	349
	349	351
	349	349
	350	350
	351	350
	350	351
	350	349
	351	351
	351	349
	352	350
	352	351
	352	349
	353	350
	354	350
	353	351
	353	349
	354	351
	354	349
	355	350
	355	351
	355	349
	356	350
	356	351
	356	349
	357	350
	357	351
	357	349
	358	350
	358	351
	358	349
	359	350
	359	351
	359	349
	360	350
	360	351
	360	349
	361	350
	361	351
	361	349
	362	350
	363	350
	362	351
	362	349
	363	351
	363	349
	364	350
	364	351
	364	349
	365	350
	365	351
	365	349
	366	350
	366	351
	366	349
	367	350
	367	351
	367	349
	368	350
	368	351
	368	349
	369	350
	369	351
	369	349
InvisibleObstacle		
