Key	CellX	CellY
VisibleObstacle		
	4	3
	5	3
	3	3
	4	4
	4	2
	5	4
	5	2
	3	4
	3	2
	6	3
	6	4
	6	2
	7	3
	7	4
	7	2
	8	3
	8	4
	8	2
	9	3
	9	4
	9	2
	10	3
	10	4
	10	2
	11	3
	11	4
	11	2
	12	3
	12	4
	12	2
	13	3
	13	4
	13	2
	14	3
	14	4
	14	2
	15	3
	15	4
	15	2
	16	3
	16	4
	16	2
	17	3
	17	4
	17	2
	18	3
	18	4
	18	2
	19	3
	19	4
	19	2
	20	3
	20	4
	20	2
	21	3
	21	4
	21	2
	22	3
	22	4
	22	2
	23	3
	23	4
	23	2
	24	3
	24	4
	24	2
	2	3
	2	4
	2	2
	3	8
	4	9
	2	8
	3	9
	3	7
	4	8
	4	7
	2	9
	2	7
	3	6
	4	6
	2	6
	3	5
	4	5
	2	5
	3	10
	4	10
	2	10
	3	13
	4	13
	4	12
	4	11
	2	13
	3	11
	3	14
	4	14
	3	12
	3	16
	3	15
	3	17
	2	16
	2	15
	3	18
	4	16
	4	15
	3	19
	2	11
	2	12
	4	17
	4	18
	4	19
	3	20
	2	14
	4	20
	2	18
	2	19
	2	17
	4	21
	3	21
	2	20
	3	35
	4	22
	2	21
	2	35
	2	22
	3	22
	4	36
	3	36
	4	24
	3	34
	4	35
	3	23
	4	23
	2	23
	2	24
	2	36
	4	34
	3	24
	4	33
	3	33
	2	34
	4	32
	3	32
	2	33
	4	31
	2	31
	2	32
	3	30
	4	30
	3	31
	2	30
	3	29
	4	29
	2	29
	3	28
	4	28
	2	28
	3	27
	4	27
	2	27
	3	26
	4	26
	2	26
	3	25
	4	25
	2	25
	3	49
	4	49
	2	49
	3	50
	3	48
	4	50
	4	48
	2	50
	2	48
	3	47
	4	47
	2	47
	3	46
	4	46
	2	46
	3	45
	4	45
	2	45
	3	44
	4	44
	2	44
	3	43
	4	43
	2	43
	3	42
	4	42
	2	42
	3	41
	4	41
	2	41
	3	40
	4	40
	2	40
	3	39
	4	39
	2	39
	3	38
	4	38
	2	38
	3	37
	4	37
	2	37
	3	70
	4	70
	2	70
	3	71
	3	69
	4	71
	4	69
	2	71
	2	69
	3	77
	4	77
	2	79
	2	68
	3	68
	2	81
	4	68
	3	67
	4	67
	2	67
	3	66
	4	66
	2	66
	3	65
	4	65
	2	65
	3	64
	4	64
	2	64
	3	63
	4	63
	2	63
	3	62
	4	62
	2	62
	3	61
	4	61
	2	61
	3	60
	4	60
	2	60
	3	59
	4	59
	2	59
	4	81
	4	79
	3	79
	2	58
	3	58
	3	81
	2	57
	3	57
	2	80
	2	56
	3	56
	4	80
	2	55
	3	55
	3	80
	4	58
	4	57
	4	56
	4	55
	3	54
	4	54
	2	54
	3	53
	4	53
	2	53
	3	52
	4	52
	2	52
	3	51
	4	51
	2	51
	2	77
	3	78
	3	76
	4	78
	4	76
	2	78
	2	76
	3	75
	4	75
	2	75
	3	74
	4	74
	2	74
	2	73
	3	73
	4	82
	2	72
	3	72
	2	82
	3	82
	4	73
	4	72
	3	83
	4	83
	2	83
	3	94
	4	94
	2	94
	3	95
	3	93
	4	95
	4	93
	2	95
	2	93
	3	92
	4	92
	2	92
	3	91
	4	91
	2	91
	3	89
	4	89
	2	89
	3	90
	3	88
	4	90
	4	88
	2	90
	2	88
	3	87
	4	87
	2	87
	3	86
	4	86
	2	86
	3	85
	4	85
	2	85
	3	84
	4	84
	2	84
	3	97
	4	97
	2	97
	3	98
	3	96
	4	98
	4	96
	2	98
	2	96
	3	101
	4	101
	2	101
	3	102
	3	100
	4	102
	4	100
	2	102
	2	100
	3	99
	4	99
	2	99
	3	103
	4	103
	2	103
	3	104
	4	104
	2	104
	3	105
	4	105
	2	105
	3	106
	4	106
	2	106
	3	108
	4	108
	2	108
	3	109
	3	107
	4	109
	4	107
	2	109
	2	107
	3	111
	4	111
	2	111
	3	112
	3	110
	4	112
	4	110
	2	112
	2	110
	3	114
	4	114
	2	114
	3	115
	3	113
	4	115
	4	113
	2	115
	2	113
	3	117
	4	117
	2	117
	3	118
	3	116
	4	118
	4	116
	2	118
	2	116
	3	120
	4	120
	2	120
	3	121
	3	119
	4	121
	4	119
	2	121
	2	119
	3	123
	4	123
	2	123
	3	124
	3	122
	4	124
	4	122
	2	124
	2	122
	2	126
	3	126
	6	169
	2	127
	2	125
	3	127
	3	125
	7	170
	6	171
	4	126
	4	127
	4	125
	3	129
	4	129
	2	129
	3	130
	3	128
	4	130
	4	128
	2	130
	2	128
	3	134
	4	134
	2	134
	3	135
	3	133
	4	135
	4	133
	2	135
	2	133
	3	132
	4	132
	2	132
	3	131
	4	131
	2	131
	3	170
	4	170
	2	170
	3	171
	3	169
	4	171
	4	169
	2	171
	2	169
	3	168
	4	168
	2	168
	3	167
	4	167
	2	167
	3	166
	4	166
	2	166
	3	165
	4	165
	2	165
	3	164
	4	164
	2	164
	3	163
	4	163
	2	163
	3	162
	4	162
	2	162
	3	161
	4	161
	2	161
	3	160
	4	160
	2	160
	3	159
	4	159
	2	159
	3	158
	4	158
	2	158
	3	157
	4	157
	2	157
	3	156
	4	156
	2	156
	3	155
	4	155
	2	155
	3	154
	4	154
	2	154
	3	153
	4	153
	2	153
	3	152
	4	152
	2	152
	3	151
	4	151
	2	151
	3	150
	4	150
	2	150
	3	149
	4	149
	2	149
	3	148
	4	148
	2	148
	3	147
	4	147
	2	147
	3	146
	4	146
	2	146
	5	171
	2	145
	3	145
	5	169
	6	170
	2	144
	3	144
	5	170
	4	145
	4	144
	3	143
	4	143
	2	143
	3	142
	4	142
	2	142
	3	141
	4	141
	2	141
	3	140
	4	140
	2	140
	3	139
	4	139
	2	139
	3	138
	4	138
	2	138
	3	137
	4	137
	2	137
	3	136
	4	136
	2	136
	7	171
	7	169
	8	170
	8	171
	8	169
	9	170
	9	171
	9	169
	10	170
	10	171
	10	169
	11	170
	11	171
	11	169
	12	170
	12	171
	12	169
	13	170
	13	171
	13	169
	14	170
	14	171
	14	169
	15	170
	15	171
	15	169
	16	170
	16	171
	16	169
	17	170
	17	171
	17	169
	18	170
	18	171
	18	169
	19	170
	19	171
	19	169
	20	170
	20	171
	20	169
	21	170
	21	171
	21	169
	22	170
	22	171
	22	169
	23	170
	23	171
	23	169
	24	170
	25	170
	24	171
	24	169
	25	171
	25	169
	24	168
	25	168
	23	168
	24	166
	25	166
	23	166
	24	167
	24	165
	25	167
	25	165
	23	167
	23	165
	24	163
	25	163
	23	163
	24	164
	24	162
	25	164
	25	162
	23	164
	23	162
	24	160
	25	160
	23	160
	24	161
	24	159
	25	161
	25	159
	23	161
	23	159
	24	158
	25	158
	23	158
	24	157
	25	157
	23	157
	24	156
	25	156
	23	156
	24	155
	25	155
	23	155
	24	154
	25	154
	23	154
	24	153
	25	153
	23	153
	24	152
	25	152
	23	152
	24	151
	25	151
	23	151
	24	150
	25	150
	23	150
	24	149
	25	149
	23	149
	24	148
	25	148
	23	148
	24	147
	25	147
	23	147
	24	146
	25	146
	23	146
	24	145
	25	145
	23	145
	25	128
	25	144
	23	128
	24	128
	24	144
	25	143
	23	129
	24	143
	25	142
	23	131
	24	142
	25	141
	25	129
	24	141
	23	144
	23	143
	23	142
	23	141
	24	140
	25	140
	23	140
	24	129
	25	139
	25	131
	24	139
	25	138
	24	131
	24	138
	25	137
	23	130
	24	137
	25	136
	25	130
	24	136
	25	135
	24	130
	24	135
	23	138
	23	139
	23	137
	23	136
	23	135
	24	134
	25	134
	23	134
	24	133
	25	133
	23	133
	24	132
	25	132
	23	132
	24	127
	25	127
	23	127
	24	126
	25	126
	23	126
	24	125
	25	125
	23	125
	24	124
	25	124
	23	124
	24	123
	25	123
	23	123
	24	122
	25	122
	23	122
	24	121
	25	121
	23	121
	24	120
	25	120
	23	120
	24	119
	25	119
	23	119
	24	118
	25	118
	23	118
	24	117
	25	117
	23	117
	24	116
	25	116
	23	116
	24	115
	25	115
	23	115
	24	114
	25	114
	23	114
	24	113
	25	113
	23	113
	24	112
	25	112
	23	112
	24	111
	25	111
	23	111
	24	110
	25	110
	23	110
	24	109
	25	109
	23	109
	23	94
	24	93
	25	94
	23	108
	24	108
	24	94
	23	107
	24	107
	23	95
	23	106
	24	106
	23	97
	23	105
	24	105
	25	97
	25	107
	25	108
	25	106
	25	105
	24	104
	25	104
	23	104
	24	103
	25	103
	23	103
	24	95
	23	102
	24	102
	25	95
	24	97
	23	101
	24	101
	23	96
	23	100
	24	100
	25	96
	23	99
	24	99
	24	96
	25	102
	25	101
	25	100
	25	99
	24	98
	25	98
	23	98
	25	93
	23	93
	24	92
	25	92
	23	92
	24	91
	25	91
	23	91
	24	90
	25	90
	23	90
	24	89
	25	89
	23	89
	24	62
	25	62
	23	63
	23	88
	24	88
	25	63
	23	87
	24	87
	24	63
	23	86
	24	86
	23	64
	25	88
	25	87
	25	86
	24	85
	25	85
	23	85
	24	84
	25	84
	23	84
	24	83
	25	83
	23	83
	24	82
	25	82
	23	82
	24	64
	25	81
	25	64
	23	65
	24	81
	25	80
	25	65
	24	80
	25	79
	24	65
	24	79
	25	78
	23	66
	24	78
	25	77
	25	66
	24	77
	25	76
	24	66
	24	76
	25	75
	23	67
	24	75
	25	74
	25	67
	24	74
	25	73
	24	67
	24	73
	23	81
	23	80
	23	79
	23	78
	23	77
	23	76
	23	75
	23	74
	23	73
	24	72
	25	72
	23	72
	24	71
	25	71
	23	71
	24	70
	25	70
	23	70
	24	69
	25	69
	23	69
	24	68
	25	68
	23	68
	23	62
	24	61
	25	61
	23	61
	24	60
	25	60
	23	60
	24	59
	25	59
	23	59
	24	58
	25	58
	23	58
	24	57
	25	57
	23	57
	24	56
	25	56
	23	56
	24	55
	25	55
	23	55
	24	54
	25	54
	23	54
	24	53
	25	53
	23	53
	24	52
	25	52
	23	52
	24	51
	25	51
	23	51
	24	50
	25	50
	23	50
	24	49
	25	49
	23	49
	24	48
	25	48
	23	48
	24	47
	25	47
	23	47
	24	46
	25	46
	23	46
	24	45
	25	45
	23	45
	24	44
	25	44
	23	44
	24	43
	25	43
	23	43
	24	42
	25	42
	23	42
	24	41
	25	41
	23	41
	24	40
	25	40
	23	40
	24	39
	25	39
	23	39
	24	38
	25	38
	23	38
	24	36
	25	36
	23	36
	24	37
	24	35
	25	37
	25	35
	23	37
	23	35
	24	34
	25	34
	23	34
	24	33
	25	33
	23	33
	24	32
	25	32
	23	32
	38	144
	39	146
	38	146
	25	28
	37	145
	24	31
	25	27
	39	145
	24	30
	25	29
	38	145
	24	29
	23	31
	23	30
	23	29
	24	28
	25	31
	23	28
	24	27
	25	30
	23	27
	24	26
	25	26
	23	26
	24	25
	25	25
	23	25
	24	24
	25	24
	23	24
	24	23
	25	23
	23	23
	24	22
	25	22
	23	22
	24	21
	25	21
	23	21
	24	20
	25	20
	23	20
	24	19
	25	19
	23	19
	24	18
	25	18
	23	18
	24	17
	25	17
	23	17
	24	16
	25	16
	23	16
	24	15
	25	15
	23	15
	24	14
	25	14
	23	14
	24	13
	25	13
	23	13
	24	12
	25	12
	23	12
	37	146
	23	11
	24	11
	37	144
	39	144
	25	11
	24	10
	25	10
	23	10
	24	9
	25	9
	23	9
	24	8
	25	8
	23	8
	24	7
	25	7
	23	7
	24	6
	25	6
	23	6
	24	5
	25	5
	23	5
	25	4
	25	3
	25	2
	40	145
	40	146
	40	144
	41	145
	42	145
	41	146
	41	144
	42	146
	42	144
	43	145
	44	145
	43	146
	43	144
	44	146
	44	144
	45	146
	46	146
	36	140
	45	145
	38	140
	46	145
	37	140
	45	144
	46	144
	47	145
	48	145
	47	146
	47	144
	48	146
	48	144
	49	145
	49	146
	49	144
	49	143
	50	143
	48	143
	49	142
	50	144
	50	142
	48	142
	50	145
	50	146
	36	145
	36	146
	36	144
	37	143
	38	143
	36	143
	37	142
	38	142
	36	142
	37	141
	37	139
	38	141
	38	139
	36	141
	36	139
	37	137
	38	137
	36	137
	37	138
	37	136
	38	138
	38	136
	36	138
	36	136
	37	135
	38	135
	36	135
	37	134
	38	134
	36	134
	37	133
	38	133
	36	133
	37	132
	38	132
	36	132
	37	131
	38	131
	36	131
	37	130
	38	130
	36	130
	37	128
	38	128
	36	128
	37	129
	37	127
	38	129
	38	127
	36	129
	36	127
	37	126
	38	126
	36	126
	37	125
	38	125
	36	125
	37	124
	38	124
	36	124
	37	123
	38	123
	36	123
	37	122
	38	122
	36	122
	37	121
	38	121
	36	121
	37	120
	38	120
	36	120
	37	119
	38	119
	36	119
	37	118
	38	118
	36	118
	37	117
	38	117
	36	117
	37	116
	38	116
	36	116
	37	115
	38	115
	36	115
	37	114
	38	114
	36	114
	37	113
	38	113
	36	113
	37	112
	38	112
	36	112
	37	111
	38	111
	36	111
	37	110
	38	110
	36	110
	37	109
	38	109
	36	109
	37	107
	38	107
	36	107
	37	108
	37	106
	38	108
	38	106
	36	108
	36	106
	37	105
	38	105
	36	105
	37	104
	38	104
	36	104
	37	103
	38	103
	36	103
	37	102
	38	102
	36	102
	37	101
	38	101
	36	101
	37	100
	38	100
	36	100
	37	99
	38	99
	36	99
	37	98
	38	98
	36	98
	37	97
	38	97
	36	97
	37	96
	38	96
	36	96
	37	95
	38	95
	36	95
	37	94
	38	94
	36	94
	37	93
	38	93
	36	93
	37	92
	38	92
	36	92
	37	91
	38	91
	36	91
	37	90
	38	90
	36	90
	37	89
	38	89
	36	89
	37	88
	38	88
	36	88
	37	87
	38	87
	36	87
	37	86
	38	86
	36	86
	37	85
	38	85
	36	85
	37	84
	38	84
	36	84
	37	83
	38	83
	36	83
	37	82
	38	82
	36	82
	37	81
	38	81
	36	81
	37	80
	38	80
	36	80
	37	78
	38	78
	36	78
	37	79
	37	77
	38	79
	38	77
	36	79
	36	77
	37	76
	38	76
	36	76
	37	75
	38	75
	36	75
	37	74
	38	74
	36	74
	37	73
	38	73
	36	73
	37	72
	38	72
	36	72
	37	71
	38	71
	36	71
	37	70
	38	70
	36	70
	39	62
	39	60
	38	60
	36	69
	37	69
	37	61
	36	68
	37	68
	39	61
	36	67
	37	67
	38	61
	38	69
	38	68
	38	67
	37	66
	38	66
	36	66
	37	65
	38	65
	36	65
	37	64
	38	64
	36	64
	37	63
	38	63
	36	63
	37	62
	38	62
	36	62
	37	60
	36	61
	36	60
	40	61
	40	62
	40	60
	41	61
	41	62
	41	60
	42	62
	49	139
	49	141
	42	61
	48	140
	43	62
	50	140
	43	61
	44	62
	49	140
	44	61
	42	60
	43	60
	44	60
	45	61
	45	62
	45	60
	46	61
	46	62
	46	60
	47	61
	47	62
	47	60
	48	61
	48	62
	48	60
	49	64
	50	64
	48	64
	49	65
	49	63
	50	65
	50	63
	48	65
	48	63
	49	61
	50	61
	49	62
	49	60
	50	62
	50	60
	50	141
	50	139
	48	141
	48	139
	49	138
	50	138
	48	138
	49	137
	50	137
	48	137
	49	136
	50	136
	48	136
	49	135
	50	135
	48	135
	48	134
	49	134
	48	133
	49	133
	50	134
	50	133
	49	132
	50	132
	48	132
	49	131
	50	131
	48	131
	49	130
	50	130
	48	130
	49	129
	50	129
	48	129
	49	128
	50	128
	48	128
	49	127
	50	127
	48	127
	49	126
	50	126
	48	126
	49	125
	50	125
	48	125
	49	124
	50	124
	48	124
	49	123
	50	123
	48	123
	49	122
	50	122
	48	122
	49	121
	50	121
	48	121
	49	120
	50	120
	48	120
	49	119
	50	119
	48	119
	49	118
	50	118
	48	118
	50	117
	49	117
	50	116
	49	116
	50	115
	49	115
	50	114
	49	114
	50	113
	62	145
	49	113
	50	112
	60	142
	49	112
	50	111
	62	142
	49	111
	48	117
	48	116
	48	115
	48	114
	48	113
	48	112
	48	111
	49	110
	50	110
	48	110
	49	109
	50	109
	48	109
	49	108
	50	108
	48	108
	61	141
	48	107
	49	107
	60	145
	61	140
	48	106
	49	106
	62	140
	61	145
	60	141
	60	143
	62	144
	48	105
	61	142
	62	143
	48	104
	61	143
	60	140
	48	103
	62	141
	61	144
	48	101
	60	144
	50	106
	49	105
	50	107
	50	105
	49	104
	50	104
	49	103
	50	103
	49	102
	50	102
	49	101
	50	101
	48	102
	49	100
	50	100
	48	100
	49	99
	50	99
	48	99
	49	98
	50	98
	48	98
	49	97
	50	97
	48	97
	49	96
	50	96
	48	96
	49	95
	50	95
	48	95
	49	94
	50	94
	48	94
	49	93
	50	93
	48	93
	49	92
	50	92
	48	92
	49	91
	50	91
	48	91
	49	90
	50	90
	48	90
	49	89
	50	89
	48	89
	49	88
	50	88
	48	88
	49	87
	50	87
	48	87
	49	86
	50	86
	48	86
	49	85
	50	85
	48	85
	49	84
	50	84
	48	84
	49	83
	50	83
	48	83
	49	82
	50	82
	48	82
	49	81
	50	81
	48	81
	49	80
	50	80
	48	80
	49	79
	50	79
	48	79
	49	78
	50	78
	48	78
	49	77
	50	77
	48	77
	49	76
	50	76
	48	76
	49	75
	50	75
	48	75
	49	74
	50	74
	48	74
	49	73
	50	73
	48	73
	49	72
	50	72
	48	72
	49	71
	50	71
	48	71
	49	70
	50	70
	48	70
	49	69
	50	69
	48	69
	49	68
	50	68
	48	68
	49	67
	50	67
	48	67
	49	66
	50	66
	48	66
	61	139
	62	139
	60	139
	61	138
	62	138
	60	138
	61	137
	62	137
	60	137
	62	135
	63	135
	61	135
	62	136
	62	134
	63	136
	63	134
	61	136
	61	134
	60	135
	60	136
	60	134
	62	132
	63	132
	61	132
	62	133
	62	131
	63	133
	63	131
	61	133
	61	131
	60	132
	60	133
	60	131
	61	129
	62	129
	60	129
	61	130
	61	128
	62	130
	62	128
	60	130
	60	128
	61	126
	62	126
	60	126
	61	127
	61	125
	62	127
	62	125
	60	127
	60	125
	61	124
	62	124
	60	124
	61	123
	62	123
	60	123
	61	122
	62	122
	60	122
	60	121
	61	121
	61	120
	62	120
	62	121
	60	120
	63	122
	64	120
	64	121
	63	121
	64	122
	63	120
	65	122
	66	121
	65	121
	68	121
	67	122
	65	120
	69	123
	69	120
	68	120
	68	123
	69	122
	67	123
	69	121
	68	122
	67	120
	67	121
	66	120
	66	122
	74	123
	77	122
	75	121
	74	122
	77	123
	76	122
	77	121
	75	122
	76	123
	76	121
	74	121
	75	123
	74	120
	76	120
	75	120
	79	121
	79	122
	78	121
	77	120
	78	120
	78	122
	80	122
	80	120
	79	120
	83	122
	83	120
	84	122
	80	121
	84	120
	81	121
	82	122
	82	120
	81	122
	83	123
	84	123
	81	120
	82	123
	83	124
	83	121
	84	124
	82	124
	82	121
	84	126
	83	126
	82	125
	84	127
	83	125
	83	127
	84	125
	82	126
	84	121
	84	128
	83	128
	82	127
	84	129
	83	129
	82	128
	84	130
	83	130
	82	129
	84	131
	83	131
	82	130
	82	132
	82	131
	82	133
	82	135
	82	136
	82	134
	83	137
	84	136
	83	136
	84	135
	84	137
	83	135
	84	133
	83	133
	82	137
	84	134
	83	132
	83	134
	84	138
	83	138
	84	132
	84	139
	83	139
	82	138
	84	140
	83	140
	82	139
	82	140
	83	141
	84	141
	82	141
	83	142
	84	142
	82	142
	83	143
	84	143
	82	143
	83	144
	84	144
	82	144
	64	145
	65	145
	63	145
	64	146
	64	144
	65	146
	65	144
	63	146
	63	144
	61	146
	62	146
	60	146
	66	145
	67	145
	66	146
	66	144
	67	146
	67	144
	69	145
	70	145
	68	145
	69	146
	69	144
	70	146
	70	144
	68	146
	68	144
	72	145
	73	145
	71	145
	72	146
	72	144
	73	146
	73	144
	71	146
	71	144
	74	145
	74	146
	74	144
	75	145
	75	146
	75	144
	76	145
	76	146
	76	144
	77	145
	77	146
	77	144
	78	145
	78	146
	78	144
	79	145
	79	146
	79	144
	80	145
	80	146
	80	144
	81	145
	81	146
	81	144
	70	141
	82	145
	70	140
	83	145
	82	146
	83	146
	84	145
	84	146
	71	140
	71	141
	72	140
	73	140
	74	140
	74	139
	73	139
	72	139
	71	139
	76	141
	76	142
	77	142
	77	141
	70	132
	71	132
	72	132
	73	132
	73	131
	72	131
	71	131
	70	131
	69	131
	69	130
	69	129
	69	128
	69	127
	69	126
	69	125
	69	124
	74	131
	75	131
	75	130
	75	129
	75	128
	75	127
	75	126
	75	125
	75	124
	71	130
	72	130
	70	130
	71	129
	72	129
	70	129
	73	130
	73	129
	74	130
	74	129
	70	128
	71	128
	70	127
	71	127
	70	126
	71	126
	70	125
	71	125
	70	124
	71	124
	70	123
	71	123
	70	122
	71	122
	70	121
	71	121
	74	128
	73	128
	74	127
	73	127
	74	126
	73	126
	74	125
	73	125
	72	125
	73	124
	74	124
	72	126
	72	124
	73	123
	72	123
	72	128
	72	127
	73	122
	72	122
	73	121
	72	121
	62	81
	63	81
	61	81
	62	82
	62	80
	63	82
	63	80
	61	82
	61	80
	65	81
	66	81
	64	81
	65	82
	65	80
	66	82
	66	80
	64	82
	64	80
	68	81
	69	81
	67	81
	68	82
	68	80
	69	82
	69	80
	67	82
	67	80
	70	81
	70	82
	70	80
	72	80
	73	80
	71	80
	72	81
	72	79
	73	81
	73	79
	71	81
	71	79
	74	80
	74	81
	74	79
	75	80
	75	81
	75	79
	77	81
	78	81
	76	81
	77	82
	77	80
	78	82
	78	80
	76	82
	76	80
	79	81
	79	82
	79	80
	81	81
	82	81
	80	81
	81	82
	81	80
	82	82
	82	80
	80	82
	80	80
	83	81
	83	82
	83	80
	84	81
	84	82
	84	80
	84	78
	85	78
	83	78
	84	79
	84	77
	85	79
	85	77
	83	79
	83	77
	85	80
	85	81
	85	82
	84	76
	85	76
	83	76
	84	75
	85	75
	83	75
	84	74
	85	74
	83	74
	84	73
	85	73
	83	73
	84	71
	85	71
	83	71
	84	72
	84	70
	85	72
	85	70
	83	72
	83	70
	84	69
	85	69
	83	69
	84	68
	85	68
	83	68
	84	67
	85	67
	83	67
	84	66
	85	66
	83	66
	84	64
	85	64
	83	64
	84	65
	84	63
	85	65
	85	63
	83	65
	83	63
	84	62
	85	62
	83	62
	84	61
	85	61
	83	61
	83	60
	84	60
	82	60
	83	59
	84	59
	82	61
	82	59
	85	60
	85	59
	81	60
	80	60
	81	61
	81	59
	80	61
	80	59
	79	60
	78	60
	79	61
	79	59
	78	61
	78	59
	77	60
	77	61
	77	59
	75	61
	76	61
	74	61
	75	62
	75	60
	76	62
	76	60
	74	62
	74	60
	73	61
	73	62
	73	60
	72	60
	71	60
	72	61
	72	59
	73	59
	71	61
	71	59
	69	60
	70	60
	68	60
	69	61
	69	59
	70	61
	70	59
	68	61
	68	59
	67	60
	66	60
	67	61
	67	59
	66	61
	66	59
	65	60
	65	61
	65	59
	63	60
	64	60
	62	60
	63	61
	63	59
	64	61
	64	59
	62	61
	62	59
	63	62
	64	62
	62	62
	63	63
	64	63
	62	63
	64	65
	63	66
	62	64
	62	65
	64	64
	64	66
	63	65
	63	64
	62	66
	61	67
	62	67
	60	67
	61	68
	61	66
	62	68
	60	68
	60	66
	60	81
	60	82
	60	80
	61	79
	62	79
	60	79
	61	78
	62	78
	60	78
	61	77
	62	77
	60	77
	61	76
	62	76
	60	76
	61	75
	62	75
	60	75
	61	74
	62	74
	60	74
	61	73
	62	73
	60	73
	61	72
	62	72
	60	72
	61	71
	62	71
	60	71
	61	70
	62	70
	60	70
	61	69
	62	69
	60	69
	61	65
	60	65
	61	64
	60	64
	61	63
	60	63
	61	62
	60	62
	61	61
	60	61
	61	60
	60	60
	61	59
	60	59
	75	59
	76	59
	74	59
	65	64
	65	65
	66	65
	66	64
	63	73
	64	73
	65	73
	66	73
	67	73
	68	73
	69	73
	69	72
	69	71
	69	70
	69	69
	69	68
	68	68
	67	68
	66	68
	65	68
	64	68
	63	68
	63	72
	64	72
	65	72
	66	72
	67	72
	68	72
	68	71
	68	70
	68	69
	67	69
	66	69
	65	69
	64	69
	63	69
	63	70
	63	71
	64	71
	65	71
	66	71
	67	71
	67	70
	66	70
	65	70
	64	70
	81	136
	81	135
	81	134
	81	133
	81	132
	81	131
	80	134
	80	133
	62	109
	63	109
	61	109
	62	110
	62	108
	63	110
	63	108
	61	110
	61	108
	62	107
	63	107
	61	107
	62	106
	63	106
	61	106
	62	105
	63	105
	61	105
	62	104
	63	104
	61	104
	62	103
	63	103
	61	103
	62	102
	63	102
	61	102
	62	101
	63	101
	61	101
	62	100
	63	100
	61	100
	62	99
	63	99
	61	99
	62	98
	63	98
	61	98
	62	97
	63	97
	61	97
	62	96
	63	96
	61	96
	62	95
	63	95
	61	95
	62	94
	63	94
	61	94
	62	92
	63	92
	61	92
	62	93
	62	91
	63	93
	63	91
	61	93
	61	91
	62	90
	63	90
	61	90
	62	89
	63	89
	61	89
	62	87
	63	87
	61	87
	62	88
	62	86
	63	88
	63	86
	61	88
	61	86
	64	87
	64	88
	64	86
	65	87
	66	87
	65	88
	65	86
	66	88
	66	86
	67	87
	68	87
	67	88
	67	86
	68	88
	68	86
	69	87
	70	87
	69	88
	69	86
	70	88
	70	86
	72	87
	73	87
	71	87
	72	88
	72	86
	73	88
	73	86
	71	88
	71	86
	74	87
	75	87
	74	88
	74	86
	75	88
	75	86
	76	87
	76	88
	76	86
	64	101
	64	102
	64	100
	64	99
	64	98
	64	97
	64	96
	64	95
	64	110
	65	110
	64	111
	64	109
	65	111
	65	109
	63	111
	62	111
	61	111
	67	110
	68	110
	66	110
	67	111
	67	109
	68	111
	68	109
	66	111
	66	109
	70	110
	71	110
	69	110
	70	111
	70	109
	71	111
	71	109
	69	111
	69	109
	73	110
	74	110
	72	110
	73	111
	73	109
	74	111
	74	109
	72	111
	72	109
	75	110
	76	110
	75	111
	75	109
	76	111
	76	109
	77	110
	78	110
	77	111
	77	109
	78	111
	78	109
	80	110
	81	110
	79	110
	80	111
	80	109
	81	111
	81	109
	79	111
	79	109
	83	110
	84	110
	82	110
	83	111
	83	109
	84	111
	84	109
	82	111
	82	109
	85	109
	86	109
	85	110
	85	108
	86	110
	86	108
	84	108
	85	111
	86	111
	85	107
	86	107
	84	107
	85	106
	86	106
	84	106
	85	105
	86	105
	84	105
	85	104
	86	104
	84	104
	85	103
	86	103
	84	103
	85	102
	86	102
	84	102
	85	101
	86	101
	84	101
	85	100
	86	100
	84	100
	85	99
	86	99
	84	99
	85	98
	86	98
	84	98
	85	96
	86	96
	84	96
	85	97
	85	95
	86	97
	86	95
	84	97
	84	95
	85	93
	86	93
	84	93
	85	94
	85	92
	86	94
	86	92
	84	94
	84	92
	85	90
	86	90
	84	90
	85	91
	85	89
	86	91
	86	89
	84	91
	84	89
	85	87
	86	87
	84	87
	85	88
	85	86
	86	88
	86	86
	84	88
	84	86
	77	88
	77	89
	78	89
	78	88
	79	88
	80	88
	77	90
	78	90
	79	89
	80	89
	81	89
	82	89
	82	88
	81	88
	82	87
	83	86
	82	86
	83	87
	79	87
	78	87
	77	87
	77	86
	78	86
	80	86
	81	86
	79	86
	69	89
	69	90
	69	91
	69	93
	69	92
	70	93
	71	93
	72	93
	73	93
	74	93
	75	93
	76	93
	76	92
	76	91
	76	90
	76	89
	70	92
	71	92
	72	92
	73	92
	74	92
	75	92
	70	91
	71	91
	72	91
	73	91
	74	91
	75	91
	70	90
	71	90
	73	90
	74	90
	72	90
	75	90
	70	89
	71	89
	72	89
	73	89
	74	89
	75	89
	78	103
	79	103
	79	102
	79	101
	78	101
	78	102
	79	106
	80	106
	79	105
	80	105
	81	105
	82	105
	82	104
	82	103
	82	102
	82	101
	82	100
	81	100
	80	100
	80	101
	80	102
	80	103
	80	104
	81	104
	81	103
	81	102
	81	101
	79	100
	79	99
	80	99
	78	99
	79	98
	1	178
	2	178
	0	178
	1	179
	1	177
	2	179
	2	177
	0	179
	0	177
	1	176
	2	176
	0	176
	1	175
	2	175
	0	175
	1	174
	2	174
	0	174
	1	173
	2	173
	0	173
	1	172
	2	172
	0	172
	1	171
	0	171
	1	170
	0	170
	0	169
	1	169
	0	168
	1	168
	0	167
	1	167
	0	166
	1	166
	0	165
	1	165
	0	164
	1	164
	0	163
	1	163
	0	162
	1	162
	0	161
	1	161
	0	160
	1	160
	0	159
	1	159
	0	158
	1	158
	0	157
	1	157
	0	156
	1	156
	0	155
	1	155
	0	154
	1	154
	0	153
	1	153
	0	152
	1	152
	0	151
	1	151
	0	150
	1	150
	0	149
	1	149
	0	148
	1	148
	0	147
	1	147
	0	146
	1	146
	0	145
	1	145
	0	144
	1	144
	0	143
	1	143
	0	142
	1	142
	0	141
	1	141
	0	140
	1	140
	0	139
	1	139
	0	138
	1	138
	0	137
	1	137
	0	136
	1	136
	0	135
	1	135
	0	134
	1	134
	0	133
	1	133
	0	132
	1	132
	0	131
	1	131
	0	130
	1	130
	0	129
	1	129
	0	128
	1	128
	0	127
	1	127
	0	126
	1	126
	0	125
	1	125
	0	124
	1	124
	0	123
	1	123
	0	122
	1	122
	0	121
	1	121
	0	120
	1	120
	0	119
	1	119
	0	118
	1	118
	0	117
	1	117
	0	109
	1	109
	0	110
	0	108
	1	110
	1	108
	0	111
	1	111
	0	112
	1	112
	0	113
	1	113
	0	114
	1	114
	0	115
	1	115
	0	116
	1	116
	0	107
	1	107
	0	106
	1	106
	0	105
	1	105
	0	104
	1	104
	0	103
	1	103
	0	102
	1	102
	0	101
	1	101
	0	100
	1	100
	0	99
	1	99
	0	98
	1	98
	0	97
	1	97
	0	96
	1	96
	0	95
	1	95
	0	94
	1	94
	0	93
	1	93
	0	92
	1	92
	0	91
	1	91
	0	90
	1	90
	0	89
	1	89
	0	88
	1	88
	0	87
	1	87
	0	86
	1	86
	0	85
	1	85
	0	84
	1	84
	0	83
	1	83
	0	82
	1	82
	0	81
	1	81
	0	80
	1	80
	0	79
	1	79
	0	78
	1	78
	0	77
	1	77
	0	76
	1	76
	0	75
	1	75
	0	74
	1	74
	0	73
	1	73
	0	72
	1	72
	0	71
	1	71
	0	70
	1	70
	0	69
	1	69
	0	68
	1	68
	0	67
	1	67
	0	66
	1	66
	0	65
	1	65
	1	64
	0	64
	1	63
	0	63
	1	62
	0	62
	1	61
	0	61
	1	60
	0	60
	1	59
	0	59
	1	58
	0	58
	1	57
	0	57
	1	56
	0	56
	1	55
	0	55
	1	54
	0	54
	1	53
	0	53
	1	52
	0	52
	1	51
	0	51
	1	50
	0	50
	1	49
	0	49
	1	48
	0	48
	1	47
	0	47
	1	46
	0	46
	1	45
	0	45
	1	44
	0	44
	1	43
	1	42
	1	41
	1	40
	1	39
	1	38
	1	37
	0	38
	0	39
	0	37
	0	40
	0	41
	0	42
	0	43
	1	36
	0	36
	0	35
	1	35
	0	34
	1	34
	0	33
	1	33
	0	32
	1	32
	0	31
	1	31
	0	30
	1	30
	0	29
	1	29
	0	28
	1	28
	0	27
	1	27
	0	26
	1	26
	0	25
	1	25
	0	24
	1	24
	0	23
	1	23
	0	22
	1	22
	0	21
	1	21
	0	20
	1	20
	0	19
	1	19
	0	18
	1	18
	0	17
	1	17
	0	16
	1	16
	0	15
	1	15
	0	14
	1	14
	0	13
	1	13
	0	12
	1	12
	0	11
	1	11
	0	10
	1	10
	0	9
	1	9
	0	8
	1	8
	0	7
	1	7
	0	6
	1	6
	0	5
	1	5
	0	4
	1	4
	0	3
	1	3
	0	2
	1	2
	0	1
	1	1
	0	0
	1	0
	2	0
	3	0
	2	1
	3	1
	4	1
	4	0
	5	1
	5	0
	6	1
	6	0
	7	1
	7	0
	8	1
	8	0
	9	1
	9	0
	10	1
	10	0
	11	1
	11	0
	12	1
	12	0
	13	1
	13	0
	14	1
	14	0
	15	1
	15	0
	16	1
	16	0
	17	1
	17	0
	18	1
	18	0
	19	1
	19	0
	20	1
	20	0
	21	1
	21	0
	22	1
	22	0
	23	1
	24	1
	25	1
	26	2
	26	3
	26	1
	27	2
	27	3
	27	1
	28	2
	28	3
	28	1
	26	0
	27	0
	25	0
	24	0
	23	0
	28	0
	29	0
	29	1
	29	2
	29	3
	27	4
	28	4
	26	4
	27	5
	28	5
	26	5
	27	6
	28	6
	26	6
	27	7
	28	7
	26	7
	27	8
	28	8
	26	8
	27	9
	28	9
	26	9
	29	9
	28	10
	29	10
	29	8
	27	10
	28	11
	29	11
	27	11
	28	12
	29	12
	27	12
	28	13
	29	13
	27	13
	28	14
	29	14
	27	14
	30	14
	29	15
	30	15
	30	13
	28	15
	29	16
	30	16
	28	16
	29	17
	30	17
	28	17
	29	18
	30	18
	28	18
	29	19
	30	19
	28	19
	29	20
	30	20
	28	20
	29	21
	30	21
	28	21
	29	22
	30	22
	28	22
	29	23
	30	23
	28	23
	29	24
	30	24
	28	24
	31	23
	31	24
	31	22
	30	25
	31	25
	29	25
	30	26
	31	26
	29	26
	30	27
	31	27
	29	27
	30	28
	31	28
	29	28
	30	29
	31	29
	29	29
	30	30
	31	30
	29	30
	30	31
	31	31
	29	31
	30	32
	31	32
	29	32
	30	33
	31	33
	29	33
	32	33
	31	34
	32	34
	32	32
	30	34
	31	35
	32	35
	30	35
	31	36
	32	36
	30	36
	31	37
	32	37
	30	37
	31	38
	32	38
	30	38
	31	39
	32	39
	30	39
	31	40
	32	40
	30	40
	31	43
	32	43
	30	43
	31	44
	31	42
	32	44
	32	42
	30	44
	30	42
	31	46
	32	46
	30	46
	31	47
	31	45
	32	47
	32	45
	30	47
	30	45
	31	48
	32	48
	30	48
	31	49
	32	49
	30	49
	31	50
	32	50
	30	50
	31	51
	32	51
	30	51
	31	52
	32	52
	30	52
	31	53
	32	53
	30	53
	31	54
	32	54
	30	54
	31	55
	32	55
	30	55
	31	56
	32	56
	30	56
	31	57
	32	57
	30	57
	31	58
	32	58
	30	58
	31	60
	32	60
	30	60
	31	61
	31	59
	32	61
	32	59
	30	61
	30	59
	31	62
	32	62
	30	62
	31	63
	32	63
	30	63
	31	64
	32	64
	30	64
	31	65
	32	65
	30	65
	31	66
	32	66
	30	66
	31	67
	32	67
	30	67
	31	68
	32	68
	30	68
	31	69
	32	69
	30	69
	31	70
	32	70
	30	70
	31	71
	32	71
	30	71
	31	72
	32	72
	30	72
	31	73
	32	73
	30	73
	31	74
	32	74
	30	74
	31	75
	32	75
	30	75
	31	76
	32	76
	30	76
	31	78
	32	78
	30	78
	31	79
	31	77
	32	79
	32	77
	30	79
	30	77
	31	81
	32	81
	30	81
	31	82
	31	80
	32	82
	32	80
	30	82
	30	80
	31	83
	32	83
	30	83
	31	84
	32	84
	30	84
	31	86
	32	86
	30	86
	31	87
	31	85
	32	87
	32	85
	30	87
	30	85
	30	89
	31	89
	29	89
	30	90
	30	88
	31	90
	31	88
	29	90
	29	88
	30	91
	31	91
	29	91
	30	92
	31	92
	29	92
	30	93
	31	93
	29	93
	30	94
	31	94
	29	94
	30	95
	31	95
	29	95
	30	96
	31	96
	29	96
	30	97
	31	97
	29	97
	29	98
	30	98
	28	98
	29	99
	30	99
	28	99
	28	97
	29	100
	30	100
	28	100
	29	102
	30	102
	28	102
	29	103
	29	101
	30	103
	30	101
	28	103
	28	101
	29	104
	30	104
	28	104
	29	105
	30	105
	28	105
	29	106
	30	106
	28	106
	29	107
	30	107
	28	107
	29	108
	30	108
	28	108
	29	109
	30	109
	28	109
	27	107
	27	108
	27	106
	27	105
	26	105
	27	104
	26	106
	26	104
	27	103
	26	103
	26	102
	27	102
	26	101
	27	101
	26	100
	27	100
	26	99
	27	99
	26	98
	27	98
	26	97
	27	97
	26	96
	27	96
	26	95
	27	95
	26	94
	27	94
	26	93
	27	93
	26	92
	27	92
	28	93
	28	94
	28	92
	27	91
	28	91
	26	91
	27	90
	28	90
	26	90
	27	89
	28	89
	26	89
	27	88
	28	88
	26	88
	27	87
	28	87
	26	87
	27	86
	28	86
	26	86
	27	85
	28	85
	26	85
	27	84
	28	84
	26	84
	27	83
	28	83
	26	83
	27	82
	28	82
	26	82
	27	81
	28	81
	26	81
	27	80
	28	80
	26	80
	27	79
	28	79
	26	79
	27	78
	28	78
	26	78
	27	77
	28	77
	26	77
	27	76
	28	76
	26	76
	27	75
	28	75
	26	75
	27	74
	28	74
	26	74
	27	73
	28	73
	26	73
	27	72
	28	72
	26	72
	27	71
	28	71
	26	71
	27	70
	28	70
	26	70
	27	69
	28	69
	26	69
	27	68
	28	68
	26	68
	27	67
	28	67
	26	67
	27	66
	28	66
	26	66
	27	65
	28	65
	26	65
	27	64
	28	64
	26	64
	27	63
	28	63
	26	63
	26	62
	27	62
	26	61
	27	61
	26	60
	27	60
	26	59
	27	59
	26	58
	27	58
	26	57
	27	57
	26	56
	27	56
	26	55
	27	55
	26	54
	26	53
	27	54
	27	53
	26	52
	27	52
	26	51
	27	51
	26	50
	27	50
	26	49
	27	49
	26	48
	27	48
	28	48
	27	47
	28	49
	28	47
	26	47
	27	46
	28	46
	26	46
	27	45
	28	45
	26	45
	27	44
	28	44
	26	44
	27	43
	28	43
	26	43
	27	42
	28	42
	26	42
	26	41
	27	41
	26	40
	27	40
	26	39
	27	39
	26	38
	27	38
	26	37
	27	37
	26	36
	27	36
	26	35
	27	35
	26	34
	27	34
	26	33
	27	33
	26	32
	27	32
	26	31
	27	31
	26	30
	27	30
	28	30
	27	29
	28	31
	28	29
	26	29
	27	28
	28	28
	26	28
	27	27
	28	27
	26	27
	27	26
	28	26
	26	26
	27	25
	28	25
	26	25
	27	24
	26	24
	27	23
	26	23
	27	22
	26	22
	27	21
	26	21
	27	20
	26	20
	27	19
	26	19
	27	18
	26	18
	27	17
	26	17
	27	16
	26	16
	27	15
	26	15
	26	14
	26	13
	26	12
	26	11
	26	10
	29	7
	29	6
	29	5
	30	5
	29	4
	30	6
	30	4
	30	3
	30	2
	30	1
	30	7
	31	7
	30	8
	31	8
	31	6
	30	9
	31	9
	30	10
	31	10
	30	11
	31	11
	30	12
	31	12
	31	13
	31	14
	31	15
	31	16
	31	17
	31	18
	31	19
	31	20
	31	21
	29	34
	29	35
	29	36
	29	37
	29	38
	29	39
	29	40
	30	41
	31	41
	29	41
	29	42
	29	43
	29	44
	29	45
	29	46
	29	47
	29	48
	29	49
	29	50
	28	50
	29	51
	28	51
	29	52
	28	52
	29	53
	28	53
	29	54
	28	54
	29	55
	28	55
	29	56
	28	56
	29	57
	28	57
	29	58
	28	58
	29	59
	28	59
	29	60
	28	60
	28	61
	29	61
	28	62
	29	62
	29	63
	29	64
	29	65
	29	66
	29	67
	29	70
	29	71
	29	69
	29	72
	29	73
	29	74
	29	75
	29	76
	29	77
	29	78
	29	79
	29	80
	29	81
	29	82
	29	83
	29	84
	29	85
	29	86
	29	87
	28	95
	28	96
	27	109
	28	110
	29	110
	27	110
	28	111
	29	111
	27	111
	28	112
	29	112
	27	112
	28	113
	29	113
	27	113
	3	174
	3	175
	3	173
	4	174
	4	175
	4	173
	5	174
	5	175
	5	173
	6	173
	5	172
	6	174
	6	172
	4	172
	7	173
	7	174
	7	172
	8	173
	8	174
	8	172
	3	172
	9	172
	9	173
	10	172
	10	173
	11	172
	11	173
	12	172
	12	173
	13	172
	13	173
	14	172
	15	172
	14	173
	15	173
	16	172
	17	172
	16	173
	17	173
	18	172
	19	172
	18	173
	19	173
	20	172
	21	172
	20	173
	21	173
	22	172
	23	172
	22	173
	23	173
	24	172
	24	173
	25	172
	25	173
	26	172
	26	173
	26	171
	27	172
	27	173
	27	171
	28	172
	28	173
	28	171
	15	174
	16	174
	14	174
	13	174
	12	174
	11	174
	10	174
	9	174
	10	175
	11	175
	9	175
	8	175
	7	175
	6	175
	7	176
	8	176
	6	176
	5	176
	4	176
	5	177
	6	177
	4	177
	3	176
	3	177
	3	178
	4	178
	3	179
	4	179
	5	179
	5	178
	6	179
	6	178
	7	179
	7	178
	8	179
	8	178
	9	179
	9	178
	10	179
	11	179
	10	178
	11	178
	12	179
	12	178
	13	179
	13	178
	14	179
	14	178
	13	177
	14	177
	12	177
	10	177
	11	177
	9	177
	10	176
	11	176
	9	176
	8	177
	7	177
	12	176
	13	176
	14	176
	13	175
	14	175
	12	175
	15	176
	16	176
	15	177
	15	175
	16	177
	16	175
	17	176
	17	177
	17	175
	18	176
	19	176
	18	177
	18	175
	19	177
	19	175
	20	176
	20	177
	20	175
	21	176
	22	176
	21	177
	21	175
	22	177
	22	175
	23	176
	23	177
	23	175
	24	176
	24	177
	24	175
	25	176
	25	177
	25	175
	26	176
	27	176
	26	177
	26	175
	27	177
	27	175
	28	176
	28	177
	28	175
	29	176
	29	177
	29	175
	30	176
	30	177
	30	175
	28	174
	29	174
	27	174
	26	174
	25	174
	24	174
	23	174
	22	174
	21	174
	20	174
	15	178
	16	178
	15	179
	16	179
	17	179
	17	178
	18	179
	18	178
	19	179
	19	178
	20	179
	20	178
	21	179
	21	178
	22	179
	22	178
	23	179
	23	178
	24	179
	25	179
	24	178
	25	178
	26	179
	26	178
	27	179
	27	178
	28	179
	28	178
	29	179
	29	178
	30	179
	30	178
	31	179
	31	178
	32	179
	33	179
	32	178
	33	178
	34	179
	34	178
	33	177
	34	177
	32	177
	31	177
	31	176
	19	174
	18	174
	17	174
	32	176
	33	176
	34	176
	31	175
	32	175
	30	174
	31	174
	29	173
	30	173
	29	172
	30	172
	29	171
	30	171
	28	170
	29	170
	27	170
	28	169
	29	169
	27	169
	28	168
	29	168
	27	168
	28	167
	29	167
	27	167
	28	166
	29	166
	27	166
	28	165
	29	165
	27	165
	26	168
	26	169
	26	167
	26	170
	26	166
	26	165
	26	164
	27	164
	26	163
	27	163
	26	162
	27	162
	26	161
	27	161
	26	160
	27	160
	26	159
	27	159
	26	158
	27	158
	26	157
	27	157
	26	156
	27	156
	26	155
	27	155
	26	154
	27	154
	26	153
	27	153
	26	152
	27	152
	26	151
	27	151
	26	150
	27	150
	26	149
	27	149
	26	148
	27	148
	26	147
	27	147
	26	146
	27	146
	26	145
	27	145
	26	144
	27	144
	26	143
	27	143
	26	142
	27	142
	26	141
	27	141
	26	140
	27	140
	26	139
	27	139
	26	138
	27	138
	26	137
	27	137
	26	136
	27	136
	26	135
	27	135
	28	135
	27	134
	28	136
	28	134
	26	134
	27	133
	28	133
	26	133
	27	132
	28	132
	26	132
	27	131
	28	131
	26	131
	27	130
	28	130
	26	130
	27	129
	28	129
	26	129
	27	128
	28	128
	26	128
	27	127
	28	127
	26	127
	27	126
	28	126
	26	126
	27	125
	28	125
	26	125
	27	124
	28	124
	26	124
	27	123
	28	123
	26	123
	26	122
	27	122
	26	121
	27	121
	26	120
	27	120
	26	119
	27	119
	26	118
	27	118
	26	117
	27	117
	26	116
	27	116
	26	115
	27	115
	26	114
	27	114
	26	113
	26	112
	26	111
	26	110
	26	109
	26	108
	26	107
	28	114
	29	114
	29	115
	30	115
	28	115
	29	116
	30	116
	30	114
	28	116
	29	117
	30	117
	28	117
	29	118
	30	118
	28	118
	29	119
	30	119
	28	119
	28	120
	29	120
	28	121
	29	121
	28	122
	29	122
	29	123
	29	125
	29	126
	29	124
	29	127
	29	128
	29	129
	29	131
	29	132
	29	130
	29	133
	30	133
	29	134
	30	134
	30	132
	29	136
	30	136
	29	137
	29	135
	30	137
	30	135
	28	137
	31	137
	30	138
	31	138
	31	136
	29	138
	30	140
	31	140
	29	140
	30	141
	30	139
	31	141
	31	139
	29	141
	29	139
	30	142
	31	142
	29	142
	30	143
	31	143
	29	143
	30	144
	31	144
	29	144
	31	145
	32	145
	30	145
	31	146
	32	146
	32	144
	30	146
	31	147
	32	147
	30	147
	31	148
	32	148
	30	148
	31	149
	32	149
	30	149
	31	151
	32	151
	30	151
	31	152
	31	150
	32	152
	32	150
	30	152
	30	150
	31	153
	32	153
	30	153
	31	154
	32	154
	30	154
	31	155
	32	155
	30	155
	31	156
	32	156
	30	156
	31	157
	32	157
	30	157
	31	158
	32	158
	30	158
	31	159
	32	159
	30	159
	31	160
	32	160
	30	160
	31	161
	32	161
	30	161
	31	162
	32	162
	30	162
	31	164
	32	164
	30	164
	31	165
	31	163
	32	165
	32	163
	30	165
	30	163
	31	166
	32	166
	30	166
	31	167
	32	167
	30	167
	30	168
	31	168
	28	164
	29	164
	28	163
	29	163
	28	162
	29	162
	28	161
	28	160
	28	159
	28	158
	29	159
	29	160
	29	158
	28	156
	29	156
	28	157
	28	155
	29	157
	29	155
	28	154
	29	154
	28	153
	29	153
	28	152
	29	152
	28	151
	29	151
	28	150
	29	150
	28	146
	29	146
	28	147
	28	145
	29	147
	29	145
	28	144
	28	143
	28	140
	28	141
	28	139
	28	138
	31	114
	30	113
	31	115
	31	113
	30	112
	31	112
	32	112
	31	111
	32	113
	32	111
	30	111
	31	110
	32	110
	30	110
	31	109
	32	109
	32	114
	32	115
	31	116
	32	116
	31	117
	32	117
	31	118
	32	118
	31	119
	32	119
	31	121
	32	121
	30	121
	31	122
	31	120
	32	122
	32	120
	30	122
	30	120
	33	122
	32	123
	33	123
	33	121
	31	123
	32	124
	33	124
	31	124
	32	125
	33	125
	31	125
	32	126
	33	126
	31	126
	32	127
	33	127
	31	127
	33	128
	34	128
	32	128
	33	129
	34	129
	34	127
	32	129
	33	130
	34	130
	32	130
	33	131
	34	131
	32	131
	33	132
	34	132
	32	132
	33	133
	34	133
	32	133
	34	134
	35	134
	33	134
	34	135
	35	135
	35	133
	33	135
	34	136
	35	136
	33	136
	34	137
	35	137
	33	137
	34	138
	35	138
	33	138
	34	139
	35	139
	33	139
	34	140
	35	140
	33	140
	34	141
	35	141
	33	141
	34	142
	35	142
	33	142
	35	143
	34	143
	35	144
	34	144
	35	145
	34	145
	33	143
	35	132
	35	131
	35	130
	35	129
	35	128
	35	127
	34	126
	35	126
	34	125
	35	125
	34	124
	35	124
	34	123
	35	123
	34	122
	35	122
	34	121
	35	121
	34	120
	35	120
	33	120
	34	119
	35	119
	33	119
	34	118
	35	118
	33	118
	34	117
	35	117
	33	117
	34	116
	35	116
	33	116
	34	115
	35	115
	33	115
	34	114
	35	114
	33	114
	34	113
	35	113
	33	113
	34	112
	35	112
	33	112
	34	111
	35	111
	33	111
	34	110
	35	110
	33	110
	34	109
	35	109
	33	109
	34	108
	35	108
	33	108
	32	108
	33	107
	34	107
	32	107
	33	106
	34	106
	32	106
	33	105
	34	105
	32	105
	33	104
	34	104
	32	104
	33	103
	34	103
	32	103
	33	102
	34	102
	32	102
	33	101
	34	101
	32	101
	33	100
	34	100
	32	100
	33	99
	34	99
	32	99
	33	98
	34	98
	32	98
	33	97
	34	97
	32	97
	33	96
	34	96
	32	96
	33	95
	34	95
	32	95
	33	94
	34	94
	32	94
	33	93
	34	93
	32	93
	33	92
	34	92
	32	92
	33	91
	34	91
	32	91
	33	90
	34	90
	32	90
	33	89
	34	89
	32	89
	33	88
	34	88
	32	88
	33	87
	34	87
	33	86
	34	86
	33	85
	34	85
	31	99
	31	100
	31	98
	31	101
	31	102
	31	103
	31	104
	31	106
	31	107
	31	105
	31	108
	31	128
	31	129
	30	129
	31	130
	30	130
	30	128
	31	131
	30	131
	31	132
	31	133
	31	134
	32	134
	31	135
	32	135
	32	136
	32	137
	32	138
	32	140
	32	141
	32	139
	32	142
	32	143
	28	149
	29	149
	28	148
	29	148
	28	142
	30	123
	30	124
	30	125
	30	126
	30	127
	29	161
	30	169
	31	169
	30	170
	31	170
	31	171
	31	172
	31	173
	33	175
	35	177
	35	178
	35	176
	36	177
	36	178
	36	176
	37	178
	36	179
	37	179
	37	177
	35	179
	37	176
	34	175
	35	175
	34	174
	35	174
	33	174
	34	173
	35	173
	33	173
	34	172
	35	172
	33	172
	34	171
	35	171
	33	171
	33	170
	34	170
	32	170
	33	169
	34	169
	32	171
	32	169
	33	168
	34	168
	32	168
	33	167
	34	167
	33	165
	33	166
	33	164
	33	162
	33	163
	33	161
	33	150
	33	151
	33	149
	33	148
	33	147
	33	146
	34	147
	34	148
	34	146
	33	145
	33	144
	35	146
	35	107
	35	106
	35	105
	35	104
	35	103
	35	102
	35	101
	35	100
	35	99
	35	98
	35	97
	35	96
	35	95
	35	94
	35	93
	35	92
	35	91
	35	90
	35	89
	35	88
	35	87
	35	86
	35	85
	34	84
	35	84
	33	84
	34	83
	35	83
	33	83
	34	82
	35	82
	33	82
	34	81
	35	81
	33	81
	34	80
	35	80
	33	80
	34	74
	35	74
	33	74
	34	75
	34	73
	35	75
	35	73
	33	75
	33	73
	34	72
	35	72
	33	72
	34	71
	35	71
	33	71
	34	70
	35	70
	33	70
	34	66
	35	66
	33	66
	34	67
	34	65
	35	67
	35	65
	33	67
	33	65
	34	62
	35	62
	33	62
	34	63
	34	61
	35	63
	35	61
	33	63
	33	61
	34	60
	35	60
	33	60
	34	59
	35	59
	33	59
	34	58
	35	58
	33	58
	34	57
	35	57
	33	57
	33	64
	33	79
	33	78
	33	77
	33	76
	34	76
	34	77
	34	78
	34	79
	35	79
	35	78
	35	76
	35	77
	33	69
	34	69
	33	68
	34	64
	35	64
	34	68
	35	68
	35	69
	29	68
	28	40
	28	41
	28	39
	28	38
	28	37
	28	36
	28	35
	28	34
	28	33
	28	32
	33	49
	33	50
	33	48
	33	52
	33	53
	33	51
	33	54
	33	55
	34	55
	33	56
	34	56
	34	54
	36	59
	36	58
	37	59
	37	58
	38	59
	38	58
	39	59
	40	59
	39	58
	40	58
	41	59
	42	59
	41	58
	42	58
	43	59
	43	58
	44	59
	44	58
	45	59
	45	58
	46	59
	46	58
	47	59
	47	58
	48	59
	48	58
	49	59
	49	58
	50	59
	51	59
	50	58
	51	60
	51	58
	52	60
	51	61
	52	61
	52	59
	53	60
	53	61
	53	59
	54	60
	54	61
	54	59
	55	60
	55	61
	55	59
	56	60
	56	61
	56	59
	57	60
	57	61
	57	59
	56	58
	57	58
	55	58
	58	59
	58	60
	58	58
	59	59
	59	60
	59	58
	60	58
	61	58
	62	58
	63	58
	64	58
	65	58
	66	58
	67	58
	68	58
	69	58
	70	58
	71	58
	72	58
	73	58
	74	58
	75	58
	76	58
	77	58
	78	58
	79	58
	80	58
	82	58
	83	58
	81	58
	84	58
	85	58
	87	59
	88	59
	86	59
	87	60
	87	58
	88	60
	88	58
	86	60
	86	58
	89	59
	90	59
	89	60
	89	58
	90	60
	90	58
	91	59
	92	59
	91	60
	91	58
	92	60
	92	58
	93	59
	93	60
	93	58
	94	59
	94	60
	94	58
	95	59
	96	59
	95	60
	95	58
	96	60
	96	58
	97	59
	97	60
	97	58
	98	59
	99	59
	98	60
	98	58
	99	60
	99	58
	99	57
	98	57
	92	54
	93	54
	91	54
	92	55
	92	53
	93	55
	93	53
	91	55
	91	53
	83	52
	84	52
	82	52
	83	53
	83	51
	84	53
	84	51
	82	53
	82	51
	77	51
	78	51
	76	51
	77	52
	77	50
	78	52
	78	50
	76	52
	76	50
	69	51
	70	51
	68	51
	69	52
	69	50
	70	52
	70	50
	68	52
	68	50
	62	52
	63	52
	61	52
	62	53
	62	51
	63	53
	63	51
	61	53
	61	51
	56	55
	57	55
	55	55
	56	56
	56	54
	57	56
	57	54
	55	56
	55	54
	51	56
	52	56
	50	56
	51	57
	51	55
	52	57
	52	55
	50	57
	50	55
	47	57
	48	57
	46	57
	47	56
	48	56
	46	56
	45	57
	44	57
	45	56
	44	56
	42	57
	43	57
	41	57
	42	56
	43	56
	41	56
	40	57
	40	56
	39	57
	39	56
	38	57
	38	56
	37	57
	37	56
	36	57
	36	56
	35	56
	35	55
	36	55
	37	55
	49	57
	49	56
	52	58
	53	57
	53	58
	53	56
	54	57
	54	58
	54	56
	55	57
	56	57
	54	55
	58	56
	57	57
	58	57
	58	55
	59	56
	60	56
	59	57
	59	55
	60	57
	60	55
	61	56
	61	57
	61	55
	62	56
	62	57
	62	55
	65	56
	66	56
	64	56
	65	57
	65	55
	66	57
	66	55
	64	57
	64	55
	67	56
	68	56
	67	57
	67	55
	68	57
	68	55
	69	56
	70	56
	69	57
	69	55
	70	57
	70	55
	73	56
	74	56
	72	56
	73	57
	73	55
	74	57
	74	55
	72	57
	72	55
	78	56
	79	56
	77	56
	78	57
	78	55
	79	57
	79	55
	77	57
	77	55
	81	55
	82	55
	80	55
	81	56
	81	54
	82	56
	82	54
	80	56
	80	54
	87	55
	88	55
	86	55
	87	56
	87	54
	88	56
	88	54
	86	56
	86	54
	90	55
	91	56
	92	56
	90	56
	90	54
	94	55
	93	56
	94	56
	94	54
	95	55
	96	55
	95	56
	95	54
	96	56
	96	54
	98	55
	99	55
	97	55
	98	56
	98	54
	99	56
	99	54
	97	56
	97	54
	95	57
	96	57
	94	57
	97	57
	93	57
	89	55
	89	56
	89	54
	85	56
	86	57
	87	57
	85	57
	85	55
	84	56
	84	57
	84	55
	83	56
	83	57
	83	55
	82	57
	81	57
	80	57
	76	56
	76	57
	76	55
	75	56
	75	57
	75	55
	71	56
	71	57
	71	55
	63	55
	62	54
	63	56
	63	54
	61	54
	59	54
	60	54
	58	54
	53	55
	53	54
	54	54
	52	54
	51	54
	50	54
	49	55
	48	55
	49	54
	48	54
	47	55
	46	55
	47	54
	46	54
	45	55
	45	54
	44	55
	43	55
	44	54
	43	54
	41	55
	42	55
	40	55
	41	54
	42	54
	40	54
	39	55
	38	55
	39	54
	38	54
	37	54
	38	53
	39	53
	37	53
	36	54
	36	53
	35	54
	35	53
	34	53
	40	53
	42	53
	43	53
	41	53
	44	53
	45	53
	46	53
	47	53
	48	53
	49	53
	50	53
	51	53
	52	53
	53	53
	54	53
	64	54
	65	54
	66	54
	67	54
	69	54
	70	54
	68	54
	71	54
	72	54
	73	54
	74	54
	75	54
	76	54
	77	54
	78	54
	85	54
	84	54
	92	57
	91	57
	90	57
	89	57
	88	57
	83	54
	79	54
	55	53
	56	53
	57	53
	60	53
	64	53
	65	53
	66	53
	67	53
	63	57
	59	53
	58	53
	64	52
	65	52
	66	52
	68	53
	67	52
	69	53
	70	53
	71	53
	72	53
	71	52
	72	52
	73	53
	74	53
	73	52
	74	52
	76	53
	77	53
	75	53
	75	52
	78	53
	80	53
	81	53
	79	53
	80	52
	81	52
	79	52
	85	53
	86	53
	85	52
	86	52
	88	53
	89	53
	87	53
	88	52
	89	52
	87	52
	90	53
	90	52
	91	52
	94	53
	93	52
	94	52
	92	52
	95	53
	96	53
	95	52
	96	52
	97	53
	97	52
	98	53
	98	52
	99	53
	99	52
	95	51
	96	51
	94	51
	89	50
	90	50
	88	50
	89	51
	89	49
	90	51
	90	49
	88	51
	88	49
	82	49
	83	49
	81	49
	82	50
	82	48
	83	50
	83	48
	81	50
	81	48
	76	49
	77	49
	75	49
	76	48
	77	48
	75	50
	75	48
	74	49
	74	50
	74	48
	69	49
	70	49
	68	49
	69	48
	70	48
	68	48
	65	49
	66	49
	64	49
	65	50
	65	48
	66	50
	66	48
	64	50
	64	48
	60	49
	61	49
	59	49
	60	50
	60	48
	61	50
	61	48
	59	50
	59	48
	56	49
	57	49
	55	49
	56	50
	56	48
	57	50
	57	48
	55	50
	55	48
	53	49
	54	49
	52	49
	53	50
	53	48
	54	50
	54	48
	52	50
	52	48
	49	49
	50	49
	48	49
	49	50
	49	48
	50	50
	50	48
	48	50
	48	48
	47	50
	48	51
	49	51
	47	51
	47	49
	45	50
	46	50
	44	50
	45	51
	45	49
	46	51
	46	49
	44	51
	44	49
	43	50
	42	50
	43	51
	43	49
	42	51
	42	49
	41	50
	40	50
	41	51
	41	49
	40	51
	40	49
	39	50
	38	50
	39	51
	39	49
	38	51
	38	49
	37	50
	36	50
	37	51
	37	49
	36	51
	36	49
	35	50
	35	51
	35	49
	34	51
	35	52
	36	52
	34	52
	34	50
	37	52
	39	52
	40	52
	38	52
	42	52
	43	52
	41	52
	45	52
	46	52
	44	52
	47	52
	48	52
	49	52
	50	52
	50	51
	53	52
	54	52
	52	52
	53	51
	54	51
	52	51
	57	51
	58	51
	56	51
	57	52
	58	52
	58	50
	56	52
	60	51
	62	50
	60	52
	64	51
	65	51
	63	50
	66	51
	67	51
	67	50
	71	51
	72	51
	71	50
	72	50
	74	51
	75	51
	73	51
	73	50
	72	49
	73	49
	71	49
	67	49
	67	48
	62	49
	63	49
	62	48
	63	48
	47	48
	46	48
	45	48
	43	48
	44	48
	42	48
	55	52
	55	51
	59	52
	59	51
	51	50
	51	51
	51	49
	51	48
	51	52
	58	48
	58	49
	58	47
	59	47
	57	47
	60	47
	62	47
	63	47
	61	47
	66	47
	67	47
	65	47
	73	48
	72	48
	73	47
	74	47
	72	47
	79	48
	80	48
	78	48
	79	49
	79	47
	80	49
	80	47
	78	49
	78	47
	82	47
	83	47
	81	47
	84	48
	85	48
	84	49
	84	47
	85	49
	85	47
	86	48
	86	49
	86	47
	87	48
	87	49
	87	47
	84	50
	79	50
	75	47
	71	48
	71	47
	80	50
	79	51
	80	51
	81	51
	87	51
	86	51
	87	50
	86	50
	91	51
	92	51
	91	50
	92	50
	93	51
	93	50
	94	50
	95	50
	93	49
	94	49
	92	49
	89	48
	90	48
	88	48
	82	46
	83	46
	81	46
	88	47
	87	46
	88	46
	86	46
	89	47
	90	47
	95	49
	96	49
	95	48
	96	50
	96	48
	94	48
	97	49
	97	50
	97	48
	93	48
	85	50
	91	49
	98	48
	99	48
	98	49
	98	47
	99	49
	99	47
	97	47
	99	46
	98	46
	95	47
	96	47
	94	47
	95	46
	96	46
	94	46
	93	47
	93	46
	89	46
	90	46
	85	46
	98	51
	99	51
	97	51
	98	50
	99	50
	92	48
	92	47
	91	47
	92	46
	91	48
	91	46
	85	51
	51	145
	52	145
	51	146
	51	144
	52	146
	52	144
	51	143
	52	143
	51	142
	52	142
	51	141
	52	141
	53	142
	53	143
	53	141
	52	140
	53	140
	51	140
	52	139
	53	139
	51	139
	52	138
	53	138
	51	138
	52	137
	53	137
	51	137
	52	136
	53	136
	51	136
	52	135
	53	135
	51	135
	52	134
	53	134
	51	134
	54	134
	53	133
	54	135
	54	133
	52	133
	53	132
	54	132
	52	132
	53	131
	54	131
	52	131
	53	130
	54	130
	52	130
	53	129
	54	129
	52	129
	53	128
	54	128
	52	128
	53	127
	54	127
	52	127
	51	133
	51	132
	51	131
	51	130
	51	129
	51	128
	51	127
	51	126
	52	126
	53	126
	52	125
	53	125
	51	125
	52	124
	53	124
	51	124
	52	123
	53	123
	51	123
	52	122
	53	122
	51	122
	52	121
	53	121
	51	121
	52	120
	53	120
	51	120
	52	119
	53	119
	51	119
	52	118
	53	118
	51	118
	52	117
	53	117
	51	117
	52	116
	53	116
	51	116
	52	115
	53	115
	51	115
	52	114
	53	114
	51	114
	52	113
	53	113
	51	113
	53	112
	54	112
	52	112
	53	111
	54	113
	54	111
	52	111
	53	110
	54	110
	52	110
	53	109
	54	109
	52	109
	53	108
	54	108
	52	108
	53	107
	54	107
	52	107
	53	106
	54	106
	52	106
	53	105
	54	105
	52	105
	51	112
	51	111
	51	110
	51	109
	51	108
	51	107
	51	106
	51	105
	51	104
	52	104
	51	103
	52	103
	51	102
	52	102
	51	101
	52	101
	51	100
	52	100
	51	99
	52	99
	52	98
	53	98
	51	98
	52	97
	53	99
	53	97
	51	97
	52	96
	53	96
	51	96
	52	95
	53	95
	51	95
	52	94
	53	94
	51	94
	52	93
	53	93
	51	93
	52	92
	53	92
	51	92
	52	91
	53	91
	51	91
	52	90
	53	90
	51	90
	52	89
	53	89
	51	89
	52	88
	53	88
	51	88
	52	87
	53	87
	51	87
	52	86
	53	86
	51	86
	52	85
	53	85
	51	85
	52	84
	53	84
	51	84
	51	83
	52	83
	51	82
	52	82
	51	81
	52	81
	51	80
	52	80
	51	79
	52	79
	51	78
	52	78
	51	77
	52	77
	51	76
	52	76
	51	75
	52	75
	51	74
	52	74
	51	73
	52	73
	51	72
	52	72
	51	71
	52	71
	51	70
	52	70
	51	69
	52	69
	51	68
	52	68
	51	67
	52	67
	51	66
	52	66
	51	65
	52	65
	51	64
	52	64
	51	63
	52	63
	51	62
	52	62
	53	62
	55	62
	56	62
	54	62
	57	62
	58	61
	59	61
	59	62
	58	62
	59	63
	58	63
	59	64
	59	65
	59	66
	58	65
	58	66
	58	64
	57	65
	57	66
	57	64
	56	65
	56	66
	56	64
	55	64
	56	63
	57	63
	55	65
	55	63
	54	63
	54	64
	53	63
	53	64
	54	65
	55	66
	54	66
	55	67
	56	67
	54	67
	55	68
	56	68
	54	68
	55	69
	56	69
	54	69
	55	70
	56	70
	54	70
	55	71
	56	71
	54	71
	55	72
	56	72
	54	72
	55	73
	56	73
	54	73
	55	74
	56	74
	54	74
	55	75
	56	75
	54	75
	56	76
	57	76
	55	76
	56	77
	57	77
	57	75
	55	77
	56	80
	57	80
	55	80
	56	81
	56	79
	57	81
	57	79
	55	81
	55	79
	56	82
	57	82
	55	82
	56	83
	57	83
	55	83
	56	85
	57	85
	55	85
	56	86
	56	84
	57	86
	57	84
	55	86
	55	84
	56	88
	57	88
	55	88
	56	89
	56	87
	57	89
	57	87
	55	89
	55	87
	56	90
	57	90
	55	90
	56	91
	57	91
	55	91
	56	92
	57	92
	55	92
	56	93
	57	93
	55	93
	56	94
	57	94
	55	94
	56	95
	57	95
	55	95
	56	97
	57	97
	55	97
	56	98
	56	96
	57	98
	57	96
	55	98
	55	96
	56	99
	57	99
	55	99
	56	100
	57	100
	55	100
	56	103
	57	103
	55	103
	56	104
	56	102
	57	104
	57	102
	55	104
	55	102
	56	107
	57	107
	55	107
	56	108
	56	106
	57	108
	57	106
	55	108
	55	106
	56	111
	57	111
	55	111
	56	112
	56	110
	57	112
	57	110
	55	112
	55	110
	56	113
	57	113
	55	113
	56	114
	57	114
	55	114
	56	115
	57	115
	55	115
	56	116
	57	116
	55	116
	56	117
	57	117
	55	117
	56	118
	57	118
	55	118
	56	119
	57	119
	55	119
	56	120
	57	120
	55	120
	56	121
	57	121
	55	121
	56	122
	57	122
	55	122
	56	123
	57	123
	55	123
	56	126
	57	126
	55	126
	56	127
	56	125
	57	127
	57	125
	55	127
	55	125
	56	128
	57	128
	55	128
	56	129
	57	129
	55	129
	56	131
	57	131
	55	131
	56	132
	56	130
	57	132
	57	130
	55	132
	55	130
	56	134
	57	134
	55	134
	56	135
	56	133
	57	135
	57	133
	55	135
	55	133
	56	136
	57	136
	55	136
	56	137
	57	137
	55	137
	56	138
	57	138
	55	138
	56	139
	57	139
	55	139
	56	140
	57	140
	55	140
	56	141
	57	141
	55	141
	55	142
	56	142
	54	142
	55	143
	56	143
	54	143
	54	141
	54	140
	54	139
	54	138
	54	137
	54	136
	54	126
	54	125
	54	124
	55	124
	54	123
	54	122
	54	121
	54	120
	54	119
	54	118
	54	117
	54	116
	54	115
	54	114
	55	109
	56	109
	55	105
	56	105
	54	104
	54	103
	54	102
	53	102
	54	101
	55	101
	53	103
	53	101
	54	100
	53	100
	54	99
	54	98
	54	97
	54	96
	54	95
	54	94
	54	93
	54	92
	54	91
	54	90
	54	89
	54	88
	54	87
	54	86
	54	85
	54	84
	54	83
	53	83
	54	82
	53	82
	54	81
	53	81
	54	80
	53	80
	54	79
	53	79
	54	78
	55	78
	53	78
	54	77
	53	77
	53	75
	53	76
	53	74
	54	76
	53	73
	53	71
	53	72
	53	70
	53	69
	53	68
	53	67
	53	66
	53	65
	57	69
	57	70
	57	68
	58	77
	57	78
	58	78
	58	76
	56	78
	58	82
	59	82
	58	83
	58	81
	59	83
	59	81
	58	89
	59	89
	58	90
	58	88
	59	90
	59	88
	59	93
	60	93
	58	93
	59	94
	59	92
	60	94
	60	92
	58	94
	58	92
	59	96
	60	96
	58	96
	59	97
	59	95
	60	97
	60	95
	58	97
	58	95
	59	100
	60	100
	58	100
	59	101
	59	99
	60	101
	60	99
	58	101
	58	99
	59	103
	60	103
	58	103
	59	104
	59	102
	60	104
	60	102
	58	104
	58	102
	58	105
	59	105
	57	105
	58	106
	59	106
	58	107
	59	107
	58	108
	59	108
	57	101
	56	101
	58	98
	59	98
	53	104
	58	111
	58	112
	58	110
	58	115
	58	116
	58	114
	58	118
	59	118
	58	119
	58	117
	59	119
	59	117
	58	120
	59	120
	58	121
	59	121
	58	122
	59	122
	58	123
	59	123
	58	124
	59	124
	57	124
	58	125
	59	125
	58	126
	59	126
	58	127
	59	127
	58	128
	59	128
	59	130
	58	130
	59	131
	59	129
	58	131
	58	129
	59	132
	58	132
	59	133
	58	133
	59	134
	58	134
	59	135
	58	135
	59	136
	58	136
	59	137
	58	137
	59	138
	58	138
	59	139
	58	139
	59	140
	58	140
	59	141
	58	141
	59	142
	58	142
	59	143
	58	143
	59	144
	58	144
	59	145
	58	145
	59	146
	58	146
	59	147
	60	147
	58	147
	59	148
	60	148
	58	148
	57	147
	57	148
	57	146
	56	147
	56	148
	56	146
	55	147
	55	148
	55	146
	56	145
	57	145
	55	145
	54	146
	54	147
	54	145
	55	144
	56	144
	54	144
	57	144
	57	143
	57	142
	56	124
	59	116
	59	115
	59	114
	60	114
	59	113
	60	115
	60	113
	58	113
	59	112
	60	112
	59	111
	60	111
	59	110
	60	110
	59	109
	60	109
	58	109
	60	108
	60	107
	60	106
	60	105
	60	116
	60	117
	60	118
	60	119
	61	119
	61	118
	57	109
	61	113
	61	114
	61	112
	61	115
	61	116
	61	117
	60	98
	59	91
	60	91
	58	91
	60	90
	60	89
	60	88
	59	87
	60	87
	58	87
	58	86
	59	86
	58	85
	59	85
	58	84
	59	84
	58	80
	59	80
	58	79
	59	79
	58	75
	57	74
	58	74
	57	73
	58	73
	57	72
	58	72
	57	71
	58	71
	58	70
	58	69
	58	68
	59	68
	58	67
	59	69
	59	67
	57	67
	59	70
	59	72
	59	73
	59	71
	59	74
	59	75
	59	76
	59	77
	59	78
	60	83
	60	84
	60	85
	60	86
	61	85
	61	84
	62	85
	62	84
	63	85
	63	84
	64	85
	64	84
	62	83
	63	83
	61	83
	64	83
	65	85
	65	84
	66	85
	66	84
	67	85
	67	84
	68	85
	68	84
	69	85
	69	84
	70	85
	70	84
	68	83
	69	83
	67	83
	66	83
	65	83
	71	85
	71	84
	72	85
	72	84
	73	85
	73	84
	74	85
	74	84
	75	85
	76	85
	75	84
	76	84
	77	85
	77	84
	78	85
	78	84
	79	85
	79	84
	80	85
	80	84
	80	87
	81	87
	81	85
	82	85
	83	85
	84	85
	85	85
	86	85
	87	86
	87	87
	87	85
	88	86
	88	87
	88	85
	87	84
	88	84
	86	84
	85	84
	84	84
	85	83
	86	83
	84	83
	83	84
	83	83
	82	83
	82	84
	81	83
	80	83
	81	84
	79	83
	78	83
	77	83
	76	83
	75	82
	75	83
	74	82
	74	83
	73	83
	72	83
	73	82
	72	82
	71	83
	71	82
	70	83
	87	83
	87	110
	88	110
	87	111
	87	109
	88	111
	88	109
	87	108
	87	107
	87	106
	87	105
	87	104
	87	103
	87	102
	87	101
	88	101
	87	100
	88	102
	88	100
	87	99
	88	99
	87	98
	88	98
	89	98
	88	97
	89	99
	89	97
	87	97
	88	96
	89	96
	87	96
	88	95
	89	95
	87	95
	88	94
	89	94
	87	94
	88	93
	89	93
	87	93
	88	92
	89	92
	87	92
	88	91
	89	91
	87	91
	88	90
	89	90
	87	90
	88	89
	89	89
	87	89
	88	88
	89	88
	87	88
	89	87
	89	86
	89	85
	89	84
	88	83
	89	83
	88	82
	89	82
	87	82
	88	81
	89	81
	87	81
	86	82
	86	81
	87	80
	88	80
	86	80
	86	79
	87	79
	86	78
	87	78
	86	77
	87	77
	86	76
	87	76
	86	75
	87	75
	86	74
	87	74
	86	73
	87	73
	86	72
	87	72
	86	71
	87	71
	87	70
	88	70
	86	70
	87	69
	88	71
	88	69
	86	69
	87	68
	88	68
	86	68
	87	67
	88	67
	86	67
	87	66
	88	66
	86	66
	87	65
	88	65
	86	65
	87	64
	88	64
	86	64
	87	63
	88	63
	86	63
	87	62
	88	62
	86	62
	87	61
	88	61
	86	61
	89	64
	89	65
	89	63
	89	67
	90	67
	89	68
	89	66
	90	68
	90	66
	89	70
	90	70
	89	71
	89	69
	90	71
	90	69
	89	72
	90	72
	88	72
	89	73
	90	73
	88	73
	89	74
	90	74
	88	74
	89	75
	90	75
	88	75
	89	76
	90	76
	88	76
	89	77
	90	77
	88	77
	89	78
	90	78
	88	78
	89	79
	90	79
	88	79
	89	80
	90	80
	90	81
	90	82
	90	83
	90	84
	90	85
	90	86
	90	65
	90	64
	90	63
	89	62
	90	62
	89	61
	90	61
	91	61
	91	62
	35	147
	36	147
	35	148
	36	148
	37	147
	38	147
	37	148
	38	148
	41	147
	42	147
	40	147
	41	148
	42	148
	40	148
	46	147
	47	147
	45	147
	53	145
	53	146
	53	144
	52	147
	53	147
	51	147
	52	148
	53	148
	51	148
	50	147
	50	148
	49	148
	50	149
	51	149
	49	149
	49	147
	48	148
	48	149
	48	147
	47	148
	47	149
	46	148
	45	148
	46	149
	45	149
	43	148
	44	148
	43	149
	43	147
	44	149
	44	147
	42	149
	41	149
	40	149
	39	148
	39	149
	39	147
	38	149
	37	149
	36	149
	35	149
	34	149
	34	150
	35	150
	34	151
	54	148
	53	149
	54	149
	52	149
	55	149
	56	149
	57	149
	58	149
	59	149
	60	149
	61	148
	61	149
	61	147
	62	148
	62	149
	62	147
	41	150
	42	150
	40	150
	39	150
	38	150
	37	150
	36	150
	43	150
	44	150
	45	150
	46	150
	48	150
	49	150
	47	150
	50	150
	51	150
	52	150
	53	150
	54	150
	55	150
	57	150
	58	150
	56	150
	59	150
	60	150
	61	150
	62	150
	63	149
	64	149
	63	150
	63	148
	64	150
	64	148
	65	149
	66	149
	65	150
	65	148
	66	150
	66	148
	67	148
	68	148
	67	149
	67	147
	68	149
	68	147
	66	147
	69	148
	70	148
	69	149
	69	147
	70	149
	70	147
	71	148
	72	148
	71	149
	71	147
	72	149
	72	147
	73	148
	74	148
	73	149
	73	147
	74	149
	74	147
	75	148
	75	149
	75	147
	77	148
	78	148
	76	148
	77	149
	77	147
	78	149
	78	147
	76	149
	76	147
	79	148
	79	149
	79	147
	65	147
	64	147
	63	147
	65	151
	66	151
	64	151
	67	150
	67	151
	68	151
	67	152
	68	152
	68	150
	66	152
	70	151
	71	151
	69	151
	70	152
	70	150
	71	152
	71	150
	69	152
	69	150
	73	151
	74	151
	72	151
	73	152
	73	150
	74	152
	74	150
	72	152
	72	150
	75	150
	76	150
	75	151
	76	151
	77	150
	78	150
	77	151
	78	151
	80	149
	79	150
	80	150
	80	148
	81	149
	82	149
	81	150
	81	148
	82	150
	82	148
	83	149
	83	150
	83	148
	84	149
	84	150
	84	148
	83	147
	84	147
	82	147
	81	147
	80	147
	85	149
	86	149
	85	150
	85	148
	86	150
	86	148
	87	150
	86	151
	87	151
	87	149
	85	151
	88	149
	87	148
	88	150
	88	148
	87	147
	88	147
	86	147
	85	147
	86	146
	87	146
	85	146
	86	145
	87	145
	85	145
	86	144
	87	144
	85	144
	86	143
	87	143
	85	143
	86	142
	87	142
	85	142
	86	141
	87	141
	85	141
	88	141
	87	140
	88	142
	88	140
	86	140
	87	139
	88	139
	86	139
	87	138
	88	138
	86	138
	89	139
	89	140
	89	138
	88	137
	89	137
	87	137
	88	136
	89	136
	87	136
	88	135
	89	135
	87	135
	88	134
	89	134
	87	134
	90	135
	90	136
	90	134
	89	133
	90	133
	88	133
	89	132
	90	132
	88	132
	89	131
	90	131
	88	131
	91	131
	90	130
	91	132
	91	130
	89	130
	88	130
	86	137
	85	139
	85	140
	85	138
	85	137
	86	136
	85	136
	86	135
	85	135
	86	134
	85	134
	86	133
	87	133
	85	133
	86	132
	87	132
	85	132
	86	131
	87	131
	85	131
	86	130
	87	130
	85	130
	86	129
	87	129
	85	129
	86	128
	87	128
	85	128
	86	127
	87	127
	85	127
	86	126
	87	126
	85	126
	86	125
	87	125
	85	125
	86	124
	87	124
	85	124
	86	123
	87	123
	85	123
	86	122
	87	122
	85	122
	86	121
	87	121
	85	121
	85	120
	86	120
	85	119
	86	119
	84	119
	85	118
	86	118
	84	118
	83	118
	84	117
	85	117
	83	119
	83	117
	82	117
	83	116
	84	116
	82	118
	82	116
	81	117
	80	117
	81	118
	81	116
	80	118
	80	116
	79	117
	78	117
	79	118
	79	116
	78	118
	78	116
	75	117
	76	117
	74	117
	75	118
	75	116
	76	118
	76	116
	74	118
	74	116
	73	117
	72	117
	73	118
	73	116
	72	118
	72	116
	71	117
	70	117
	71	118
	71	116
	70	118
	70	116
	69	117
	69	118
	69	116
	68	118
	69	119
	70	119
	68	119
	68	117
	67	118
	67	119
	67	117
	66	118
	66	119
	66	117
	65	118
	65	119
	65	117
	64	118
	63	118
	64	119
	64	117
	63	119
	63	117
	62	118
	62	119
	62	117
	70	120
	71	120
	71	119
	72	120
	73	120
	75	119
	76	119
	74	119
	77	119
	78	119
	73	119
	72	119
	65	116
	66	116
	64	116
	63	116
	64	115
	65	115
	63	115
	62	116
	62	115
	63	114
	64	114
	62	114
	62	113
	63	113
	62	112
	63	112
	64	112
	64	113
	65	112
	65	113
	66	112
	66	113
	67	112
	67	113
	68	113
	67	114
	68	114
	68	112
	66	114
	69	113
	69	114
	69	112
	70	113
	70	114
	70	112
	71	113
	72	113
	71	114
	71	112
	72	114
	72	112
	73	113
	74	113
	73	114
	73	112
	74	114
	74	112
	76	113
	77	113
	75	113
	76	114
	76	112
	77	114
	77	112
	75	114
	75	112
	78	113
	79	113
	78	114
	78	112
	79	114
	79	112
	80	113
	80	114
	80	112
	81	113
	82	113
	81	114
	81	112
	82	114
	82	112
	83	113
	84	113
	83	114
	83	112
	84	114
	84	112
	85	114
	84	115
	85	115
	85	113
	83	115
	86	114
	86	115
	86	113
	87	114
	87	115
	87	113
	81	115
	82	115
	80	115
	78	115
	79	115
	77	115
	77	116
	76	115
	77	117
	75	115
	74	115
	73	115
	71	115
	72	115
	70	115
	68	116
	69	115
	68	115
	67	116
	67	115
	66	115
	65	114
	77	118
	79	119
	80	119
	81	119
	82	119
	86	117
	85	116
	86	116
	87	116
	88	113
	87	112
	88	114
	88	112
	86	112
	89	111
	89	112
	89	110
	89	109
	88	108
	89	108
	88	107
	89	107
	88	106
	89	106
	85	112
	88	105
	89	105
	88	104
	89	104
	90	104
	89	103
	90	105
	90	103
	88	103
	89	102
	90	102
	89	101
	90	101
	89	100
	90	100
	90	99
	90	98
	90	97
	90	96
	90	95
	90	94
	90	93
	90	92
	90	91
	90	90
	90	89
	91	89
	90	88
	91	90
	91	88
	90	87
	91	87
	91	86
	91	94
	91	95
	91	93
	91	97
	91	98
	91	96
	91	99
	91	100
	91	101
	91	102
	91	103
	91	104
	90	106
	91	106
	90	107
	91	107
	91	105
	90	109
	91	109
	90	110
	90	108
	91	110
	91	108
	90	112
	91	112
	90	113
	90	111
	91	113
	91	111
	89	113
	90	115
	91	115
	89	115
	90	116
	90	114
	91	116
	91	114
	89	116
	89	114
	90	118
	91	118
	89	118
	90	119
	90	117
	91	119
	91	117
	89	119
	89	117
	90	122
	91	122
	89	122
	90	123
	90	121
	91	123
	91	121
	89	123
	89	121
	90	127
	91	127
	89	127
	90	128
	90	126
	91	128
	91	126
	89	128
	89	126
	90	129
	91	129
	89	129
	88	129
	87	119
	88	119
	87	120
	87	118
	88	120
	88	118
	88	117
	87	117
	88	116
	88	115
	89	120
	90	120
	88	123
	88	124
	88	122
	89	124
	90	124
	89	125
	90	125
	88	125
	88	126
	88	127
	88	128
	88	121
	92	118
	92	119
	92	117
	92	121
	91	120
	92	122
	92	120
	92	126
	91	125
	92	127
	92	125
	92	128
	91	124
	91	85
	91	84
	92	89
	92	90
	92	88
	91	91
	92	91
	91	92
	92	92
	92	93
	91	77
	91	78
	91	76
	91	75
	91	74
	91	73
	91	72
	91	71
	91	70
	91	69
	91	68
	91	66
	91	67
	91	65
	91	64
	91	63
	92	69
	92	70
	92	68
	92	72
	92	73
	92	71
	92	77
	92	78
	92	76
	91	79
	92	79
	91	80
	92	80
	91	81
	92	81
	91	82
	92	82
	91	83
	92	83
	92	84
	92	85
	93	85
	92	86
	93	86
	93	84
	92	87
	93	87
	93	83
	93	82
	93	78
	93	79
	93	77
	92	75
	93	75
	92	74
	93	76
	93	74
	93	73
	93	72
	93	71
	93	70
	93	69
	93	68
	92	67
	93	67
	92	66
	93	66
	92	65
	93	65
	92	64
	93	64
	92	63
	93	63
	93	62
	94	62
	92	62
	93	61
	94	63
	94	61
	92	61
	32	173
	32	174
	32	172
	34	162
	34	163
	34	161
	33	160
	34	160
	33	159
	34	159
	33	158
	34	158
	33	157
	34	157
	33	156
	34	156
	33	155
	34	155
	33	154
	34	154
	33	153
	34	153
	33	152
	34	152
	35	152
	35	153
	35	151
	36	152
	36	153
	36	151
	37	152
	37	153
	37	151
	38	152
	38	153
	38	151
	40	152
	41	152
	39	152
	40	153
	40	151
	41	153
	41	151
	39	153
	39	151
	42	152
	43	152
	42	153
	42	151
	43	153
	43	151
	44	152
	44	153
	44	151
	46	152
	47	152
	45	152
	46	153
	46	151
	47	153
	47	151
	45	153
	45	151
	48	152
	48	153
	48	151
	50	152
	51	152
	49	152
	50	153
	50	151
	51	153
	51	151
	49	153
	49	151
	52	152
	53	152
	52	153
	52	151
	53	153
	53	151
	55	152
	56	152
	54	152
	55	153
	55	151
	56	153
	56	151
	54	153
	54	151
	57	152
	58	152
	57	153
	57	151
	58	153
	58	151
	59	152
	60	152
	59	153
	59	151
	60	153
	60	151
	61	152
	62	152
	61	153
	61	151
	62	153
	62	151
	64	152
	65	152
	63	152
	64	153
	65	153
	63	153
	63	151
	67	153
	68	153
	66	153
	70	153
	71	153
	69	153
	72	153
	73	153
	75	152
	74	153
	75	153
	76	152
	77	152
	76	153
	77	153
	79	152
	80	152
	78	152
	79	153
	79	151
	80	153
	80	151
	78	153
	82	152
	83	152
	81	152
	82	153
	82	151
	83	153
	83	151
	81	153
	81	151
	84	151
	84	152
	85	152
	88	151
	87	152
	88	152
	86	152
	89	151
	89	152
	89	150
	90	150
	89	149
	90	151
	90	149
	89	148
	90	148
	89	147
	90	147
	89	145
	90	145
	88	145
	89	146
	89	144
	90	146
	90	144
	88	146
	88	144
	89	143
	90	143
	88	143
	89	142
	90	142
	89	141
	90	141
	90	140
	91	140
	90	139
	91	141
	91	139
	90	137
	91	137
	90	138
	91	138
	91	136
	91	135
	91	134
	91	133
	92	133
	92	134
	92	132
	92	131
	92	130
	92	129
	92	124
	92	123
	92	116
	92	115
	92	114
	92	113
	92	112
	92	111
	92	110
	92	109
	92	108
	92	107
	92	106
	92	105
	92	104
	92	103
	92	101
	92	102
	92	100
	92	99
	92	98
	92	97
	92	96
	92	95
	92	94
	93	81
	94	81
	93	80
	94	82
	94	80
	94	83
	94	84
	94	85
	94	86
	94	87
	93	91
	94	91
	93	92
	93	90
	94	92
	94	90
	93	94
	94	94
	93	95
	93	93
	94	95
	94	93
	93	97
	94	97
	93	98
	93	96
	94	98
	94	96
	93	99
	94	99
	93	100
	94	100
	93	102
	94	102
	93	103
	93	101
	94	103
	94	101
	93	104
	94	104
	93	105
	94	105
	93	106
	94	106
	93	107
	94	107
	93	108
	94	108
	93	109
	94	109
	95	111
	96	111
	94	111
	95	112
	95	110
	96	112
	96	110
	94	112
	94	110
	95	113
	96	113
	94	113
	95	116
	96	116
	94	116
	95	117
	95	115
	96	117
	96	115
	94	117
	94	115
	95	121
	96	121
	94	121
	95	122
	95	120
	96	122
	96	120
	94	122
	94	120
	95	123
	96	123
	94	123
	95	124
	96	124
	94	124
	95	125
	96	125
	94	125
	95	126
	96	126
	94	126
	95	128
	96	128
	94	128
	95	129
	95	127
	96	129
	96	127
	94	129
	94	127
	94	133
	95	133
	93	133
	94	134
	94	132
	95	134
	95	132
	93	134
	93	132
	93	138
	94	138
	92	138
	93	139
	93	137
	94	139
	94	137
	92	139
	92	137
	92	143
	93	143
	91	143
	92	144
	92	142
	93	144
	93	142
	91	144
	91	142
	92	146
	93	146
	91	146
	92	147
	92	145
	93	147
	93	145
	91	147
	91	145
	91	149
	92	149
	91	150
	91	148
	92	150
	92	148
	91	151
	92	151
	90	152
	91	152
	90	153
	91	153
	89	153
	88	153
	87	153
	86	153
	87	154
	88	154
	86	154
	85	153
	84	153
	85	154
	84	154
	83	154
	86	155
	87	155
	85	155
	89	155
	90	155
	88	155
	89	156
	89	154
	90	156
	90	154
	88	156
	91	156
	90	157
	91	157
	91	155
	89	157
	92	155
	91	154
	92	156
	92	154
	93	154
	92	153
	93	155
	93	153
	92	152
	93	152
	93	151
	93	150
	93	148
	94	148
	93	149
	94	149
	94	147
	94	146
	94	145
	94	144
	94	143
	94	142
	93	141
	94	141
	92	141
	93	140
	94	140
	92	140
	93	136
	94	136
	92	136
	93	135
	94	135
	92	135
	93	131
	94	131
	95	131
	94	130
	95	130
	93	130
	93	129
	93	128
	93	127
	95	119
	96	119
	94	119
	95	118
	96	118
	94	118
	95	114
	96	114
	94	114
	95	109
	96	109
	95	108
	96	108
	95	106
	96	106
	95	107
	95	105
	96	107
	96	105
	95	104
	96	104
	95	103
	96	103
	95	102
	96	102
	95	98
	95	99
	95	97
	95	96
	95	95
	95	94
	95	91
	95	92
	95	90
	94	88
	95	88
	93	88
	94	89
	95	89
	95	87
	93	89
	95	86
	94	79
	94	78
	94	77
	94	76
	94	75
	94	74
	94	73
	94	72
	94	71
	94	69
	94	70
	94	68
	94	67
	95	67
	94	66
	95	68
	95	66
	94	65
	95	65
	94	64
	95	64
	95	63
	95	70
	96	70
	95	71
	95	69
	96	71
	96	69
	95	72
	96	72
InvisibleObstacle		
CDJQ		
	80	90
	81	90
