Key	CellX	CellY
VisibleObstacle		
	4	40
	5	40
	6	40
	7	40
	8	40
	9	40
	9	41
	9	42
	9	43
	8	44
	3	40
	3	41
	3	42
	3	43
	3	44
	3	45
	2	46
	2	45
	2	47
	2	48
	2	49
	2	50
	2	51
	2	52
	2	53
	3	54
	2	54
	3	55
	3	56
	3	57
	3	58
	4	58
	5	59
	4	59
	5	58
	6	58
	7	58
	8	58
	9	58
	10	58
	11	58
	12	58
	13	58
	14	58
	15	58
	16	58
	17	58
	18	58
	19	58
	20	58
	21	58
	22	58
	23	58
	24	58
	25	58
	26	58
	27	58
	28	58
	29	58
	30	58
	31	58
	32	58
	33	58
	34	58
	35	58
	36	58
	37	58
	38	58
	39	58
	40	58
	41	57
	42	56
	41	58
	42	57
	43	56
	52	58
	53	58
	54	58
	55	58
	56	58
	57	58
	58	58
	59	58
	60	58
	61	58
	62	58
	63	57
	63	58
	64	56
	64	57
	64	55
	64	54
	64	53
	65	52
	65	53
	66	51
	66	52
	67	53
	66	53
	67	52
	68	53
	69	53
	70	53
	71	52
	71	53
	72	52
	73	52
	74	52
	75	52
	75	51
	76	51
	76	52
	76	53
	76	54
	76	55
	77	54
	78	54
	79	55
	78	55
	79	56
	79	57
	79	58
	80	58
	80	59
	81	58
	82	58
	83	58
	84	58
	85	58
	86	58
	87	58
	88	58
	89	58
	98	58
	99	58
	100	58
	101	58
	102	58
	103	58
	104	58
	105	58
	106	58
	107	58
	108	58
	109	58
	110	58
	111	58
	112	58
	122	58
	123	58
	124	58
	125	58
	126	58
	131	58
	130	58
	132	58
	133	58
	134	58
	135	58
	136	58
	71	51
	64	51
	73	51
	64	52
	65	51
	72	51
	143	59
	143	58
	142	58
	142	68
	142	59
	142	60
	142	61
	142	62
	142	63
	142	64
	142	65
	142	66
	142	67
	142	69
	142	70
	143	70
	144	70
	145	71
	144	71
	146	72
	145	72
	145	73
	144	73
	144	74
	145	75
	144	75
	145	76
	146	77
	145	77
	145	78
	145	79
	144	79
	143	79
	143	80
	142	80
	142	81
	142	82
	142	83
	142	84
	142	85
	142	86
	142	87
	142	88
	142	89
	142	90
	143	91
	142	91
	143	92
	143	93
	144	93
	145	93
	146	93
	147	93
	148	93
	150	93
	151	93
	152	93
	153	93
	149	93
	154	93
	155	93
	156	93
	157	93
	158	93
	159	93
	160	93
	160	92
	161	92
	162	92
	163	92
	164	92
	165	92
	166	92
	167	92
	168	92
	169	92
	170	92
	171	92
	172	92
	173	92
	174	92
	175	92
	176	92
	177	92
	178	92
	179	92
	179	93
	180	93
	181	93
	182	93
	183	93
	184	93
	185	93
	186	93
	187	93
	188	93
	189	93
	190	93
	191	93
	192	93
	193	93
	194	93
	195	93
	196	93
	197	93
	198	93
	198	92
	198	91
	197	90
	197	89
	197	88
	196	87
	196	86
	196	85
	197	87
	198	90
	195	84
	195	83
	195	82
	196	84
	194	81
	195	81
	194	80
	193	79
	194	79
	194	78
	195	77
	196	77
	195	78
	197	77
	198	76
	199	76
	200	76
	198	77
	201	75
	202	75
	201	76
	203	74
	203	75
	204	74
	205	75
	204	75
	206	76
	205	76
	205	77
	206	78
	205	78
	211	56
	209	54
	209	53
	210	53
	211	53
	209	56
	206	75
	207	75
	208	75
	209	75
	208	74
	208	73
	208	72
	208	71
	208	70
	208	69
	207	69
	206	69
	205	69
	204	69
	204	68
	204	67
	204	66
	204	65
	204	64
	205	64
	206	64
	206	63
	206	62
	206	61
	206	60
	206	59
	206	58
	206	57
	206	56
	207	56
	208	56
	208	55
	208	54
	208	53
	208	52
	208	51
	208	50
	208	49
	208	48
	208	47
	208	46
	208	45
	208	44
	208	43
	208	42
	207	42
	197	35
	196	34
	197	34
	195	34
	193	33
	194	34
	194	33
	192	32
	193	32
	192	31
	191	30
	192	30
	191	29
	191	28
	191	27
	191	26
	190	25
	191	25
	189	24
	190	24
	189	23
	189	22
	189	21
	190	21
	190	20
	191	19
	192	18
	191	20
	192	19
	193	17
	193	18
	193	16
	193	15
	193	14
	194	14
	194	13
	195	13
	195	12
	195	11
	196	11
	197	11
	198	11
	199	11
	200	11
	201	11
	201	10
	200	9
	201	9
	200	8
	199	7
	199	6
	198	5
	199	5
	201	8
	200	7
	198	4
	198	3
	198	2
	198	1
	198	0
	197	0
	196	0
	195	0
	194	0
	193	0
	192	0
	191	0
	190	0
	189	0
	188	0
	187	0
	186	0
	185	0
	184	0
	183	0
	182	0
	181	0
	180	0
	179	0
	178	0
	177	0
	176	0
	175	0
	174	0
	173	0
	172	0
	171	0
	170	0
	169	0
	168	0
	167	0
	166	0
	165	0
	164	0
	163	0
	162	0
	161	0
	160	0
	158	0
	157	0
	156	0
	155	0
	154	0
	153	0
	152	0
	151	0
	150	0
	159	0
	149	0
	148	0
	147	0
	146	0
	145	0
	144	0
	143	0
	142	0
	142	1
	142	2
	142	3
	142	4
	142	5
	142	6
	142	7
	142	8
	142	9
	142	10
	142	11
	142	12
	142	13
	142	14
	142	15
	142	16
	142	17
	142	18
	142	19
	142	20
	142	21
	143	21
	145	21
	146	21
	144	21
	147	22
	146	22
	147	23
	147	24
	147	25
	147	26
	147	27
	147	28
	146	29
	146	28
	146	30
	145	31
	145	30
	145	32
	146	33
	145	33
	147	34
	146	34
	147	35
	147	36
	146	37
	146	36
	145	38
	145	37
	144	38
	143	38
	142	38
	142	39
	142	40
	141	40
	140	40
	139	40
	138	40
	137	40
	136	40
	135	40
	134	40
	133	40
	132	40
	131	40
	130	40
	129	40
	128	40
	127	40
	126	40
	125	40
	124	40
	123	40
	122	40
	113	40
	112	40
	111	40
	110	40
	109	40
	108	40
	107	40
	106	40
	105	40
	104	40
	103	40
	102	40
	101	40
	100	40
	99	40
	98	40
	89	40
	88	40
	87	40
	86	40
	85	40
	84	40
	82	40
	83	40
	81	40
	80	40
	79	40
	78	40
	77	40
	76	40
	75	40
	74	40
	73	40
	72	40
	71	40
	70	40
	69	40
	68	40
	66	40
	65	40
	64	40
	63	40
	62	40
	61	40
	67	40
	60	40
	59	40
	57	40
	56	40
	55	40
	54	40
	53	40
	58	40
	51	36
	52	36
	43	40
	42	40
	41	40
	40	40
	39	40
	38	40
	37	40
	35	40
	34	40
	32	40
	30	40
	29	40
	28	40
	36	40
	33	40
	31	40
	27	40
	26	40
	25	40
	24	40
	23	40
	22	40
	21	40
	20	40
	19	40
	18	40
	17	40
	16	40
	15	40
	14	40
	13	40
	12	40
	11	40
	10	40
	28	41
	28	42
	28	43
	28	44
	29	45
	29	46
	29	47
	28	45
	27	47
	26	46
	27	46
	26	45
	25	45
	17	45
	16	47
	17	46
	18	45
	25	44
	25	43
	24	43
	23	43
	22	43
	21	43
	20	43
	19	43
	18	44
	18	43
	16	46
	15	48
	15	47
	14	47
	14	48
	13	47
	12	46
	14	46
	13	46
	11	47
	10	47
	11	46
	9	47
	8	47
	8	46
	8	45
	9	44
	3	53
	3	52
	3	51
	3	50
	3	49
	3	48
	3	47
	3	46
	68	52
	69	52
	70	52
	11	42
	12	42
	10	42
	11	43
	11	41
	12	43
	12	41
	10	43
	10	41
	11	44
	12	44
	10	44
	10	45
	11	45
	9	45
	10	46
	9	46
	12	45
	13	45
	13	44
	14	45
	14	44
	15	45
	15	46
	15	44
	14	43
	15	43
	13	43
	16	44
	16	45
	16	43
	15	42
	16	42
	14	42
	17	42
	16	41
	17	43
	17	41
	15	41
	18	42
	18	41
	19	42
	19	41
	17	44
	14	41
	13	41
	13	42
	20	41
	20	42
	21	41
	21	42
	22	41
	22	42
	23	41
	23	42
	24	41
	24	42
	25	41
	25	42
	26	41
	26	42
	26	43
	27	42
	27	43
	27	41
	26	44
	27	44
	27	45
	28	46
	28	47
	19	38
	20	38
	18	38
	19	39
	19	37
	20	39
	20	37
	18	39
	18	37
	17	38
	17	39
	17	37
	16	38
	16	39
	16	37
	15	38
	15	39
	15	37
	14	38
	14	39
	14	37
	13	38
	13	39
	13	37
	12	38
	12	39
	12	37
	11	38
	11	39
	11	37
	10	38
	10	39
	10	37
	9	38
	9	39
	9	37
	8	38
	8	39
	8	37
	9	36
	10	36
	8	36
	7	37
	7	38
	7	36
	6	37
	6	38
	6	36
	5	37
	5	38
	5	36
	6	39
	7	39
	5	39
	4	38
	4	39
	4	37
	3	38
	3	39
	3	37
	2	38
	2	39
	2	37
	1	38
	1	39
	1	37
	0	38
	0	39
	0	37
	1	40
	2	40
	0	40
	1	41
	2	41
	0	41
	1	42
	2	42
	0	42
	1	43
	2	43
	0	43
	1	44
	2	44
	0	44
	1	45
	0	45
	1	46
	0	46
	1	47
	0	47
	1	48
	0	48
	1	49
	0	49
	1	50
	0	50
	1	51
	0	51
	1	52
	0	52
	1	53
	0	53
	1	54
	0	54
	1	55
	2	55
	0	55
	1	56
	2	56
	0	56
	1	57
	2	57
	0	57
	1	58
	2	58
	0	58
	1	59
	2	59
	0	59
	1	60
	2	60
	0	60
	1	61
	2	61
	0	61
	3	60
	3	61
	3	59
	4	60
	4	61
	5	60
	5	61
	6	60
	6	61
	6	59
	7	60
	7	61
	7	59
	8	60
	8	61
	8	59
	9	60
	9	61
	9	59
	10	60
	10	61
	10	59
	11	60
	11	61
	11	59
	12	60
	12	61
	12	59
	13	60
	13	61
	13	59
	14	60
	14	61
	14	59
	15	60
	15	61
	15	59
	16	60
	16	61
	16	59
	17	60
	17	61
	17	59
	18	60
	18	61
	18	59
	19	60
	19	61
	19	59
	20	60
	20	61
	20	59
	21	60
	21	61
	21	59
	22	60
	22	61
	22	59
	23	60
	23	61
	23	59
	24	60
	24	61
	24	59
	25	60
	25	61
	25	59
	26	60
	26	61
	26	59
	27	60
	28	60
	27	61
	27	59
	28	61
	28	59
	29	60
	29	61
	29	59
	30	60
	30	61
	30	59
	31	60
	31	61
	31	59
	32	60
	32	61
	32	59
	33	60
	33	61
	33	59
	34	60
	34	61
	34	59
	35	60
	35	61
	35	59
	36	60
	36	61
	36	59
	37	60
	37	61
	37	59
	38	60
	38	61
	38	59
	39	60
	39	61
	39	59
	40	60
	40	61
	40	59
	41	60
	41	61
	41	59
	42	60
	42	61
	42	59
	43	60
	43	61
	43	59
	43	58
	42	58
	43	57
	52	60
	52	61
	52	59
	53	60
	53	61
	53	59
	54	60
	54	61
	54	59
	55	60
	55	61
	55	59
	56	60
	56	61
	56	59
	57	60
	57	61
	57	59
	58	60
	58	61
	58	59
	59	60
	59	61
	59	59
	60	60
	60	61
	60	59
	61	60
	61	61
	61	59
	62	60
	62	61
	62	59
	63	60
	63	61
	63	59
	64	60
	64	61
	64	59
	65	60
	65	61
	65	59
	66	59
	65	58
	66	60
	66	58
	64	58
	67	59
	67	60
	67	58
	66	57
	67	57
	65	57
	66	56
	67	56
	65	56
	66	55
	67	55
	65	55
	66	54
	67	54
	65	54
	68	55
	68	56
	68	54
	69	55
	69	56
	69	54
	70	55
	70	56
	70	54
	71	54
	71	55
	72	54
	72	55
	72	53
	73	54
	73	55
	73	53
	74	54
	74	55
	74	53
	75	54
	75	55
	75	53
	74	56
	75	56
	73	56
	77	56
	78	56
	76	56
	77	57
	77	55
	78	57
	76	57
	77	58
	78	58
	76	58
	77	59
	78	59
	76	59
	79	59
	78	60
	79	60
	77	60
	78	61
	79	61
	77	61
	78	62
	79	62
	77	62
	80	60
	81	60
	80	61
	81	61
	81	59
	83	60
	84	60
	82	60
	83	61
	83	59
	84	61
	84	59
	82	61
	82	59
	85	60
	85	61
	85	59
	86	60
	86	61
	86	59
	87	60
	87	61
	87	59
	88	60
	88	61
	88	59
	89	60
	89	61
	89	59
	98	60
	98	61
	98	59
	99	60
	99	61
	99	59
	100	60
	100	61
	100	59
	101	60
	101	61
	101	59
	102	60
	102	61
	102	59
	103	60
	103	61
	103	59
	104	60
	104	61
	104	59
	105	60
	105	61
	105	59
	106	60
	106	61
	106	59
	107	60
	107	61
	107	59
	108	60
	108	61
	108	59
	109	60
	109	61
	109	59
	110	60
	111	60
	110	61
	110	59
	111	61
	111	59
	110	62
	111	62
	109	62
	112	61
	112	62
	112	60
	113	62
	114	62
	115	62
	116	62
	117	62
	118	62
	119	62
	120	62
	121	62
	122	61
	122	62
	122	60
	123	61
	123	62
	123	60
	124	61
	124	62
	124	60
	125	61
	125	62
	125	60
	112	59
	122	59
	123	59
	124	59
	125	59
	126	60
	126	61
	126	59
	127	60
	127	61
	127	59
	128	60
	128	61
	128	59
	129	59
	128	58
	129	60
	129	58
	127	58
	130	60
	131	60
	130	61
	130	59
	131	61
	131	59
	129	61
	132	60
	132	61
	132	59
	133	60
	133	61
	133	59
	134	60
	134	61
	134	59
	135	60
	135	61
	135	59
	136	60
	136	61
	136	59
	137	60
	137	61
	137	59
	138	60
	138	61
	138	59
	138	58
	139	58
	137	58
	69	51
	139	59
	68	51
	70	51
	67	51
	141	58
	74	51
	140	58
	140	59
	141	59
	140	60
	141	60
	139	60
	140	61
	141	61
	139	61
	140	62
	141	62
	139	62
	140	63
	141	63
	139	63
	140	64
	141	64
	139	64
	140	65
	141	65
	139	65
	140	66
	141	66
	139	66
	140	67
	141	67
	139	67
	140	68
	141	68
	139	68
	140	69
	141	69
	139	69
	140	70
	141	70
	139	70
	140	71
	141	71
	139	71
	142	72
	143	72
	141	72
	142	73
	142	71
	143	73
	143	71
	141	73
	143	74
	144	72
	142	74
	142	76
	143	76
	141	76
	142	77
	142	75
	143	77
	143	75
	141	77
	141	75
	144	77
	143	78
	144	78
	144	76
	142	78
	141	79
	142	79
	140	79
	141	80
	141	78
	140	80
	140	78
	141	81
	140	81
	141	82
	140	82
	141	83
	140	83
	141	84
	140	84
	141	85
	140	85
	141	86
	140	86
	141	87
	140	87
	141	88
	140	88
	141	89
	140	89
	139	88
	139	89
	139	87
	140	90
	141	90
	139	90
	140	91
	141	91
	139	91
	140	92
	141	92
	139	92
	141	93
	142	93
	140	93
	141	94
	142	94
	142	92
	140	94
	142	95
	143	95
	141	95
	142	96
	143	96
	143	94
	141	96
	145	95
	146	95
	144	95
	145	96
	145	94
	146	96
	146	94
	144	96
	144	94
	147	95
	147	96
	147	94
	148	95
	148	96
	148	94
	149	96
	148	97
	149	97
	149	95
	147	97
	150	96
	150	97
	150	95
	151	96
	151	97
	151	95
	152	96
	152	97
	152	95
	153	96
	153	97
	153	95
	149	94
	150	94
	151	94
	152	94
	153	94
	154	95
	154	96
	154	94
	155	95
	155	96
	155	94
	156	95
	156	96
	156	94
	157	95
	157	96
	157	94
	158	95
	158	96
	158	94
	159	95
	159	96
	159	94
	160	95
	160	96
	160	94
	161	95
	161	96
	161	94
	161	93
	162	93
	162	94
	163	93
	163	94
	164	94
	165	94
	164	95
	164	93
	165	95
	165	93
	163	95
	166	94
	166	95
	166	93
	167	94
	167	95
	167	93
	168	94
	168	95
	168	93
	169	94
	169	95
	169	93
	170	94
	170	95
	170	93
	171	94
	171	95
	171	93
	172	94
	172	95
	172	93
	173	94
	173	95
	173	93
	174	94
	174	95
	174	93
	175	94
	175	95
	175	93
	176	94
	176	95
	176	93
	177	94
	177	95
	177	93
	178	94
	178	95
	178	93
	179	94
	179	95
	180	95
	181	95
	180	96
	180	94
	181	96
	181	94
	179	96
	182	95
	182	96
	182	94
	183	95
	183	96
	183	94
	184	95
	184	96
	184	94
	185	95
	185	96
	185	94
	186	95
	186	96
	186	94
	187	95
	187	96
	187	94
	188	95
	188	96
	188	94
	189	95
	189	96
	189	94
	190	95
	190	96
	190	94
	191	95
	191	96
	191	94
	192	95
	192	96
	192	94
	193	95
	193	96
	193	94
	194	95
	194	96
	194	94
	195	95
	195	96
	195	94
	196	95
	196	96
	196	94
	197	95
	197	96
	197	94
	198	95
	198	96
	198	94
	199	95
	199	96
	199	94
	200	93
	201	93
	199	93
	200	94
	200	92
	201	94
	201	92
	199	92
	200	91
	201	91
	199	91
	200	90
	201	90
	199	90
	200	89
	201	89
	199	89
	200	88
	201	88
	199	88
	198	88
	199	87
	200	87
	198	89
	198	87
	199	86
	200	86
	198	86
	198	85
	199	85
	197	85
	198	84
	199	84
	197	86
	197	84
	197	82
	198	82
	196	82
	197	83
	197	81
	198	83
	198	81
	196	83
	196	81
	196	80
	197	80
	195	80
	196	79
	197	79
	195	79
	197	78
	198	78
	196	78
	198	79
	199	78
	199	79
	199	77
	200	78
	200	79
	200	77
	201	78
	201	79
	201	77
	202	77
	202	78
	202	76
	203	77
	203	78
	203	76
	204	77
	204	78
	204	76
	209	55
	210	54
	210	55
	210	56
	211	54
	211	55
	206	77
	207	77
	207	78
	207	76
	208	77
	208	78
	208	76
	209	77
	209	78
	209	76
	210	77
	210	78
	210	76
	210	75
	211	75
	212	75
	211	76
	211	74
	212	76
	212	74
	210	74
	211	73
	212	73
	210	73
	209	74
	209	73
	210	72
	211	72
	209	72
	212	72
	211	71
	212	71
	210	71
	211	70
	212	70
	210	70
	211	69
	212	69
	210	69
	211	68
	212	68
	210	68
	209	71
	209	70
	209	69
	209	68
	210	67
	211	67
	209	67
	208	68
	208	67
	209	66
	210	66
	208	66
	207	67
	207	68
	207	66
	206	67
	206	68
	206	66
	205	67
	205	68
	205	66
	206	65
	207	65
	205	65
	207	64
	208	65
	208	64
	209	65
	209	64
	208	63
	209	63
	207	63
	208	62
	209	62
	207	62
	208	61
	209	61
	207	61
	208	60
	209	60
	207	60
	208	59
	209	59
	207	59
	210	60
	210	61
	210	59
	209	58
	210	58
	208	58
	209	57
	210	57
	208	57
	207	58
	207	57
	210	52
	211	52
	209	52
	210	51
	211	51
	209	51
	210	50
	211	50
	209	50
	212	51
	212	52
	212	50
	211	49
	212	49
	210	49
	211	48
	212	48
	210	48
	211	47
	212	47
	210	47
	211	46
	212	46
	210	46
	211	45
	212	45
	210	45
	209	48
	209	49
	209	47
	209	46
	209	45
	210	44
	211	44
	209	44
	210	43
	211	43
	209	43
	210	42
	211	42
	209	42
	210	41
	211	41
	209	41
	210	40
	211	40
	209	40
	210	39
	211	39
	209	39
	208	40
	208	41
	208	39
	207	39
	208	38
	209	38
	207	40
	207	38
	208	37
	209	37
	207	37
	206	38
	206	37
	207	41
	207	36
	208	36
	206	36
	205	35
	206	35
	204	35
	203	35
	202	35
	201	35
	200	35
	199	35
	198	35
	199	34
	200	34
	198	34
	198	33
	199	33
	197	33
	198	32
	199	32
	197	32
	198	31
	199	31
	197	31
	198	30
	199	30
	197	30
	196	31
	196	32
	196	30
	195	31
	195	32
	195	30
	196	29
	197	29
	195	29
	194	30
	194	31
	194	29
	194	32
	196	33
	195	33
	193	30
	193	31
	193	29
	194	28
	195	28
	193	28
	192	29
	192	28
	193	27
	194	27
	192	27
	193	26
	194	26
	192	26
	193	25
	194	25
	192	25
	193	24
	194	24
	192	24
	191	24
	192	23
	193	23
	191	23
	192	22
	193	22
	191	22
	190	23
	190	22
	191	21
	192	21
	192	20
	193	21
	193	20
	194	20
	193	19
	194	21
	194	19
	194	18
	195	19
	195	20
	195	18
	194	17
	195	17
	196	18
	196	19
	196	17
	195	16
	196	16
	194	16
	195	15
	196	15
	194	15
	195	14
	196	14
	197	15
	197	16
	197	14
	196	13
	197	13
	198	14
	198	15
	198	13
	197	12
	198	12
	196	12
	199	13
	199	14
	199	12
	200	12
	200	13
	201	12
	201	13
	202	12
	202	13
	202	11
	203	12
	203	13
	203	11
	202	10
	203	10
	204	11
	204	12
	204	10
	203	9
	204	9
	202	9
	203	8
	204	8
	202	8
	203	7
	204	7
	202	7
	203	6
	204	6
	202	6
	201	7
	201	6
	202	5
	203	5
	201	5
	202	4
	203	4
	201	4
	200	5
	200	6
	200	4
	201	3
	202	3
	200	3
	199	4
	199	3
	200	2
	201	2
	199	2
	200	1
	201	1
	199	1
	200	0
	201	0
	199	0
	140	1
	141	1
	139	1
	140	2
	140	0
	141	2
	141	0
	139	2
	139	0
	140	3
	141	3
	139	3
	140	4
	141	4
	139	4
	140	5
	141	5
	139	5
	140	6
	141	6
	139	6
	140	7
	141	7
	139	7
	140	8
	141	8
	139	8
	140	9
	141	9
	139	9
	140	10
	141	10
	139	10
	140	11
	141	11
	139	11
	140	12
	141	12
	139	12
	140	13
	141	13
	139	13
	140	14
	141	14
	139	14
	140	15
	141	15
	139	15
	140	16
	141	16
	139	16
	140	17
	141	17
	139	17
	140	18
	141	18
	139	18
	140	19
	141	19
	139	19
	140	20
	141	20
	139	20
	140	21
	141	21
	139	21
	140	22
	141	22
	139	22
	140	23
	141	23
	139	23
	142	23
	143	23
	142	24
	142	22
	143	24
	143	22
	141	24
	144	23
	144	24
	144	22
	145	23
	145	24
	145	22
	146	23
	146	24
	145	25
	146	25
	144	25
	145	26
	146	26
	144	26
	145	27
	146	27
	144	27
	143	26
	143	27
	143	25
	144	28
	145	28
	143	28
	142	27
	142	28
	142	26
	143	29
	144	29
	142	29
	143	30
	144	30
	142	30
	143	31
	144	31
	142	31
	145	29
	141	30
	141	31
	141	29
	142	32
	143	32
	141	32
	142	33
	143	33
	141	33
	142	34
	143	34
	141	34
	144	34
	143	35
	144	35
	144	33
	142	35
	144	32
	145	34
	145	35
	144	36
	145	36
	143	36
	146	35
	144	37
	143	37
	142	36
	142	37
	141	36
	141	37
	141	35
	140	36
	140	37
	140	35
	139	36
	139	37
	139	35
	140	38
	141	38
	139	38
	140	39
	141	39
	139	39
	138	38
	138	39
	138	37
	137	38
	137	39
	137	37
	136	38
	136	39
	136	37
	135	38
	135	39
	135	37
	134	38
	134	39
	134	37
	133	38
	133	39
	133	37
	132	39
	132	38
	131	39
	131	38
	130	39
	130	38
	129	39
	129	38
	128	39
	128	38
	127	39
	127	38
	126	39
	126	38
	125	39
	125	38
	124	38
	125	37
	126	37
	124	39
	124	37
	123	38
	123	39
	123	37
	122	38
	122	39
	122	37
	113	38
	113	39
	113	37
	112	38
	112	39
	112	37
	111	38
	111	39
	111	37
	110	38
	110	39
	110	37
	109	38
	109	39
	109	37
	108	38
	108	39
	108	37
	107	38
	106	38
	107	39
	107	37
	106	39
	106	37
	105	38
	105	39
	105	37
	104	38
	104	39
	104	37
	103	38
	103	39
	103	37
	102	38
	102	39
	102	37
	101	38
	101	39
	101	37
	100	38
	100	39
	100	37
	99	38
	99	39
	99	37
	98	38
	98	39
	98	37
	89	38
	89	39
	89	37
	88	38
	88	39
	88	37
	87	38
	87	39
	87	37
	86	38
	86	39
	86	37
	85	38
	85	39
	85	37
	84	38
	84	39
	84	37
	83	38
	83	39
	83	37
	82	38
	82	39
	82	37
	81	38
	81	39
	81	37
	80	38
	80	39
	80	37
	79	38
	79	39
	79	37
	78	38
	78	39
	78	37
	77	38
	77	39
	77	37
	76	38
	76	39
	76	37
	75	38
	75	39
	75	37
	74	38
	74	39
	74	37
	73	38
	73	39
	73	37
	72	38
	72	39
	72	37
	71	38
	71	39
	71	37
	70	38
	69	38
	70	39
	70	37
	69	39
	69	37
	68	38
	68	39
	68	37
	67	38
	67	39
	67	37
	66	38
	66	39
	66	37
	65	38
	65	39
	65	37
	64	38
	64	39
	64	37
	63	38
	63	39
	63	37
	62	38
	62	39
	62	37
	61	38
	61	39
	61	37
	60	38
	59	38
	60	39
	60	37
	59	39
	59	37
	58	38
	58	39
	58	37
	57	38
	57	39
	57	37
	56	38
	56	39
	56	37
	55	38
	55	39
	55	37
	54	38
	54	39
	54	37
	53	38
	53	39
	53	37
	54	36
	55	36
	53	36
	52	38
	51	38
	52	40
	51	39
	51	40
	52	39
	43	37
	43	38
	43	36
	42	37
	42	38
	42	36
	41	37
	41	38
	41	36
	40	37
	40	38
	40	36
	51	37
	52	37
	43	39
	42	39
	41	39
	40	39
	39	38
	39	39
	39	37
	38	38
	38	39
	38	37
	37	38
	37	39
	37	37
	36	38
	36	39
	36	37
	35	38
	35	39
	35	37
	34	38
	34	39
	34	37
	33	38
	33	39
	33	37
	32	38
	32	39
	32	37
	31	38
	31	39
	31	37
	30	38
	30	39
	30	37
	29	38
	29	39
	29	37
	28	38
	28	39
	28	37
	27	38
	27	39
	27	37
	26	38
	26	39
	26	37
	25	38
	25	39
	25	37
	24	38
	24	39
	24	37
	23	38
	23	39
	23	37
	21	38
	22	38
	21	39
	21	37
	22	39
	22	37
	143	60
	143	61
	143	62
	143	63
	143	64
	143	65
	143	66
	143	67
	143	68
	143	69
	201	33
	202	33
	200	33
	201	34
	201	32
	202	34
	202	32
	200	32
	203	33
	204	33
	203	34
	203	32
	204	34
	204	32
	205	33
	205	34
	205	32
	206	33
	206	34
	206	32
	207	33
	207	34
	207	32
	208	33
	208	34
	208	32
	207	35
	208	35
	206	31
	207	31
	205	31
	204	31
	203	31
	202	31
	201	31
	200	31
	208	31
	76	60
	75	59
	75	60
	75	58
	74	59
	74	60
	74	58
	73	58
	74	57
	75	57
	73	59
	73	57
	72	58
	72	59
	72	57
	71	58
	71	59
	71	57
	70	57
	71	56
	72	56
	70	58
	69	57
	69	58
	68	58
	69	59
	70	59
	68	59
	68	57
	68	60
	66	61
	62	62
	63	62
	61	62
	60	62
	59	62
	58	62
	59	63
	60	63
	58	63
	57	62
	57	63
	56	62
	56	63
	55	62
	55	63
	54	62
	54	63
	53	62
	53	63
	52	62
	52	63
	51	62
	51	63
	50	62
	50	63
	49	63
	50	64
	51	64
	49	64
	49	62
	48	63
	47	63
	48	64
	48	62
	47	64
	47	62
	46	62
	45	62
	44	62
	43	62
	42	62
	41	62
	40	62
	39	62
	38	62
	37	62
	36	62
	35	62
	34	62
	33	62
	37	63
	38	63
	36	63
	40	63
	41	63
	39	63
	44	63
	45	63
	43	63
	46	63
	42	63
	40	64
	41	64
	39	64
	38	64
	37	64
	35	64
	36	64
	34	64
	35	65
	35	63
	36	65
	34	65
	34	63
	33	64
	33	65
	33	63
	32	64
	32	65
	32	63
	32	62
	31	62
	30	62
	29	62
	30	63
	31	63
	29	63
	28	62
	27	62
	28	63
	27	63
	26	62
	26	63
	25	62
	25	63
	24	62
	24	63
	23	62
	23	63
	22	62
	22	63
	21	62
	21	63
	20	62
	19	62
	20	63
	19	63
	18	62
	17	62
	18	63
	17	63
	16	62
	15	62
	16	63
	15	63
	14	62
	13	62
	14	63
	13	63
	12	62
	11	62
	12	63
	11	63
	10	62
	9	62
	8	62
	7	62
	6	62
	5	62
	4	62
	3	62
	2	62
	10	63
	9	63
	31	65
	32	66
	33	66
	31	66
	31	64
	30	65
	30	66
	30	64
	29	65
	29	66
	29	64
	28	66
	29	67
	30	67
	28	67
	28	65
	27	66
	27	67
	27	65
	26	65
	27	64
	28	64
	26	66
	26	64
	25	65
	25	66
	25	64
	24	65
	24	66
	24	64
	23	65
	23	66
	23	64
	21	64
	22	64
	20	64
	21	65
	22	65
	20	65
	19	64
	18	64
	19	65
	18	65
	17	64
	17	65
	15	64
	16	64
	14	64
	13	64
	12	64
	11	64
	10	64
	8	63
	9	64
	8	64
	7	63
	7	64
	6	63
	6	64
	5	63
	4	63
	5	64
	4	64
	3	63
	3	64
	2	63
	1	63
	2	64
	1	64
	1	62
	0	63
	0	64
	0	62
	3	65
	4	65
	2	65
	5	65
	6	65
	7	65
	8	65
	7	66
	8	66
	6	66
	11	65
	12	65
	10	65
	11	66
	12	66
	10	66
	13	65
	13	66
	14	65
	14	66
	16	65
	15	65
	16	66
	17	66
	15	66
	18	66
	19	66
	20	66
	21	66
	22	66
	42	64
	43	64
	44	64
	45	64
	46	64
	52	64
	53	64
	54	64
	55	64
	56	64
	61	63
	62	63
	64	62
	65	62
	67	61
	68	61
	69	60
	70	60
	69	61
	70	61
	71	60
	72	60
	73	60
	76	61
	75	61
	81	62
	82	62
	80	62
	83	62
	84	62
	85	62
	86	62
	87	62
	88	62
	89	62
	91	62
	92	62
	90	62
	93	62
	94	62
	95	62
	96	62
	97	62
	98	62
	99	62
	100	62
	103	62
	104	62
	102	62
	105	62
	106	62
	107	62
	108	62
	126	62
	127	62
	128	62
	129	62
	130	62
	131	62
	132	62
	133	62
	134	62
	135	62
	136	62
	137	62
	138	62
	106	63
	107	63
	105	63
	103	63
	104	63
	102	63
	101	63
	102	64
	103	64
	101	64
	101	62
	100	63
	99	63
	100	64
	99	64
	97	63
	98	63
	96	63
	97	64
	98	64
	96	64
	95	63
	95	64
	94	63
	94	64
	93	63
	93	64
	92	63
	91	63
	92	64
	91	64
	90	63
	89	63
	90	64
	89	64
	88	63
	88	64
	87	63
	87	64
	86	63
	86	64
	85	63
	85	64
	84	63
	84	64
	83	63
	83	64
	82	63
	82	64
	81	63
	80	63
	81	64
	80	64
	79	63
	79	64
	78	63
	77	63
	76	62
	76	63
	75	62
	75	63
	74	62
	74	63
	74	61
	73	62
	73	63
	73	61
	72	61
	71	61
	72	62
	71	62
	70	62
	69	62
	68	62
	72	63
	105	64
	106	64
	104	64
	108	63
	109	63
	108	64
	109	64
	107	64
	110	63
	111	63
	110	64
	111	64
	112	63
	112	64
	113	63
	113	64
	114	63
	114	64
	115	63
	115	64
	116	63
	116	64
	117	63
	117	64
	118	63
	118	64
	119	63
	119	64
	120	63
	121	63
	120	64
	121	64
	123	63
	124	63
	122	63
	123	64
	124	64
	122	64
	126	63
	127	63
	125	63
	126	64
	127	64
	125	64
	129	63
	130	63
	128	63
	129	64
	130	64
	128	64
	131	63
	132	63
	131	64
	132	64
	133	64
	132	65
	133	65
	133	63
	131	65
	134	64
	134	65
	134	63
	135	64
	135	65
	135	63
	136	64
	136	65
	136	63
	137	64
	137	65
	137	63
	138	64
	138	65
	138	63
	138	66
	137	66
	138	67
	137	67
	138	68
	137	68
	138	69
	137	69
	138	70
	137	70
	138	71
	139	72
	140	72
	138	72
	140	73
	139	73
	140	74
	141	74
	139	74
	140	75
	139	75
	140	76
	139	76
	140	77
	139	77
	139	78
	139	79
	138	78
	138	79
	138	77
	139	80
	138	80
	139	81
	138	81
	139	82
	138	82
	139	83
	138	83
	139	84
	138	84
	139	85
	138	85
	139	86
	138	86
	138	87
	138	88
	138	89
	137	89
	138	90
	137	90
	137	88
	138	91
	137	91
	138	92
	137	92
	138	93
	139	93
	137	93
	139	94
	138	94
	139	95
	140	95
	138	95
	139	96
	140	96
	138	96
	140	97
	141	97
	139	97
	142	97
	141	98
	142	98
	140	98
	143	97
	143	98
	144	98
	143	99
	144	99
	144	97
	142	99
	145	98
	145	99
	145	97
	146	98
	146	99
	146	97
	147	98
	148	98
	147	99
	148	99
	149	98
	149	99
	150	98
	151	98
	150	99
	151	99
	153	98
	154	98
	152	98
	153	99
	154	99
	154	97
	152	99
	156	98
	157	98
	155	98
	156	99
	156	97
	157	99
	157	97
	155	99
	155	97
	158	98
	158	99
	158	97
	159	98
	159	99
	159	97
	160	98
	161	98
	160	99
	160	97
	161	99
	161	97
	162	98
	162	99
	162	97
	163	98
	163	99
	163	97
	164	98
	164	99
	164	97
	162	96
	162	95
	164	96
	165	96
	163	96
	165	97
	166	96
	167	96
	166	97
	167	97
	168	96
	168	97
	169	96
	170	96
	169	97
	170	97
	171	96
	171	97
	172	96
	172	97
	165	98
	166	98
	165	99
	166	99
	167	99
	167	98
	168	99
	169	99
	168	98
	169	98
	170	99
	170	98
	171	99
	172	99
	171	98
	172	98
	173	99
	173	98
	174	98
	175	98
	174	99
	174	97
	175	99
	175	97
	173	97
	176	98
	177	98
	176	99
	176	97
	177	99
	177	97
	178	98
	179	98
	178	99
	178	97
	179	99
	179	97
	180	98
	180	99
	180	97
	181	98
	181	99
	181	97
	182	98
	183	98
	182	99
	182	97
	183	99
	183	97
	184	98
	185	98
	184	99
	184	97
	185	99
	185	97
	186	98
	186	99
	186	97
	187	98
	188	98
	187	99
	187	97
	188	99
	188	97
	189	98
	189	99
	189	97
	190	98
	191	98
	190	99
	190	97
	191	99
	191	97
	192	98
	192	99
	192	97
	193	98
	193	99
	193	97
	194	98
	194	99
	194	97
	195	98
	196	98
	195	99
	195	97
	196	99
	196	97
	197	98
	197	99
	197	97
	198	98
	198	99
	198	97
	199	98
	200	98
	199	99
	199	97
	200	99
	200	97
	201	98
	201	99
	201	97
	200	96
	201	96
	200	95
	201	95
	202	93
	202	94
	202	92
	202	91
	202	90
	202	89
	202	88
	201	87
	201	86
	202	86
	201	85
	202	87
	202	85
	200	85
	201	84
	202	84
	200	84
	201	83
	202	83
	200	83
	201	82
	202	82
	200	82
	201	81
	202	81
	200	81
	199	81
	200	80
	201	80
	199	82
	199	80
	198	80
	199	83
	203	84
	203	85
	203	83
	204	84
	204	85
	204	83
	205	83
	204	82
	205	84
	205	82
	203	82
	204	81
	205	81
	203	81
	204	80
	205	80
	203	80
	204	79
	205	79
	203	79
	206	79
	206	80
	203	86
	204	86
	203	87
	204	87
	203	88
	203	89
	203	90
	203	92
	203	93
	203	91
	203	94
	202	95
	203	95
	204	95
	203	96
	204	96
	204	94
	202	96
	203	97
	204	97
	202	97
	203	98
	204	98
	202	98
	204	92
	204	93
	204	91
	204	89
	204	90
	204	88
	205	87
	205	88
	205	86
	205	85
	202	80
	202	79
	203	99
	204	99
	202	99
	205	99
	205	98
	205	97
	205	96
	205	95
	205	94
	205	93
	205	92
	205	91
	205	90
	205	89
	206	89
	206	90
	206	88
	206	87
	206	86
	206	85
	206	84
	206	83
	206	82
	206	81
	206	92
	206	93
	206	91
	206	94
	206	95
	206	96
	206	97
	206	98
	206	99
	208	79
	209	79
	207	79
	208	80
	209	80
	207	80
	210	79
	210	80
	211	78
	211	79
	211	77
	212	77
	213	73
	213	74
	213	72
	213	71
	213	70
	213	69
	213	68
	212	67
	213	67
	214	67
	213	66
	214	68
	214	66
	212	66
	213	65
	214	65
	212	65
	213	64
	214	64
	212	64
	213	63
	214	63
	212	63
	213	62
	214	62
	212	62
	215	65
	215	66
	215	64
	215	67
	215	68
	214	69
	214	70
	211	66
	211	65
	211	64
	211	63
	211	62
	212	61
	213	61
	211	61
	212	60
	213	60
	211	60
	212	59
	213	59
	211	59
	212	58
	213	58
	211	58
	212	57
	213	57
	211	57
	212	55
	212	56
	212	54
	212	53
	212	44
	212	42
	212	43
	212	41
	213	41
	212	40
	213	42
	213	40
	212	39
	213	39
	212	38
	213	38
	211	38
	213	53
	213	54
	213	52
	213	50
	213	51
	213	49
	213	48
	213	47
	213	46
	213	45
	213	44
	213	43
	212	37
	213	37
	211	37
	214	39
	214	40
	214	38
	214	43
	214	44
	214	42
	214	48
	214	49
	214	47
	214	52
	214	53
	214	51
	213	56
	214	56
	213	55
	214	57
	214	55
	214	59
	214	60
	214	58
	214	71
	215	62
	214	61
	215	63
	215	61
	215	59
	215	60
	215	58
	215	57
	215	56
	215	55
	214	54
	215	54
	215	53
	215	52
	216	52
	215	51
	216	53
	216	51
	215	50
	216	50
	214	50
	215	49
	216	49
	215	48
	216	48
	215	47
	216	47
	215	46
	216	46
	214	46
	215	45
	216	45
	214	45
	215	44
	216	44
	215	43
	216	43
	215	42
	216	42
	215	41
	216	41
	214	41
	215	40
	216	40
	215	39
	216	39
	215	69
	215	70
	215	71
	214	72
	215	72
	216	70
	216	71
	216	69
	218	56
	219	56
	217	56
	218	57
	218	55
	219	57
	219	55
	217	57
	217	55
	219	46
	218	46
	219	47
	219	45
	218	47
	218	45
	219	42
	218	42
	219	43
	219	41
	218	43
	218	41
	217	44
	217	45
	217	43
	217	49
	217	50
	217	48
	217	51
	217	52
	216	55
	216	56
	216	54
	217	54
	216	60
	217	60
	216	61
	216	59
	217	61
	217	59
	216	63
	217	63
	216	64
	216	62
	217	64
	217	62
	216	65
	217	65
	216	66
	217	66
	216	67
	217	67
	216	68
	217	70
	217	71
	217	69
	216	72
	217	72
	216	73
	217	73
	215	73
	210	64
	210	65
	210	63
	210	62
	214	73
	214	74
	215	74
	214	75
	215	75
	213	75
	214	76
	215	76
	213	76
	216	75
	216	76
	216	74
	217	76
	216	77
	217	77
	217	75
	215	77
	218	76
	218	77
	218	75
	219	76
	219	77
	219	75
	218	71
	219	71
	218	72
	218	70
	219	72
	219	70
	218	68
	219	68
	217	68
	218	69
	218	67
	219	69
	219	67
	218	65
	219	65
	218	66
	218	64
	219	66
	219	64
	218	63
	219	63
	218	62
	219	62
	218	61
	219	61
	218	60
	219	60
	218	59
	219	59
	218	58
	219	58
	217	58
	218	54
	219	54
	218	52
	219	52
	218	53
	218	51
	219	53
	219	51
	217	53
	218	50
	219	50
	218	49
	219	49
	216	57
	218	48
	217	47
	217	46
	218	44
	219	44
	217	41
	218	40
	219	40
	217	42
	217	40
	218	39
	219	39
	217	39
	216	38
	217	38
	215	38
	214	37
	215	37
	213	36
	214	36
	212	36
	211	36
	212	35
	213	35
	211	35
	210	35
	211	34
	212	34
	210	36
	210	34
	209	34
	210	33
	211	33
	209	35
	209	33
	209	32
	210	32
	209	31
	208	30
	209	30
	207	30
	209	36
	210	38
	210	37
	216	58
	212	33
	211	32
	210	31
	206	30
	207	29
	208	29
	206	29
	205	29
	206	28
	207	28
	205	30
	205	28
	204	29
	204	30
	204	28
	203	29
	203	30
	203	28
	202	28
	203	27
	204	27
	202	29
	202	27
	201	28
	201	29
	201	27
	200	28
	200	29
	200	27
	199	27
	200	26
	201	26
	199	28
	199	26
	198	27
	198	28
	198	26
	199	25
	200	25
	198	25
	197	26
	197	27
	197	25
	196	25
	197	24
	198	24
	196	26
	196	24
	197	23
	198	23
	196	23
	195	24
	195	25
	195	23
	199	24
	199	23
	201	25
	202	26
	201	30
	202	30
	200	30
	199	29
	198	29
	197	28
	196	28
	196	27
	195	27
	195	26
	194	23
	195	22
	196	22
	194	22
	195	21
	196	21
	197	21
	196	20
	197	22
	197	20
	197	19
	198	20
	198	21
	198	19
	199	18
	200	18
	198	18
	199	19
	199	17
	200	19
	200	17
	198	17
	201	18
	201	19
	201	17
	200	16
	201	16
	199	16
	200	15
	201	15
	199	15
	200	14
	201	14
	202	14
	202	15
	202	17
	202	18
	202	16
	200	20
	201	20
	199	20
	200	21
	201	21
	199	21
	200	22
	201	22
	199	22
	200	23
	201	23
	200	24
	201	24
	215	78
	216	78
	214	78
	215	79
	216	79
	214	79
	214	77
	213	78
	212	78
	213	79
	213	77
	212	79
	207	81
	208	81
	207	82
	208	82
	207	83
	208	83
	209	82
	210	82
	209	83
	209	81
	210	83
	210	81
	211	80
	212	80
	217	74
	213	80
	211	81
	212	81
	208	84
	209	84
	207	84
	207	85
	208	85
	207	86
	208	86
	207	87
	207	88
	207	90
	208	90
	207	91
	207	89
	208	91
	208	89
	208	88
	208	87
	209	87
	209	88
	209	86
	209	85
	210	85
	210	86
	210	84
	211	83
	211	84
	211	82
	218	74
	219	74
	218	73
	219	73
	205	27
	204	26
	205	26
	203	26
	204	25
	205	25
	203	25
	203	24
	204	24
	202	24
	203	23
	204	23
	202	25
	202	23
	202	22
	203	22
	202	20
	202	21
	202	19
	198	16
	197	17
	197	18
	198	22
	205	24
	205	23
	206	24
	206	25
	206	23
	205	21
	206	21
	204	21
	205	22
	205	20
	206	22
	206	20
	204	22
	204	20
	205	19
	206	19
	204	19
	207	19
	206	18
	207	20
	207	18
	205	18
	206	17
	207	17
	205	17
	206	16
	207	16
	205	16
	206	15
	207	15
	205	15
	206	14
	207	14
	205	14
	206	13
	207	13
	205	13
	206	12
	207	12
	205	12
	206	11
	207	11
	205	11
	206	10
	207	10
	205	10
	206	9
	207	9
	205	9
	205	8
	206	8
	205	7
	206	7
	205	6
	206	6
	205	5
	206	5
	204	5
	205	4
	206	4
	204	4
	204	3
	205	3
	203	3
	204	2
	205	2
	203	2
	204	1
	205	1
	203	1
	206	2
	206	3
	206	1
	205	0
	206	0
	204	0
	204	13
	204	14
	204	16
	204	17
	204	15
	204	18
	203	21
	203	20
	203	19
	203	18
	203	16
	203	17
	203	15
	203	14
	202	2
	202	1
	203	0
	202	0
	207	25
	206	26
	207	26
	207	24
	206	27
	207	27
	133	34
	134	34
	132	34
	133	35
	133	33
	134	35
	134	33
	132	35
	132	33
	131	34
	131	35
	131	33
	130	34
	130	35
	130	33
	129	34
	129	35
	129	33
	128	34
	128	35
	128	33
	131	36
	132	36
	130	36
	131	37
	132	37
	130	37
	129	36
	129	37
	128	36
	128	37
	127	35
	127	36
	127	34
	126	35
	126	36
	126	34
	125	35
	124	35
	125	36
	125	34
	124	36
	124	34
	123	35
	123	36
	123	34
	122	35
	121	35
	122	36
	122	34
	121	34
	120	35
	120	34
	119	35
	118	35
	119	34
	118	34
	117	35
	116	35
	117	34
	116	34
	115	35
	114	35
	115	34
	114	34
	113	35
	113	36
	113	34
	111	35
	112	35
	110	35
	111	36
	111	34
	112	36
	112	34
	110	36
	110	34
	109	35
	109	36
	109	34
	108	35
	108	36
	108	34
	106	35
	107	35
	105	35
	106	36
	106	34
	107	36
	107	34
	105	36
	105	34
	104	35
	103	35
	104	36
	104	34
	103	36
	103	34
	102	35
	101	35
	102	36
	102	34
	101	36
	101	34
	100	35
	100	36
	100	34
	99	35
	99	36
	99	34
	98	35
	98	36
	98	34
	97	35
	97	34
	96	35
	95	35
	96	34
	95	34
	93	35
	94	35
	92	35
	89	36
	90	35
	91	35
	89	35
	87	36
	88	36
	86	36
	87	35
	88	35
	86	35
	85	36
	85	35
	84	36
	84	35
	83	36
	82	36
	83	35
	82	35
	81	36
	81	35
	80	36
	80	35
	79	36
	79	35
	78	36
	77	36
	78	35
	77	35
	76	36
	76	35
	75	36
	74	36
	75	35
	74	35
	72	36
	73	36
	71	36
	72	35
	73	35
	71	35
	70	36
	70	35
	69	36
	68	36
	69	35
	68	35
	66	36
	67	36
	65	36
	66	35
	67	35
	65	35
	63	36
	64	36
	62	36
	63	35
	64	35
	62	35
	60	35
	61	35
	59	35
	60	36
	60	34
	61	36
	61	34
	59	36
	59	34
	57	35
	58	35
	56	35
	57	36
	57	34
	58	36
	58	34
	56	36
	56	34
	55	35
	55	34
	54	35
	54	34
	53	35
	53	34
	52	34
	51	34
	52	35
	52	33
	53	33
	51	35
	51	33
	50	34
	49	34
	50	35
	50	33
	49	35
	49	33
	48	34
	48	35
	48	33
	56	33
	57	33
	55	33
	56	32
	57	32
	55	32
	54	32
	55	31
	56	31
	54	33
	54	31
	53	32
	52	32
	53	31
	52	31
	51	32
	50	32
	51	31
	50	31
	49	32
	48	32
	47	33
	47	34
	47	32
	46	34
	47	35
	46	35
	46	33
	44	34
	45	34
	43	34
	44	35
	44	33
	45	35
	45	33
	43	35
	43	33
	42	35
	41	35
	42	34
	41	34
	40	35
	40	34
	39	35
	39	36
	39	34
	38	35
	37	35
	38	36
	38	34
	37	36
	37	34
	36	35
	35	35
	36	36
	36	34
	35	36
	35	34
	34	35
	34	36
	34	34
	33	35
	32	35
	33	36
	33	34
	32	36
	32	34
	31	35
	30	35
	31	36
	31	34
	30	36
	30	34
	28	36
	29	36
	27	36
	28	35
	29	35
	27	35
	26	36
	25	36
	26	35
	25	35
	24	36
	23	36
	24	35
	23	35
	22	36
	21	36
	22	35
	21	35
	19	36
	20	36
	18	36
	19	35
	20	35
	18	35
	17	36
	16	36
	17	35
	16	35
	14	36
	15	36
	13	36
	14	35
	15	35
	13	35
	12	36
	11	36
	12	35
	11	35
	9	35
	10	35
	8	35
	7	35
	6	35
	5	35
	4	35
	5	34
	6	34
	4	36
	4	34
	3	35
	3	36
	3	34
	2	35
	1	35
	2	36
	2	34
	1	36
	1	34
	0	35
	0	36
	0	34
	7	34
	8	34
	9	34
	10	34
	12	34
	13	34
	11	34
	15	34
	16	34
	14	34
	15	33
	16	33
	14	33
	19	34
	20	34
	18	34
	19	33
	20	33
	18	33
	23	34
	24	34
	22	34
	23	33
	24	33
	22	33
	27	34
	28	34
	26	34
	27	33
	28	33
	26	33
	29	34
	29	33
	31	33
	32	33
	30	33
	33	33
	34	33
	35	33
	36	33
	37	33
	38	33
	39	33
	41	33
	42	33
	40	33
	44	32
	45	32
	43	32
	41	32
	42	32
	40	32
	38	32
	39	32
	37	32
	36	32
	35	32
	31	32
	32	32
	30	32
	29	32
	25	34
	25	33
	21	34
	21	33
	17	34
	17	33
	13	33
	12	33
	11	33
	10	33
	9	33
	8	33
	7	33
	6	33
	5	33
	4	33
	3	33
	2	33
	1	33
	0	33
	1	32
	2	32
	0	32
	3	32
	12	32
	13	32
	11	32
	16	32
	17	32
	15	32
	21	32
	22	32
	20	32
	26	32
	27	32
	25	32
	46	32
	58	33
	58	32
	61	33
	62	33
	60	33
	61	32
	62	34
	62	32
	60	32
	63	33
	64	33
	63	34
	63	32
	64	34
	64	32
	66	33
	67	33
	65	33
	66	34
	66	32
	67	34
	67	32
	65	34
	65	32
	68	33
	69	33
	68	34
	68	32
	69	34
	69	32
	71	33
	72	33
	70	33
	71	34
	71	32
	72	34
	72	32
	70	34
	70	32
	73	33
	74	33
	73	34
	73	32
	74	34
	74	32
	75	33
	75	34
	75	32
	76	33
	76	34
	76	32
	79	33
	80	33
	78	33
	79	34
	79	32
	80	34
	80	32
	78	34
	78	32
	81	33
	81	34
	81	32
	82	33
	82	34
	82	32
	83	33
	84	33
	83	34
	83	32
	84	34
	84	32
	85	33
	86	33
	85	34
	85	32
	86	34
	86	32
	87	33
	87	34
	87	32
	89	33
	90	33
	88	33
	89	34
	89	32
	90	34
	90	32
	88	34
	88	32
	93	33
	94	33
	92	33
	93	34
	93	32
	94	34
	94	32
	92	34
	92	32
	95	33
	95	32
	97	33
	98	33
	96	33
	97	32
	98	32
	96	32
	100	33
	101	33
	99	33
	100	32
	101	32
	99	32
	102	33
	102	32
	105	33
	106	33
	104	33
	105	32
	106	32
	104	32
	107	33
	108	33
	107	32
	108	32
	112	33
	113	33
	111	33
	112	32
	113	32
	111	32
	119	33
	120	33
	118	33
	119	32
	120	32
	118	32
	121	33
	121	32
	125	33
	126	33
	124	33
	125	32
	126	32
	124	32
	129	32
	130	32
	128	32
	131	32
	135	34
	135	35
	135	33
	136	34
	136	35
	136	33
	137	34
	138	34
	137	35
	137	33
	138	35
	138	33
	139	34
	140	34
	139	33
	140	33
	138	36
	136	36
	137	36
	135	36
	134	36
	133	36
	127	33
	123	33
	116	33
	117	33
	115	33
	116	32
	117	32
	115	32
	114	33
	114	32
	109	33
	110	33
	109	32
	110	32
	127	37
	91	33
	91	34
	91	32
	77	33
	77	34
	77	32
	59	33
	122	32
	123	32
	122	33
	122	31
	123	31
	121	31
	124	31
	125	31
	126	31
	127	32
	127	31
	138	32
	139	32
	137	32
	138	31
	139	31
	137	31
	138	29
	139	29
	137	29
	138	30
	138	28
	139	30
	139	28
	137	30
	137	28
	138	27
	139	27
	137	27
	138	26
	139	26
	137	26
	138	25
	139	25
	137	25
	138	24
	139	24
	137	24
	138	23
	137	23
	138	22
	137	22
	138	21
	138	20
	138	19
	140	24
	141	26
	140	26
	141	27
	141	25
	142	25
	140	27
	140	25
	141	28
	140	28
	140	29
	140	31
	140	32
	140	30
	138	18
	138	16
	138	17
	138	15
	137	15
	138	14
	137	16
	137	14
	138	13
	137	13
	138	12
	137	12
	138	11
	137	11
	138	10
	137	10
	137	8
	138	8
	136	8
	137	9
	137	7
	138	9
	138	7
	136	9
	136	7
	137	6
	138	6
	136	6
	137	5
	138	5
	136	5
	137	4
	138	4
	136	4
	137	3
	138	3
	136	3
	135	3
	136	2
	137	2
	135	4
	135	2
	136	1
	137	1
	135	1
	135	8
	135	9
	135	7
	136	11
	135	11
	136	12
	136	10
	135	12
	135	10
	136	14
	135	14
	136	15
	136	13
	135	15
	135	13
	136	16
	135	16
	136	17
	137	17
	135	17
	136	18
	137	18
	135	18
	135	20
	136	20
	134	20
	135	21
	135	19
	136	21
	136	19
	134	21
	134	19
	135	22
	136	22
	134	22
	135	23
	136	23
	134	23
	136	25
	135	25
	136	26
	136	24
	135	26
	135	24
	137	19
	137	20
	135	5
	136	0
	137	0
	135	0
	138	2
	138	1
	138	0
	135	6
	137	21
	136	27
	136	30
	136	31
	136	29
	135	31
	134	31
	135	32
	135	30
	136	32
	134	32
	134	30
	133	32
	133	31
	132	32
	132	31
	131	31
	178	96
	177	96
	176	96
	175	96
	174	96
	173	96
	51	60
	51	61
	51	59
	51	58
	90	61
	90	60
	90	59
	90	58
	97	61
	97	60
	97	59
	97	58
	113	61
	113	60
	113	59
	113	58
	121	61
	121	60
	121	59
	121	58
	121	39
	121	40
	121	38
	121	37
	121	36
	97	39
	97	40
	97	38
	97	37
	97	36
	90	40
	50	61
	50	60
	90	39
	50	59
	90	38
	90	37
	90	36
	50	58
	50	39
	50	40
	50	38
	50	37
	50	36
	44	60
	44	61
	44	59
	44	58
	44	57
	44	39
	44	40
	44	38
	44	37
	44	36
	108	74
	109	74
	107	74
	108	75
	108	73
	109	75
	109	73
	107	75
	107	73
InvisibleObstacle		
AW1		
	68	50
	69	50
	67	50
	68	51
	68	49
	69	51
	69	49
	67	51
	67	49
	68	48
	69	48
	67	48
	68	47
	69	47
	67	47
	68	45
	69	45
	67	45
	68	46
	68	44
	69	46
	69	44
	67	46
	67	44
	68	43
	69	43
	67	43
	68	42
	69	42
	67	42
	68	41
	69	41
	67	41
AW2		
	139	52
	140	52
	138	52
	139	53
	139	51
	140	53
	140	51
	138	53
	138	51
	139	50
	140	50
	138	50
	139	49
	140	49
	138	49
	139	48
	140	48
	138	48
	139	47
	140	47
	138	47
	139	46
	140	46
	138	46
	139	44
	140	44
	138	44
	139	45
	139	43
	140	45
	140	43
	138	45
	138	43
	139	42
	140	42
	138	42
	139	41
	140	41
	138	41
	139	55
	140	55
	138	55
	139	56
	139	54
	140	56
	140	54
	138	56
	138	54
	139	57
	140	57
	138	57
CG1		
	65	51
	66	51
	64	51
	65	52
	65	50
	66	52
	66	50
	64	52
	64	50
	65	49
	66	49
	64	49
	65	48
	66	48
	64	48
	65	47
	66	47
	64	47
	65	46
	66	46
	64	46
	65	45
	66	45
	64	45
	65	44
	66	44
	64	44
	65	43
	66	43
	64	43
	65	42
	66	42
	64	42
	65	41
	66	41
	64	41
	62	56
	63	56
	61	56
	62	57
	62	55
	63	57
	63	55
	61	57
	61	55
	62	54
	63	54
	61	54
	62	53
	63	53
	61	53
	62	52
	63	52
	61	52
	62	51
	63	51
	61	51
	62	50
	63	50
	61	50
	62	49
	63	49
	61	49
	62	48
	63	48
	61	48
	62	47
	63	47
	61	47
	62	46
	63	46
	61	46
	62	45
	63	45
	61	45
	62	44
	63	44
	61	44
	62	43
	63	43
	61	43
	62	42
	63	42
	61	42
	62	41
	63	41
	61	41
CG2		
	136	56
	137	56
	135	56
	136	57
	136	55
	137	57
	137	55
	135	57
	135	55
	136	54
	137	54
	135	54
	136	53
	137	53
	135	53
	136	52
	137	52
	135	52
	136	51
	137	51
	135	51
	134	52
	134	53
	134	51
	135	50
	136	50
	134	50
	137	50
	136	49
	137	49
	135	49
	136	48
	137	48
	135	48
	136	47
	137	47
	135	47
	136	46
	137	46
	135	46
	136	45
	137	45
	135	45
	134	45
	135	44
	136	44
	134	46
	134	44
	135	43
	136	43
	134	43
	135	42
	136	42
	134	42
	137	43
	137	44
	137	42
	136	41
	137	41
	135	41
	133	56
	134	56
	132	56
	133	57
	133	55
	134	57
	134	55
	132	57
	132	55
	133	54
	134	54
	132	54
	133	53
	132	53
	133	52
	132	52
	133	51
	132	51
	133	50
	132	50
	133	49
	134	49
	132	49
	133	48
	134	48
	132	48
	133	47
	134	47
	132	47
	133	46
	132	46
	133	45
	132	45
	133	44
	132	44
	133	43
	132	43
	133	42
	132	42
	133	41
	134	41
	132	41
CG3		
	142	55
	143	55
	141	55
	142	56
	142	54
	143	56
	143	54
	141	56
	141	54
	142	53
	143	53
	141	53
	142	51
	143	51
	141	51
	142	52
	142	50
	143	52
	143	50
	141	52
	141	50
	142	49
	143	49
	141	49
	144	49
	143	48
	144	50
	144	48
	142	48
	143	47
	144	47
	142	47
	143	46
	144	46
	142	46
	143	45
	144	45
	142	45
	143	44
	144	44
	142	44
	141	48
	141	47
	141	46
	141	45
	141	44
	142	43
	143	43
	141	43
	142	42
	143	42
	141	42
	142	41
	143	41
	141	41
	144	55
	144	56
	144	54
	144	53
	144	52
	144	51
	144	43
	144	42
	144	41
	142	39
	144	40
	144	39
	143	39
	143	40
	142	40
	141	40
	141	39
	143	58
	144	58
	142	58
	143	59
	143	57
	144	59
	144	57
	142	59
	142	57
	145	58
	145	59
	145	57
	145	56
	145	53
	145	54
	145	52
	145	55
	145	51
	145	50
	145	46
	145	45
	145	44
	145	43
	145	42
	145	41
	145	47
	145	40
	145	49
	145	39
	145	48
	141	57
	141	58
	141	59
