Id	Behavior	Name	Environment	TerrainRoot	CloseLoadingDelay	SwitchNpcCd	SceneCamera	CameraId	Terrains[1]	Terrains[2]	Terrains[3]	Position[1]	Position[2]	Position[3]	Rotation[1]	Rotation[2]	Rotation[3]
99999957	99999957	测试1			0.15	15	1	12	999999570			0|0|0			0|0|0		
99999956	99999956	测试2			0.15	15	1	10	999999560			0|0|0			0|0|0		
99999970	99999970	测试3			0.15	15	1	9	999999700			0|0|0			0|0|0		
99999969	99999969	测试4			0.15	15	1	10	999999690			0|0|0			0|0|0		
99999968	99999968	测试5			0.15	15	1	1	999999680			0|0|0			0|0|0		
99999967	99999967	测试6			0.15	15	1	9	999999670			0|0|0			0|0|0		
99999960	99999960	300秒输出测试			0.15	15	1	9	999999600			0|0|0			0|0|0		
99999959	99999959	生存测试			0.15	15	1	9	999999590			0|0|0			0|0|0		
99999958	99999958	治疗测试			0.15	15	1	9	999999580			0|0|0			0|0|0		
