Id	Behavior	Name	Environment	TerrainRoot	CloseLoadingDelay	SwitchNpcCd	SceneCamera	CameraId	Terrains[1]	Terrains[2]	Terrains[3]	Position[1]	Position[2]	Position[3]	Rotation[1]	Rotation[2]	Rotation[3]
12050101	12050101	据点5-1-1【难度】3【人数】2			0.15	15	1	9	120501010			0|0|0			0|0|0		
12050102	12050102	据点5-1-2【难度】4【人数】3			0.15	15	1	9	120501020			0|0|0			0|0|0		
12050103	12050103	据点5-1-3【难度】3【人数】1			0.15	15	1	9	120501030			0|0|0			0|0|0		
12050201	12050201	据点5-2-1【难度】4【人数】3			0.15	15	10	9	120502010			0|0|0			0|0|0		
12050202	12050202	据点5-2-2【难度】3【人数】1			0.15	15	10	9	120502020			0|0|0			0|0|0		
12050203	12050203	据点5-2-3【难度】3【人数】2			0.15	15	2	9	120502030			0|0|0			0|0|0		
12050301	12050301	据点5-3-1【难度】3【人数】1			0.15	15	1	9	120503010			0|0|0			0|0|0		
12050302	12050302	据点5-3-2【难度】3【人数】2			0.15	15	1	9	120503020			0|0|0			0|0|0		
12050303	12050303	据点5-3-3【难度】4【人数】3【BOSS】剑圣			0.15	15	1	10	120503030			0|0|0			0|0|0		
