Key	CellX	CellY
VisibleObstacle		
	217	0
	217	1
	211	0
	217	2
	218	1
	218	2
	219	1
	224	1
	219	2
	218	0
	222	1
	224	2
	224	0
	223	1
	219	0
	223	0
	222	0
	225	1
	222	2
	226	1
	225	2
	223	2
	225	0
	231	1
	228	0
	231	2
	235	1
	233	2
	230	2
	229	0
	230	0
	232	2
	231	0
	228	1
	229	2
	230	1
	229	1
	226	0
	208	0
	209	1
	208	1
	202	0
	200	0
	203	1
	209	0
	203	2
	210	2
	213	1
	203	0
	210	0
	211	1
	210	1
	213	0
	212	1
	212	0
	118	273
	117	274
	118	274
	117	275
	118	275
	116	275
	117	276
	118	276
	116	276
	117	277
	118	277
	116	277
	115	276
	115	277
	115	275
	116	278
	117	278
	115	278
	118	278
	119	280
	120	280
	118	280
	119	281
	119	279
	120	281
	120	279
	118	281
	118	279
	121	280
	121	281
	121	279
	120	278
	121	278
	119	278
	121	277
	122	277
	120	277
	121	276
	122	278
	122	276
	120	276
	123	277
	123	278
	123	276
	122	275
	123	275
	121	275
	124	276
	124	277
	124	275
	123	274
	124	274
	122	274
	125	275
	125	276
	125	274
	124	273
	125	273
	123	273
	124	272
	125	272
	123	272
	126	273
	126	274
	126	272
	125	271
	124	271
	127	272
	125	270
	125	269
	122	273
	121	274
	120	275
	119	277
	119	276
	120	274
	121	273
	122	272
	123	271
	124	270
	124	269
	125	268
	127	267
	128	267
	126	267
	127	266
	128	266
	126	266
	129	266
	128	265
	129	267
	129	265
	127	265
	128	264
	129	264
	127	264
	128	263
	129	263
	127	263
	126	265
	125	267
	125	266
	124	268
	123	270
	120	273
	121	272
	122	271
	121	271
	122	270
	123	269
	122	269
	123	268
	124	267
	125	265
	126	264
	128	262
	129	262
	127	262
	130	263
	130	264
	130	262
	129	261
	130	261
	128	261
	129	260
	130	260
	128	260
	131	261
	131	262
	131	260
	127	261
	126	263
	124	266
	123	267
	123	266
	124	265
	125	264
	125	263
	126	262
	127	260
	128	259
	127	259
	128	258
	130	256
	131	256
	131	255
	132	257
	130	255
	131	254
	130	254
	132	253
	133	253
	131	253
	134	253
	132	252
	132	251
	135	253
	134	249
	135	249
	133	249
	136	250
	136	251
	136	249
	135	248
	136	248
	134	248
	132	250
	131	252
	126	261
	126	260
	126	259
	127	258
	128	257
	127	257
	130	253
	131	251
	132	249
	133	248
	133	247
	137	246
	137	247
	137	245
	136	244
	137	244
	135	244
	136	243
	137	243
	135	243
	138	244
	138	245
	138	243
	137	242
	138	242
	136	242
	137	241
	138	241
	136	241
	139	242
	139	243
	139	241
	138	240
	139	240
	137	240
	138	239
	139	239
	140	240
	140	241
	140	239
	139	238
	140	238
	138	238
	139	237
	140	237
	138	237
	141	238
	141	239
	141	237
	140	236
	141	236
	139	236
	136	240
	117	282
	118	282
	116	282
	117	283
	117	281
	118	283
	116	283
	116	281
	115	282
	115	283
	115	281
	114	281
	115	280
	116	280
	114	282
	114	280
	113	281
	113	282
	113	280
	114	279
	115	279
	113	279
	112	280
	112	281
	112	279
	111	280
	111	281
	111	279
	112	278
	113	278
	111	278
	110	279
	110	280
	110	278
	109	278
	110	277
	111	277
	109	279
	109	277
	108	278
	108	279
	108	277
	107	277
	108	276
	109	276
	107	278
	107	276
	106	276
	105	276
	106	277
	106	275
	107	275
	105	277
	105	275
	104	276
	104	277
	104	275
	103	275
	104	274
	105	274
	103	276
	103	274
	102	275
	101	275
	102	276
	102	274
	101	276
	101	274
	102	273
	103	273
	101	273
	100	274
	100	275
	100	273
	99	274
	99	275
	99	273
	98	273
	99	272
	100	272
	98	274
	98	272
	97	273
	97	274
	97	272
	96	273
	96	274
	96	272
	97	271
	98	271
	96	271
	95	272
	95	273
	95	271
	94	272
	94	273
	94	271
	95	270
	96	270
	94	270
	93	271
	93	272
	93	270
	92	271
	92	272
	92	270
	91	270
	92	269
	93	269
	91	271
	91	269
	90	270
	90	271
	90	269
	89	270
	89	271
	89	269
	90	268
	91	268
	89	268
	88	269
	88	270
	88	268
	87	269
	87	270
	87	268
	88	267
	89	267
	87	267
	86	268
	86	269
	86	267
	85	268
	85	269
	85	267
	86	266
	87	266
	85	266
	84	267
	84	268
	84	266
	83	267
	83	268
	83	266
	82	267
	82	268
	82	266
	83	265
	84	265
	82	265
	81	266
	81	267
	81	265
	80	266
	80	267
	80	265
	81	264
	82	264
	80	264
	79	265
	79	266
	79	264
	81	263
	82	263
	80	263
	81	262
	82	262
	80	262
	81	261
	82	261
	80	261
	81	260
	82	260
	80	260
	83	261
	83	262
	83	260
	82	259
	83	259
	81	259
	84	260
	84	261
	84	259
	83	258
	84	258
	82	258
	83	257
	84	257
	82	257
	83	256
	84	256
	82	256
	85	257
	85	258
	85	256
	84	255
	85	255
	83	255
	84	254
	85	254
	83	254
	86	254
	85	253
	86	255
	86	253
	84	253
	85	252
	86	252
	84	252
	87	252
	86	251
	87	253
	87	251
	85	251
	88	251
	87	250
	88	252
	88	250
	86	250
	87	249
	88	249
	86	249
	89	250
	89	251
	89	249
	88	248
	89	248
	87	248
	90	248
	89	247
	90	249
	90	247
	88	247
	89	246
	90	246
	88	246
	91	246
	91	247
	89	245
	89	244
	89	243
	91	241
	92	241
	90	241
	93	242
	93	243
	93	241
	92	240
	93	240
	91	240
	92	239
	93	239
	94	240
	95	234
	96	234
	95	233
	96	233
	94	233
	95	232
	96	232
	94	232
	97	232
	97	233
	81	258
	85	259
	86	257
	86	258
	86	256
	87	256
	87	257
	87	255
	87	254
	88	255
	88	256
	88	254
	88	253
	89	252
	87	258
	86	259
	85	260
	85	261
	84	262
	83	263
	84	263
	83	264
	101	221
	100	220
	101	220
	99	220
	102	221
	102	222
	102	220
	102	219
	103	219
	103	220
	107	212
	108	207
	108	206
	108	205
	109	206
	109	207
	109	205
	108	204
	109	204
	108	203
	110	204
	108	202
	108	201
	108	200
	112	199
	112	200
	112	198
	113	194
	116	185
	117	185
	115	185
	115	184
	118	185
	118	186
	118	181
	119	181
	118	180
	119	180
	120	180
	120	181
	121	178
	121	179
	122	177
	122	172
	123	172
	121	172
	122	171
	123	171
	121	171
	124	172
	124	171
	122	170
	125	163
	126	164
	128	156
	129	155
	129	154
	126	165
	126	166
	127	164
	127	165
	127	166
	133	152
	134	148
	134	147
	135	148
	135	147
	135	146
	136	146
	136	147
	145	125
	145	126
	146	125
	147	123
	146	119
	149	112
	149	111
	149	110
	154	106
	155	106
	156	103
	156	104
	157	102
	157	103
	157	96
	158	96
	158	95
	158	91
	159	91
	157	91
	160	91
	160	92
	160	90
	159	87
	161	86
	162	86
	160	86
	163	87
	162	80
	163	80
	162	81
	162	79
	163	81
	163	79
	161	79
	164	79
	163	78
	164	80
	162	78
	163	77
	162	77
	163	76
	163	75
	165	74
	166	74
	164	74
	165	73
	166	73
	164	73
	166	72
	165	72
	168	68
	167	68
	168	67
	167	67
	165	79
	166	79
	165	80
	166	80
	164	81
	172	68
	171	64
	172	64
	170	64
	169	65
	169	66
	170	63
	171	63
	172	63
	171	62
	172	62
	170	62
	171	61
	170	61
	173	62
	173	63
	171	60
	174	62
	173	58
	174	57
	175	57
	173	57
	176	57
	175	56
	174	56
	175	55
	174	55
	178	52
	178	53
	178	51
	178	50
	177	49
	178	49
	176	49
	179	49
	179	50
	180	46
	179	45
	180	47
	180	45
	178	45
	179	44
	180	44
	178	44
	181	44
	180	43
	179	43
	180	42
	179	42
	180	41
	181	40
	181	39
	181	38
	184	37
	185	35
	185	36
	186	32
	186	33
	186	31
	187	31
	186	30
	187	32
	187	30
	187	29
	188	29
	186	29
	187	28
	188	28
	186	28
	189	28
	188	27
	189	29
	189	27
	187	27
	190	27
	189	26
	190	28
	190	26
	188	26
	189	25
	190	25
	188	25
	190	24
	191	24
	189	24
	190	23
	191	23
	189	23
	192	24
	192	23
	191	22
	192	22
	190	22
	189	22
	188	22
	189	21
	190	21
	188	23
	188	21
	191	21
	190	20
	191	20
	189	20
	190	19
	191	19
	189	19
	191	18
	192	18
	190	18
	192	19
	192	17
	192	16
	193	16
	193	17
	194	15
	194	14
	194	13
	192	12
	196	11
	196	12
	196	10
	196	9
	197	9
	196	8
	197	10
	197	8
	198	8
	197	7
	198	9
	198	7
	196	7
	199	7
	198	6
	199	8
	199	6
	197	6
	198	5
	199	5
	197	5
	199	4
	198	4
	199	3
	198	3
	200	2
	201	2
	199	2
	201	0
	200	1
	201	1
	202	2
	202	1
	243	1
	244	1
	242	1
	243	0
	244	2
	244	0
	242	0
	244	3
	241	1
	240	2
	238	6
	238	7
	237	7
	236	8
	237	12
	238	12
	236	12
	235	12
	236	13
	237	13
	235	13
	235	11
	236	14
	237	14
	235	14
	236	15
	237	15
	235	15
	234	14
	234	15
	234	13
	235	16
	236	16
	234	16
	235	17
	236	17
	234	17
	233	16
	233	17
	233	15
	234	18
	235	18
	233	18
	235	19
	232	18
	233	22
	234	22
	232	22
	231	21
	231	22
	231	20
	232	23
	233	23
	231	23
	232	24
	233	24
	231	24
	230	24
	231	25
	232	25
	230	25
	230	23
	231	26
	232	26
	230	26
	231	27
	232	27
	230	27
	229	27
	230	28
	231	28
	229	28
	229	26
	230	29
	231	29
	229	29
	228	28
	228	29
	228	27
	226	35
	226	36
	227	36
	222	40
	222	41
	222	42
	223	43
	224	43
	222	43
	222	44
	223	44
	221	44
	221	45
	222	45
	220	45
	222	46
	222	47
	218	50
	219	51
	220	51
	218	51
	219	52
	220	52
	218	52
	217	52
	218	53
	219	53
	217	51
	218	54
	219	54
	214	63
	213	63
	214	64
	213	64
	214	65
	213	65
	213	66
	214	66
	212	66
	213	67
	214	67
	212	67
	212	65
	211	67
	212	68
	213	68
	211	68
	211	66
	210	68
	211	69
	212	69
	210	69
	210	67
	211	70
	212	70
	210	70
	209	69
	209	70
	209	68
	210	71
	211	71
	209	71
	208	70
	208	71
	208	69
	207	72
	207	73
	207	71
	206	75
	206	74
	205	76
	205	77
	205	75
	205	78
	204	78
	205	79
	204	79
	204	77
	205	80
	204	80
	205	81
	206	81
	204	81
	203	81
	203	80
	202	84
	203	85
	204	85
	202	85
	202	83
	203	86
	204	86
	202	86
	201	86
	202	87
	203	87
	201	87
	201	85
	200	87
	201	88
	202	88
	200	88
	200	86
	201	89
	202	89
	200	89
	199	89
	200	90
	201	90
	199	90
	199	88
	198	91
	198	90
	197	94
	197	95
	197	93
	197	96
	196	96
	196	95
	193	109
	192	109
	192	110
	192	111
	191	111
	191	110
	190	116
	190	117
	189	116
	189	117
	183	133
	182	133
	181	133
	182	137
	177	143
	177	142
	176	144
	175	148
	175	149
	176	150
	177	150
	175	150
	174	150
	174	149
	173	152
	173	153
	173	151
	174	154
	175	154
	173	154
	172	155
	172	156
	172	154
	172	157
	172	158
	173	158
	171	156
	172	159
	173	159
	173	160
	170	163
	171	163
	169	163
	170	164
	171	164
	170	165
	168	163
	170	166
	169	168
	169	169
	168	170
	168	171
	166	172
	167	172
	166	173
	167	173
	166	174
	166	175
	164	178
	165	178
	163	179
	164	179
	163	180
	163	181
	161	182
	162	182
	160	182
	161	183
	162	183
	161	184
	157	188
	157	189
	157	187
	157	190
	158	190
	156	190
	157	191
	158	191
	156	191
	156	189
	156	192
	157	192
	155	192
	156	193
	157	193
	155	193
	155	191
	155	195
	156	195
	154	195
	155	196
	155	194
	156	196
	156	194
	154	196
	154	194
	153	196
	154	197
	155	197
	153	197
	153	195
	153	198
	154	198
	152	198
	153	199
	154	199
	152	199
	152	197
	153	200
	154	200
	152	200
	151	200
	151	199
	152	204
	153	204
	151	204
	151	205
	152	205
	150	205
	151	206
	152	206
	150	206
	150	204
	149	206
	150	207
	151	207
	149	207
	149	205
	150	208
	151	208
	149	208
	150	209
	149	209
	148	209
	148	208
	147	210
	144	216
	143	219
	142	223
	142	224
	142	225
	141	225
	142	226
	141	226
	141	224
	141	227
	140	227
	141	228
	140	228
	140	226
	141	229
	140	229
	141	230
	140	230
	141	231
	140	231
	139	231
	140	232
	139	232
	139	230
	140	233
	139	233
	140	234
	139	234
	138	234
	139	235
	140	235
	138	235
	138	233
	137	235
	138	236
	137	234
	135	240
	134	240
	135	241
	134	239
	135	242
	134	244
	133	244
	133	245
	133	246
	132	246
	132	247
	132	245
	132	248
	131	247
	131	248
	131	246
	131	249
	131	250
	130	250
	130	251
	130	249
	130	252
	129	252
	129	253
	129	251
	128	253
	128	252
	125	262
	125	261
	124	264
	124	263
	123	265
	117	279
	117	280
	116	279
	114	278
	114	277
	113	277
	112	277
	113	276
	114	276
	112	276
	111	276
	110	276
	111	275
	112	275
	110	275
	109	275
	108	275
	109	274
	110	274
	108	274
	107	274
	106	274
	107	273
	108	273
	106	273
	105	273
	104	273
	104	272
	105	272
	103	272
	102	272
	101	272
	101	271
	102	271
	100	271
	99	271
	99	270
	100	270
	98	270
	97	270
	98	269
	99	269
	97	269
	96	269
	95	269
	96	268
	97	268
	95	268
	94	269
	94	268
	93	268
	94	267
	95	267
	93	267
	92	267
	93	266
	94	266
	92	268
	92	266
	91	267
	90	267
	91	266
	90	266
	89	266
	90	265
	91	265
	89	265
	88	266
	88	265
	87	265
	86	265
	87	264
	88	264
	86	264
	85	265
	85	264
	84	264
	85	263
	86	263
	119	275
	119	274
	119	273
	120	272
	119	272
	120	271
	121	270
	120	270
	121	269
	122	268
	122	267
	236	1
	235	0
	236	0
	237	1
	238	1
	237	2
	237	0
	238	2
	238	0
	239	1
	239	2
	239	0
	240	1
	240	0
	241	0
	245	1
	245	2
	245	0
	246	1
	246	2
	246	0
	227	0
	227	1
	221	0
	221	1
	220	0
	220	1
	210	3
	210	4
	214	3
	214	4
	215	3
	215	4
	216	3
	217	3
	218	3
	219	3
	219	4
	220	3
	220	4
	220	2
	221	3
	222	3
	221	4
	221	2
	222	4
	224	3
	225	3
	223	3
	224	4
	225	4
	223	4
	245	3
	246	3
	247	0
	248	0
	191	411
	192	411
	190	411
	191	412
	191	410
	192	412
	192	410
	190	412
	190	410
	192	409
	193	409
	191	409
	192	408
	193	410
	193	408
	191	408
	192	407
	193	407
	191	407
	194	408
	194	409
	194	407
	193	406
	194	406
	192	406
	193	405
	194	405
	192	405
	195	406
	195	407
	195	405
	194	404
	195	404
	193	404
	196	404
	195	403
	196	405
	196	403
	194	403
	197	403
	196	402
	197	404
	197	402
	195	402
	196	401
	197	401
	195	401
	196	400
	197	400
	195	400
	198	400
	197	399
	198	401
	198	399
	196	399
	197	398
	198	398
	196	398
	197	397
	198	397
	196	397
	197	396
	198	396
	196	396
	197	395
	198	395
	196	395
	199	396
	199	397
	199	395
	198	394
	199	394
	197	394
	198	393
	199	393
	197	393
	198	392
	199	392
	197	392
	200	393
	200	394
	200	392
	201	392
	200	391
	201	393
	201	391
	199	391
	200	390
	201	390
	199	390
	202	391
	202	392
	202	390
	201	389
	202	389
	200	389
	201	388
	202	388
	200	388
	201	387
	202	387
	200	387
	201	386
	202	386
	200	386
	201	385
	202	385
	200	385
	203	386
	203	387
	203	385
	202	384
	203	384
	201	384
	204	385
	204	386
	204	384
	203	383
	204	383
	202	383
	203	382
	204	382
	202	382
	205	383
	205	384
	205	382
	204	381
	205	381
	203	381
	204	380
	205	380
	203	380
	204	379
	205	379
	203	379
	206	380
	206	381
	206	379
	205	378
	206	378
	204	378
	205	377
	206	377
	204	377
	207	378
	207	379
	207	377
	206	376
	207	376
	205	376
	206	375
	207	375
	205	375
	206	374
	207	374
	205	374
	208	376
	208	377
	208	375
	208	374
	209	374
	208	373
	209	375
	209	373
	207	373
	208	372
	209	372
	207	372
	208	371
	209	371
	207	371
	210	372
	210	373
	210	371
	209	370
	210	370
	208	370
	209	369
	210	369
	208	369
	211	370
	211	371
	211	369
	210	368
	211	368
	209	368
	210	367
	211	367
	209	367
	212	367
	211	366
	212	368
	212	366
	210	366
	211	365
	212	365
	210	365
	211	364
	212	364
	210	364
	213	365
	213	366
	213	364
	212	363
	213	363
	211	363
	212	362
	213	362
	211	362
	214	363
	214	364
	214	362
	213	361
	214	361
	212	361
	213	360
	214	360
	212	360
	215	360
	214	359
	215	361
	215	359
	213	359
	214	358
	215	358
	213	358
	214	357
	215	357
	213	357
	216	357
	215	356
	216	358
	216	356
	214	356
	215	355
	216	355
	214	355
	215	354
	216	354
	214	354
	217	355
	217	356
	217	354
	216	353
	217	353
	215	353
	218	354
	218	355
	218	353
	217	352
	218	352
	216	352
	217	351
	218	351
	216	351
	219	351
	218	350
	219	352
	219	350
	217	350
	218	349
	219	349
	217	349
	220	349
	219	348
	220	350
	220	348
	218	348
	219	347
	220	347
	218	347
	219	346
	220	346
	218	346
	221	347
	221	348
	221	346
	220	345
	221	345
	219	345
	220	344
	221	344
	219	344
	222	344
	221	343
	222	345
	222	343
	220	343
	221	342
	222	342
	220	342
	223	343
	223	344
	223	342
	222	341
	223	341
	221	341
	222	340
	223	340
	221	340
	224	340
	223	339
	224	341
	224	339
	222	339
	223	338
	224	338
	222	338
	223	337
	224	337
	222	337
	225	337
	224	336
	225	338
	225	336
	223	336
	224	335
	225	335
	223	335
	224	334
	225	334
	223	334
	226	334
	225	333
	226	335
	226	333
	224	333
	225	332
	226	332
	224	332
	227	332
	226	331
	227	333
	227	331
	225	331
	228	331
	227	330
	228	332
	228	330
	226	330
	227	329
	228	329
	226	329
	227	328
	228	328
	226	328
	229	329
	229	330
	229	328
	228	327
	229	327
	227	327
	230	327
	229	326
	230	328
	230	326
	228	326
	229	325
	230	325
	228	325
	230	324
	231	324
	229	324
	230	323
	231	325
	231	323
	229	323
	230	322
	231	322
	229	322
	232	322
	233	322
	232	323
	232	321
	233	323
	233	321
	231	321
	232	320
	233	320
	231	320
	234	321
	234	322
	234	320
	233	319
	234	319
	232	319
	233	318
	234	318
	232	318
	235	319
	235	320
	235	318
	234	317
	235	317
	233	317
	234	316
	235	316
	233	316
	234	315
	235	315
	233	315
	234	314
	235	314
	233	314
	234	313
	235	313
	233	313
	236	313
	235	312
	236	314
	236	312
	234	312
	235	311
	236	311
	234	311
	235	310
	236	310
	234	310
	237	310
	236	309
	237	311
	237	309
	235	309
	236	308
	237	308
	235	308
	238	309
	238	310
	238	308
	237	307
	238	307
	236	307
	239	308
	239	309
	239	307
	238	306
	239	306
	237	306
	240	307
	240	308
	240	306
	239	305
	240	305
	238	305
	241	305
	240	304
	241	306
	241	304
	239	304
	240	303
	241	303
	239	303
	240	302
	241	302
	239	302
	242	302
	241	301
	242	303
	242	301
	240	301
	241	300
	242	300
	240	300
	241	299
	242	299
	240	299
	243	299
	242	298
	243	300
	243	298
	241	298
	242	297
	243	297
	241	297
	242	296
	243	296
	241	296
	244	297
	244	298
	244	296
	243	295
	244	295
	242	295
	243	294
	244	294
	242	294
	243	293
	244	293
	242	293
	245	293
	244	292
	245	294
	245	292
	243	292
	244	291
	245	291
	243	291
	244	290
	245	290
	243	290
	244	289
	245	289
	243	289
	246	290
	246	291
	246	289
	245	288
	246	288
	244	288
	245	287
	246	287
	244	287
	247	287
	246	286
	247	288
	247	286
	245	286
	246	285
	247	285
	245	285
	248	286
	248	287
	248	285
	247	284
	248	284
	246	284
	249	285
	249	286
	249	284
	248	283
	249	283
	247	283
	249	281
	250	281
	248	281
	249	282
	249	280
	250	282
	250	280
	248	282
	248	280
	249	279
	250	279
	248	279
	251	279
	250	278
	251	280
	251	278
	249	278
	250	277
	251	277
	249	277
	250	276
	251	276
	249	276
	252	277
	252	278
	252	276
	251	275
	252	275
	250	275
	253	275
	252	274
	253	276
	253	274
	251	274
	252	273
	253	273
	251	273
	254	273
	253	272
	254	274
	254	272
	252	272
	253	271
	254	271
	252	271
	253	270
	254	270
	252	270
	255	271
	255	272
	255	270
	254	269
	255	269
	253	269
	256	270
	256	271
	256	269
	255	268
	256	268
	254	268
	255	267
	256	267
	254	267
	257	268
	257	269
	257	267
	256	266
	257	266
	255	266
	256	265
	257	265
	255	265
	258	265
	257	264
	258	266
	258	264
	256	264
	257	263
	258	263
	256	263
	257	262
	258	262
	256	262
	259	262
	258	261
	259	263
	259	261
	257	261
	258	260
	259	260
	257	260
	258	259
	259	259
	257	259
	260	259
	259	258
	260	260
	260	258
	258	258
	259	257
	260	257
	258	257
	259	256
	260	256
	258	256
	261	256
	260	255
	261	257
	261	255
	259	255
	260	254
	261	254
	259	254
	262	255
	262	256
	262	254
	261	253
	262	253
	260	253
	261	252
	262	252
	260	252
	263	253
	263	254
	263	252
	262	251
	263	251
	261	251
	264	251
	263	250
	264	252
	264	250
	262	250
	263	249
	264	249
	262	249
	265	250
	265	251
	265	249
	264	248
	265	248
	263	248
	264	247
	265	247
	263	247
	264	246
	265	246
	263	246
	266	246
	265	245
	266	247
	266	245
	264	245
	265	244
	266	244
	264	244
	267	245
	267	246
	267	244
	266	243
	267	243
	265	243
	267	241
	268	241
	266	241
	267	242
	267	240
	268	242
	268	240
	266	242
	266	240
	267	239
	268	239
	266	239
	269	240
	269	241
	269	239
	268	238
	269	238
	267	238
	268	237
	269	237
	267	237
	270	237
	269	236
	270	238
	270	236
	268	236
	269	235
	270	235
	268	235
	269	234
	270	234
	268	234
	271	234
	270	233
	271	235
	271	233
	269	233
	272	233
	271	232
	272	234
	272	232
	270	232
	271	231
	272	231
	270	231
	271	230
	272	230
	270	230
	273	231
	273	232
	273	230
	272	229
	273	229
	271	229
	272	228
	273	228
	271	228
	274	228
	273	227
	274	229
	274	227
	272	227
	273	226
	274	226
	272	226
	275	227
	275	228
	275	226
	274	225
	275	225
	273	225
	274	224
	275	224
	273	224
	276	224
	275	223
	276	225
	276	223
	274	223
	277	223
	276	222
	277	224
	277	222
	275	222
	276	221
	277	221
	275	221
	278	221
	277	220
	278	222
	278	220
	276	220
	277	219
	278	219
	276	219
	277	218
	278	218
	276	218
	279	218
	278	217
	279	219
	279	217
	277	217
	278	216
	279	216
	277	216
	278	215
	279	215
	277	215
	280	215
	279	214
	280	216
	280	214
	278	214
	279	213
	280	213
	278	213
	281	214
	281	215
	281	213
	280	212
	281	212
	279	212
	280	211
	281	211
	279	211
	280	210
	281	210
	279	210
	282	211
	282	212
	282	210
	281	209
	282	209
	280	209
	281	208
	282	208
	280	208
	281	207
	282	207
	280	207
	283	207
	282	206
	283	208
	283	206
	281	206
	282	205
	283	205
	281	205
	284	205
	283	204
	284	206
	284	204
	282	204
	283	203
	284	203
	282	203
	285	203
	284	202
	285	204
	285	202
	283	202
	286	202
	285	201
	286	203
	286	201
	284	201
	285	200
	286	200
	284	200
	285	199
	286	199
	284	199
	287	199
	286	198
	287	200
	287	198
	285	198
	286	197
	287	197
	285	197
	287	196
	288	196
	286	196
	287	195
	288	197
	288	195
	286	195
	289	195
	288	194
	289	196
	289	194
	287	194
	288	193
	289	193
	287	193
	288	192
	289	192
	287	192
	290	192
	289	191
	290	193
	290	191
	288	191
	291	191
	290	190
	291	192
	291	190
	289	190
	290	189
	291	189
	289	189
	291	188
	292	188
	290	188
	291	187
	292	189
	292	187
	290	187
	291	186
	292	186
	290	186
	293	186
	292	185
	293	187
	293	185
	291	185
	294	185
	293	184
	294	186
	294	184
	292	184
	293	183
	294	183
	292	183
	293	182
	294	182
	292	182
	295	182
	294	181
	295	183
	295	181
	293	181
	294	180
	295	180
	293	180
	296	180
	295	179
	296	181
	296	179
	294	179
	297	179
	296	178
	297	180
	297	178
	295	178
	296	177
	297	177
	295	177
	298	177
	297	176
	298	178
	298	176
	296	176
	297	175
	298	175
	296	175
	299	175
	298	174
	299	176
	299	174
	297	174
	298	173
	299	173
	297	173
	300	173
	299	172
	300	174
	300	172
	298	172
	299	171
	300	171
	298	171
	299	170
	300	170
	298	170
	301	170
	300	169
	301	171
	301	169
	299	169
	300	168
	301	168
	299	168
	300	166
	301	166
	299	166
	300	167
	300	165
	301	167
	301	165
	299	167
	299	165
	300	164
	301	164
	299	164
	302	164
	301	163
	302	165
	302	163
	300	163
	301	162
	302	162
	300	162
	303	162
	302	161
	303	163
	303	161
	301	161
	302	160
	303	160
	301	160
	304	160
	303	159
	304	161
	304	159
	302	159
	305	159
	304	158
	305	160
	305	158
	303	158
	304	157
	305	157
	303	157
	304	156
	305	156
	303	156
	306	156
	305	155
	306	157
	306	155
	304	155
	305	154
	306	154
	304	154
	305	153
	306	153
	304	153
	307	153
	306	152
	307	154
	307	152
	305	152
	306	151
	307	151
	305	151
	308	151
	307	150
	308	152
	308	150
	306	150
	307	149
	308	149
	306	149
	309	150
	309	151
	309	149
	308	148
	309	148
	307	148
	310	148
	309	147
	310	149
	310	147
	308	147
	309	146
	310	146
	308	146
	311	146
	310	145
	311	147
	311	145
	309	145
	310	144
	311	144
	309	144
	312	144
	311	143
	312	145
	312	143
	310	143
	311	142
	312	142
	310	142
	312	141
	313	141
	311	141
	312	140
	313	142
	313	140
	311	140
	312	139
	313	139
	311	139
	312	138
	313	138
	311	138
	314	138
	313	137
	314	139
	314	137
	312	137
	313	136
	314	136
	312	136
	313	135
	314	135
	312	135
	315	136
	315	137
	315	135
	314	134
	315	134
	313	134
	316	134
	315	133
	316	135
	316	133
	314	133
	315	132
	316	132
	314	132
	317	132
	316	131
	317	133
	317	131
	315	131
	316	130
	317	130
	315	130
	318	130
	317	129
	318	131
	318	129
	316	129
	318	128
	319	128
	317	128
	318	127
	319	129
	319	127
	317	127
	318	126
	319	126
	317	126
	318	125
	319	125
	317	125
	320	125
	319	124
	320	126
	320	124
	318	124
	319	123
	320	123
	318	123
	321	123
	320	122
	321	124
	321	122
	319	122
	320	121
	321	121
	319	121
	320	120
	321	120
	319	120
	322	120
	321	119
	322	121
	322	119
	320	119
	321	118
	322	118
	320	118
	323	118
	322	117
	323	119
	323	117
	321	117
	322	116
	323	116
	321	116
	324	116
	323	115
	324	117
	324	115
	322	115
	324	114
	325	114
	323	114
	324	113
	325	115
	325	113
	323	113
	324	112
	325	112
	323	112
	326	112
	325	111
	326	113
	326	111
	324	111
	325	110
	326	110
	324	110
	325	109
	326	109
	324	109
	327	109
	326	108
	327	110
	327	108
	325	108
	326	107
	327	107
	325	107
	328	107
	327	106
	328	108
	328	106
	326	106
	328	105
	329	105
	327	105
	328	104
	329	106
	329	104
	327	104
	330	104
	329	103
	330	105
	330	103
	328	103
	329	102
	330	102
	328	102
	329	101
	330	101
	328	101
	331	101
	330	100
	331	102
	331	100
	329	100
	330	99
	331	99
	329	99
	330	98
	331	98
	329	98
	332	99
	332	100
	332	98
	331	97
	332	97
	330	97
	332	96
	333	96
	331	96
	332	95
	333	97
	333	95
	331	95
	332	94
	333	94
	331	94
	332	93
	333	93
	331	93
	334	93
	333	92
	334	94
	334	92
	332	92
	334	91
	335	91
	333	91
	334	90
	335	92
	335	90
	333	90
	334	89
	335	89
	333	89
	335	88
	336	88
	334	88
	335	87
	336	89
	336	87
	334	87
	335	86
	336	86
	334	86
	335	85
	336	85
	334	85
	335	84
	336	84
	334	84
	337	84
	336	83
	337	85
	337	83
	335	83
	336	82
	337	82
	335	82
	336	81
	337	81
	335	81
	338	82
	338	83
	338	81
	337	80
	338	80
	336	80
	339	81
	339	82
	339	80
	340	80
	339	79
	340	81
	340	79
	338	79
	339	78
	340	78
	338	78
	339	77
	340	77
	338	77
	341	78
	341	79
	341	77
	340	76
	341	76
	339	76
	342	76
	341	75
	342	77
	342	75
	340	75
	341	74
	342	74
	340	74
	343	75
	343	76
	343	74
	342	73
	343	73
	341	73
	344	73
	343	72
	344	74
	344	72
	342	72
	343	71
	344	71
	342	71
	344	70
	345	70
	343	70
	344	69
	345	71
	345	69
	343	69
	344	68
	345	68
	343	68
	345	67
	346	67
	344	67
	345	66
	346	68
	346	66
	344	66
	345	65
	346	65
	344	65
	345	64
	346	64
	344	64
	347	64
	346	63
	347	65
	347	63
	345	63
	346	62
	347	62
	345	62
	348	62
	347	61
	348	63
	348	61
	346	61
	349	61
	348	60
	349	62
	349	60
	347	60
	348	59
	349	59
	347	59
	350	59
	349	58
	350	60
	350	58
	348	58
	349	57
	350	57
	348	57
	351	57
	350	56
	351	58
	351	56
	349	56
	350	55
	351	55
	349	55
	350	53
	351	53
	349	53
	350	54
	350	52
	351	54
	351	52
	349	54
	349	52
	352	52
	351	51
	352	53
	352	51
	350	51
	353	51
	352	50
	353	52
	353	50
	351	50
	352	49
	353	49
	351	49
	354	49
	353	48
	354	50
	354	48
	352	48
	353	47
	354	47
	352	47
	355	47
	354	46
	355	48
	355	46
	353	46
	354	45
	355	45
	353	45
	354	44
	355	44
	353	44
	354	43
	355	43
	353	43
	356	43
	355	42
	356	44
	356	42
	354	42
	357	42
	356	41
	357	43
	357	41
	355	41
	356	40
	357	40
	355	40
	356	39
	357	39
	355	39
	358	40
	358	41
	358	39
	357	38
	358	38
	356	38
	357	37
	358	37
	356	37
	359	37
	358	36
	359	38
	359	36
	357	36
	358	35
	359	35
	357	35
	360	35
	359	34
	360	36
	360	34
	358	34
	359	33
	360	33
	358	33
	361	33
	360	32
	361	34
	361	32
	359	32
	360	31
	361	31
	359	31
	360	30
	361	30
	359	30
	362	31
	362	32
	362	30
	361	29
	362	29
	360	29
	361	28
	362	28
	360	28
	363	29
	363	30
	363	28
	362	27
	363	27
	361	27
	364	27
	363	26
	364	28
	364	26
	362	26
	363	25
	364	25
	362	25
	365	25
	364	24
	365	26
	365	24
	363	24
	364	23
	365	23
	363	23
	366	23
	365	22
	366	24
	366	22
	364	22
	365	21
	366	21
	364	21
	365	20
	366	20
	364	20
	367	21
	367	22
	367	20
	366	19
	367	19
	365	19
	366	18
	367	18
	365	18
	366	17
	367	17
	365	17
	366	16
	367	16
	365	16
	368	17
	368	18
	368	16
	367	15
	368	15
	366	15
	369	15
	368	14
	369	16
	369	14
	367	14
	370	14
	369	13
	370	15
	370	13
	368	13
	369	12
	370	12
	368	12
	370	11
	371	11
	369	11
	370	10
	371	12
	371	10
	369	10
	370	9
	371	9
	369	9
	370	8
	371	8
	369	8
	370	7
	371	7
	369	7
	372	8
	372	9
	372	7
	371	6
	372	6
	370	6
	371	5
	372	5
	370	5
	373	5
	372	4
	373	6
	373	4
	371	4
	372	3
	373	3
	371	3
	374	4
	374	5
	374	3
	373	2
	374	2
	372	2
	373	1
	374	1
	372	1
	375	1
	374	0
	375	2
	375	0
	373	0
	376	0
	376	1
	401	7
	402	7
	400	7
	401	8
	401	6
	402	8
	402	6
	400	8
	400	6
	401	5
	402	5
	400	5
	403	6
	403	7
	403	5
	400	9
	401	9
	399	9
	400	10
	401	10
	399	10
	399	8
	400	11
	401	11
	399	11
	398	10
	398	11
	398	9
	399	12
	400	12
	398	12
	399	13
	400	13
	398	13
	397	12
	397	13
	397	11
	398	14
	399	14
	397	14
	396	14
	397	15
	398	15
	396	15
	396	13
	397	16
	398	16
	396	16
	395	16
	396	17
	397	17
	395	17
	395	15
	396	18
	397	18
	395	18
	394	18
	395	19
	396	19
	394	19
	394	17
	395	20
	396	20
	394	20
	395	21
	396	21
	394	21
	393	20
	393	21
	393	19
	394	22
	395	22
	393	22
	394	23
	395	23
	393	23
	394	24
	395	24
	393	24
	392	24
	393	25
	394	25
	392	25
	392	23
	393	26
	394	26
	392	26
	393	27
	394	27
	392	27
	391	27
	392	28
	393	28
	391	28
	391	26
	392	29
	393	29
	391	29
	390	29
	391	30
	392	30
	390	30
	390	28
	391	31
	392	31
	390	31
	391	32
	392	32
	390	32
	389	32
	390	33
	391	33
	389	33
	389	31
	390	34
	391	34
	389	34
	388	34
	389	35
	390	35
	388	35
	388	33
	389	36
	390	36
	388	36
	389	37
	390	37
	388	37
	387	37
	388	38
	389	38
	387	38
	387	36
	388	39
	389	39
	387	39
	386	39
	387	40
	388	40
	386	40
	386	38
	387	41
	388	41
	386	41
	387	42
	388	42
	386	42
	385	42
	386	43
	387	43
	385	43
	385	41
	386	44
	387	44
	385	44
	384	42
	384	43
	384	41
	384	44
	385	45
	386	45
	384	45
	383	45
	384	46
	385	46
	383	46
	383	44
	382	46
	383	47
	384	47
	382	47
	382	45
	383	48
	384	48
	382	48
	381	48
	382	49
	383	49
	381	49
	381	47
	382	50
	383	50
	381	50
	380	50
	381	51
	382	51
	380	51
	380	49
	381	52
	382	52
	380	52
	379	52
	380	53
	381	53
	379	53
	379	51
	380	54
	381	54
	379	54
	378	54
	379	55
	380	55
	378	55
	378	53
	379	56
	380	56
	378	56
	379	57
	380	57
	378	57
	377	56
	377	57
	377	55
	378	58
	379	58
	377	58
	378	59
	379	59
	377	59
	378	60
	379	60
	377	60
	376	60
	377	61
	378	61
	376	61
	376	59
	377	62
	378	62
	376	62
	377	63
	378	63
	376	63
	375	63
	376	64
	377	64
	375	64
	375	62
	376	65
	377	65
	375	65
	376	66
	377	66
	375	66
	374	66
	375	67
	376	67
	374	67
	374	65
	375	68
	376	68
	374	68
	373	67
	373	68
	373	66
	374	69
	375	69
	373	69
	374	70
	375	70
	373	70
	372	69
	372	70
	372	68
	373	71
	374	71
	372	71
	372	72
	373	72
	371	72
	372	73
	373	73
	371	73
	371	71
	372	74
	373	74
	371	74
	370	73
	370	74
	370	72
	371	75
	372	75
	370	75
	371	76
	372	76
	370	76
	369	76
	370	77
	371	77
	369	77
	369	75
	370	78
	371	78
	369	78
	370	79
	371	79
	369	79
	368	78
	368	79
	368	77
	369	80
	370	80
	368	80
	369	81
	370	81
	368	81
	367	80
	367	81
	367	79
	368	82
	369	82
	367	82
	368	83
	369	83
	367	83
	368	84
	369	84
	367	84
	366	83
	366	84
	366	82
	367	85
	368	85
	366	85
	367	86
	368	86
	366	86
	365	86
	366	87
	367	87
	365	87
	365	85
	366	88
	367	88
	365	88
	364	88
	365	89
	366	89
	364	89
	364	87
	365	90
	366	90
	364	90
	363	90
	364	91
	365	91
	363	91
	363	89
	364	92
	365	92
	363	92
	364	93
	365	93
	363	93
	362	92
	362	93
	362	91
	363	94
	364	94
	362	94
	363	95
	364	95
	362	95
	361	94
	361	95
	361	93
	362	96
	363	96
	361	96
	361	97
	362	97
	360	97
	361	98
	362	98
	360	98
	360	96
	361	99
	362	99
	360	99
	360	100
	361	100
	359	100
	360	101
	361	101
	359	101
	359	99
	358	101
	359	102
	360	102
	358	102
	358	100
	359	103
	360	103
	358	103
	359	104
	360	104
	358	104
	357	104
	358	105
	359	105
	357	105
	357	103
	356	105
	357	106
	358	106
	356	106
	356	104
	356	107
	357	107
	355	107
	356	108
	357	108
	355	108
	355	106
	356	109
	357	109
	355	109
	354	109
	355	110
	356	110
	354	110
	354	108
	355	111
	356	111
	354	111
	355	112
	356	112
	354	112
	354	113
	355	113
	353	113
	354	114
	355	114
	353	114
	353	112
	352	114
	353	115
	354	115
	352	115
	352	113
	353	116
	354	116
	352	116
	353	117
	354	117
	352	117
	352	118
	353	118
	351	118
	352	119
	353	119
	351	119
	351	117
	352	120
	353	120
	351	120
	350	120
	351	121
	352	121
	350	121
	350	119
	351	122
	352	122
	350	122
	349	122
	350	123
	351	123
	349	123
	349	121
	350	124
	351	124
	349	124
	350	125
	351	125
	349	125
	348	125
	349	126
	350	126
	348	126
	348	124
	349	127
	350	127
	348	127
	347	127
	348	128
	349	128
	347	128
	347	126
	348	129
	349	129
	347	129
	348	130
	349	130
	347	130
	346	129
	346	130
	346	128
	347	131
	348	131
	346	131
	345	131
	346	132
	347	132
	345	132
	345	130
	346	133
	347	133
	345	133
	344	132
	344	133
	344	131
	345	134
	346	134
	344	134
	345	135
	346	135
	344	135
	345	136
	346	136
	344	136
	343	136
	344	137
	345	137
	343	137
	343	135
	344	138
	345	138
	343	138
	344	139
	345	139
	343	139
	342	138
	342	139
	342	137
	343	140
	344	140
	342	140
	343	141
	344	141
	342	141
	341	140
	341	141
	341	139
	342	142
	343	142
	341	142
	342	143
	343	143
	341	143
	340	142
	340	143
	340	141
	340	144
	341	144
	339	144
	340	145
	341	145
	339	145
	339	143
	340	146
	341	146
	339	146
	338	146
	339	147
	340	147
	338	147
	338	145
	339	148
	340	148
	338	148
	337	148
	338	149
	339	149
	337	149
	337	147
	338	150
	339	150
	337	150
	338	151
	339	151
	337	151
	338	152
	339	152
	337	152
	336	152
	337	153
	338	153
	336	153
	336	151
	337	154
	338	154
	336	154
	335	154
	336	155
	337	155
	335	155
	335	153
	334	155
	335	156
	336	156
	334	156
	334	154
	335	157
	336	157
	334	157
	333	157
	334	158
	335	158
	333	158
	333	156
	334	159
	335	159
	333	159
	334	160
	335	160
	333	160
	332	160
	333	161
	334	161
	332	161
	332	159
	333	162
	334	162
	332	162
	331	162
	332	163
	333	163
	331	163
	331	161
	332	164
	333	164
	331	164
	331	165
	332	165
	330	165
	331	166
	332	166
	330	166
	330	164
	331	167
	332	167
	330	167
	331	168
	332	168
	330	168
	330	169
	331	169
	329	169
	330	170
	331	170
	329	170
	329	168
	328	170
	329	171
	330	171
	328	171
	328	169
	329	172
	330	172
	328	172
	329	173
	330	173
	328	173
	327	172
	327	173
	327	171
	329	167
	329	166
	327	170
	327	169
	326	172
	326	173
	326	171
	327	174
	328	174
	326	174
	327	175
	328	175
	326	175
	325	175
	326	176
	327	176
	325	176
	325	174
	326	177
	327	177
	325	177
	324	177
	325	178
	326	178
	324	178
	324	176
	325	179
	326	179
	324	179
	323	179
	324	180
	325	180
	323	180
	323	178
	324	181
	325	181
	323	181
	322	181
	323	182
	324	182
	322	182
	322	180
	323	183
	324	183
	322	183
	322	184
	323	184
	321	184
	322	185
	323	185
	321	185
	321	183
	321	186
	322	186
	320	186
	321	187
	322	187
	320	187
	320	185
	319	187
	320	188
	321	188
	319	188
	319	186
	320	189
	321	189
	319	189
	320	190
	321	190
	319	190
	318	189
	318	190
	318	188
	319	191
	320	191
	318	191
	319	192
	320	192
	318	192
	318	193
	319	193
	317	193
	318	194
	319	194
	317	194
	317	192
	317	195
	318	195
	316	195
	317	196
	318	196
	316	196
	316	194
	317	197
	318	197
	316	197
	317	198
	318	198
	316	198
	315	198
	316	199
	317	199
	315	199
	315	197
	316	200
	317	200
	315	200
	314	200
	315	201
	316	201
	314	201
	314	199
	315	202
	316	202
	314	202
	313	202
	314	203
	315	203
	313	203
	313	201
	314	204
	315	204
	313	204
	312	204
	313	205
	314	205
	312	205
	312	203
	313	206
	314	206
	312	206
	312	207
	313	207
	311	207
	312	208
	313	208
	311	208
	311	206
	312	209
	313	209
	311	209
	310	208
	310	209
	310	207
	310	211
	311	211
	309	211
	310	212
	310	210
	311	212
	311	210
	309	212
	309	210
	310	213
	311	213
	309	213
	308	213
	309	214
	310	214
	308	214
	308	212
	308	215
	309	215
	307	215
	308	216
	309	216
	307	216
	307	214
	308	217
	309	217
	307	217
	306	217
	307	218
	308	218
	306	218
	306	216
	307	219
	308	219
	306	219
	305	219
	306	220
	307	220
	305	220
	305	218
	306	221
	307	221
	305	221
	304	221
	305	222
	306	222
	304	222
	304	220
	305	223
	306	223
	304	223
	305	224
	306	224
	304	224
	303	223
	303	224
	303	222
	304	225
	305	225
	303	225
	304	226
	305	226
	303	226
	302	226
	303	227
	304	227
	302	227
	302	225
	303	228
	304	228
	302	228
	303	229
	304	229
	302	229
	301	229
	302	230
	303	230
	301	230
	301	228
	302	231
	303	231
	301	231
	300	231
	301	232
	302	232
	300	232
	300	230
	301	233
	302	233
	300	233
	300	234
	301	234
	299	234
	300	235
	301	235
	299	235
	299	233
	298	235
	299	236
	300	236
	298	236
	298	234
	299	237
	300	237
	298	237
	297	237
	298	238
	299	238
	297	238
	297	236
	298	239
	299	239
	297	239
	297	240
	298	240
	296	240
	297	241
	298	241
	296	241
	296	239
	295	241
	296	242
	297	242
	295	242
	295	240
	296	243
	297	243
	295	243
	296	244
	297	244
	295	244
	294	244
	295	245
	296	245
	294	245
	294	243
	295	246
	296	246
	294	246
	293	246
	294	247
	295	247
	293	247
	293	245
	294	248
	295	248
	293	248
	292	248
	293	249
	294	249
	292	249
	292	247
	293	250
	294	250
	292	250
	293	251
	294	251
	292	251
	291	251
	292	252
	293	252
	291	252
	291	250
	292	253
	293	253
	291	253
	290	253
	291	254
	292	254
	290	254
	290	252
	290	256
	291	256
	289	256
	290	257
	290	255
	291	257
	291	255
	289	257
	289	255
	289	258
	290	258
	288	258
	289	259
	290	259
	288	259
	288	257
	288	260
	289	260
	287	260
	288	261
	289	261
	287	261
	287	259
	288	262
	289	262
	287	262
	288	263
	289	263
	287	263
	288	264
	289	264
	287	264
	286	264
	287	265
	288	265
	286	265
	286	263
	286	262
	285	265
	286	266
	287	266
	285	266
	285	264
	285	268
	286	268
	284	268
	285	269
	285	267
	286	269
	286	267
	284	269
	284	267
	284	270
	285	270
	283	270
	284	271
	285	271
	283	271
	283	269
	283	272
	284	272
	282	272
	283	273
	284	273
	282	273
	282	271
	281	273
	282	274
	283	274
	281	274
	281	272
	282	275
	283	275
	281	275
	282	276
	283	276
	281	276
	281	277
	282	277
	280	277
	281	278
	282	278
	280	278
	280	276
	280	279
	281	279
	279	279
	280	280
	281	280
	279	280
	279	278
	278	280
	279	281
	280	281
	278	281
	278	279
	278	282
	279	282
	277	282
	278	283
	279	283
	277	283
	277	281
	277	285
	278	285
	276	285
	277	286
	277	284
	278	286
	278	284
	276	286
	276	284
	276	288
	277	288
	275	288
	276	289
	276	287
	277	289
	277	287
	275	289
	275	287
	275	290
	276	290
	274	290
	275	291
	276	291
	274	291
	274	289
	274	292
	275	292
	273	292
	274	293
	275	293
	273	293
	273	291
	272	293
	273	294
	274	294
	272	294
	272	292
	273	295
	274	295
	272	295
	273	296
	274	296
	272	296
	272	297
	273	297
	271	297
	272	298
	273	298
	271	298
	271	296
	271	299
	272	299
	270	299
	271	300
	272	300
	270	300
	270	298
	269	300
	270	301
	271	301
	269	301
	269	299
	270	302
	271	302
	269	302
	269	303
	270	303
	268	303
	269	304
	270	304
	268	304
	268	302
	268	305
	269	305
	267	305
	268	306
	269	306
	267	306
	267	304
	267	307
	268	307
	266	307
	267	308
	268	308
	266	308
	266	306
	266	309
	267	309
	265	309
	266	310
	267	310
	265	310
	265	308
	264	311
	265	311
	263	311
	264	312
	264	310
	265	312
	263	312
	263	310
	263	314
	264	314
	262	314
	263	315
	263	313
	264	315
	264	313
	262	315
	262	313
	261	316
	262	316
	260	316
	261	317
	261	315
	262	317
	260	317
	260	315
	260	318
	261	318
	259	318
	260	319
	261	319
	259	319
	259	317
	260	320
	261	320
	259	320
	261	322
	262	322
	260	322
	261	323
	261	321
	262	323
	262	321
	260	323
	260	321
	259	323
	260	324
	261	324
	259	324
	259	322
	259	326
	260	326
	258	326
	259	327
	259	325
	260	327
	260	325
	258	327
	258	325
	258	329
	259	329
	257	329
	258	330
	258	328
	259	330
	259	328
	257	330
	257	328
	257	331
	258	331
	256	331
	257	332
	258	332
	256	332
	256	330
	256	333
	257	333
	255	333
	256	334
	257	334
	255	334
	255	332
	256	335
	257	335
	255	335
	256	336
	257	336
	255	336
	254	336
	255	337
	256	337
	254	337
	254	335
	254	338
	255	338
	253	338
	254	339
	255	339
	253	339
	253	337
	254	340
	255	340
	253	340
	252	340
	253	341
	254	341
	252	341
	252	339
	251	341
	252	342
	253	342
	251	342
	251	340
	252	343
	253	343
	251	343
	251	344
	252	344
	250	344
	251	345
	252	345
	250	345
	250	343
	251	346
	252	346
	250	346
	249	346
	250	347
	251	347
	249	347
	249	345
	248	347
	249	348
	250	348
	248	348
	248	346
	249	349
	250	349
	248	349
	247	349
	248	350
	249	350
	247	350
	247	348
	248	351
	249	351
	247	351
	248	352
	249	352
	247	352
	246	352
	247	353
	248	353
	246	353
	246	351
	247	354
	248	354
	246	354
	246	356
	247	356
	245	356
	246	357
	246	355
	247	357
	247	355
	245	357
	245	355
	245	358
	246	358
	244	358
	245	359
	246	359
	244	359
	244	357
	243	359
	244	360
	245	360
	243	360
	243	358
	244	361
	245	361
	243	361
	244	362
	245	362
	243	362
	242	363
	243	363
	241	363
	242	364
	242	362
	243	364
	241	364
	241	362
	242	365
	243	365
	241	365
	240	365
	241	366
	242	366
	240	366
	240	364
	241	367
	242	367
	240	367
	239	367
	240	368
	241	368
	239	368
	239	366
	239	370
	240	370
	238	370
	239	371
	239	369
	240	371
	240	369
	238	371
	238	369
	238	373
	239	373
	237	373
	238	374
	238	372
	239	374
	239	372
	237	374
	237	372
	237	376
	238	376
	236	376
	237	377
	237	375
	238	377
	238	375
	236	377
	236	375
	235	377
	236	378
	237	378
	235	378
	235	376
	235	379
	236	379
	234	379
	235	380
	236	380
	234	380
	234	378
	235	381
	236	381
	234	381
	235	382
	236	382
	234	382
	234	383
	235	383
	233	383
	234	384
	235	384
	233	384
	233	382
	232	385
	233	385
	231	385
	232	386
	232	384
	233	386
	231	386
	231	384
	231	388
	232	388
	230	388
	231	389
	231	387
	232	389
	232	387
	230	389
	230	387
	230	390
	231	390
	229	390
	230	391
	231	391
	229	391
	229	389
	229	392
	230	392
	228	392
	229	393
	230	393
	228	393
	228	391
	229	394
	230	394
	228	394
	229	395
	230	395
	228	395
	227	395
	228	396
	229	396
	227	396
	227	394
	228	397
	229	397
	227	397
	226	397
	227	398
	228	398
	226	398
	226	396
	227	399
	228	399
	226	399
	227	400
	228	400
	226	400
	225	400
	226	401
	227	401
	225	401
	225	399
	226	402
	227	402
	225	402
	225	403
	226	403
	224	403
	225	404
	226	404
	224	404
	224	402
	225	405
	226	405
	224	405
	223	405
	224	406
	225	406
	223	406
	223	404
	223	407
	224	407
	222	407
	223	408
	224	408
	222	408
	222	406
	222	409
	223	409
	221	409
	222	410
	223	410
	221	410
	221	408
	222	411
	223	411
	221	411
	220	411
	221	412
	222	412
	220	412
	220	410
	220	413
	221	413
	219	413
	220	414
	221	414
	219	414
	219	412
	219	415
	220	415
	218	415
	219	416
	220	416
	218	416
	218	414
	217	416
	218	417
	219	417
	217	417
	217	415
	218	419
	219	419
	217	419
	218	420
	218	418
	219	420
	219	418
	217	420
	217	418
	216	419
	216	420
	216	418
	216	422
	217	422
	215	422
	216	423
	216	421
	217	423
	217	421
	215	423
	215	421
	216	424
	217	424
	215	424
	214	423
	214	424
	214	422
	215	425
	216	425
	214	425
	213	425
	214	426
	215	426
	213	426
	213	424
	212	425
	212	426
	212	424
	211	424
	212	423
	213	423
	211	425
	211	423
	210	424
	210	425
	210	423
	209	424
	209	425
	209	423
	208	423
	209	422
	210	422
	208	424
	208	422
	207	423
	207	424
	207	422
	206	422
	205	422
	206	423
	206	421
	207	421
	205	423
	205	421
	204	421
	205	420
	206	420
	204	422
	204	420
	203	421
	203	422
	203	420
	202	421
	202	422
	202	420
	203	419
	204	419
	202	419
	201	419
	200	419
	201	420
	201	418
	202	418
	200	420
	200	418
	199	418
	198	418
	199	419
	199	417
	200	417
	198	419
	198	417
	197	418
	196	418
	197	419
	197	417
	196	419
	196	417
	195	417
	196	416
	197	416
	195	418
	195	416
	194	417
	194	418
	194	416
	193	416
	194	415
	195	415
	193	417
	193	415
	192	415
	191	415
	192	416
	192	414
	193	414
	191	416
	191	414
	190	414
	191	413
	192	413
	190	415
	190	413
	195	419
	198	420
	199	420
	197	420
	201	421
	200	421
	208	421
	209	421
	211	422
	212	422
	210	421
	207	420
	208	420
	196	415
	194	414
	195	414
	194	413
	195	413
	193	413
	198	416
	199	416
	205	419
	206	419
	203	418
	204	418
	201	417
	202	417
	200	416
InvisibleObstacle		
