Key	CellX	CellY
VisibleObstacle		
	13	27
	13	26
	14	26
	14	25
	15	25
	15	24
	15	23
	16	23
	16	22
	17	22
	17	21
	17	20
	18	20
	18	19
	19	19
	19	18
	20	18
	21	16
	21	17
	22	17
	22	16
	23	16
	23	15
	24	15
	25	15
	25	14
	26	14
	26	13
	27	13
	28	13
	28	12
	29	12
	30	12
	30	11
	31	11
	32	11
	33	11
	34	11
	35	11
	35	10
	36	10
	37	10
	38	10
	39	10
	40	10
	40	9
	41	9
	42	9
	43	9
	20	17
	44	9
	45	9
	45	10
	46	10
	47	10
	48	10
	49	10
	50	10
	50	11
	51	11
	52	11
	53	11
	54	11
	55	11
	55	12
	56	12
	57	12
	57	13
	58	13
	59	13
	59	14
	60	14
	60	15
	61	15
	62	15
	62	16
	63	16
	63	17
	64	17
	65	17
	65	18
	66	18
	66	19
	67	19
	68	20
	68	19
	68	21
	69	21
	69	22
	70	22
	70	23
	70	24
	71	24
	71	25
	72	26
	72	25
	72	27
	73	27
	73	28
	74	28
	74	29
	74	30
	75	30
	75	31
	75	32
	75	33
	75	34
	76	34
	76	35
	76	36
	76	37
	76	38
	76	39
	77	39
	77	40
	77	41
	77	42
	77	43
	77	44
	77	45
	77	46
	77	47
	77	48
	77	49
	76	49
	76	50
	76	51
	76	52
	76	53
	76	54
	75	54
	75	55
	75	56
	75	57
	75	58
	74	58
	74	59
	73	59
	73	60
	73	61
	72	61
	72	62
	71	62
	71	63
	71	64
	70	64
	70	65
	69	65
	69	66
	69	67
	68	67
	68	68
	67	68
	67	69
	66	69
	66	70
	65	70
	64	70
	64	71
	63	71
	63	72
	62	72
	62	73
	61	73
	60	73
	60	74
	59	74
	59	75
	58	75
	57	75
	57	76
	56	76
	55	76
	54	76
	54	77
	53	77
	52	77
	51	77
	50	77
	49	77
	49	78
	48	78
	47	78
	46	78
	45	78
	44	78
	44	79
	43	79
	42	79
	41	79
	41	78
	39	78
	40	78
	38	78
	37	78
	36	78
	36	77
	35	77
	34	77
	33	77
	32	77
	31	77
	31	76
	30	76
	29	76
	28	76
	28	75
	27	75
	27	74
	26	75
	26	74
	25	74
	25	73
	24	73
	24	72
	23	72
	22	72
	22	71
	21	71
	21	70
	20	70
	19	70
	19	69
	18	69
	18	68
	17	68
	17	67
	16	66
	16	67
	16	65
	15	65
	15	64
	14	64
	14	63
	14	62
	13	62
	13	61
	12	61
	12	60
	12	59
	11	59
	11	58
	10	58
	10	57
	10	56
	10	55
	10	54
	10	53
	9	53
	9	52
	9	51
	9	50
	9	49
	9	48
	8	48
	8	47
	8	46
	8	45
	8	44
	8	43
	8	42
	8	41
	8	40
	9	40
	9	39
	9	38
	9	37
	9	36
	9	35
	10	35
	10	34
	10	33
	10	32
	10	31
	10	30
	11	30
	11	29
	12	29
	12	28
	12	27
	11	31
	10	36
	13	28
	21	18
	24	16
	27	14
	31	12
	36	11
	41	10
	44	10
	49	11
	54	12
	58	14
	61	16
	64	18
	67	20
	69	23
	71	26
	73	29
	75	35
	76	40
	76	48
	75	53
	68	66
	61	72
	58	74
	53	76
	48	77
	43	78
	42	78
	37	77
	32	76
	29	75
	26	73
	23	71
	20	69
	17	66
	16	64
	15	63
	13	60
	14	61
	11	57
	10	52
	9	47
	9	41
	9	29
	10	29
	8	29
	9	30
	9	28
	10	28
	8	30
	8	28
	9	27
	10	27
	8	27
	11	28
	11	27
	10	26
	11	26
	9	26
	10	25
	11	25
	9	25
	12	26
	12	25
	11	24
	12	24
	10	24
	13	25
	13	24
	12	23
	13	23
	11	23
	14	24
	14	23
	13	22
	14	22
	12	22
	13	21
	14	21
	12	21
	15	22
	15	21
	14	20
	15	20
	13	20
	14	19
	15	19
	13	19
	16	20
	16	21
	16	19
	15	18
	16	18
	14	18
	17	18
	16	17
	17	19
	17	17
	15	17
	18	17
	17	16
	18	18
	18	16
	16	16
	19	17
	19	16
	18	15
	19	15
	17	15
	20	16
	20	15
	21	15
	20	14
	21	14
	19	14
	22	15
	22	14
	21	13
	22	13
	20	13
	23	14
	23	13
	24	13
	23	12
	24	14
	24	12
	22	12
	25	13
	25	12
	24	11
	25	11
	23	11
	26	12
	26	11
	27	12
	27	11
	26	10
	27	10
	25	10
	28	11
	28	10
	29	11
	29	10
	28	9
	29	9
	27	9
	30	10
	30	9
	31	9
	30	8
	31	10
	31	8
	29	8
	32	9
	32	10
	32	8
	33	9
	33	10
	33	8
	34	9
	34	10
	34	8
	35	9
	35	8
	34	7
	35	7
	33	7
	36	8
	36	9
	36	7
	37	8
	37	9
	37	7
	38	8
	38	9
	38	7
	39	8
	39	9
	39	7
	38	6
	39	6
	37	6
	40	7
	40	8
	40	6
	41	7
	41	8
	41	6
	42	7
	42	8
	42	6
	43	7
	43	8
	43	6
	44	7
	44	8
	44	6
	45	7
	45	8
	45	6
	46	7
	46	8
	46	6
	47	7
	47	8
	47	6
	48	7
	48	8
	48	6
	49	7
	49	8
	49	6
	47	9
	48	9
	46	9
	49	9
	50	8
	50	9
	50	7
	51	8
	51	9
	51	7
	52	8
	52	9
	52	7
	51	10
	52	10
	53	9
	53	10
	53	8
	54	9
	54	10
	54	8
	55	9
	55	10
	55	8
	56	9
	56	10
	56	8
	57	9
	57	10
	57	8
	56	11
	57	11
	58	10
	58	11
	58	9
	59	10
	59	11
	59	9
	58	12
	59	12
	60	11
	60	12
	60	10
	60	13
	61	12
	61	13
	61	11
	61	14
	62	13
	62	14
	62	12
	63	13
	63	14
	63	12
	63	15
	64	14
	64	15
	64	13
	64	16
	65	15
	65	16
	65	14
	66	15
	66	16
	66	14
	66	17
	67	16
	67	17
	67	15
	67	18
	68	17
	68	18
	68	16
	69	18
	69	19
	69	17
	70	18
	70	19
	70	17
	69	20
	70	20
	71	19
	71	20
	71	18
	70	21
	71	21
	72	21
	71	22
	72	22
	72	20
	71	23
	72	23
	73	22
	73	23
	73	21
	72	24
	73	24
	74	23
	74	24
	74	22
	75	23
	75	24
	75	22
	74	25
	75	25
	73	25
	76	25
	75	26
	76	26
	76	24
	74	26
	75	27
	76	27
	74	27
	73	26
	75	28
	76	28
	77	28
	76	29
	77	29
	77	27
	75	29
	76	30
	77	30
	78	30
	77	31
	78	31
	78	29
	76	31
	77	32
	78	32
	76	32
	77	33
	78	33
	76	33
	77	34
	78	34
	77	35
	78	35
	79	34
	79	35
	79	33
	78	36
	79	36
	77	36
	78	37
	79	37
	77	37
	78	38
	79	38
	77	38
	78	39
	79	39
	78	40
	79	40
	78	41
	79	41
	80	41
	79	42
	80	42
	80	40
	78	42
	79	43
	80	43
	78	43
	79	44
	80	44
	78	44
	79	45
	80	45
	78	45
	79	46
	80	46
	78	46
	79	47
	80	47
	78	47
	79	48
	80	48
	78	48
	79	49
	80	49
	78	49
	79	50
	80	50
	78	50
	77	50
	78	51
	79	51
	77	51
	78	52
	79	52
	77	52
	77	53
	78	53
	77	54
	78	54
	77	55
	78	55
	76	55
	77	56
	78	56
	76	56
	76	57
	77	57
	76	58
	77	58
	76	59
	77	59
	75	59
	76	60
	77	60
	75	60
	76	61
	77	61
	75	61
	74	61
	75	62
	76	62
	74	62
	74	60
	75	63
	76	63
	74	63
	73	62
	73	63
	74	64
	75	64
	73	64
	72	63
	72	64
	73	65
	74	65
	72	65
	71	65
	72	66
	73	66
	71	66
	70	66
	71	67
	72	67
	70	67
	71	68
	72	68
	70	68
	69	68
	70	69
	71	69
	69	69
	70	70
	71	70
	69	70
	68	69
	68	70
	69	71
	70	71
	68	71
	67	70
	67	71
	68	72
	69	72
	67	72
	66	71
	66	72
	65	71
	65	72
	66	73
	67	73
	65	73
	64	72
	64	73
	65	74
	66	74
	64	74
	63	73
	63	74
	62	74
	63	75
	64	75
	62	75
	61	74
	61	75
	60	75
	61	76
	62	76
	60	76
	59	76
	58	76
	59	77
	60	77
	58	77
	57	77
	58	78
	59	78
	57	78
	56	77
	56	78
	57	79
	58	79
	56	79
	55	78
	55	79
	55	77
	54	78
	54	79
	53	78
	53	79
	52	78
	52	79
	53	80
	54	80
	52	80
	51	79
	51	80
	51	78
	50	79
	50	80
	50	78
	49	79
	49	80
	48	79
	48	80
	47	79
	47	80
	48	81
	49	81
	47	81
	46	80
	46	81
	46	79
	45	80
	45	81
	45	79
	44	80
	44	81
	43	80
	43	81
	42	80
	42	81
	41	80
	41	81
	40	80
	40	81
	40	79
	39	80
	39	81
	39	79
	38	80
	38	81
	38	79
	37	80
	37	81
	37	79
	36	80
	36	81
	36	79
	35	80
	35	81
	35	79
	34	80
	34	81
	34	79
	35	78
	34	78
	33	79
	33	80
	33	78
	32	79
	32	80
	32	78
	31	79
	31	80
	31	78
	30	79
	30	80
	30	78
	29	79
	29	80
	29	78
	30	77
	29	77
	28	78
	28	79
	28	77
	27	78
	27	79
	27	77
	27	76
	26	77
	26	78
	26	76
	25	77
	25	78
	25	76
	25	75
	24	76
	24	77
	24	75
	23	76
	23	77
	23	75
	24	74
	23	74
	22	75
	22	76
	22	74
	21	75
	21	76
	21	74
	22	73
	23	73
	21	73
	21	72
	20	73
	20	74
	20	72
	19	73
	19	74
	19	72
	20	71
	19	71
	18	72
	18	73
	18	71
	18	70
	17	71
	17	72
	17	70
	16	71
	16	72
	16	70
	17	69
	16	69
	15	70
	15	71
	15	69
	16	68
	15	68
	14	69
	14	70
	14	68
	15	67
	14	67
	13	68
	13	69
	13	67
	14	66
	15	66
	13	66
	14	65
	13	65
	12	66
	12	67
	12	65
	13	64
	12	64
	13	63
	12	63
	11	64
	11	65
	11	63
	12	62
	11	62
	10	63
	10	64
	10	62
	11	61
	10	61
	11	60
	10	60
	9	61
	9	62
	9	60
	10	59
	9	59
	8	59
	9	58
	8	60
	8	58
	9	57
	8	57
	7	57
	8	56
	9	56
	7	58
	7	56
	8	55
	9	55
	7	55
	8	54
	9	54
	7	54
	8	53
	7	53
	6	54
	6	55
	6	53
	7	52
	8	52
	6	52
	7	51
	8	51
	6	51
	7	50
	8	50
	6	50
	7	49
	8	49
	6	49
	7	48
	6	48
	7	47
	6	47
	7	46
	6	46
	7	45
	6	45
	7	44
	6	44
	5	45
	5	46
	5	44
	6	43
	7	43
	5	43
	6	42
	7	42
	5	42
	6	41
	7	41
	5	41
	6	40
	7	40
	5	40
	6	39
	7	39
	5	39
	6	38
	7	38
	5	38
	6	37
	7	37
	5	37
	8	38
	8	39
	8	37
	7	36
	8	36
	6	36
	7	35
	8	35
	6	35
	7	34
	8	34
	6	34
	7	33
	8	33
	6	33
	7	32
	8	32
	6	32
	7	31
	8	31
	6	31
	9	32
	9	33
	9	31
	9	34
	11	66
	11	67
	10	65
	10	66
	9	64
	9	65
	9	63
	8	62
	8	63
	8	61
	7	61
	7	62
	7	60
	7	59
	6	60
	6	61
	6	59
	6	58
	6	57
	5	57
	6	56
	5	58
	5	56
	5	55
	5	54
	5	53
	5	52
	4	53
	4	54
	4	52
	5	51
	4	51
	5	50
	4	50
	5	49
	4	49
	3	49
	4	48
	5	48
	3	50
	3	48
	4	47
	5	47
	3	47
	4	46
	3	46
	4	45
	3	45
	4	44
	3	44
	4	43
	3	43
	4	42
	3	42
	4	41
	3	41
	4	40
	3	40
	4	39
	3	39
	4	38
	3	38
	4	37
	3	37
	4	36
	5	36
	3	36
	4	35
	5	35
	3	35
	5	34
	4	34
	5	33
	4	33
	5	32
	4	32
	5	31
	6	30
	7	30
	5	30
	6	29
	7	29
	5	29
	7	28
	6	28
	7	27
	6	27
	8	26
	7	26
	8	25
	3	34
	3	33
	3	32
	4	31
	3	31
	4	30
	3	30
	4	29
	3	29
	5	28
	4	28
	5	27
	4	27
	6	26
	5	26
	6	25
	7	25
	5	25
	7	24
	8	24
	6	24
	9	24
	8	23
	9	23
	7	23
	8	22
	9	22
	7	22
	10	23
	10	22
	9	21
	10	21
	8	21
	11	22
	11	21
	10	20
	11	20
	9	20
	12	20
	12	19
	11	19
	12	18
	13	18
	11	18
	14	17
	13	17
	15	16
	14	16
	16	15
	15	15
	18	14
	17	14
	6	23
	6	22
	7	21
	6	21
	8	20
	7	20
	9	19
	10	19
	8	19
	10	18
	9	18
	11	17
	12	17
	10	17
	13	16
	12	16
	14	15
	13	15
	15	14
	16	14
	14	14
	16	13
	17	13
	15	13
	18	13
	19	13
	18	12
	19	12
	17	12
	20	12
	21	12
	20	11
	21	11
	19	11
	22	11
	22	10
	23	10
	21	10
	24	10
	24	9
	25	9
	23	9
	26	9
	14	13
	18	11
	17	11
	18	10
	19	10
	17	10
	20	10
	19	9
	20	9
	18	9
	21	9
	22	9
	21	8
	22	8
	20	8
	23	8
	24	8
	13	14
	16	12
	25	8
	26	8
	27	8
	26	7
	27	7
	25	7
	28	8
	28	7
	29	7
	30	7
	29	6
	30	6
	28	6
	31	7
	31	6
	32	7
	32	6
	33	6
	34	6
	33	5
	34	5
	32	5
	22	7
	23	7
	21	7
	24	7
	26	6
	27	6
	25	6
	29	5
	30	5
	28	5
	31	5
	35	6
	35	5
	36	6
	36	5
	37	5
	38	5
	37	4
	38	4
	36	4
	39	5
	39	4
	40	5
	40	4
	41	5
	41	4
	42	5
	42	4
	43	5
	43	4
	44	5
	44	4
	45	5
	45	4
	46	5
	46	4
	47	5
	47	4
	48	5
	48	4
	49	5
	49	4
	50	5
	50	6
	50	4
	51	5
	51	6
	51	4
	52	5
	52	6
	52	4
	53	6
	53	7
	53	5
	54	6
	54	7
	54	5
	55	6
	55	7
	55	5
	56	6
	56	7
	56	5
	57	7
	57	6
	58	7
	58	8
	58	6
	59	8
	59	7
	60	8
	60	9
	60	7
	61	9
	61	10
	61	8
	62	9
	62	10
	62	8
	62	11
	63	10
	63	11
	63	9
	64	11
	64	12
	64	10
	65	11
	65	12
	65	10
	65	13
	66	12
	66	13
	66	11
	67	12
	67	13
	67	11
	67	14
	68	13
	68	14
	68	12
	69	14
	68	15
	69	15
	69	13
	70	14
	70	15
	70	13
	69	16
	70	16
	71	15
	71	16
	71	14
	72	15
	72	16
	72	14
	71	17
	72	17
	73	16
	73	17
	73	15
	72	18
	73	18
	74	17
	74	18
	74	16
	73	19
	74	19
	72	19
	75	18
	75	19
	75	17
	74	20
	75	20
	73	20
	76	19
	76	20
	76	18
	75	21
	76	21
	74	21
	76	22
	77	22
	76	23
	77	23
	77	21
	77	24
	78	24
	77	25
	78	25
	78	23
	77	26
	78	26
	78	27
	79	27
	78	28
	79	28
	79	26
	79	29
	79	30
	79	31
	80	30
	80	31
	80	29
	79	32
	80	32
	80	33
	80	34
	81	33
	81	34
	81	32
	80	35
	81	35
	80	36
	81	36
	80	37
	81	37
	80	38
	81	38
	80	39
	81	39
	81	40
	81	31
	81	30
	81	29
	80	28
	81	28
	80	27
	81	27
	80	26
	81	26
	80	25
	81	25
	79	25
	79	24
	80	24
	79	23
	80	23
	82	30
	82	31
	82	29
	82	32
	83	32
	82	33
	83	33
	83	31
	82	34
	83	34
	82	35
	83	35
	82	36
	83	36
	82	37
	83	37
	82	38
	83	38
	82	39
	83	39
	82	40
	83	40
	82	41
	83	41
	81	41
	82	42
	83	42
	81	42
	82	43
	83	43
	81	43
	82	44
	83	44
	81	44
	82	45
	83	45
	81	45
	82	46
	83	46
	81	46
	81	47
	82	47
	81	48
	82	48
	81	49
	82	49
	81	50
	82	50
	81	51
	82	51
	80	51
	81	52
	82	52
	80	52
	80	53
	81	53
	79	53
	80	54
	81	54
	79	54
	80	55
	81	55
	79	55
	79	56
	80	56
	79	57
	80	57
	78	57
	79	58
	80	58
	78	58
	79	59
	80	59
	78	59
	78	60
	79	60
	78	61
	79	61
	82	53
	82	54
	83	51
	83	52
	83	50
	83	49
	83	48
	84	49
	84	50
	84	48
	83	47
	84	47
	80	60
	80	61
	79	62
	80	62
	78	62
	77	62
	78	63
	79	63
	77	63
	77	64
	78	64
	76	64
	76	65
	77	65
	75	65
	75	66
	76	66
	74	66
	74	67
	75	67
	73	67
	73	68
	74	68
	72	69
	73	69
	72	70
	71	71
	72	71
	70	72
	71	72
	69	73
	70	73
	68	73
	67	74
	68	74
	66	75
	67	75
	65	75
	65	76
	66	76
	64	76
	63	76
	63	77
	64	77
	62	77
	61	77
	61	78
	62	78
	60	78
	60	79
	61	79
	59	79
	58	80
	59	80
	57	80
	56	80
	57	81
	58	81
	56	81
	55	80
	55	81
	54	81
	53	81
	54	82
	55	82
	53	82
	52	81
	52	82
	51	81
	51	82
	50	81
	50	82
	49	82
	50	83
	51	83
	49	83
	48	82
	48	83
	47	82
	47	83
	52	83
	53	83
	54	83
	56	82
	57	82
	59	81
	60	80
	61	80
	62	79
	63	78
	64	78
	65	77
	67	76
	68	75
	69	74
	72	72
	73	70
	73	71
	74	69
	74	70
	75	68
	75	69
	76	67
	76	68
	77	66
	77	67
	78	65
	78	66
	79	64
	79	65
	80	63
	81	59
	81	60
	81	58
	81	57
	81	56
	82	56
	82	57
	82	55
	83	54
	83	55
	83	53
	46	82
	46	83
	45	82
	45	83
	44	82
	44	83
	43	82
	43	83
	42	82
	42	83
	41	82
	41	83
	40	82
	40	83
	41	84
	42	84
	40	84
	39	83
	39	84
	39	82
	38	83
	38	84
	38	82
	37	83
	37	84
	37	82
	36	83
	36	84
	36	82
	35	82
	35	83
	34	82
	34	83
	33	82
	33	83
	33	81
	32	82
	32	83
	32	81
	31	81
	31	82
	30	81
	30	82
	45	84
	46	84
	44	84
	47	84
	43	84
	48	84
	49	84
	50	84
	51	84
	52	84
	29	81
	29	82
	28	80
	28	81
	27	80
	27	81
	26	80
	26	81
	26	79
	25	79
	25	80
	24	79
	24	80
	24	78
	23	78
	23	79
	22	78
	22	79
	22	77
	21	77
	21	78
	20	76
	20	77
	20	75
	19	75
	19	76
	18	75
	18	76
	18	74
	17	74
	17	75
	17	73
	16	73
	16	74
	15	72
	15	73
	14	71
	14	72
	13	71
	13	72
	13	70
	12	69
	12	70
	12	68
	11	68
	11	69
	10	67
	10	68
	14	73
	13	73
	15	74
	14	74
	16	75
	15	75
	17	76
	16	76
	18	77
	19	77
	17	77
	19	78
	20	78
	18	78
	21	79
	20	79
	23	80
	22	80
	25	81
	27	82
	28	82
	26	82
	31	83
	30	83
	34	84
	35	84
	33	84
	12	71
	11	70
	11	71
	10	69
	10	70
	9	67
	9	68
	9	66
	8	65
	8	66
	8	64
	7	64
	7	65
	7	63
	6	63
	6	64
	6	62
	5	60
	5	61
	5	59
	4	57
	4	58
	4	56
	4	55
	3	55
	3	56
	3	54
	3	53
	3	52
	3	51
	2	51
	2	52
	2	50
	2	49
	2	48
	2	47
	2	46
	2	45
	2	44
	2	43
	2	42
	1	45
	1	46
	1	44
	0	45
	0	46
	0	44
	1	43
	0	43
	1	42
	0	42
	2	41
	1	41
	1	49
	1	50
	1	48
	1	47
	2	40
	1	40
	2	39
	1	39
	2	38
	1	38
	2	37
	1	37
	2	36
	1	36
	2	35
	1	35
	2	34
	1	34
	2	33
	1	33
	2	32
	2	31
	3	28
	3	27
	4	26
	4	25
	5	24
	5	23
	15	12
	16	11
	15	11
	16	10
	15	10
	32	4
	33	4
	31	4
	34	4
	35	4
	37	3
	38	3
	36	3
	39	3
	35	3
	34	3
	40	3
	41	3
	42	3
	43	3
	44	3
	45	3
	46	3
	47	3
	48	3
	49	3
	50	3
	46	2
	47	2
	45	2
	44	2
	43	2
	42	2
	41	2
	40	2
	39	2
	38	2
	37	2
	84	46
	84	45
	84	44
	85	44
	84	43
	85	45
	85	43
	84	42
	85	42
	84	41
	85	41
	84	40
	85	40
	84	39
	85	39
	84	38
	85	38
	84	37
	85	37
	84	36
	85	36
	84	35
	85	35
	84	34
	84	33
	82	28
	82	27
	82	26
	82	25
	81	24
	79	22
	80	22
	78	22
	78	21
	77	20
	78	20
	77	19
	78	19
	77	18
	76	17
	71	13
	69	12
	68	11
	69	11
	67	10
	68	10
	66	10
	64	9
	59	6
	57	5
	53	4
	54	4
	51	3
	48	2
	49	2
	53	84
	51	85
	52	85
	50	85
	49	85
	48	85
	47	85
	46	85
	45	85
	44	85
	43	85
	42	85
	41	85
	40	85
	39	85
	38	85
	37	85
	36	85
	35	85
	36	86
	37	86
	35	86
	38	86
	39	86
	40	86
	41	86
	42	86
	43	86
	44	86
	45	86
	46	86
	34	85
	33	85
	32	84
	32	85
	31	84
	31	85
	30	84
	29	83
	29	84
	28	83
	27	83
	24	81
	23	81
	25	82
	24	82
	26	83
	47	86
	48	86
	49	86
	50	86
	51	86
	52	86
	55	83
	54	84
	55	84
	56	83
	57	83
	56	84
	57	84
	58	82
	58	83
	59	82
	60	81
	61	81
	62	80
	62	81
	63	79
	64	79
	65	78
	66	77
	68	76
	69	75
	70	74
	71	73
	71	74
	72	73
	74	71
	85	46
	85	47
	85	48
	85	49
	85	50
	84	51
	85	51
	84	52
	85	52
	84	53
	84	54
	84	55
	83	56
	83	57
	82	58
	82	59
	76	69
	75	70
	75	71
	73	72
	74	72
	73	73
	53	85
	54	85
	55	85
	56	85
	58	84
	59	83
	60	82
	61	82
	63	80
	63	81
	64	80
	65	79
	66	78
	67	77
	70	75
	3	57
	2	54
	2	55
	2	53
	0	41
	0	38
	0	39
	0	37
	0	40
	0	36
	0	35
	11	16
	12	15
	11	15
	12	14
	13	13
	14	12
	64	81
	65	80
	66	79
	66	80
	67	78
	67	79
	68	77
	68	78
	69	77
	69	78
	69	76
	70	76
	70	77
	71	75
	72	74
	72	75
	71	76
	76	70
	77	68
	77	69
	78	67
	79	66
	80	64
	81	62
	81	63
	81	61
	82	60
	82	61
	83	59
	83	60
	83	58
	84	57
	84	58
	84	56
	85	53
	85	54
	2	30
	2	29
	1	32
	1	31
InvisibleObstacle		
Area01		
	43	75
	44	75
	42	75
	43	76
	43	74
	44	76
	44	74
	42	76
	42	74
	38	76
	39	76
	37	76
	38	77
	38	75
	39	77
	39	75
	37	77
	37	75
	40	78
	41	78
	39	78
	40	79
	40	77
	41	79
	41	77
	39	79
	42	78
	42	79
	42	77
	43	79
	42	80
	43	80
	43	78
	41	80
	44	79
	44	80
	44	78
	45	79
	45	80
	45	78
	46	79
	46	80
	46	78
	47	78
	46	77
	47	79
	47	77
	45	77
	48	77
	47	76
	48	78
	48	76
	46	76
	47	75
	48	75
	46	75
	44	77
	43	77
	41	76
	40	76
	40	75
	45	76
	45	75
Area02		
	43	13
	44	13
	42	13
	43	14
	43	12
	44	14
	44	12
	42	14
	42	12
Area03		
	25	64
	26	64
	24	64
	25	65
	25	63
	26	65
	26	63
	24	65
	24	63
	21	63
	22	63
	20	63
	21	64
	21	62
	22	64
	22	62
	20	64
	20	62
	21	65
	22	65
	20	65
	23	65
	22	66
	23	66
	23	64
	21	66
	22	67
	23	67
	21	67
	24	66
	24	67
	25	66
	25	67
	24	68
	25	68
	23	68
	26	67
	26	68
	26	66
	27	67
	27	68
	27	66
	28	68
	27	69
	28	69
	28	67
	26	69
	25	71
	26	71
	24	71
	25	72
	25	70
	26	72
	26	70
	24	72
	24	70
	23	71
	23	72
	23	70
	22	70
	21	70
	22	71
	22	69
	23	69
	21	71
	21	69
	20	69
	21	68
	22	68
	20	70
	20	68
	19	69
	19	70
	19	68
	18	68
	19	67
	20	67
	18	69
	18	67
	19	66
	20	66
	18	66
	17	66
	18	65
	19	65
	17	67
	17	65
	18	64
	19	64
	17	64
	18	63
	19	63
	17	63
	24	69
	25	69
	27	71
	27	72
	27	70
Area04		
	60	20
	61	20
	59	20
	60	21
	60	19
	61	21
	61	19
	59	21
	59	19
	60	22
	61	22
	59	22
	58	21
	58	22
	58	20
	58	19
	59	18
	60	18
	58	18
	59	17
	60	17
	58	17
	61	18
	61	17
	62	18
	62	19
	62	17
	62	20
	63	19
	63	20
	63	18
	64	19
	64	20
	64	18
	65	20
	64	21
	65	21
	65	19
	63	21
	66	20
	66	21
	66	19
	65	22
	66	22
	64	22
	65	23
	66	23
	64	23
	63	22
	63	23
	62	22
	62	23
	62	21
	61	23
Area05		
	15	44
	16	44
	14	44
	15	45
	15	43
	16	45
	16	43
	14	45
	14	43
	15	50
	16	50
	14	50
	15	51
	15	49
	16	51
	16	49
	14	51
	14	49
	13	49
	14	48
	15	48
	13	50
	13	48
	12	48
	13	47
	14	47
	12	49
	12	47
	12	46
	13	46
	11	46
	12	45
	13	45
	11	47
	11	45
	10	45
	11	44
	12	44
	10	46
	10	44
	11	43
	12	43
	10	43
	11	42
	12	42
	10	42
	11	41
	12	41
	10	41
	11	40
	12	40
	10	40
	11	39
	12	39
	10	39
	13	40
	13	41
	13	39
	14	40
	14	41
	14	39
	13	42
	14	42
	13	43
	13	44
	14	46
	15	47
	16	48
	16	47
	15	39
	14	38
	15	40
	15	38
	13	38
	14	37
	15	37
	13	37
	16	38
	16	39
	16	37
	12	38
	12	37
	11	38
	11	37
	10	38
	10	37
	9	39
	9	40
	9	38
	9	41
	9	42
	9	43
	9	44
	8	43
	8	44
	8	42
	9	45
	8	45
	9	46
	8	46
	10	47
	9	47
	10	48
	11	48
	9	48
	11	49
	10	49
	12	50
	13	51
Area06		
	73	43
	73	44
	73	42
	73	45
	74	45
	72	45
	73	46
	74	46
	74	44
	72	46
	74	43
	74	42
	73	41
	74	41
	71	48
	72	48
	70	48
	71	49
	71	47
	72	49
	72	47
	70	49
	70	47
	73	48
	73	49
	73	47
	74	47
	74	48
	75	46
	75	47
	75	45
	75	44
	75	43
	76	44
	76	45
	76	43
	75	42
	76	42
	75	41
	76	41
	75	40
	76	40
	74	40
	73	40
	74	39
	75	39
	73	39
	74	38
	75	38
	73	38
	74	37
	75	37
	73	37
	72	38
	72	39
	72	37
	73	36
	74	36
	72	36
	71	37
	71	36
	76	39
	76	38
	77	40
	77	41
	77	39
	77	42
	77	43
	77	44
	74	49
	75	48
	75	49
	76	47
	76	48
	76	46
	77	46
	77	47
	77	45
	70	37
Area07		
	25	21
	26	21
	24	21
	25	22
	25	20
	26	22
	26	20
	24	22
	24	20
	21	24
	22	24
	20	24
	21	25
	21	23
	22	25
	22	23
	20	25
	20	23
	21	22
	22	22
	20	22
	21	21
	22	21
	20	21
	21	20
	22	20
	20	20
	21	19
	22	19
	20	19
	22	18
	23	18
	21	18
	22	17
	23	19
	23	17
	21	17
	24	17
	23	16
	24	18
	24	16
	22	16
	25	16
	26	16
	25	17
	25	15
	26	17
	26	15
	24	15
	27	16
	27	17
	27	15
	28	16
	28	17
	28	15
	29	16
	29	17
	29	15
	27	18
	28	18
	26	18
	27	19
	28	19
	26	19
	25	19
	27	20
	25	18
	24	19
	23	20
	23	21
	23	22
	23	23
Area08		
	62	67
	63	67
	61	67
	62	68
	62	66
	63	68
	63	66
	61	68
	61	66
	62	65
	63	65
	61	65
	64	66
	64	67
	64	65
	63	64
	64	64
	62	64
	65	64
	64	63
	65	65
	65	63
	63	63
	66	63
	65	62
	66	64
	66	62
	64	62
	65	61
	66	61
	64	61
	67	62
	67	63
	67	61
	66	60
	67	60
	65	60
	64	60
	65	59
	66	59
	64	59
	68	60
	67	59
	68	61
	68	59
	64	68
	63	69
	64	69
	62	69
	65	67
	65	68
	65	66
	66	66
	66	67
	66	65
	67	65
	67	66
	67	64
	68	64
	68	65
	68	63
	68	62
	69	63
	69	64
	69	62
	69	61
	69	60
	69	59
Area09		
	41	52
	42	52
	43	52
	44	52
	44	51
	44	50
	43	50
	42	50
	41	50
	41	51
