Key	CellX	CellY
VisibleObstacle		
	21	27
	22	27
	20	27
	21	28
	21	26
	22	28
	22	26
	20	28
	20	26
	21	25
	22	25
	20	25
	23	26
	23	27
	23	25
	22	24
	23	24
	21	24
	24	25
	24	26
	24	24
	23	23
	24	23
	22	23
	25	24
	25	25
	25	23
	24	22
	25	22
	23	22
	26	23
	26	24
	26	22
	25	21
	26	21
	24	21
	27	22
	27	23
	27	21
	28	22
	28	23
	28	21
	29	22
	29	23
	29	21
	30	22
	30	23
	30	21
	29	24
	30	24
	28	24
	29	25
	30	25
	28	25
	27	24
	27	25
	26	25
	27	26
	28	26
	26	26
	29	26
	30	26
	31	24
	31	25
	31	23
	31	22
	32	23
	32	24
	32	22
	31	21
	32	21
	33	21
	32	20
	33	22
	33	20
	31	20
	32	19
	33	19
	31	19
	34	20
	34	21
	34	19
	33	18
	34	18
	32	18
	35	18
	34	17
	35	19
	35	17
	33	17
	34	16
	35	16
	33	16
	36	17
	36	18
	36	16
	35	15
	36	15
	34	15
	37	15
	36	14
	37	16
	37	14
	35	14
	37	17
	36	19
	35	20
	35	21
	34	22
	33	23
	34	23
	33	24
	32	25
	33	25
	31	26
	32	26
	35	22
	36	20
	37	18
	36	13
	37	13
	35	13
	38	14
	38	15
	38	13
	37	12
	38	12
	36	12
	39	13
	39	14
	39	12
	38	11
	39	11
	37	11
	40	12
	40	13
	40	11
	39	10
	40	10
	38	10
	41	11
	41	12
	41	10
	40	9
	41	9
	39	9
	42	10
	42	11
	42	9
	43	10
	43	11
	43	9
	44	9
	43	8
	44	10
	44	8
	42	8
	45	9
	45	10
	45	8
	44	7
	45	7
	43	7
	46	8
	46	9
	46	7
	47	8
	47	9
	47	7
	46	6
	47	6
	45	6
	46	10
	44	11
	45	11
	42	12
	43	12
	48	7
	48	8
	48	6
	49	7
	49	8
	49	6
	48	5
	49	5
	47	5
	50	6
	50	7
	50	5
	49	4
	50	4
	48	4
	51	5
	51	6
	51	4
	52	5
	52	6
	52	4
	51	3
	52	3
	50	3
	53	4
	53	5
	53	3
	54	3
	53	2
	54	4
	54	2
	52	2
	55	3
	55	4
	55	2
	56	3
	56	4
	56	2
	54	5
	55	5
	53	6
	52	7
	53	7
	51	7
	51	8
	52	8
	50	8
	50	9
	51	9
	49	9
	48	9
	54	6
	54	7
	55	6
	56	5
	56	6
	57	4
	57	5
	57	3
	54	1
	55	1
	53	1
	56	1
	57	1
	56	0
	57	2
	57	0
	55	0
	58	1
	58	2
	58	0
	59	1
	59	2
	59	0
	60	1
	60	2
	60	0
	61	1
	61	2
	61	0
	62	1
	62	2
	62	0
	63	1
	63	2
	63	0
	64	2
	63	3
	64	3
	64	1
	62	3
	65	2
	65	3
	65	1
	66	2
	66	3
	66	1
	67	2
	67	3
	67	1
	68	2
	68	3
	68	1
	69	2
	69	3
	69	1
	70	2
	70	3
	70	1
	71	2
	71	3
	71	1
	70	4
	71	4
	69	4
	72	3
	72	4
	72	2
	73	4
	72	5
	73	5
	73	3
	71	5
	74	4
	74	5
	74	3
	75	5
	74	6
	75	6
	75	4
	73	6
	76	6
	75	7
	76	7
	76	5
	74	7
	77	6
	77	7
	77	5
	76	8
	77	8
	75	8
	78	7
	78	8
	78	6
	77	9
	78	9
	76	9
	73	7
	72	6
	71	6
	70	5
	74	8
	75	9
	77	10
	78	10
	76	10
	77	11
	78	11
	76	11
	79	10
	79	11
	79	9
	78	12
	79	12
	77	12
	80	11
	80	12
	80	10
	79	13
	80	13
	78	13
	81	12
	81	13
	81	11
	80	14
	81	14
	79	14
	80	15
	81	15
	79	15
	80	16
	81	16
	79	16
	82	15
	82	16
	82	14
	81	17
	82	17
	80	17
	83	16
	83	17
	83	15
	82	18
	83	18
	81	18
	82	19
	83	19
	81	19
	84	18
	84	19
	84	17
	83	20
	84	20
	82	20
	85	19
	85	20
	85	18
	84	21
	85	21
	83	21
	84	22
	85	22
	83	22
	86	21
	86	22
	86	20
	85	23
	86	23
	84	23
	85	24
	86	24
	84	24
	85	25
	86	25
	84	25
	83	24
	83	25
	83	23
	84	26
	85	26
	83	26
	82	25
	82	26
	82	24
	81	24
	82	23
	81	25
	81	23
	80	24
	80	25
	80	23
	79	24
	79	25
	79	23
	80	22
	81	22
	79	22
	78	22
	79	21
	80	21
	78	23
	78	21
	79	20
	80	20
	78	20
	79	19
	80	19
	78	19
	79	18
	80	18
	78	18
	77	20
	77	21
	77	19
	77	18
	81	20
	81	21
	82	21
	82	22
	81	26
	80	26
	81	27
	82	27
	80	27
	79	26
	79	27
	81	28
	82	28
	80	28
	83	27
	83	28
	82	29
	83	29
	81	29
	80	29
	81	30
	82	30
	80	30
	79	29
	79	30
	79	28
	80	31
	81	31
	79	31
	80	32
	81	32
	79	32
	78	31
	78	32
	78	30
	79	33
	80	33
	78	33
	79	34
	80	34
	78	34
	77	33
	77	34
	77	32
	78	35
	79	35
	77	35
	78	36
	79	36
	77	36
	76	36
	77	37
	78	37
	76	37
	76	35
	76	34
	77	38
	78	38
	76	38
	77	39
	78	39
	76	39
	77	40
	78	40
	76	40
	75	39
	75	40
	75	38
	76	41
	77	41
	75	41
	76	42
	77	42
	75	42
	74	41
	74	42
	74	40
	75	43
	76	43
	74	43
	73	42
	73	43
	73	41
	72	42
	72	43
	72	41
	71	42
	71	43
	71	41
	70	42
	70	43
	70	41
	71	40
	72	40
	70	40
	69	41
	69	42
	69	40
	68	41
	68	42
	68	40
	69	43
	73	44
	74	44
	72	44
	75	44
	76	44
	75	45
	76	45
	74	45
	77	44
	77	45
	77	43
	78	44
	78	45
	78	43
	79	44
	79	45
	79	43
	80	44
	80	45
	80	43
	81	44
	81	45
	81	43
	82	44
	82	45
	82	43
	83	44
	83	45
	83	43
	84	44
	84	45
	84	43
	85	44
	85	45
	85	43
	84	46
	85	46
	83	46
	86	45
	86	46
	86	44
	87	45
	87	46
	87	44
	86	47
	87	47
	85	47
	88	47
	87	48
	88	48
	88	46
	86	48
	87	49
	88	49
	86	49
	87	50
	88	50
	86	50
	87	51
	88	51
	86	51
	87	52
	88	52
	86	52
	87	53
	88	53
	86	53
	87	54
	88	54
	86	54
	87	55
	88	55
	86	55
	85	54
	85	55
	85	53
	86	56
	87	56
	85	56
	84	56
	85	57
	86	57
	84	57
	84	55
	83	56
	83	57
	83	55
	82	57
	83	58
	84	58
	82	58
	82	56
	81	57
	81	58
	81	56
	80	57
	80	58
	80	56
	79	57
	79	58
	79	56
	78	58
	79	59
	80	59
	78	59
	78	57
	77	58
	77	59
	77	57
	78	56
	81	55
	82	55
	80	55
	83	54
	84	54
	82	54
	84	53
	83	53
	85	52
	84	52
	85	51
	84	51
	85	50
	84	50
	85	49
	84	49
	85	48
	84	48
	84	47
	83	52
	81	59
	82	59
	76	57
	77	56
	76	58
	76	56
	75	57
	75	58
	75	56
	74	56
	75	55
	76	55
	74	57
	74	55
	73	56
	73	57
	73	55
	72	56
	72	57
	72	55
	71	56
	71	57
	71	55
	70	56
	70	57
	70	55
	71	54
	72	54
	70	54
	69	55
	69	56
	69	54
	68	55
	68	56
	68	54
	67	55
	67	56
	67	54
	68	53
	69	53
	67	53
	66	54
	66	55
	66	53
	66	56
	65	56
	66	57
	67	57
	65	57
	65	55
	66	58
	67	58
	65	58
	66	59
	67	59
	65	59
	64	58
	64	59
	64	57
	65	60
	66	60
	64	60
	67	60
	66	61
	67	61
	65	61
	66	62
	67	62
	65	62
	68	61
	68	62
	68	60
	69	62
	68	63
	69	63
	69	61
	67	63
	70	62
	70	63
	70	61
	71	62
	71	63
	71	61
	70	64
	71	64
	69	64
	70	60
	71	60
	69	60
	70	59
	71	59
	69	59
	68	59
	69	58
	70	58
	68	58
	68	57
	69	57
	70	65
	71	65
	69	65
	70	66
	71	66
	69	66
	70	67
	71	67
	69	67
	70	68
	71	68
	69	68
	68	67
	68	68
	68	66
	69	69
	70	69
	68	69
	67	68
	67	69
	67	67
	68	70
	69	70
	67	70
	68	71
	69	71
	67	71
	68	72
	69	72
	67	72
	70	71
	70	72
	70	70
	69	73
	70	73
	68	73
	71	72
	71	73
	71	71
	72	72
	72	73
	72	71
	71	74
	72	74
	70	74
	73	73
	73	74
	73	72
	74	73
	74	74
	74	72
	75	73
	75	74
	75	72
	74	71
	75	71
	73	71
	76	72
	76	73
	76	71
	77	72
	77	73
	77	71
	78	72
	78	73
	78	71
	79	72
	79	73
	79	71
	80	73
	79	74
	80	74
	80	72
	78	74
	81	74
	80	75
	81	75
	81	73
	79	75
	82	74
	82	75
	82	73
	83	75
	82	76
	83	76
	83	74
	81	76
	84	75
	84	76
	84	74
	83	77
	84	77
	82	77
	85	76
	85	77
	85	75
	84	78
	85	78
	83	78
	84	79
	85	79
	83	79
	84	80
	85	80
	83	80
	86	79
	86	80
	86	78
	87	79
	87	80
	87	78
	86	81
	87	81
	85	81
	88	80
	88	81
	88	79
	89	80
	89	81
	89	79
	88	82
	89	82
	87	82
	90	81
	90	82
	90	80
	89	83
	90	83
	88	83
	91	82
	91	83
	91	81
	90	84
	91	84
	89	84
	88	84
	87	83
	86	82
	82	78
	82	79
	81	77
	81	78
	80	77
	80	78
	80	76
	79	76
	79	77
	87	84
	88	85
	89	85
	87	85
	88	86
	89	86
	87	86
	88	87
	89	87
	87	87
	86	86
	86	87
	86	85
	85	87
	86	88
	87	88
	85	88
	85	86
	84	87
	84	88
	84	86
	83	88
	84	89
	85	89
	83	89
	83	87
	82	88
	82	89
	82	87
	83	90
	84	90
	82	90
	81	89
	81	90
	81	88
	80	89
	80	90
	80	88
	81	91
	82	91
	80	91
	79	90
	79	91
	79	89
	78	90
	78	91
	78	89
	77	91
	78	92
	79	92
	77	92
	77	90
	76	91
	76	92
	76	90
	75	92
	76	93
	77	93
	75	93
	75	91
	74	92
	74	93
	74	91
	73	92
	73	93
	73	91
	74	94
	75	94
	73	94
	72	93
	72	94
	72	92
	73	95
	74	95
	72	95
	73	96
	74	96
	72	96
	71	95
	71	96
	71	94
	71	93
	70	94
	70	95
	70	93
	69	94
	69	95
	69	93
	68	94
	68	95
	68	93
	69	96
	70	96
	68	96
	67	95
	67	96
	67	94
	66	95
	66	96
	66	94
	67	97
	68	97
	66	97
	67	98
	68	98
	66	98
	67	99
	68	99
	66	99
	65	98
	65	99
	65	97
	66	100
	67	100
	65	100
	66	101
	67	101
	65	101
	64	100
	64	101
	64	99
	63	100
	63	101
	63	99
	64	102
	65	102
	63	102
	62	101
	62	102
	62	100
	61	101
	61	102
	61	100
	60	101
	60	102
	60	100
	59	101
	59	102
	59	100
	58	101
	58	102
	58	100
	57	101
	57	102
	57	100
	56	101
	56	102
	56	100
	57	103
	58	103
	56	103
	55	102
	55	103
	55	101
	54	102
	54	103
	54	101
	55	104
	56	104
	54	104
	55	105
	56	105
	54	105
	57	104
	57	105
	56	106
	57	106
	55	106
	58	105
	58	106
	58	104
	59	105
	59	106
	59	104
	60	106
	59	107
	60	107
	60	105
	58	107
	59	108
	60	108
	58	108
	59	109
	60	109
	58	109
	59	110
	60	110
	58	110
	57	110
	58	111
	59	111
	57	111
	57	109
	56	111
	57	112
	58	112
	56	112
	56	110
	55	112
	56	113
	57	113
	55	113
	55	111
	54	112
	54	113
	54	111
	53	112
	53	113
	53	111
	52	113
	53	114
	54	114
	52	114
	52	112
	51	113
	51	114
	51	112
	50	113
	50	114
	50	112
	49	114
	50	115
	51	115
	49	115
	49	113
	48	114
	48	115
	48	113
	47	114
	47	115
	47	113
	46	114
	46	115
	46	113
	47	116
	48	116
	46	116
	56	109
	57	108
	56	108
	57	107
	56	107
	55	108
	55	109
	55	107
	54	107
	54	108
	54	106
	53	107
	53	108
	53	106
	52	106
	53	105
	52	107
	52	105
	51	106
	51	107
	51	105
	50	105
	51	104
	52	104
	50	106
	50	104
	49	105
	49	106
	49	104
	48	104
	49	103
	50	103
	48	105
	48	103
	47	104
	47	105
	47	103
	46	103
	47	102
	48	102
	46	104
	46	102
	45	103
	45	104
	45	102
	44	102
	45	101
	46	101
	44	103
	44	101
	43	102
	43	103
	43	101
	44	100
	45	100
	43	100
	42	101
	42	102
	42	100
	41	101
	41	102
	41	100
	42	99
	43	99
	41	99
	40	100
	40	101
	40	99
	39	100
	39	101
	39	99
	40	98
	41	98
	39	98
	38	99
	38	100
	38	98
	39	97
	40	97
	38	97
	37	98
	37	99
	37	97
	38	96
	39	96
	37	96
	36	97
	36	98
	36	96
	37	95
	38	95
	36	95
	40	96
	41	97
	41	96
	42	98
	42	97
	39	95
	40	95
	39	94
	40	94
	38	94
	37	94
	38	93
	39	93
	37	93
	36	93
	37	92
	38	92
	36	94
	36	92
	37	91
	38	91
	36	91
	35	92
	35	93
	35	91
	34	91
	35	90
	36	90
	34	92
	34	90
	33	90
	34	89
	35	89
	33	91
	33	89
	32	89
	33	88
	34	88
	32	90
	32	88
	31	89
	31	90
	31	88
	32	87
	33	87
	31	87
	32	91
	33	92
	34	93
	33	93
	35	94
	34	94
	35	95
	34	95
	33	94
	32	92
	31	91
	30	89
	30	90
	30	88
	29	87
	30	87
	28	87
	29	88
	29	86
	30	86
	28	88
	28	86
	29	85
	30	85
	28	85
	27	85
	28	84
	29	84
	27	86
	27	84
	28	83
	29	83
	27	83
	26	84
	26	85
	26	83
	27	82
	28	82
	26	82
	25	83
	25	84
	25	82
	26	81
	27	81
	25	81
	30	84
	30	83
	31	86
	31	85
	26	80
	27	80
	25	80
	24	80
	25	79
	26	79
	24	81
	24	79
	25	78
	26	78
	24	78
	23	79
	23	80
	23	78
	24	77
	25	77
	23	77
	22	78
	22	79
	22	77
	23	76
	24	76
	22	76
	21	77
	21	78
	21	76
	22	75
	23	75
	21	75
	20	76
	20	77
	20	75
	21	74
	22	74
	20	74
	19	75
	19	76
	19	74
	20	73
	21	73
	19	73
	18	74
	18	75
	18	73
	17	73
	18	72
	19	72
	17	74
	17	72
	16	73
	16	74
	16	72
	15	73
	15	74
	15	72
	14	73
	14	74
	14	72
	13	72
	14	71
	15	71
	13	73
	13	71
	12	72
	12	73
	12	71
	11	72
	11	73
	11	71
	10	72
	10	73
	10	71
	9	72
	9	73
	9	71
	8	71
	9	70
	10	70
	8	72
	8	70
	7	71
	7	72
	7	70
	9	69
	10	69
	8	69
	11	70
	11	69
	12	70
	12	69
	13	70
	13	69
	14	70
	14	69
	13	68
	14	68
	12	68
	15	69
	15	70
	15	68
	14	67
	15	67
	13	67
	11	68
	12	67
	11	67
	10	68
	10	67
	9	67
	10	66
	11	66
	9	68
	9	66
	10	65
	11	65
	9	65
	8	65
	9	64
	10	64
	8	66
	8	64
	9	63
	10	63
	8	63
	9	62
	10	62
	8	62
	7	63
	7	64
	7	62
	8	61
	9	61
	7	61
	8	60
	9	60
	7	60
	8	59
	9	59
	7	59
	8	58
	9	58
	7	58
	10	59
	10	60
	10	58
	9	57
	10	57
	8	57
	9	56
	10	56
	8	56
	9	55
	10	55
	8	55
	9	54
	10	54
	8	54
	11	55
	11	56
	11	54
	10	53
	11	53
	9	53
	10	52
	11	52
	9	52
	12	52
	11	51
	12	53
	12	51
	10	51
	11	50
	12	50
	10	50
	13	50
	12	49
	13	51
	13	49
	11	49
	14	49
	13	48
	14	50
	14	48
	12	48
	13	47
	14	47
	12	47
	15	47
	14	46
	15	48
	15	46
	13	46
	14	45
	15	45
	13	45
	16	45
	15	44
	16	46
	16	44
	14	44
	15	43
	16	43
	14	43
	17	44
	17	45
	17	43
	16	42
	17	42
	15	42
	16	41
	17	41
	15	41
	18	42
	18	43
	18	41
	17	40
	18	40
	16	40
	17	39
	18	39
	16	39
	19	40
	19	41
	19	39
	18	38
	19	38
	17	38
	20	39
	20	40
	20	38
	21	39
	21	40
	21	38
	22	39
	22	40
	22	38
	21	41
	22	41
	20	41
	23	40
	23	41
	23	39
	24	40
	24	41
	24	39
	23	42
	24	42
	22	42
	25	42
	24	43
	25	43
	25	41
	23	43
	26	42
	26	43
	26	41
	27	43
	26	44
	27	44
	27	42
	25	44
	28	43
	28	44
	28	42
	29	43
	29	44
	29	42
	30	43
	30	44
	30	42
	31	43
	31	44
	31	42
	32	44
	31	45
	32	45
	32	43
	30	45
	33	44
	34	44
	33	45
	33	43
	34	45
	34	43
	35	44
	35	45
	35	43
	36	44
	36	45
	36	43
	37	44
	37	45
	37	43
	38	44
	38	45
	38	43
	39	44
	39	45
	39	43
	40	44
	40	45
	40	43
	39	42
	40	42
	38	42
	41	43
	41	44
	41	42
	39	41
	40	41
	38	41
	37	42
	37	41
	38	40
	39	40
	37	40
	36	40
	37	39
	38	39
	36	41
	36	39
	35	40
	35	41
	35	39
	36	38
	37	38
	35	38
	34	38
	35	37
	36	37
	34	39
	34	37
	33	38
	33	39
	33	37
	32	37
	33	36
	34	36
	32	38
	32	36
	33	35
	34	35
	32	35
	31	36
	31	37
	31	35
	32	34
	33	34
	31	34
	30	35
	30	36
	30	34
	31	33
	32	33
	30	33
	29	34
	29	35
	29	33
	28	33
	29	32
	30	32
	28	34
	28	32
	27	32
	28	31
	29	31
	27	33
	27	31
	26	32
	26	33
	26	31
	27	30
	28	30
	26	30
	25	31
	25	32
	25	30
	24	30
	25	29
	26	29
	24	31
	24	29
	23	30
	23	31
	23	29
	24	28
	25	28
	23	28
	22	29
	22	30
	21	29
	24	27
	25	27
	25	26
	24	32
	23	32
	25	33
	24	33
	25	34
	26	34
	24	34
	26	35
	27	35
	25	35
	26	36
	27	36
	27	34
	25	36
	26	37
	27	37
	25	37
	27	38
	28	38
	26	38
	27	39
	28	39
	28	37
	26	39
	29	39
	28	40
	29	40
	29	38
	27	40
	30	40
	29	41
	30	41
	30	39
	28	41
	31	41
	31	40
	32	42
	33	42
	34	42
	35	42
	34	41
	33	41
	32	41
	33	40
	34	40
	32	40
	32	39
	31	39
	31	38
	30	38
	29	37
	30	37
	28	36
	29	36
	28	35
	36	42
	26	40
	27	41
	25	39
	25	40
	25	38
	24	38
	24	37
	23	38
	23	37
	24	36
	23	36
	22	37
	22	36
	23	35
	24	35
	22	35
	21	35
	22	34
	23	34
	21	36
	21	34
	22	33
	23	33
	21	33
	20	34
	20	35
	20	33
	21	37
	20	37
	20	36
	19	33
	18	33
	19	34
	19	32
	20	32
	18	34
	18	32
	19	30
	20	30
	18	30
	19	31
	19	29
	20	31
	20	29
	18	31
	18	29
	19	28
	18	28
	19	27
	18	27
	21	32
	22	32
	21	30
	21	31
	22	31
	20	24
	21	23
	20	23
	21	22
	22	22
	20	22
	21	21
	22	21
	20	21
	21	20
	22	20
	20	20
	21	18
	22	18
	20	18
	21	19
	21	17
	22	19
	22	17
	20	19
	20	17
	21	16
	22	16
	20	16
	21	15
	22	15
	20	15
	21	14
	22	14
	20	14
	21	13
	22	13
	20	13
	21	12
	22	12
	20	12
	21	11
	22	11
	20	11
	21	10
	22	10
	20	10
	21	9
	22	9
	20	9
	21	8
	22	8
	20	8
	19	11
	19	12
	19	10
	19	17
	18	17
	19	18
	19	16
	18	18
	18	16
	19	22
	18	22
	19	23
	19	21
	18	23
	18	21
	18	25
	19	25
	17	25
	18	26
	18	24
	19	26
	19	24
	17	26
	17	24
	17	27
	17	29
	17	30
	17	28
	17	23
	17	22
	17	21
	18	20
	19	20
	17	20
	18	19
	19	19
	17	19
	17	18
	17	17
	17	16
	18	15
	19	15
	17	15
	18	14
	19	14
	17	14
	18	13
	19	13
	17	13
	18	12
	17	12
	18	11
	17	11
	18	10
	17	10
	18	9
	19	9
	17	9
	18	8
	19	8
	17	8
	18	7
	19	7
	17	7
	18	6
	19	6
	17	6
	18	5
	19	5
	17	5
	18	4
	19	4
	17	4
	20	6
	20	7
	20	5
	22	6
	23	6
	21	6
	22	7
	22	5
	23	7
	23	5
	21	7
	21	5
	24	6
	24	7
	24	5
	27	5
	28	5
	26	5
	27	6
	27	4
	28	6
	28	4
	26	6
	26	4
	29	5
	29	6
	29	4
	30	5
	30	6
	30	4
	32	5
	33	5
	31	5
	32	6
	32	4
	33	6
	33	4
	31	6
	31	4
	34	4
	35	4
	34	5
	34	3
	35	5
	35	3
	33	3
	36	4
	37	4
	36	5
	36	3
	37	5
	37	3
	38	4
	39	4
	38	5
	38	3
	39	5
	39	3
	41	4
	42	4
	40	4
	41	5
	41	3
	42	5
	42	3
	40	5
	40	3
	44	3
	45	3
	43	3
	44	4
	44	2
	45	4
	45	2
	43	4
	43	2
	46	3
	46	4
	46	2
	47	3
	47	4
	47	2
	48	3
	49	3
	48	2
	49	2
	50	2
	49	1
	50	1
	48	1
	51	2
	51	1
	52	1
	53	0
	54	0
	52	0
	65	0
	66	0
	64	0
	67	0
	68	0
	69	0
	70	0
	71	0
	73	0
	74	0
	72	0
	73	1
	74	1
	72	1
	75	0
	76	0
	75	1
	76	1
	51	0
	50	0
	45	1
	46	1
	44	1
	45	0
	46	0
	44	0
	43	1
	42	2
	42	1
	41	2
	41	1
	40	2
	40	1
	47	1
	47	0
	48	0
	49	0
	43	0
	42	0
	41	0
	40	0
	38	1
	39	1
	37	1
	38	2
	38	0
	39	2
	39	0
	37	2
	37	0
	36	1
	36	2
	36	0
	31	2
	32	2
	30	2
	31	3
	31	1
	32	3
	32	1
	30	3
	30	1
	26	2
	27	2
	25	2
	26	3
	26	1
	27	3
	27	1
	25	3
	25	1
	24	2
	24	3
	24	1
	23	3
	22	3
	23	4
	23	2
	24	4
	22	4
	22	2
	21	3
	21	4
	21	2
	20	4
	20	3
	19	3
	18	3
	19	2
	20	2
	18	2
	19	1
	20	1
	18	1
	17	2
	17	3
	17	1
	18	0
	19	0
	17	0
	20	0
	21	0
	21	1
	22	0
	22	1
	25	0
	26	0
	24	0
	27	0
	28	0
	28	1
	29	0
	29	1
	30	0
	32	0
	33	0
	31	0
	33	1
	34	0
	34	1
	23	0
	23	1
	35	0
	35	1
	35	2
	34	2
	33	2
	29	2
	28	2
	29	3
	28	3
	23	8
	24	8
	23	9
	24	9
	23	10
	24	10
	23	11
	24	11
	23	12
	24	12
	23	13
	24	13
	23	15
	24	15
	23	16
	23	14
	24	16
	24	14
	24	17
	25	17
	23	17
	24	18
	25	18
	25	16
	23	18
	24	19
	25	19
	23	19
	24	20
	25	20
	23	20
	25	13
	25	14
	25	12
	25	7
	25	8
	25	6
	25	5
	25	4
	26	7
	25	15
	26	15
	26	16
	26	14
	26	19
	26	20
	26	18
	23	21
	25	11
	25	10
	25	9
	26	17
	27	20
	28	20
	29	20
	28	16
	29	16
	27	16
	28	17
	28	15
	29	17
	29	15
	27	17
	27	15
	28	9
	29	9
	27	9
	28	10
	28	8
	29	10
	29	8
	27	10
	27	8
	28	7
	29	7
	27	7
	28	13
	29	13
	27	13
	28	14
	28	12
	29	14
	29	12
	27	14
	27	12
	28	18
	29	18
	27	18
	28	19
	29	19
	27	19
	26	13
	26	11
	27	11
	26	12
	26	10
	26	9
	26	8
	30	14
	30	15
	30	13
	30	16
	30	12
	30	10
	29	11
	30	11
	30	9
	28	11
	30	8
	30	18
	30	19
	30	17
	30	20
	31	18
	31	17
	31	16
	31	15
	31	14
	31	13
	31	12
	31	11
	31	10
	31	9
	31	8
	30	7
	31	7
	32	7
	32	8
	33	7
	33	8
	36	6
	37	6
	35	6
	36	7
	37	7
	35	7
	38	6
	38	7
	39	6
	40	6
	43	5
	44	5
	45	5
	46	5
	43	6
	44	6
	42	6
	39	7
	40	7
	34	7
	34	8
	34	6
	35	8
	34	9
	35	9
	33	9
	34	10
	35	10
	33	10
	34	11
	35	11
	33	11
	34	12
	35	12
	33	12
	34	13
	33	13
	33	15
	34	14
	33	14
	32	15
	32	16
	32	14
	32	17
	32	12
	32	13
	32	11
	32	10
	32	9
	36	9
	36	10
	36	8
	36	11
	37	10
	37	9
	38	8
	39	8
	37	8
	38	9
	40	8
	41	8
	41	7
	42	7
	41	6
	16	38
	17	37
	18	37
	16	37
	17	36
	18	36
	16	36
	17	35
	18	35
	16	35
	17	34
	16	34
	17	33
	16	33
	17	32
	16	32
	19	37
	19	36
	19	35
	16	25
	16	26
	16	24
	16	23
	6	70
	7	69
	6	71
	6	69
	7	68
	8	68
	6	68
	7	65
	6	65
	7	66
	6	66
	6	64
	6	62
	6	63
	6	61
	6	60
	7	67
	8	67
	6	67
	5	67
	5	68
	5	66
	5	70
	4	70
	5	71
	5	69
	4	71
	4	69
	3	69
	4	68
	3	70
	3	68
	3	67
	4	67
	2	67
	3	66
	4	66
	2	68
	2	66
	1	67
	1	68
	1	66
	2	65
	3	65
	1	65
	2	64
	3	64
	1	64
	2	63
	3	63
	1	63
	2	62
	3	62
	1	62
	2	61
	3	61
	1	61
	0	64
	0	65
	0	63
	0	68
	0	69
	0	67
	1	69
	0	70
	1	70
	0	71
	1	71
	0	66
	0	72
	1	72
	0	73
	1	73
	0	62
	0	61
	0	60
	1	60
	2	72
	3	72
	2	73
	2	71
	3	73
	3	71
	2	70
	2	69
	2	60
	3	60
	2	59
	3	59
	1	59
	4	65
	4	64
	4	72
	5	72
	4	73
	5	73
	5	65
	5	64
	4	63
	5	63
	4	62
	5	62
	4	61
	5	61
	4	60
	5	60
	5	59
	6	59
	4	59
	5	58
	6	58
	4	58
	5	57
	6	57
	4	57
	5	56
	6	56
	4	56
	5	55
	6	55
	4	55
	5	54
	6	54
	4	54
	3	57
	3	58
	3	56
	2	58
	1	58
	2	57
	1	57
	2	56
	1	56
	1	55
	2	55
	0	55
	1	54
	2	54
	0	56
	0	54
	1	53
	2	53
	0	53
	1	52
	2	52
	0	52
	1	50
	2	50
	0	50
	1	51
	1	49
	2	51
	2	49
	0	51
	0	49
	0	48
	1	48
	0	47
	1	47
	0	57
	0	58
	0	59
	5	48
	6	48
	4	48
	5	49
	5	47
	6	49
	6	47
	4	49
	4	47
	7	47
	6	46
	7	48
	7	46
	5	46
	7	49
	6	50
	7	50
	5	50
	7	54
	7	55
	7	53
	8	53
	6	53
	7	57
	7	56
	8	52
	7	52
	10	47
	11	47
	9	47
	10	48
	10	46
	11	48
	11	46
	9	48
	9	46
	10	49
	9	49
	9	50
	9	51
	8	51
	8	50
	8	49
	8	48
	12	43
	13	43
	11	43
	12	44
	12	42
	13	44
	13	42
	11	44
	11	42
	14	42
	10	45
	11	45
	9	45
	8	47
	7	51
	6	52
	6	51
	5	53
	4	53
	3	54
	3	55
	3	53
	4	52
	5	52
	3	52
	4	51
	5	51
	3	51
	8	46
	12	45
	12	46
	10	44
	13	41
	14	41
	12	41
	15	40
	15	39
	14	40
	13	40
	12	40
	11	41
	8	44
	9	44
	7	44
	8	45
	8	43
	9	43
	7	45
	7	43
	6	45
	4	46
	5	45
	4	45
	3	48
	3	49
	3	47
	3	50
	3	46
	6	44
	5	44
	8	42
	9	42
	7	42
	8	41
	9	41
	7	41
	10	40
	11	40
	9	40
	10	41
	10	39
	11	39
	9	39
	12	38
	13	38
	11	38
	12	39
	12	37
	13	39
	13	37
	11	37
	17	31
	15	34
	15	35
	15	33
	14	37
	13	36
	14	38
	14	36
	12	36
	10	38
	10	43
	10	42
	14	39
	15	36
	15	37
	14	35
	15	38
	15	32
	16	31
	15	31
	16	30
	16	29
	16	28
	15	25
	15	26
	15	24
	16	27
	15	27
	14	31
	13	31
	14	32
	14	30
	15	30
	13	32
	13	30
	13	33
	14	33
	12	33
	13	34
	14	34
	12	34
	12	32
	13	35
	12	35
	11	36
	9	38
	10	37
	9	37
	8	40
	8	39
	6	41
	7	40
	6	42
	6	40
	6	43
	4	44
	5	43
	4	43
	3	45
	2	47
	2	48
	2	46
	4	50
	1	46
	0	46
	1	45
	2	45
	0	45
	1	44
	2	44
	0	44
	1	43
	2	43
	0	43
	1	42
	2	42
	0	42
	3	42
	4	42
	3	43
	3	41
	4	41
	2	41
	5	42
	5	41
	5	40
	4	40
	6	39
	7	39
	5	39
	7	38
	8	38
	6	38
	8	37
	9	36
	10	36
	8	36
	10	35
	11	35
	9	35
	10	34
	11	34
	9	34
	11	33
	10	33
	12	31
	12	30
	14	29
	15	29
	13	29
	15	28
	14	28
	12	29
	11	29
	12	28
	13	28
	11	30
	11	28
	10	31
	11	31
	9	31
	10	32
	10	30
	11	32
	9	32
	9	30
	8	32
	7	32
	8	33
	8	31
	9	33
	7	33
	7	31
	8	34
	7	34
	6	36
	7	36
	5	36
	6	37
	6	35
	7	37
	7	35
	5	37
	5	35
	4	38
	5	38
	3	38
	4	39
	4	37
	3	39
	3	37
	2	39
	3	40
	2	40
	2	38
	1	41
	1	40
	0	41
	4	36
	8	35
	12	27
	13	27
	11	27
	13	26
	14	26
	12	26
	13	25
	14	27
	14	25
	12	25
	16	22
	14	24
	13	24
	14	23
	15	23
	13	23
	12	24
	11	24
	12	23
	11	25
	11	23
	10	24
	9	24
	10	25
	10	23
	9	25
	9	23
	8	24
	7	24
	8	25
	8	23
	7	25
	7	23
	5	24
	6	24
	4	24
	5	25
	5	23
	6	25
	6	23
	4	25
	4	23
	2	25
	3	25
	1	25
	2	26
	2	24
	3	26
	3	24
	1	26
	1	24
	0	25
	0	26
	0	24
	0	29
	1	29
	0	30
	0	28
	1	30
	1	28
	1	34
	2	34
	0	34
	1	35
	1	33
	2	35
	2	33
	0	35
	0	33
	1	38
	0	38
	1	39
	1	37
	2	37
	0	39
	0	37
	0	40
	1	36
	2	36
	0	36
	1	32
	2	32
	0	32
	1	31
	2	31
	0	31
	2	30
	2	29
	2	28
	3	28
	2	27
	3	29
	3	27
	1	27
	3	30
	4	35
	3	35
	4	34
	5	34
	3	36
	3	34
	6	27
	7	27
	5	27
	6	28
	6	26
	7	28
	7	26
	5	28
	5	26
	5	30
	6	30
	4	30
	5	31
	5	29
	6	31
	6	29
	4	31
	4	29
	7	29
	7	30
	6	33
	5	33
	6	34
	6	32
	5	32
	8	30
	8	29
	9	29
	10	29
	9	28
	10	28
	8	28
	10	27
	9	27
	11	26
	10	26
	9	26
	8	26
	8	27
	4	26
	4	28
	4	27
	0	27
	3	33
	4	33
	4	32
	3	32
	3	31
	0	23
	1	23
	2	23
	3	23
	5	22
	6	22
	4	22
	3	22
	2	22
	1	22
	0	22
	7	22
	9	22
	10	22
	8	22
	12	22
	13	22
	11	22
	14	22
	15	22
	15	21
	16	21
	14	21
	13	21
	12	21
	11	21
	10	21
	9	21
	8	21
	7	21
	5	21
	6	21
	4	21
	3	21
	2	21
	1	21
	0	21
	3	44
	80	42
	81	42
	79	42
	80	41
	81	41
	79	41
	78	42
	78	41
	79	40
	80	40
	79	39
	80	39
	79	38
	80	38
	79	37
	80	37
	82	42
	86	43
	87	43
	86	42
	87	42
	85	42
	90	44
	91	44
	89	44
	90	45
	90	43
	91	45
	91	43
	89	45
	89	43
	92	44
	93	44
	92	45
	92	43
	93	45
	93	43
	95	44
	96	44
	94	44
	95	45
	95	43
	96	45
	96	43
	94	45
	94	43
	97	44
	97	45
	97	43
	88	44
	88	45
	88	43
	86	41
	87	41
	85	41
	84	42
	84	41
	90	46
	91	46
	89	46
	92	46
	93	46
	94	46
	95	46
	95	42
	96	42
	94	42
	95	41
	96	41
	94	41
	95	40
	96	40
	94	40
	95	39
	96	39
	94	39
	95	38
	96	38
	94	38
	95	37
	96	37
	94	37
	95	36
	96	36
	94	36
	95	35
	96	35
	94	35
	95	34
	96	34
	94	34
	95	33
	96	33
	94	33
	95	32
	96	32
	94	32
	95	31
	96	31
	94	31
	95	30
	96	30
	94	30
	95	29
	96	29
	94	29
	95	28
	96	28
	94	28
	95	27
	96	27
	94	27
	95	26
	96	26
	94	26
	95	25
	96	25
	94	25
	95	24
	96	24
	94	24
	95	22
	96	22
	94	22
	95	23
	95	21
	96	23
	96	21
	94	23
	94	21
	95	20
	96	20
	94	20
	95	19
	96	19
	94	19
	95	18
	96	18
	94	18
	95	17
	96	17
	94	17
	95	16
	96	16
	94	16
	97	16
	96	15
	97	17
	97	15
	95	15
	96	14
	97	14
	95	14
	96	13
	97	13
	95	13
	96	12
	97	12
	95	12
	96	11
	97	11
	95	11
	96	10
	97	10
	95	10
	96	9
	97	9
	95	9
	96	8
	97	8
	95	8
	96	7
	97	7
	95	7
	96	6
	97	6
	95	6
	96	5
	97	5
	95	5
	96	4
	97	4
	95	4
	95	3
	96	3
	94	3
	95	2
	96	2
	94	4
	94	2
	95	1
	96	1
	94	1
	95	0
	96	0
	94	0
	97	46
	98	46
	96	46
	97	47
	98	47
	98	45
	96	47
	98	44
	98	43
	97	42
	98	42
	97	41
	98	41
	97	40
	98	40
	97	39
	98	39
	97	38
	98	38
	97	37
	98	37
	97	36
	98	36
	97	35
	98	35
	97	34
	98	34
	97	33
	98	33
	97	32
	98	32
	97	31
	98	31
	97	30
	98	30
	97	29
	98	29
	97	28
	98	28
	97	27
	98	27
	97	26
	98	26
	97	25
	98	25
	97	24
	98	24
	97	23
	98	23
	97	22
	98	22
	97	21
	98	21
	97	20
	98	20
	97	19
	98	19
	97	18
	98	18
	98	17
	98	16
	98	15
	98	14
	98	13
	98	12
	98	11
	98	10
	98	9
	98	8
	98	7
	98	6
	98	5
	98	4
	97	3
	98	3
	97	2
	98	2
	97	1
	98	1
	97	0
	98	0
	92	41
	93	41
	91	41
	92	42
	92	40
	93	42
	93	40
	91	42
	91	40
	92	38
	93	38
	91	38
	92	39
	92	37
	93	39
	93	37
	91	39
	91	37
	92	34
	93	34
	91	34
	92	35
	92	33
	93	35
	93	33
	91	35
	91	33
	92	26
	93	26
	91	26
	92	27
	92	25
	93	27
	93	25
	91	27
	91	25
	92	21
	93	21
	91	21
	92	22
	92	20
	93	22
	93	20
	91	22
	91	20
	92	18
	93	18
	91	18
	92	19
	92	17
	93	19
	93	17
	91	19
	91	17
	92	15
	93	15
	91	15
	92	16
	92	14
	93	16
	93	14
	91	16
	91	14
	92	12
	93	12
	91	12
	92	13
	92	11
	93	13
	93	11
	91	13
	91	11
	92	10
	93	10
	91	10
	92	9
	93	9
	91	9
	92	8
	93	8
	91	8
	92	7
	93	7
	91	7
	92	6
	93	6
	91	6
	92	5
	93	5
	91	5
	92	4
	93	4
	91	4
	92	3
	93	3
	91	3
	92	2
	93	2
	91	2
	93	1
	92	1
	93	0
	92	0
	94	5
	94	6
	94	10
	94	11
	94	9
	94	15
	94	14
	94	13
	94	12
	94	7
	94	8
	83	4
	84	4
	82	4
	83	5
	83	3
	84	5
	84	3
	82	5
	82	3
	81	4
	81	5
	81	3
	84	9
	85	9
	83	9
	84	10
	84	8
	85	10
	85	8
	83	10
	83	8
	85	15
	86	15
	84	15
	85	16
	85	14
	86	16
	86	14
	84	16
	84	14
	84	13
	85	13
	83	13
	84	12
	85	12
	83	14
	83	12
	80	4
	80	5
	80	3
	82	6
	83	6
	81	6
	84	11
	85	11
	83	11
	86	11
	86	12
	86	10
	86	8
	85	7
	86	9
	86	7
	84	7
	85	5
	84	6
	85	6
	85	4
	83	7
	79	5
	78	5
	79	6
	79	4
	80	6
	78	4
	82	9
	82	10
	82	8
	82	12
	82	13
	82	11
	81	10
	81	9
	81	8
	80	8
	81	7
	82	7
	80	9
	80	7
	79	7
	79	8
	77	4
	76	4
	76	3
	77	3
	75	3
	73	2
	74	2
	78	3
	77	2
	78	2
	76	2
	79	2
	80	2
	79	3
	79	1
	80	1
	78	1
	81	2
	82	2
	81	1
	82	1
	84	2
	85	2
	83	2
	84	1
	85	3
	85	1
	83	1
	86	2
	87	2
	86	3
	86	1
	87	3
	87	1
	77	1
	78	0
	79	0
	77	0
	75	2
	83	0
	84	0
	82	0
	87	0
	88	0
	86	0
	88	1
	90	0
	91	0
	89	0
	90	1
	91	1
	89	1
	81	0
	88	2
	88	3
	89	3
	88	4
	89	4
	89	2
	87	4
	90	4
	89	5
	90	5
	90	3
	88	5
	90	2
	85	0
	80	0
	89	6
	90	6
	88	6
	89	9
	90	9
	88	9
	89	10
	89	8
	90	10
	90	8
	88	10
	88	8
	89	11
	90	11
	88	11
	89	7
	90	7
	88	7
	87	10
	87	11
	87	9
	87	8
	87	7
	86	5
	87	5
	86	6
	86	4
	87	6
	87	12
	86	13
	87	13
	88	12
	89	12
	88	13
	89	13
	88	16
	89	16
	87	16
	88	17
	88	15
	89	17
	89	15
	87	17
	87	15
	90	13
	89	14
	90	14
	90	12
	88	14
	90	16
	90	17
	90	15
	90	18
	89	18
	90	22
	89	22
	90	23
	90	21
	91	23
	89	23
	89	21
	89	19
	90	19
	88	19
	89	20
	90	20
	88	20
	88	18
	89	28
	90	28
	88	28
	89	29
	89	27
	90	29
	90	27
	88	29
	88	27
	89	30
	90	30
	88	30
	91	29
	91	30
	91	28
	90	26
	89	26
	92	29
	92	30
	92	28
	90	34
	90	35
	90	33
	92	36
	93	36
	91	36
	93	29
	93	30
	93	28
	92	24
	93	24
	91	24
	92	23
	93	23
	93	31
	92	31
	93	32
	92	32
	91	31
	91	32
	90	37
	90	38
	90	36
	90	41
	90	42
	90	40
	90	39
	89	39
	89	40
	89	38
	89	37
	89	35
	89	36
	89	34
	89	33
	90	32
	89	32
	90	31
	89	31
	90	25
	89	25
	90	24
	89	24
	88	25
	88	26
	88	24
	88	32
	87	32
	88	33
	88	31
	87	33
	87	31
	88	38
	87	38
	88	39
	88	37
	87	39
	87	37
	88	40
	87	40
	88	41
	89	41
	88	42
	89	42
	88	36
	87	36
	88	35
	87	35
	88	34
	87	34
	87	29
	86	29
	87	30
	87	28
	86	30
	86	28
	87	27
	86	27
	87	26
	86	26
	87	24
	87	25
	87	23
	87	21
	87	22
	87	20
	86	19
	87	19
	86	18
	87	18
	85	27
	84	27
	85	28
	84	28
	84	34
	85	34
	83	34
	84	35
	84	33
	85	35
	85	33
	83	35
	83	33
	84	37
	85	37
	83	37
	84	38
	84	36
	85	38
	85	36
	83	38
	83	36
	83	40
	84	40
	82	40
	83	41
	83	39
	84	39
	82	41
	82	39
	83	42
	82	38
	82	37
	81	37
	82	36
	81	38
	81	36
	82	35
	81	35
	82	34
	81	34
	82	33
	81	33
	82	32
	83	32
	82	31
	81	39
	81	40
	80	36
	80	35
	84	32
	85	32
	86	37
	86	38
	86	36
	85	39
	86	39
	85	40
	86	40
	88	23
	88	22
	88	21
	86	17
	85	17
	87	14
	86	32
	85	31
	86	33
	86	31
	84	31
	83	31
	84	30
	85	30
	83	30
	84	29
	85	29
	86	35
	86	34
	97	48
	98	48
	96	48
	97	49
	98	49
	96	49
	97	50
	98	50
	96	50
	97	51
	98	51
	96	51
	97	52
	98	52
	96	52
	97	53
	98	53
	96	53
	97	54
	98	54
	96	54
	97	55
	98	55
	96	55
	97	56
	98	56
	96	56
	97	57
	98	57
	96	57
	97	58
	98	58
	96	58
	97	59
	98	59
	96	59
	95	59
	96	60
	97	60
	95	60
	95	58
	96	61
	97	61
	95	61
	96	62
	97	62
	95	62
	96	63
	97	63
	95	63
	96	64
	97	64
	95	64
	96	65
	97	65
	95	65
	96	66
	97	66
	95	66
	96	67
	97	67
	95	67
	96	68
	97	68
	95	68
	96	69
	97	69
	95	69
	96	70
	97	70
	95	70
	96	71
	97	71
	95	71
	96	72
	97	72
	95	72
	98	72
	97	73
	98	73
	98	71
	96	73
	97	74
	98	74
	96	74
	97	75
	98	75
	96	75
	97	76
	98	76
	96	76
	97	77
	98	77
	96	77
	97	78
	98	78
	96	78
	97	79
	98	79
	96	79
	98	80
	71	113
	97	80
	98	81
	71	115
	72	115
	97	81
	98	82
	70	114
	97	82
	98	83
	72	114
	97	83
	98	85
	65	113
	97	85
	98	86
	98	84
	65	115
	71	114
	97	86
	97	84
	98	87
	65	114
	97	87
	98	88
	64	113
	97	88
	98	89
	64	115
	97	89
	98	90
	64	114
	97	90
	98	91
	63	113
	97	91
	98	92
	63	115
	97	92
	98	93
	63	114
	97	93
	98	94
	60	113
	97	94
	98	95
	60	115
	97	95
	62	114
	62	113
	97	96
	61	113
	62	115
	97	97
	60	114
	61	115
	97	98
	55	114
	61	114
	97	99
	57	114
	55	116
	97	100
	56	114
	57	116
	97	101
	55	115
	56	116
	97	102
	56	115
	57	115
	97	103
	54	115
	54	116
	97	104
	52	115
	53	115
	97	106
	50	116
	52	116
	51	116
	53	116
	97	107
	97	105
	98	108
	49	116
	97	108
	70	113
	72	113
	74	113
	73	113
	70	115
	73	114
	73	112
	74	114
	74	112
	72	112
	76	113
	98	70
	77	113
	98	69
	75	113
	98	68
	98	67
	98	66
	98	65
	98	64
	98	63
	98	62
	98	61
	98	60
	76	114
	76	112
	77	114
	77	112
	75	114
	75	112
	59	114
	59	115
	59	113
	58	115
	59	116
	60	116
	58	116
	58	114
	58	117
	59	117
	57	117
	66	115
	65	116
	66	116
	66	114
	64	116
	69	114
	69	115
	69	113
	73	115
	74	115
	75	115
	78	114
	79	114
	78	115
	78	113
	79	115
	79	113
	77	115
	83	113
	84	113
	82	113
	83	114
	83	112
	84	114
	84	112
	82	114
	82	112
	85	113
	86	113
	85	114
	85	112
	86	114
	86	112
	87	112
	88	112
	87	113
	87	111
	88	113
	88	111
	86	111
	89	112
	89	113
	89	111
	90	112
	90	113
	90	111
	91	112
	91	113
	91	111
	92	112
	93	112
	92	113
	92	111
	93	113
	93	111
	93	109
	94	109
	92	109
	93	110
	93	108
	94	110
	94	108
	92	110
	92	108
	94	107
	95	107
	93	107
	94	106
	95	108
	95	106
	93	106
	94	105
	95	105
	93	105
	94	103
	95	103
	93	103
	94	104
	94	102
	95	104
	95	102
	93	104
	93	102
	94	101
	95	101
	93	101
	94	100
	95	100
	93	100
	95	99
	96	99
	94	99
	95	98
	96	100
	96	98
	94	98
	96	101
	96	102
	96	103
	96	104
	96	105
	96	106
	96	107
	96	97
	95	97
	96	96
	95	96
	96	95
	95	95
	96	94
	95	94
	96	93
	95	93
	96	92
	95	92
	96	91
	95	91
	96	90
	95	90
	96	89
	95	89
	96	88
	95	88
	96	87
	95	87
	95	86
	96	86
	94	86
	95	85
	96	85
	94	87
	94	85
	95	84
	96	84
	94	84
	95	83
	96	83
	94	83
	95	82
	96	82
	94	82
	95	81
	96	81
	94	81
	95	80
	96	80
	94	80
	94	79
	95	79
	93	79
	94	78
	95	78
	93	80
	93	78
	94	76
	95	76
	93	76
	94	77
	94	75
	95	77
	95	75
	93	77
	93	75
	94	74
	95	74
	93	74
	94	73
	95	73
	93	73
	94	71
	93	71
	94	72
	94	70
	93	72
	93	70
	94	67
	93	67
	94	68
	94	66
	93	68
	93	66
	94	65
	93	65
	94	64
	93	64
	94	62
	93	62
	94	63
	94	61
	93	63
	93	61
	94	60
	93	60
	94	59
	93	59
	94	58
	93	58
	94	56
	95	56
	93	56
	94	57
	94	55
	95	57
	95	55
	93	57
	93	55
	94	54
	95	54
	93	54
	94	53
	95	53
	93	53
	94	52
	95	52
	93	52
	94	51
	95	51
	93	51
	94	49
	95	49
	93	49
	94	50
	94	48
	95	50
	95	48
	93	50
	93	48
	94	47
	95	47
	93	47
	92	47
	92	55
	91	55
	92	56
	92	54
	91	56
	91	54
	91	51
	92	51
	90	51
	91	52
	91	50
	92	52
	92	50
	90	52
	90	50
	90	49
	91	49
	89	49
	90	48
	91	48
	89	50
	89	48
	90	47
	91	47
	89	47
	92	53
	91	53
	92	58
	91	58
	92	59
	92	57
	91	59
	91	57
	90	54
	90	55
	90	53
	91	65
	92	65
	90	65
	91	66
	91	64
	92	66
	92	64
	90	66
	90	64
	90	63
	91	63
	89	63
	90	62
	91	62
	89	64
	89	62
	87	65
	88	65
	86	65
	87	66
	87	64
	88	66
	88	64
	86	66
	86	64
	84	70
	85	70
	83	70
	84	71
	84	69
	85	71
	85	69
	83	71
	83	69
	83	73
	84	73
	83	72
	84	72
	82	72
	81	72
	77	74
	76	74
	72	70
	73	70
	71	70
	71	69
	72	69
	72	68
	73	69
	73	68
	74	69
	75	69
	74	70
	74	68
	75	70
	75	68
	76	69
	76	70
	76	68
	77	69
	78	69
	77	70
	77	68
	78	70
	78	68
	75	67
	76	67
	74	67
	73	67
	74	66
	75	66
	73	66
	72	66
	73	65
	74	65
	72	67
	72	65
	72	64
	73	64
	72	63
	73	63
	72	62
	72	61
	72	60
	72	59
	71	58
	72	58
	73	59
	73	60
	73	58
	76	59
	75	59
	76	60
	77	60
	75	60
	78	60
	79	60
	80	60
	83	59
	84	59
	83	60
	84	60
	82	60
	86	58
	87	58
	85	58
	86	59
	87	59
	87	57
	85	59
	88	58
	89	58
	88	59
	88	57
	89	59
	89	57
	81	60
	80	61
	81	61
	79	61
	78	61
	77	61
	76	61
	75	61
	74	61
	75	62
	76	62
	74	62
	74	60
	73	61
	73	62
	74	63
	75	63
	76	63
	75	64
	76	64
	74	64
	77	63
	77	64
	77	62
	80	64
	81	64
	79	64
	80	65
	80	63
	81	65
	81	63
	79	65
	79	63
	82	64
	83	64
	82	65
	82	63
	83	65
	83	63
	84	64
	84	65
	84	63
	85	64
	86	63
	87	63
	85	65
	85	63
	85	66
	81	70
	82	70
	80	70
	81	71
	81	69
	82	71
	82	69
	80	71
	80	69
	79	70
	79	69
	79	68
	78	67
	79	67
	77	67
	78	66
	79	66
	77	66
	76	66
	76	65
	77	65
	75	65
	74	59
	74	58
	78	62
	79	62
	80	62
	81	62
	82	62
	78	65
	80	66
	78	64
	78	63
	81	66
	83	66
	84	66
	82	66
	85	62
	86	62
	84	62
	85	61
	86	61
	84	61
	85	60
	86	60
	83	62
	83	61
	82	61
	91	61
	92	61
	90	61
	91	60
	92	62
	92	60
	90	60
	90	57
	89	56
	90	58
	90	56
	88	56
	89	55
	89	54
	88	63
	88	60
	89	60
	87	60
	89	65
	90	59
	89	61
	89	66
	88	61
	87	61
	87	62
	88	62
	92	63
	89	53
	89	52
	89	51
	92	48
	92	49
	92	67
	94	69
	93	69
	92	78
	92	79
	92	77
	91	79
	92	80
	91	80
	91	78
	90	78
	89	78
	90	79
	90	77
	91	77
	89	77
	90	76
	91	76
	89	76
	88	76
	89	75
	90	75
	88	77
	88	75
	87	74
	88	74
	86	74
	87	75
	87	73
	88	73
	86	75
	86	73
	85	73
	85	74
	85	72
	86	77
	86	76
	88	78
	87	77
	87	76
	82	68
	83	68
	81	68
	80	68
	80	67
	81	67
	82	67
	83	67
	86	68
	87	68
	85	68
	86	69
	86	67
	87	69
	87	67
	85	67
	88	67
	88	68
	89	67
	90	67
	89	68
	90	68
	91	67
	91	68
	92	68
	92	69
	91	69
	92	70
	91	70
	92	72
	91	72
	92	73
	92	71
	91	73
	91	71
	92	74
	91	74
	92	75
	91	75
	92	76
	90	73
	90	74
	90	72
	90	71
	90	70
	90	69
	89	69
	89	74
	89	73
	88	72
	89	72
	87	72
	88	71
	89	71
	87	71
	88	70
	89	70
	87	70
	88	69
	86	70
	86	72
	86	71
	84	68
	84	67
	92	82
	92	83
	92	81
	92	84
	92	88
	93	88
	91	88
	92	89
	92	87
	93	89
	93	87
	91	89
	91	87
	93	90
	94	90
	92	90
	93	91
	94	91
	94	89
	92	91
	93	93
	94	93
	92	93
	93	94
	93	92
	94	94
	94	92
	92	94
	92	92
	94	96
	93	96
	94	97
	94	95
	93	97
	93	95
	93	98
	93	99
	58	113
	59	112
	66	112
	67	112
	65	112
	66	113
	66	111
	67	113
	67	111
	65	111
	68	112
	69	112
	68	113
	68	111
	69	111
	70	112
	70	111
	71	112
	72	111
	73	111
	71	111
	74	111
	75	111
	44	114
	45	114
	43	114
	44	115
	44	113
	45	115
	45	113
	43	115
	43	113
	42	114
	41	114
	42	115
	42	113
	41	115
	41	113
	40	114
	40	115
	40	113
	29	114
	30	114
	28	114
	29	115
	29	113
	30	115
	30	113
	28	115
	28	113
	27	114
	26	114
	27	115
	27	113
	26	115
	26	113
	21	113
	22	113
	20	113
	21	114
	21	112
	22	114
	22	112
	20	114
	20	112
	19	113
	19	114
	19	112
	12	113
	13	113
	11	113
	12	114
	12	112
	13	114
	13	112
	11	114
	11	112
	46	130
	47	130
	45	130
	46	131
	46	129
	47	131
	47	129
	45	131
	45	129
	55	130
	56	130
	54	130
	55	131
	55	129
	56	131
	56	129
	54	131
	54	129
	61	130
	62	130
	60	130
	61	131
	61	129
	62	131
	62	129
	60	131
	60	129
	63	130
	63	131
	63	129
	61	132
	62	132
	60	132
	59	131
	59	132
	59	130
	55	132
	56	132
	54	132
	53	131
	53	132
	53	130
	52	131
	52	132
	52	130
	50	131
	51	131
	49	131
	50	132
	50	130
	51	132
	51	130
	49	132
	49	130
	50	129
	51	129
	49	129
	48	130
	48	131
	48	129
	57	130
	58	130
	57	131
	57	129
	58	131
	58	129
	58	132
	57	132
	59	129
	58	127
	59	127
	57	127
	58	128
	58	126
	59	128
	59	126
	57	128
	57	126
	58	125
	59	125
	57	125
	58	123
	59	123
	57	123
	58	124
	58	122
	59	124
	59	122
	57	124
	57	122
	58	121
	59	121
	57	121
	58	120
	59	120
	57	120
	58	119
	59	119
	57	119
	58	118
	59	118
	57	118
	54	125
	55	125
	53	125
	54	126
	54	124
	55	126
	55	124
	53	126
	53	124
	54	122
	55	122
	53	122
	54	123
	54	121
	55	123
	55	121
	53	123
	53	121
	54	118
	55	118
	53	118
	54	119
	54	117
	55	119
	55	117
	53	119
	53	117
	43	130
	44	130
	42	130
	43	131
	43	129
	44	131
	44	129
	42	131
	42	129
	43	132
	44	132
	42	132
	44	127
	45	127
	43	127
	44	128
	44	126
	45	128
	45	126
	43	128
	43	126
	44	122
	45	122
	43	122
	44	123
	44	121
	45	123
	45	121
	43	123
	43	121
	44	120
	45	120
	43	120
	44	119
	45	119
	43	119
	44	118
	45	118
	43	118
	44	117
	45	117
	43	117
	44	116
	45	116
	43	116
	44	112
	45	112
	43	112
	41	131
	41	132
	41	130
	40	126
	41	126
	39	126
	40	127
	40	125
	41	127
	41	125
	39	127
	39	125
	40	124
	41	124
	39	124
	40	123
	41	123
	39	123
	40	122
	41	122
	39	122
	40	121
	41	121
	39	121
	39	118
	40	118
	38	118
	39	119
	39	117
	40	119
	40	117
	38	119
	38	117
	39	114
	38	114
	39	115
	39	113
	38	115
	38	113
	38	111
	39	111
	37	111
	38	112
	38	110
	39	112
	39	110
	37	112
	37	110
	38	108
	39	108
	37	108
	38	109
	38	107
	39	109
	39	107
	37	109
	37	107
	0	94
	1	94
	0	95
	0	93
	1	95
	1	93
	5	94
	6	94
	4	94
	5	95
	5	93
	6	95
	6	93
	4	95
	4	93
	7	94
	7	95
	7	93
	11	94
	12	94
	10	94
	11	95
	11	93
	12	95
	12	93
	10	95
	10	93
	17	93
	18	93
	16	93
	17	94
	17	92
	18	94
	18	92
	16	94
	16	92
	19	93
	19	94
	19	92
	21	93
	22	93
	20	93
	21	94
	21	92
	22	94
	22	92
	20	94
	20	92
	23	93
	24	93
	23	94
	23	92
	24	94
	24	92
	27	93
	28	93
	26	93
	27	94
	27	92
	28	94
	28	92
	26	94
	26	92
	29	93
	29	94
	29	92
	28	95
	29	95
	27	95
	28	96
	29	96
	27	96
	14	112
	13	111
	14	113
	14	111
	12	111
	13	110
	14	110
	12	110
	13	108
	14	108
	12	108
	13	109
	13	107
	14	109
	14	107
	12	109
	12	107
	13	106
	14	106
	12	106
	13	105
	14	105
	12	105
	13	102
	14	102
	12	102
	13	103
	13	101
	14	103
	14	101
	12	103
	12	101
	13	100
	14	100
	12	100
	13	99
	14	99
	12	99
	13	98
	14	98
	12	98
	13	97
	14	97
	12	97
	13	96
	14	96
	12	96
	13	95
	14	95
	13	94
	14	94
	17	112
	18	112
	16	112
	17	113
	17	111
	18	113
	18	111
	16	113
	16	111
	19	111
	25	112
	26	112
	24	112
	25	113
	25	111
	26	111
	24	113
	24	111
	29	112
	30	112
	28	112
	31	113
	32	113
	31	114
	31	112
	32	114
	32	112
	34	113
	35	113
	33	113
	34	114
	34	112
	35	114
	35	112
	33	114
	33	112
	36	113
	36	114
	36	112
	37	113
	37	114
	40	112
	40	132
	41	133
	42	133
	40	133
	40	131
	42	126
	42	127
	42	125
	42	124
	42	123
	42	128
	41	128
	43	125
	43	124
	52	129
	51	128
	52	128
	50	128
	48	127
	49	127
	47	127
	48	128
	48	126
	49	128
	49	126
	47	128
	47	126
	46	126
	46	127
	46	125
	47	125
	45	125
	46	128
	44	125
	45	124
	46	124
	44	124
	46	123
	50	127
	50	126
	48	125
	47	124
	48	124
	49	125
	49	124
	54	127
	55	127
	53	127
	54	128
	55	128
	53	128
	56	128
	56	127
	56	126
	52	125
	51	125
	52	126
	52	124
	51	126
	51	124
	50	125
	50	124
	53	129
	42	122
	52	127
	51	127
	48	121
	49	121
	47	121
	48	122
	48	120
	49	122
	49	120
	47	122
	47	120
	46	120
	47	119
	48	119
	46	121
	46	119
	50	122
	49	123
	50	123
	50	121
	48	123
	51	123
	52	123
	51	122
	52	122
	50	120
	52	121
	51	121
	51	120
	50	119
	51	119
	49	119
	46	122
	47	123
	46	118
	47	118
	46	117
	48	118
	49	118
	48	117
	49	117
	47	117
	50	118
	50	117
	51	118
	51	117
	52	120
	52	119
	52	118
	53	120
	54	120
	52	117
	55	120
	56	118
	56	119
	56	117
	56	125
	56	124
	56	123
	56	122
	56	121
	56	120
	55	110
	53	110
	54	110
	52	110
	53	109
	54	109
	52	111
	52	109
	51	110
	50	110
	51	111
	51	109
	50	111
	50	109
	49	108
	50	108
	48	108
	49	109
	49	107
	50	107
	48	109
	48	107
	47	107
	48	106
	47	108
	47	106
	46	107
	45	107
	46	108
	46	106
	45	108
	45	106
	47	109
	49	110
	48	110
	51	108
	52	108
	44	108
	43	108
	44	109
	44	107
	45	109
	43	109
	43	107
	49	112
	48	112
	49	111
	48	111
	46	109
	43	106
	44	106
	42	106
	43	105
	44	105
	42	107
	42	105
	45	110
	46	110
	44	110
	46	111
	47	111
	45	111
	46	112
	47	112
	47	110
	44	111
	42	108
	42	109
	41	106
	40	106
	41	107
	41	105
	40	107
	40	105
	40	104
	41	104
	39	104
	40	103
	41	103
	39	105
	39	103
	39	102
	40	102
	38	102
	38	103
	38	101
	41	111
	42	111
	40	111
	41	112
	41	110
	42	112
	42	110
	40	110
	38	106
	39	106
	37	106
	37	105
	38	105
	36	105
	37	104
	38	104
	36	106
	36	104
	35	104
	36	103
	37	103
	35	105
	35	103
	36	107
	36	108
	37	115
	34	107
	35	107
	33	107
	34	108
	34	106
	35	108
	35	106
	33	108
	33	106
	34	105
	33	105
	34	104
	33	104
	34	103
	33	103
	43	110
	43	111
	41	109
	36	102
	37	102
	35	102
	40	109
	40	108
	41	108
	42	104
	43	104
	42	103
	44	104
	46	105
	45	105
	32	104
	31	104
	32	105
	32	103
	31	105
	31	103
	30	103
	31	102
	32	102
	30	104
	30	102
	32	107
	31	107
	32	108
	32	106
	31	108
	31	106
	32	109
	33	109
	31	109
	35	109
	36	109
	34	109
	35	110
	36	110
	34	110
	35	111
	36	111
	34	111
	32	110
	33	110
	31	110
	32	111
	33	111
	31	111
	30	110
	29	110
	30	111
	30	109
	29	111
	29	109
	27	109
	28	109
	26	109
	27	110
	27	108
	28	110
	28	108
	26	110
	26	108
	30	108
	28	111
	27	111
	23	110
	24	110
	22	110
	23	111
	23	109
	24	109
	22	111
	22	109
	21	110
	20	110
	21	111
	21	109
	20	111
	20	109
	23	112
	25	110
	27	112
	23	113
	17	114
	18	114
	16	114
	15	113
	15	114
	15	112
	14	114
	25	114
	41	120
	42	120
	40	120
	41	119
	42	121
	42	119
	41	118
	42	118
	41	117
	42	117
	41	116
	42	116
	40	116
	39	120
	38	120
	38	121
	39	116
	38	116
	37	116
	37	120
	37	121
	37	119
	38	122
	37	122
	38	124
	37	124
	38	125
	38	123
	37	125
	37	123
	38	126
	37	126
	38	127
	37	127
	38	128
	39	128
	37	128
	38	129
	39	129
	37	129
	37	118
	37	117
	36	126
	36	127
	36	125
	36	128
	36	129
	37	130
	38	130
	36	130
	37	131
	38	131
	36	131
	37	132
	38	132
	36	132
	37	133
	38	133
	36	133
	39	132
	39	133
	39	131
	45	132
	44	133
	45	133
	43	133
	48	132
	47	132
	48	133
	49	133
	47	133
	50	133
	51	133
	52	133
	53	133
	55	133
	56	133
	54	133
	57	133
	46	132
	46	133
	41	129
	40	128
	40	129
	39	130
	40	130
	36	124
	36	123
	36	122
	36	121
	36	120
	36	119
	36	118
	36	117
	36	116
	35	116
	36	115
	35	117
	35	115
	56	134
	57	134
	55	134
	60	133
	61	133
	59	133
	60	134
	61	134
	59	134
	62	133
	62	134
	63	133
	64	133
	63	134
	63	132
	64	134
	64	132
	58	133
	58	134
	34	102
	33	102
	34	101
	35	101
	33	101
	32	98
	33	98
	31	98
	32	99
	32	97
	33	99
	33	97
	31	99
	31	97
	32	96
	33	96
	31	96
	37	101
	37	100
	36	101
	34	100
	35	100
	33	100
	32	100
	34	99
	32	101
	34	98
	35	99
	35	98
	36	100
	34	97
	35	97
	34	96
	35	96
	33	95
	32	95
	36	99
	31	95
	32	94
	31	94
	30	93
	31	93
	30	94
	30	92
	31	92
	27	91
	28	91
	26	91
	27	90
	28	90
	26	90
	29	91
	30	91
	29	90
	29	89
	28	89
	27	89
	27	88
	27	87
	32	93
	26	87
	25	87
	26	88
	26	86
	25	88
	25	86
	23	85
	24	85
	22	85
	23	86
	23	84
	24	86
	24	84
	22	86
	22	84
	22	83
	23	83
	21	83
	22	82
	23	82
	21	84
	21	82
	21	85
	25	90
	26	89
	25	91
	25	89
	25	85
	24	87
	24	83
	24	82
	23	81
	22	81
	22	80
	20	80
	21	80
	19	80
	20	81
	20	79
	21	81
	21	79
	19	81
	19	79
	18	79
	19	78
	20	78
	18	80
	18	78
	19	77
	18	77
	17	78
	17	79
	17	77
	16	77
	17	76
	18	76
	16	78
	16	76
	13	75
	14	75
	12	75
	13	76
	13	74
	14	76
	12	76
	12	74
	11	74
	10	74
	11	75
	10	75
	9	74
	8	73
	15	75
	16	75
	17	75
	15	76
	11	76
	9	75
	8	74
	6	72
	7	73
	6	73
	7	74
	6	74
	10	76
	9	76
	12	77
	13	77
	11	77
	15	77
	14	77
	15	78
	14	78
	16	79
	15	79
	20	82
	17	80
	30	95
	24	88
	24	89
	21	86
	16	80
	17	81
	18	81
	16	81
	15	80
	15	81
	20	86
	21	87
	22	87
	20	87
	20	85
	25	93
	25	94
	25	92
	24	91
	24	90
	23	89
	22	89
	23	90
	23	88
	22	90
	22	88
	23	87
	21	88
	19	83
	20	83
	18	83
	19	84
	19	82
	20	84
	18	84
	18	82
	17	82
	17	83
	14	79
	14	80
	16	82
	15	82
	17	84
	13	78
	12	78
	13	79
	12	79
	10	77
	11	78
	10	78
	9	77
	8	75
	7	75
	8	76
	7	76
	6	75
	11	79
	30	98
	29	98
	30	99
	30	97
	29	99
	29	97
	30	96
	28	97
	23	91
	22	91
	26	95
	25	95
	28	99
	29	100
	30	100
	28	100
	28	98
	31	101
	30	101
	31	100
	27	99
	27	100
	27	98
	27	97
	26	97
	25	97
	26	98
	26	96
	25	98
	25	96
	24	95
	24	96
	23	95
	21	91
	20	91
	21	90
	20	90
	20	89
	21	89
	19	89
	20	88
	19	90
	19	88
	18	88
	19	87
	18	89
	18	87
	17	87
	16	87
	17	88
	17	86
	18	86
	16	88
	16	86
	15	86
	14	86
	15	87
	15	85
	16	85
	14	87
	14	85
	13	85
	14	84
	15	84
	13	86
	13	84
	11	82
	12	82
	10	82
	11	83
	11	81
	12	83
	12	81
	10	83
	10	81
	9	82
	9	83
	9	81
	10	80
	11	80
	9	80
	8	81
	8	82
	8	80
	12	80
	19	86
	19	85
	15	83
	16	83
	14	83
	16	84
	14	82
	13	82
	14	81
	13	83
	13	81
	13	80
	18	85
	10	79
	9	79
	9	78
	17	85
	7	81
	7	82
	7	80
	7	79
	8	79
	6	79
	7	78
	8	78
	6	80
	6	78
	5	78
	6	77
	7	77
	5	79
	5	77
	5	75
	6	76
	5	76
	5	74
	8	77
	29	101
	29	102
	60	111
	60	112
	62	111
	63	111
	61	111
	62	112
	62	110
	63	112
	63	110
	61	112
	61	110
	64	111
	64	112
	64	110
	69	110
	70	110
	68	110
	71	110
	78	111
	79	111
	77	111
	78	112
	78	110
	79	112
	79	110
	77	110
	80	111
	80	112
	80	110
	81	112
	80	113
	81	113
	81	111
	82	111
	83	111
	84	111
	85	111
	85	110
	86	110
	84	110
	85	109
	86	109
	84	109
	87	109
	88	109
	87	110
	87	108
	88	110
	88	108
	86	108
	89	109
	90	109
	89	110
	89	108
	90	110
	90	108
	91	108
	91	109
	91	107
	92	107
	90	107
	92	106
	91	106
	91	110
	92	105
	91	105
	92	104
	92	103
	92	102
	92	101
	92	100
	92	97
	92	98
	92	96
	92	95
	94	88
	93	86
	92	86
	93	85
	92	85
	93	84
	93	83
	93	82
	93	81
	91	85
	90	85
	91	86
	90	86
	90	87
	90	88
	90	89
	89	89
	90	90
	91	90
	89	90
	89	88
	88	90
	89	91
	90	91
	88	91
	88	89
	87	91
	86	91
	87	92
	87	90
	88	92
	86	92
	86	90
	85	92
	86	93
	87	93
	85	93
	85	91
	84	92
	84	93
	84	91
	83	93
	82	93
	83	94
	83	92
	84	94
	82	94
	82	92
	81	94
	80	94
	81	95
	81	93
	82	95
	80	95
	80	93
	78	96
	79	96
	77	96
	78	97
	78	95
	79	97
	79	95
	77	97
	77	95
	79	94
	80	96
	78	94
	85	90
	87	89
	86	89
	88	88
	79	93
	78	93
	75	96
	76	96
	75	97
	75	95
	76	97
	76	95
	74	97
	73	97
	72	97
	73	98
	74	98
	72	98
	77	94
	76	94
	83	91
	80	92
	81	92
	71	97
	71	98
	70	98
	69	98
	70	99
	70	97
	71	99
	69	99
	69	97
	70	100
	71	100
	69	100
	66	102
	64	103
	65	103
	63	103
	62	103
	61	103
	62	104
	63	104
	61	104
	60	104
	61	105
	62	105
	60	103
	59	103
	61	107
	62	107
	61	108
	61	106
	62	108
	62	106
	67	104
	68	104
	66	104
	67	105
	67	103
	68	105
	68	103
	66	105
	66	103
	69	103
	70	103
	69	104
	69	102
	70	104
	70	102
	68	102
	73	101
	74	101
	72	101
	73	102
	73	100
	74	102
	74	100
	72	102
	72	100
	73	99
	74	99
	72	99
	75	100
	75	101
	75	99
	71	101
	70	101
	71	102
	64	104
	65	104
	64	105
	65	105
	63	105
	63	106
	64	106
	67	102
	68	101
	75	98
	78	98
	79	98
	77	98
	69	101
	68	100
	76	98
	76	99
	81	96
	82	96
	89	92
	88	93
	89	93
	91	91
	83	95
	84	95
	80	97
	80	98
	78	99
	79	99
	77	99
	71	103
	72	103
	82	98
	83	98
	81	98
	82	99
	82	97
	83	99
	83	97
	81	99
	81	97
	88	95
	89	95
	87	95
	88	96
	88	94
	89	96
	89	94
	87	96
	87	94
	91	93
	90	93
	91	94
	91	92
	90	94
	90	92
	91	97
	90	97
	91	98
	91	96
	90	98
	90	96
	91	101
	90	101
	91	102
	91	100
	90	102
	90	100
	91	95
	90	95
	91	99
	92	99
	90	99
	89	103
	90	103
	88	103
	89	104
	89	102
	90	104
	88	104
	88	102
	88	105
	89	105
	87	105
	88	106
	89	106
	87	106
	87	104
	88	107
	89	107
	87	107
	91	103
	91	104
	90	105
	90	106
	87	103
	86	103
	87	102
	86	104
	86	102
	87	101
	88	101
	86	101
	87	100
	88	100
	86	100
	87	99
	88	99
	86	99
	87	98
	88	98
	86	98
	88	97
	89	97
	87	97
	89	98
	89	99
	89	100
	89	101
	86	94
	86	95
	85	97
	86	97
	84	97
	85	98
	85	96
	86	96
	84	98
	84	96
	85	99
	84	99
	85	100
	84	100
	85	101
	84	101
	85	95
	85	94
	83	96
	83	103
	84	103
	82	103
	83	104
	83	102
	84	104
	84	102
	82	104
	82	102
	83	105
	84	105
	82	105
	83	106
	84	106
	82	106
	83	107
	84	107
	82	107
	83	108
	84	108
	82	108
	83	109
	82	109
	85	108
	83	110
	85	107
	86	107
	85	105
	86	105
	85	106
	85	104
	86	106
	85	102
	85	103
	83	100
	83	101
	82	100
	81	100
	80	100
	81	101
	82	101
	80	101
	80	99
	76	100
	77	100
	79	101
	80	102
	81	102
	79	102
	79	100
	78	101
	78	102
	78	100
	77	101
	76	101
	77	102
	76	102
	75	102
	75	103
	76	103
	74	103
	81	103
	80	103
	81	104
	80	104
	78	103
	79	103
	77	103
	78	104
	79	104
	77	104
	76	104
	75	104
	73	103
	74	104
	73	104
	76	105
	77	105
	75	105
	76	106
	77	106
	75	106
	63	108
	62	109
	63	109
	63	107
	61	109
	68	108
	69	108
	67	108
	68	109
	68	107
	69	109
	69	107
	67	109
	67	107
	78	108
	79	108
	77	108
	78	109
	78	107
	79	109
	79	107
	77	109
	77	107
	75	107
	76	107
	74	107
	75	108
	76	108
	74	108
	74	106
	66	107
	67	106
	68	106
	66	108
	66	106
	64	107
	64	108
	72	108
	73	108
	71	108
	72	109
	72	107
	73	109
	73	107
	71	109
	71	107
	75	109
	76	109
	74	109
	65	107
	65	108
	65	106
	65	109
	66	109
	64	109
	67	110
	66	110
	65	110
	73	110
	74	110
	72	110
	70	109
	70	108
	82	110
	81	110
	81	109
	76	110
	76	111
	80	109
	81	108
	80	108
	75	110
	81	107
	81	106
	80	107
	80	106
	79	106
	78	106
	78	105
	81	105
	80	105
	79	105
	73	105
	74	105
	72	105
	73	106
	72	106
	72	104
	71	105
	70	105
	71	106
	71	104
	70	106
	69	105
	69	106
	70	107
	61	116
	67	115
	67	116
	67	114
	74	116
	75	116
	73	116
	76	115
	80	114
	81	114
	80	115
	81	115
	68	114
	68	115
	63	116
	62	116
	72	116
	71	116
	76	116
	77	116
	69	116
	70	116
	68	116
	82	115
	87	114
	88	114
	95	112
	96	112
	94	112
	95	113
	95	111
	96	113
	96	111
	94	113
	94	111
	95	110
	96	110
	95	109
	96	109
	96	108
	97	109
	97	110
	97	111
	97	112
	97	113
	27	105
	28	105
	26	105
	27	106
	27	104
	28	106
	28	104
	26	106
	26	104
	25	102
	26	102
	24	102
	25	103
	25	101
	26	103
	26	101
	24	103
	24	101
	20	108
	21	108
	19	108
	20	107
	21	107
	19	109
	19	107
	17	110
	18	110
	16	110
	17	109
	18	109
	16	109
	15	111
	15	110
	15	107
	15	108
	15	106
	14	104
	15	104
	13	104
	15	105
	15	103
	11	107
	11	108
	11	106
	11	109
	10	109
	11	110
	10	110
	10	108
	11	111
	10	111
	10	112
	10	106
	11	105
	10	107
	10	105
	17	108
	18	108
	16	108
	16	107
	17	107
	15	109
	19	110
	18	107
	18	106
	19	106
	17	106
	20	106
	18	105
	19	105
	17	105
	16	105
	17	104
	18	104
	16	106
	16	104
	21	106
	23	108
	24	108
	22	108
	23	107
	24	107
	22	107
	22	106
	23	106
	22	105
	23	105
	21	105
	19	103
	20	103
	18	103
	19	104
	19	102
	20	104
	20	102
	18	102
	20	105
	21	104
	27	107
	28	107
	26	107
	24	105
	25	105
	24	106
	24	104
	25	106
	25	104
	23	104
	29	108
	29	107
	30	107
	29	106
	29	105
	21	103
	21	102
	25	108
	25	109
	25	107
	22	104
	27	103
	28	103
	27	102
	28	102
	30	105
	30	106
	29	104
	29	103
	21	99
	22	99
	20	99
	21	100
	21	98
	22	100
	22	98
	20	100
	20	98
	27	101
	28	101
	20	95
	21	95
	19	95
	20	96
	21	96
	19	96
	26	100
	22	95
	23	96
	22	96
	23	97
	24	97
	22	97
	23	98
	24	98
	21	97
	23	99
	23	100
	20	97
	19	97
	19	98
	19	99
	23	103
	22	103
	23	102
	22	102
	25	100
	24	100
	25	99
	26	99
	24	99
	23	101
	22	101
	21	101
	19	100
	18	100
	19	101
	20	101
	18	101
	18	99
	18	97
	18	98
	18	96
	17	103
	17	97
	17	98
	17	96
	17	99
	16	96
	17	95
	18	95
	16	97
	16	95
	16	99
	15	99
	16	100
	16	98
	17	100
	15	100
	15	98
	15	97
	15	96
	15	101
	15	102
	16	101
	16	102
	17	102
	16	103
	17	101
	17	91
	18	91
	16	91
	17	90
	18	90
	16	90
	17	89
	16	89
	19	91
	14	89
	15	89
	13	89
	14	90
	14	88
	15	90
	15	88
	13	90
	13	88
	12	88
	13	87
	12	89
	12	87
	13	91
	14	91
	12	91
	13	92
	14	92
	12	92
	12	90
	15	95
	15	94
	13	93
	14	93
	11	102
	11	103
	11	101
	12	104
	11	104
	10	103
	10	104
	10	102
	10	101
	11	100
	10	100
	11	99
	10	99
	11	98
	10	98
	11	97
	10	97
	11	96
	10	96
	11	92
	10	92
	11	91
	10	91
	11	90
	10	90
	11	89
	10	89
	11	88
	10	88
	11	87
	10	87
	15	93
	11	86
	12	86
	10	86
	11	85
	12	85
	10	85
	8	84
	9	84
	7	84
	8	85
	8	83
	9	85
	7	85
	7	83
	10	84
	11	84
	9	86
	6	83
	6	84
	6	82
	5	82
	6	81
	5	83
	5	81
	4	80
	5	80
	3	80
	4	81
	4	79
	3	81
	3	79
	2	78
	3	78
	1	78
	2	79
	2	77
	3	77
	1	79
	1	77
	2	76
	3	76
	1	76
	1	74
	2	74
	0	74
	1	75
	2	75
	0	75
	4	76
	4	77
	4	75
	3	75
	3	74
	4	74
	4	78
	4	82
	4	83
	0	79
	1	80
	2	80
	0	80
	0	78
	1	82
	2	82
	0	82
	1	83
	1	81
	2	83
	2	81
	0	83
	0	81
	2	86
	3	86
	1	86
	2	87
	2	85
	3	87
	3	85
	1	87
	1	85
	2	89
	3	89
	1	89
	2	90
	2	88
	3	90
	3	88
	1	90
	1	88
	3	91
	4	91
	2	91
	3	92
	4	92
	4	90
	2	92
	3	93
	2	93
	1	92
	1	91
	2	94
	3	94
	3	95
	2	95
	8	94
	8	95
	8	93
	9	94
	9	95
	9	93
	6	92
	7	92
	5	92
	5	91
	5	90
	6	90
	5	89
	6	91
	6	89
	4	89
	6	88
	7	88
	5	88
	6	87
	7	89
	7	87
	5	87
	8	92
	9	92
	8	91
	9	91
	7	91
	9	90
	8	90
	8	87
	9	87
	8	88
	8	86
	9	88
	7	86
	15	91
	15	92
	12	84
	4	88
	7	90
	8	89
	9	89
	6	85
	5	85
	6	86
	5	86
	5	84
	4	84
	4	85
	4	86
	4	87
	0	92
	0	91
	0	90
	0	88
	0	89
	0	87
	0	86
	0	85
	3	83
	2	84
	3	84
	3	82
	1	84
	0	84
	0	76
	0	77
	61	128
	62	128
	60	128
	61	126
	62	126
	60	126
	61	127
	61	125
	62	127
	62	125
	60	127
	60	125
	61	124
	62	124
	60	124
	61	123
	62	123
	60	123
	62	121
	63	121
	61	121
	62	122
	62	120
	63	122
	63	120
	61	122
	61	120
	61	117
	62	117
	60	117
	61	118
	62	118
	60	118
	60	122
	60	121
	61	119
	62	119
	60	119
	60	120
	63	125
	63	126
	63	124
	63	127
	63	128
	63	123
	63	119
	63	118
	63	117
	64	126
	64	127
	64	125
	64	128
	64	129
	64	131
	64	130
	64	123
	64	124
	64	122
	64	120
	64	121
	64	119
	64	118
	64	117
InvisibleObstacle		
