Id	Name	Desc	Delay	Duration	EffectType	AffixId	Limit	Cd	Kind	Cover	Mutex	Magic	Effect	EffectJoint	TriggerMagic	TriggerInterval	TriggerOnAdd
873601			0	-1			1	0	8736010			873601000					
873602			0	-1			1	0	8736020			873602000					
873603			0	-1			1	0	8736030			873603000					
873604			0	0.05			1	0	8736040								
873605			0	-1			1	0	8736050			873605000					
873608			0	0			1	0	8736080			873608000					
873618			0	0			1	0	8736180			873618000					
873620			0	0			1	0	8736200			873620000					
873621			0	-1			1	0	8736210			873621000					
873623			0	0			1	0	8736230								
873625			0	0			1	0	8736250			873625000					
873626			0	-1			1	0	8736260			873626000					
873627			0	-1			1	0	8736270			873627000					
873628			0	0.2			1	0	8736280			873628000					
873629			0	3			-1	0	8736290								
873630			0	3			-1	0	8736300			873630000					
873631			0	0.3			1	0	8736310				FxMb1CubeMd050001Attack06Shouji	HitCase			
873632			0	-1			1	0	8736320								
873633			0	-1			1	0	8736330			873633000					
873634			0	-1			1	0	8736340			873634000					
873636			0	-1			-1	0	8736360				FxMb1CubeMd050001Bone027	Bone027			
873637			0	-1			-1	0	8736370			873637000					
873638			0	-1			-1	0	8736380			873638000					
873639			0	-1			1	0	8736390|8736390			873639000					
873640			0	-1			1	0	8736400|8736390			873640000					
873641			0	-1			1	0	8736410|8736390			873641000					1
873642			0	0			1	0	8736420	8736390|8736400|8736410	8736390|8736400|8736410						
873901			0	-1			1	0	8739010			873901000					
873902			0	-1			1	0	8739020			873902000					
873903			0	10			-1	0	8739030			873903000					
873904			0	10			-1	0	8739040			873904000					
873905			0	10			-1	0	8739050			873905000					
873906			0	5			-1	0	8739060			873906000					
873907			0	5			-1	0	8739070			873907000					
873908			0	5			-1	0	8739080			873908000					
873909			0	3.5			-1	0	8739090			873909000					
873910			0	3.5			-1	0	8739100			873910000					
873911			0	3.5			-1	0	8739110			873911000					
873912			0	2			-1	0	8739120			873912000					
873913			0	2			-1	0	8739130			873913000					
873914			0	2			-1	0	8739140			873914000					
873915			0	20			-1	0	8739150								
873916			0	-1			-1	0	8739160			873916000					
873917			0	0.2			-1	0	8739170			873917000					
873918			0	-1			-1	0	8739180			873918000					
873919			0	0			-1	0	8739190								
873920			0	4			-1	0	8739200			873920000					
873921			0	4			-1	0	8739210			873921000					
873922			0	4			-1	0	8739220			873922000					
873923			0	2			-1	0	8739230			873923000					
873924			0	2			-1	0	8739240			873924000					
873925			0	2			-1	0	8739250			873925000					
873926			0	4			-1	0	8739260			873926000					
873927			0	4			-1	0	8739270			873927000					
873928			0	4			-1	0	8739280			873928000					
873929			0	2			-1	0	8739290			873929000					
873930			0	2			-1	0	8739300			873930000					
873931			0	2			-1	0	8739310			873931000					
874101			0	3.7			-1	0	8741010								
874102			0	3.7			-1	0	8741020			874102000					
874103			0	1			-1	0	8741030|8741033				FxMb1CubeMd010001Attack0101	tx01			
874104			0	1			-1	0	8741040|8741033				FxMb1CubeMd010001Attack0101	tx02			
874105			0	1			-1	0	8741050|8741033				FxMb1CubeMd010001Attack0101	tx06			
874106			0	1			-1	0	8741060|8741033				FxMb1CubeMd010001Attack0101	tx00			
874107			0	1			-1	0	8741070|8741033				FxMb1CubeMd010001Attack0101	tx07			
874108			0	1			-1	0	8741080|8741033				FxMb1CubeMd010001Attack0101	tx03			
874109			0	1			-1	0	8741090|8741033				FxMb1CubeMd010001Attack0101	tx05			
874110			0	1			-1	0	8741100|8741033				FxMb1CubeMd010001Attack0101	tx04			
874111			0	1			-1	0	8741110|8741033				FxMb1CubeMd010001Attack0102Yujing	tx01			
874112			0	1			-1	0	8741120|8741033				FxMb1CubeMd010001Attack0102Yujing	tx02			
874113			0	1			-1	0	8741130|8741033				FxMb1CubeMd010001Attack0102Yujing	tx06			
874114			0	1			-1	0	8741140|8741033				FxMb1CubeMd010001Attack0102Yujing	tx00			
874115			0	1			-1	0	8741150|8741033				FxMb1CubeMd010001Attack0102Yujing	tx07			
874116			0	1			-1	0	8741160|8741033				FxMb1CubeMd010001Attack0102Yujing	tx03			
874117			0	1			-1	0	8741170|8741033				FxMb1CubeMd010001Attack0102Yujing	tx05			
874118			0	1			-1	0	8741180|8741033				FxMb1CubeMd010001Attack0102Yujing	tx04			
874119			0	1.3			-1	0	8741190|8741033				FxMb1CubeMd010001Attack0104Yujing	tx01			
874120			0	1.3			-1	0	8741200|8741033				FxMb1CubeMd010001Attack0104Yujing	tx02			
874121			0	1.3			-1	0	8741210|8741033				FxMb1CubeMd010001Attack0104Yujing	tx06			
874122			0	1.3			-1	0	8741220|8741033				FxMb1CubeMd010001Attack0104Yujing	tx00			
874123			0	1.3			-1	0	8741230|8741033				FxMb1CubeMd010001Attack0104Yujing	tx07			
874124			0	1.3			-1	0	8741240|8741033				FxMb1CubeMd010001Attack0104Yujing	tx03			
874125			0	1.3			-1	0	8741250|8741033				FxMb1CubeMd010001Attack0104Yujing	tx05			
874126			0	1.3			-1	0	8741260|8741033				FxMb1CubeMd010001Attack0104Yujing	tx04			
874127			0	0.7			-1	0	8741270|8741033				FxMb1CubeMd010001Attack0104	tx01			
874128			0	0.7			-1	0	8741280|8741033				FxMb1CubeMd010001Attack0104	tx02			
874129			0	0.7			-1	0	8741290|8741033				FxMb1CubeMd010001Attack0104	tx06			
874130			0	0.7			-1	0	8741300|8741033				FxMb1CubeMd010001Attack0104	tx00			
874131			0	0.7			-1	0	8741310|8741033				FxMb1CubeMd010001Attack0104	tx07			
874132			0	0.7			-1	0	8741320|8741033				FxMb1CubeMd010001Attack0104	tx03			
874133			0	0.7			-1	0	8741330|8741033				FxMb1CubeMd010001Attack0104	tx05			
874134			0	0.7			-1	0	8741340|8741033				FxMb1CubeMd010001Attack0104	tx04			
874135			0	1.3			-1	0	8741350|8741033				FxMb1CubeMd010001Attack0105Yujing	tx01			
874136			0	1.3			-1	0	8741360|8741033				FxMb1CubeMd010001Attack0105Yujing	tx02			
874137			0	1.3			-1	0	8741370|8741033				FxMb1CubeMd010001Attack0105Yujing	tx06			
874138			0	1.3			-1	0	8741380|8741033				FxMb1CubeMd010001Attack0105Yujing	tx00			
874139			0	1.3			-1	0	8741390|8741033				FxMb1CubeMd010001Attack0105Yujing	tx07			
874140			0	1.3			-1	0	8741400|8741033				FxMb1CubeMd010001Attack0105Yujing	tx03			
874141			0	1.3			-1	0	8741410|8741033				FxMb1CubeMd010001Attack0105Yujing	tx05			
874142			0	1.3			-1	0	8741420|8741033				FxMb1CubeMd010001Attack0105Yujing	tx04			
874143			0	16			-1	0	8741430|8741033				FxMb1CubeMd010001Attack0105Chixu	tx01			
874144			0	16			-1	0	8741440|8741033				FxMb1CubeMd010001Attack0105Chixu	tx02			
874145			0	16			-1	0	8741450|8741033				FxMb1CubeMd010001Attack0105Chixu	tx06			
874146			0	16			-1	0	8741460|8741033				FxMb1CubeMd010001Attack0105Chixu	tx00			
874147			0	16			-1	0	8741470|8741033				FxMb1CubeMd010001Attack0105Chixu	tx07			
874148			0	16			-1	0	8741480|8741033				FxMb1CubeMd010001Attack0105Chixu	tx03			
874149			0	16			-1	0	8741490|8741033				FxMb1CubeMd010001Attack0105Chixu	tx05			
874150			0	16			-1	0	8741500|8741033				FxMb1CubeMd010001Attack0105Chixu	tx04			
874151			0	1			-1	0	8741510|8741033	8741430			FxMb1CubeMd010001Attack0105Xiaoshi	tx01			
874152			0	1			-1	0	8741520|8741033	8741440			FxMb1CubeMd010001Attack0105Xiaoshi	tx02			
874153			0	1			-1	0	8741530|8741033	8741450			FxMb1CubeMd010001Attack0105Xiaoshi	tx06			
874154			0	1			-1	0	8741540|8741033	8741460			FxMb1CubeMd010001Attack0105Xiaoshi	tx00			
874155			0	1			-1	0	8741550|8741033	8741470			FxMb1CubeMd010001Attack0105Xiaoshi	tx07			
874156			0	1			-1	0	8741560|8741033	8741480			FxMb1CubeMd010001Attack0105Xiaoshi	tx03			
874157			0	1			-1	0	8741570|8741033	8741490			FxMb1CubeMd010001Attack0105Xiaoshi	tx05			
874158			0	1			-1	0	8741580|8741033	8741500			FxMb1CubeMd010001Attack0105Xiaoshi	tx04			
874159			0	1			-1	0	8741590|8741033			874159000	FxMb1CubeMd010001Attack0102Yujing	tx01			
874160			0	1			-1	0	8741600|8741033			874160000	FxMb1CubeMd010001Attack0102Yujing	tx02			
874161			0	1			-1	0	8741610|8741033			874161000	FxMb1CubeMd010001Attack0102Yujing	tx06			
874162			0	1			-1	0	8741620|8741033			874162000	FxMb1CubeMd010001Attack0102Yujing	tx00			
874163			0	1			-1	0	8741630|8741033			874163000	FxMb1CubeMd010001Attack0102Yujing	tx07			
874164			0	1			-1	0	8741640|8741033			874164000	FxMb1CubeMd010001Attack0102Yujing	tx03			
874165			0	1			-1	0	8741650|8741033			874165000	FxMb1CubeMd010001Attack0102Yujing	tx05			
874166			0	0.2			-1	0	8741660|8741033			874166000	FxMb1CubeMd010001Attack0102Yujing	tx04			
874167			0	-1			-1	0	8741670|8741033			874167000	FxMb1CubeMd010001Kangti016m				
874168			0	0.7			-1	0	8741680|8741033				FxMb1CubeMd010001Attack0102	tx01			
874169			0	0.7			-1	0	8741690|8741033				FxMb1CubeMd010001Attack0102	tx02			
874170			0	0.7			-1	0	8741700|8741033				FxMb1CubeMd010001Attack0102	tx06			
874171			0	0.7			-1	0	8741710|8741033				FxMb1CubeMd010001Attack0102	tx00			
874172			0	0.7			-1	0	8741720|8741033				FxMb1CubeMd010001Attack0102	tx07			
874173			0	0.7			-1	0	8741730|8741033				FxMb1CubeMd010001Attack0102	tx03			
874174			0	0.7			-1	0	8741740|8741033				FxMb1CubeMd010001Attack0102	tx05			
874175			0	0.7			-1	0	8741750|8741033				FxMb1CubeMd010001Attack0102	tx04			
874176			0	0.1			-1	0	8741760								
874177			0	16			-1	0	8741770|8741033				FxMb1CubeMd010001Attack0106Chixu	tx01			
874178			0	16			-1	0	8741780|8741033				FxMb1CubeMd010001Attack0106Chixu	tx06			
874179			0	16			-1	0	8741790|8741033				FxMb1CubeMd010001Attack0106Chixu	tx07			
874180			0	16			-1	0	8741800|8741033				FxMb1CubeMd010001Attack0106Chixu	tx05			
874181			0	16			-1	0	8741810|8741033				FxMb1CubeMd010001Attack0106Chixu	tx04			
874182			0	16			-1	0	8741820|8741033				FxMb1CubeMd010001Attack0106Chixu	tx03			
874183			0	16			-1	0	8741830|8741033				FxMb1CubeMd010001Attack0106Chixu	tx00			
874184			0	16			-1	0	8741840|8741033				FxMb1CubeMd010001Attack0106Chixu	tx02			
874185			0	16			-1	0	8741850|8741033				FxMb1CubeMd010001Attack0106Yujing	tx01			
874186			0	16			-1	0	8741860|8741033				FxMb1CubeMd010001Attack0106Yujing	tx06			
874187			0	16			-1	0	8741870|8741033				FxMb1CubeMd010001Attack0106Yujing	tx07			
874188			0	16			-1	0	8741880|8741033				FxMb1CubeMd010001Attack0106Yujing	tx05			
874189			0	16			-1	0	8741890|8741033				FxMb1CubeMd010001Attack0106Yujing	tx04			
874190			0	16			-1	0	8741900|8741033				FxMb1CubeMd010001Attack0106Yujing	tx03			
874191			0	16			-1	0	8741910|8741033				FxMb1CubeMd010001Attack0106Yujing	tx00			
874192			0	16			-1	0	8741920|8741033				FxMb1CubeMd010001Attack0106Yujing	tx02			
874193			0	16			-1	0	8741930|8741033	8741770			FxMb1CubeMd010001Attack0106Xiaoshi	tx01			
874194			0	16			-1	0	8741940|8741033	8741780			FxMb1CubeMd010001Attack0106Xiaoshi	tx06			
874195			0	16			-1	0	8741950|8741033	8741790			FxMb1CubeMd010001Attack0106Xiaoshi	tx07			
874196			0	16			-1	0	8741960|8741033	8741800			FxMb1CubeMd010001Attack0106Xiaoshi	tx05			
874197			0	16			-1	0	8741970|8741033	8741810			FxMb1CubeMd010001Attack0106Xiaoshi	tx04			
874198			0	16			-1	0	8741980|8741033	8741820			FxMb1CubeMd010001Attack0106Xiaoshi	tx03			
874199			0	16			-1	0	8741990|8741033	8741830			FxMb1CubeMd010001Attack0106Xiaoshi	tx00			
874000			0	16			-1	0	8740000|8741033	8741840			FxMb1CubeMd010001Attack0106Xiaoshi	tx02			
874001			0	16			-1	0	8740010|8741033	8741770			FxMb1CubeMd010001Attack0106	tx01			
874002			0	16			-1	0	8740020|8741033	8741780			FxMb1CubeMd010001Attack0106	tx06			
874003			0	16			-1	0	8740030|8741033	8741790			FxMb1CubeMd010001Attack0106	tx07			
874004			0	16			-1	0	8740040|8741033	8741800			FxMb1CubeMd010001Attack0106	tx05			
874005			0	16			-1	0	8740050|8741033	8741810			FxMb1CubeMd010001Attack0106	tx04			
874006			0	16			-1	0	8740060|8741033	8741820			FxMb1CubeMd010001Attack0106	tx03			
874007			0	16			-1	0	8740070|8741033	8741830			FxMb1CubeMd010001Attack0106	tx00			
874008			0	16			-1	0	8740080|8741033	8741840			FxMb1CubeMd010001Attack0106	tx02			
874009			0	16			-1	0	8740090|8741033				FxMb1CubeMd010001Attack03				
874010			0	1			-1	0	8740100|8741033	8740090			FxMb1CubeMd010001Attack03Xiaoshi				
874014			0	0			1	0	8740140			874014000					
874015			0	0			1	0	8740150			874015000					
874016			0	0			1	0	8740160			874016000					
874017			0	-1			1	0	8740170								
874018			0	-1			1	0	8740180			874018000					
874019			0	-1			1	0	8740190|8741033				FxMb1CubeMd010001Body	Bone020			
874020			0	-1			1	0	8740200			874020000					
874021			0	-1			1	0	8740210			874021000					
874022			0	-1			1	0	8740220	8741033	8741033						
874023			0	-1			1	0	8740230			874023000	FxMb1CubeMd010001Kangti016m				
