Id	Name	Desc	Delay	Duration	EffectType	AffixId	Limit	Cd	Kind	Cover	Mutex	Magic	Effect	EffectJoint	TriggerMagic	TriggerInterval	TriggerOnAdd
730001			0	-1			1	0	7300010			730001000					
730002			0	-1			1	0	7300020			730002000					
730003			0	1			1	0	7300030	7300010							
730004			0	1			1	0	7300040			730004000					
730005			0	-1			1	0	7300050			730005000					
730006			0	-1			1	0	7300060			730006000					
730007			0	-1			1	0	7300070			730007000					
730008			0	4			1	0	7300080	7300120		730008000					
730009			0	10			1	0	7300090	7300080		730009000					
730010			0	10			1	0	7300100	7300090		730010000					
730011			0	10			1	0	7300110	7300090		730011000					
730012			0	10			1	0	7300120	7300100|7300090|7300110							
730013			0	10			1	0	7300130	7300160		730013000					
730014			0	10			1	0	7300140	7300130		730014000					
730015			0	10			1	0	7300150	7300140		730015000					
730016			0	10			1	0	7300160	7300150							
730017			0	-1			1	0	7300170			730017000					
730018			0	-1			1	0	7300180			730018000					
730019			0	0			1	0	7300190			730019000					
730020			0	0			1	0	7300200			730020000					
730021			0	-1			-1	0	7300210			730021000					
730022			0	-1			-1	0	7300220			730022000					
730023			0	0			-1	0	7300230			730023000					
730024			0	-1			-1	0	7300240			730024000					
730025			0	-1			1	0	7300250	7300570		730025000					
730026			0	0			-1	0	7300260	7300170|7300180|7300210							1
730027			0	-1			1	0	7300270|7300273			730027000					
730028			0	-1			1	0	7300280			730028000					
730029			0	0			1	0	7300290			730029000					
730031			0	-1			1	0	7300310			730031000					
730032			0	1			1	0	7300320			730032000					
730033			0	-1			1	0	7300330			730033000					
730034			0	-1			1	0	7300340			730034000					
730035			0	0			1	0	7300350								
730036			0	1			1	0	7300360|7300363	7300370		730036000					
730037			0	-1			1	0	7300370|7300373			730037000					
730038			0	4			1	0	7300380			730038000					
730039			0	-1			1	0	7300390			730039000					
730040			0	0.1			1	0	7300400								
730041			0	8			1	0	7300410			730041000					
730042			0	-1			1	0	7300420	7300410			FxTriggerPointBlueFang01				
730043			0	-1			-1	0	7300430			730043000					
730044			0	0			1	0	7300440			730044000					
730045			0	0			1	0	7300450			730045000					
730046			0	4			1	0	7300460|7300463			730046000					
730047			0	-1			1	0	7300470			730047000					
730048			0	-1			1	0	7300480			730048000					
730049			0	-1			1	0	7300490	9000080	9000080						1
730050			0	0.5			1	0	7300500								
730051			0	1			1	0	7300510			730051000					
730052			0	0.7			1	0	7300520			730052000					
730053			0	1			1	0	7300530	7300520							
730054			0	-1			-1	0	7300540|7300543			730054000					
730055			0	-1			1	0	7300550			730055000					
730056			0	2.1			1	0	7300560	7300550|7300020|7300250		730056000					
730057			0	2.1			1	0	7300570	7300550|7300020|7300250		730057000					
730058			0	6.2			1	0	7300580			730058000					
730059			0	-1			1	0	7300590			730059000					
730060			0	-1			1	0	7300600			730060000					
730061			0	-1			1	0	7300610			730061000					
730062			0	1.4			1	0	7300620			730062000					
730063			0	0			1	0	7300630								
730064			0	-1			1	0	7300640			730064000					
730065			0	-1			1	0	7300650								
730066			0	-1			1	0	7300660			730066000					
730067			0	-1			1	0	7300670			730067000					
730068			0	0			1	0	7300680			730068000					1
730069			0	-1			1	0	7300690			730069000					
730070			0	-1			1	0	7300700			730070000					
730071			0	-1			1	0	7300710			730071000					
730072			0	0			-1	0	7300720			730072000					
730073			0	1			1	0	7300730			730073000					
730074			0	-1			1	0	7300740			730074000					
730075			0	-1			1	0	7300750	1000960	1000960	730075000	FxTongyongYinshen02				
730076			0	-1			1	0	7300760	8000490	8000490	730076000					
730077			0	-1			1	0	7300770			730077000					
730078			0	1			1	0	7300780				FxTriggerPointRedFang				
730079			0	1			1	0	7300790				FxTriggerPointBlueFang				
730080			0	1			-1	0	7300800			730080000					
730081			0	-1			1	0	7300810			730081000					
730082			0	-1			1	0	7300820	7002290|7300800	7002290|7300800						
730083			0	-1			1	0	7300830			730083000					
730085			0	-1			-1	0	7300850	7002290|7300850							
730086			0	-1			1	0	7300860			730086000					
730087			0	0.5			1	0	7300870	7300860							
730088			0	-1			1	0	7300880			730088000					
730090			0	-1			1	0	7300900			730090000					
730091			0	-1			1	0	7300910				FxMb1RobotarmorMd030001Attack11Y04Xunhuan				
730092			0	-1			1	0	7300920				FxTriggerPointRedFang01				
730093			0	-1			1	0	7300930			730093000					
730094			0	0			1	0	7300940			730094000					
730095			0	-1			1	0	7300950			730095000					
730096			0	0			1	0	7300960			730096000					
730097			0	3			-1	0	7300970			730097000					
730098			3	-1			1	0	7300980			730098000					
730099			3	-1			-1	0	7300990			730099000					
730100			0	-1			1	0	7301000			730100000					
730101			0	1			1	0	7301010	7300990|7301000	7300990|7301000	730101000					
730102			0	2			1	0	7301020			730102000					
730103			0	3			-1	0	7301030			730103000					
730104			0	3			-1	0	7301040				FxJiaojingAttack01Fire				
730105			0	2			1	0	7301050			730105000					
730106			0	3			-1	0	7301060			730106000					
730107			0	-1			-1	0	7301070	7301070		730107000					
730108			0	-1			1	0	7301080			730108000					
730109			0	-1			1	0	7301090			730109000					
730110			0	6			1	0	7301100			730110000					
730111			0	-1			1	0	7301110			730111000					
730112			0	-1			1	0	7301120|1022620	1022620	1022620	730112000					
730113			0	0.5			1	0	7301130	7301110|7301120		730113000					
730115			0	-1			1	0	7301150			730115000					
730119			0	-1			1	0	7301190			730119000					
730120			0	3			1	0	7301200			730120000					
730121			0	5			1	0	7301210			730121000					
730123			0	-1			1	0	7301230			730123000					
730124			0	-1			1	0	7301240								
730125			0	-1			1	0	7301250			730125000					
730126			0	0			1	0	7301260								
730127			0	-1			1	0	7301270			730127000					
730128			0	-1			1	0	7301280			730128000					
731001			0	-1			1	0	7310010	7310010		731001000					
731002			0	-1			1	0	7310020	7310020		731002000					
731003			0	0			1	0	7310030	7310010|7310020							
731004			0	-1			1	0	7310040	7310060		731004000					
731005			0	-1			1	0	7310050	7310060		731005000					
731006			0	0			1	0	7310060	7310040|7310050							
731007			0	-1			1	0	7310070	7310070		731007000					
731008			0	-1			1	0	7310080	7310080		731008000					
731009			0	0			1	0	7310090	7310070|7310080							
731101			0	-1			1	0	7311010	7311020							
731102			0	-1			1	0	7311020	7311010							
731103			0	-1			1	0	7311030								
731104			0	-1			1	0	7311040								
731105			0	-1			1	0	7311050	7311060							
731106			0	-1			1	0	7311060	7311050							
731107			0	-1			1	0	7311070			731107000					
731108			0	0			1	0	7311080	7311070							
