Key	CellX	CellY
VisibleObstacle		
	8	65
	9	65
	7	65
	8	66
	8	64
	9	66
	9	64
	7	66
	7	64
	11	65
	12	65
	10	65
	11	66
	11	64
	12	66
	12	64
	10	66
	10	64
	13	65
	13	66
	13	64
	14	65
	14	66
	14	64
	15	65
	15	66
	15	64
	16	65
	16	66
	16	64
	17	65
	17	66
	17	64
	18	65
	18	66
	18	64
	19	65
	19	66
	19	64
	20	65
	20	66
	20	64
	21	65
	21	66
	21	64
	22	65
	22	66
	22	64
	23	65
	23	66
	23	64
	24	65
	24	66
	24	64
	25	65
	25	66
	25	64
	26	65
	26	66
	26	64
	27	65
	27	66
	27	64
	28	65
	28	66
	28	64
	6	65
	5	65
	6	66
	6	64
	5	66
	5	64
	6	63
	7	63
	5	63
	6	62
	7	62
	5	62
	6	61
	7	61
	5	61
	8	62
	8	63
	8	61
	7	60
	8	60
	6	60
	7	59
	8	59
	6	59
	7	58
	8	58
	6	58
	7	57
	8	57
	6	57
	7	56
	8	56
	6	56
	7	55
	8	55
	6	55
	7	54
	8	54
	6	54
	7	53
	8	53
	6	53
	7	52
	8	52
	6	52
	7	51
	8	51
	6	51
	7	50
	8	50
	6	50
	7	49
	8	49
	6	49
	7	48
	8	48
	6	48
	7	47
	8	47
	6	47
	9	48
	9	49
	9	47
	10	48
	10	49
	10	47
	11	48
	11	49
	11	47
	12	48
	12	49
	12	47
	13	48
	13	49
	13	47
	14	48
	14	49
	14	47
	15	48
	15	49
	15	47
	16	48
	16	49
	16	47
	17	48
	17	49
	17	47
	18	48
	18	49
	18	47
	19	48
	19	49
	19	47
	20	48
	20	49
	20	47
	21	48
	21	49
	21	47
	22	48
	22	49
	22	47
	23	48
	23	49
	23	47
	24	48
	24	49
	24	47
	25	48
	25	49
	25	47
	26	48
	26	49
	26	47
	27	48
	27	49
	27	47
	28	48
	28	49
	28	47
	30	65
	31	65
	29	65
	30	66
	30	64
	31	66
	31	64
	29	66
	29	64
	29	63
	30	63
	28	63
	29	62
	30	62
	28	62
	29	60
	30	60
	28	60
	29	61
	29	59
	30	61
	30	59
	28	61
	28	59
	32	60
	33	60
	31	60
	32	61
	32	59
	33	61
	33	59
	31	61
	31	59
	32	62
	33	62
	31	62
	32	63
	33	63
	31	63
	34	63
	35	63
	34	64
	34	62
	35	64
	35	62
	33	64
	36	63
	37	63
	36	64
	36	62
	37	64
	37	62
	29	49
	30	49
	29	50
	29	48
	30	50
	30	48
	28	50
	31	49
	32	49
	31	50
	31	48
	32	50
	32	48
	34	49
	35	49
	33	49
	34	50
	34	48
	35	50
	35	48
	33	50
	33	48
	36	49
	36	50
	36	48
	37	49
	37	50
	37	48
	37	47
	38	47
	36	47
	37	46
	38	48
	38	46
	36	46
	39	47
	40	47
	39	48
	39	46
	40	48
	40	46
	41	47
	41	48
	41	46
	42	47
	42	48
	42	46
	43	47
	43	48
	43	46
	44	47
	44	48
	44	46
	45	47
	45	48
	45	46
	46	47
	46	48
	46	46
	47	47
	47	48
	47	46
	48	47
	49	47
	48	48
	48	46
	49	48
	49	46
	48	49
	49	49
	47	49
	48	50
	49	50
	47	50
	48	51
	49	51
	47	51
	48	52
	49	52
	47	52
	48	53
	49	53
	47	53
	48	54
	49	54
	47	54
	48	55
	49	55
	47	55
	48	56
	49	56
	47	56
	48	57
	49	57
	47	57
	48	58
	49	58
	47	58
	48	59
	49	59
	47	59
	48	60
	49	60
	47	60
	48	61
	49	61
	47	61
	48	62
	49	62
	47	62
	48	63
	49	63
	47	63
	48	64
	49	64
	47	64
	48	65
	49	65
	47	65
	48	66
	49	66
	47	66
	48	67
	49	67
	47	67
	48	68
	49	68
	47	68
	48	69
	49	69
	47	69
	48	70
	49	70
	47	70
	36	65
	37	65
	35	65
	36	66
	37	66
	35	66
	36	67
	37	67
	35	67
	34	66
	34	67
	34	65
	35	68
	36	68
	34	68
	35	69
	36	69
	34	69
	37	68
	37	69
	36	70
	37	70
	35	70
	36	71
	37	71
	35	71
	36	72
	37	72
	35	72
	50	69
	50	70
	50	68
	51	69
	51	70
	51	68
	52	69
	52	70
	52	68
	53	69
	53	70
	53	68
	54	69
	54	70
	54	68
	55	69
	55	70
	55	68
	56	70
	55	71
	56	71
	56	69
	54	71
	55	72
	56	72
	54	72
	55	73
	56	73
	54	73
	55	74
	56	74
	54	74
	55	75
	56	75
	54	75
	55	76
	56	76
	54	76
	55	77
	56	77
	54	77
	55	78
	56	78
	54	78
	55	79
	56	79
	54	79
	55	80
	56	80
	54	80
	55	81
	56	81
	54	81
	55	82
	56	82
	54	82
	55	83
	56	83
	54	83
	55	84
	56	84
	54	84
	55	85
	56	85
	54	85
	55	86
	56	86
	54	86
	55	87
	56	87
	54	87
	55	89
	56	89
	54	89
	55	90
	55	88
	56	90
	56	88
	54	90
	54	88
	53	89
	52	89
	53	90
	53	88
	52	90
	52	88
	50	89
	51	89
	49	89
	50	90
	50	88
	51	90
	51	88
	49	90
	49	88
	36	73
	37	73
	35	73
	36	74
	37	74
	35	74
	36	75
	37	75
	35	75
	36	76
	37	76
	35	76
	36	77
	37	77
	35	77
	36	78
	37	78
	35	78
	36	79
	37	79
	35	79
	36	80
	37	80
	35	80
	36	81
	37	81
	35	81
	36	82
	37	82
	35	82
	36	83
	37	83
	35	83
	36	85
	37	85
	35	85
	36	86
	36	84
	37	86
	37	84
	35	86
	35	84
	36	87
	37	87
	35	87
	36	88
	37	88
	35	88
	36	89
	37	89
	35	89
	36	90
	37	90
	35	90
	36	91
	37	91
	35	91
	36	92
	37	92
	35	92
	36	93
	37	93
	35	93
	36	94
	37	94
	35	94
	50	92
	51	92
	49	92
	50	93
	50	91
	51	93
	51	91
	49	93
	49	91
	50	94
	51	94
	49	94
	50	95
	51	95
	49	95
	56	104
	55	104
	56	105
	55	105
	56	106
	55	106
	56	107
	55	107
	54	107
	55	108
	56	108
	54	108
	54	106
	36	96
	37	96
	35	96
	36	97
	36	95
	37	97
	37	95
	35	97
	35	95
	36	98
	37	98
	35	98
	36	99
	37	99
	35	99
	36	100
	37	100
	35	100
	36	101
	37	101
	35	101
	36	102
	37	102
	35	102
	36	103
	37	103
	35	103
	36	104
	37	104
	35	104
	36	105
	37	105
	35	105
	36	106
	37	106
	35	106
	36	107
	37	107
	35	107
	36	108
	37	108
	35	108
	36	109
	37	109
	35	109
	36	110
	37	110
	35	110
	36	111
	37	111
	35	111
	36	112
	37	112
	35	112
	36	113
	37	113
	35	113
	36	114
	37	114
	35	114
	36	115
	37	115
	35	115
	36	116
	37	116
	35	116
	36	117
	37	117
	35	117
	36	118
	37	118
	35	118
	36	119
	37	119
	35	119
	36	120
	37	120
	35	120
	38	119
	39	119
	38	120
	38	118
	39	120
	39	118
	40	119
	40	120
	40	118
	41	119
	41	120
	41	118
	42	119
	42	120
	42	118
	55	109
	56	109
	54	109
	55	110
	56	110
	54	110
	55	111
	56	111
	54	111
	55	112
	56	112
	54	112
	55	113
	56	113
	54	113
	55	114
	56	114
	54	114
	55	115
	56	115
	54	115
	54	118
	56	118
	55	118
	55	116
	56	116
	54	116
	55	117
	56	117
	54	117
	57	117
	58	117
	57	118
	57	116
	58	118
	58	116
	59	117
	59	118
	59	116
	60	117
	60	118
	60	116
	61	117
	61	118
	61	116
	62	118
	40	121
	42	121
	62	117
	41	121
	41	122
	42	122
	40	122
	41	123
	42	123
	40	123
	41	124
	42	124
	40	124
	41	125
	42	125
	40	125
	41	126
	42	126
	40	126
	41	127
	42	127
	40	127
	41	128
	42	128
	40	128
	41	129
	42	129
	40	129
	41	130
	42	130
	40	130
	42	131
	43	131
	41	131
	42	132
	43	132
	43	130
	41	132
	40	131
	40	132
	44	131
	44	132
	44	130
	45	131
	45	132
	45	130
	46	131
	46	132
	46	130
	47	131
	47	132
	47	130
	48	131
	48	132
	48	130
	49	131
	49	132
	49	130
	61	132
	62	132
	60	132
	61	131
	62	131
	60	131
	61	130
	62	130
	60	130
	63	131
	64	131
	63	132
	63	130
	64	132
	64	130
	66	132
	65	131
	68	131
	68	133
	66	131
	67	131
	65	132
	65	130
	67	133
	69	132
	68	132
	66	130
	69	133
	69	131
	67	132
	70	132
	71	132
	70	133
	70	131
	71	133
	71	131
	72	132
	73	132
	72	133
	72	131
	73	133
	73	131
	87	133
	88	133
	86	133
	87	132
	88	132
	86	132
	87	131
	88	131
	86	131
	90	132
	91	132
	89	132
	90	133
	90	131
	91	133
	91	131
	89	133
	89	131
	92	132
	93	132
	92	133
	92	131
	93	133
	93	131
	63	117
	64	117
	63	118
	63	116
	64	118
	64	116
	62	116
	65	117
	65	118
	65	116
	66	117
	66	118
	66	116
	67	117
	67	118
	67	116
	68	117
	69	117
	68	118
	68	116
	69	118
	69	116
	70	117
	70	118
	70	116
	71	117
	71	118
	71	116
	72	117
	72	118
	72	116
	74	116
	74	118
	75	117
	73	118
	74	117
	73	117
	75	118
	75	116
	73	116
	76	117
	76	118
	76	116
	77	117
	77	118
	77	116
	78	117
	78	118
	78	116
	79	117
	79	118
	79	116
	80	117
	80	118
	80	116
	81	117
	81	118
	81	116
	82	117
	82	118
	82	116
	83	117
	83	118
	83	116
	84	117
	84	118
	84	116
	85	117
	85	118
	85	116
	86	117
	86	118
	86	116
	87	117
	87	118
	87	116
	88	117
	88	118
	88	116
	89	117
	89	118
	89	116
	90	117
	90	118
	90	116
	91	117
	91	118
	91	116
	92	117
	92	118
	92	116
	91	115
	92	115
	90	115
	91	114
	92	114
	90	114
	91	112
	92	112
	90	112
	91	113
	91	111
	92	113
	92	111
	90	113
	90	111
	91	110
	92	110
	90	110
	91	109
	92	109
	90	109
	93	110
	93	111
	93	109
	94	110
	94	111
	94	109
	95	110
	95	111
	95	109
	96	110
	96	111
	96	109
	97	110
	97	111
	97	109
	98	110
	98	111
	98	109
	99	110
	99	111
	99	109
	100	110
	101	110
	100	111
	100	109
	101	111
	101	109
	102	110
	102	111
	102	109
	103	110
	103	111
	103	109
	104	110
	104	111
	104	109
	105	110
	105	111
	105	109
	106	110
	106	111
	106	109
	107	110
	107	111
	107	109
	108	110
	108	111
	108	109
	109	110
	109	111
	109	109
	110	110
	110	111
	110	109
	111	110
	111	111
	111	109
	112	110
	112	111
	112	109
	113	110
	113	111
	113	109
	114	110
	114	111
	114	109
	115	110
	115	111
	115	109
	116	110
	116	111
	116	109
	117	110
	117	111
	117	109
	118	110
	118	111
	118	109
	119	110
	119	111
	119	109
	92	134
	93	134
	91	134
	92	135
	93	135
	91	135
	92	136
	93	136
	91	136
	92	137
	93	137
	91	137
	92	138
	93	138
	91	138
	92	139
	93	139
	91	139
	92	140
	93	140
	91	140
	92	141
	93	141
	91	141
	92	142
	93	142
	91	142
	92	143
	93	143
	91	143
	92	144
	93	144
	91	144
	92	145
	93	145
	91	145
	94	144
	95	144
	94	145
	94	143
	95	145
	95	143
	96	144
	96	145
	96	143
	97	144
	97	145
	97	143
	98	144
	98	145
	98	143
	99	144
	99	145
	99	143
	100	144
	100	145
	100	143
	101	144
	101	145
	101	143
	102	144
	102	145
	102	143
	103	144
	103	145
	103	143
	104	144
	104	145
	104	143
	105	144
	105	145
	105	143
	106	144
	106	145
	106	143
	107	144
	107	145
	107	143
	106	142
	107	142
	105	142
	106	141
	107	141
	105	141
	106	140
	107	140
	105	140
	106	139
	107	139
	105	139
	106	138
	107	138
	105	138
	106	137
	107	137
	105	137
	106	136
	107	136
	105	136
	106	135
	107	135
	105	135
	106	134
	107	134
	105	134
	106	133
	107	133
	105	133
	106	132
	107	132
	105	132
	106	131
	107	131
	105	131
	106	130
	107	130
	105	130
	106	129
	107	129
	105	129
	106	128
	107	128
	105	128
	106	127
	107	127
	105	127
	106	126
	107	126
	105	126
	106	125
	107	125
	105	125
	106	124
	107	124
	105	124
	108	125
	108	126
	108	124
	109	125
	109	126
	109	124
	110	125
	110	126
	110	124
	111	125
	111	126
	111	124
	112	125
	112	126
	112	124
	113	126
	114	126
	113	127
	113	125
	114	127
	114	125
	112	127
	115	126
	116	126
	115	127
	115	125
	116	127
	116	125
	117	126
	118	126
	117	127
	117	125
	118	127
	118	125
	119	126
	119	127
	119	125
	118	128
	119	128
	117	128
	124	134
	124	135
	124	133
	125	134
	125	135
	125	133
	126	134
	126	135
	126	133
	127	134
	127	135
	127	133
	128	134
	128	135
	128	133
	129	134
	129	135
	129	133
	130	134
	130	135
	130	133
	131	134
	131	135
	131	133
	132	134
	132	135
	132	133
	133	134
	133	135
	133	133
	134	134
	134	135
	134	133
	135	134
	135	135
	135	133
	136	134
	136	135
	136	133
	137	134
	137	135
	137	133
	138	134
	138	135
	138	133
	139	134
	140	134
	139	135
	139	133
	140	135
	140	133
	139	132
	140	132
	138	132
	139	131
	140	131
	138	131
	139	130
	140	130
	138	130
	139	129
	140	129
	138	129
	139	128
	140	128
	138	128
	139	127
	140	127
	138	127
	141	128
	142	128
	141	129
	141	127
	142	129
	142	127
	143	128
	143	129
	143	127
	144	128
	144	129
	144	127
	145	128
	145	129
	145	127
	146	128
	146	129
	146	127
	147	128
	147	129
	147	127
	148	128
	148	129
	148	127
	149	128
	149	129
	149	127
	150	128
	150	129
	150	127
	151	128
	151	129
	151	127
	152	127
	153	127
	152	128
	152	126
	153	128
	153	126
	151	126
	152	129
	153	129
	152	125
	153	125
	151	125
	152	124
	153	124
	151	124
	154	125
	154	126
	154	124
	155	125
	155	126
	155	124
	156	125
	156	126
	156	124
	157	125
	157	126
	157	124
	158	125
	158	126
	158	124
	159	124
	158	123
	159	125
	159	123
	157	123
	158	122
	159	122
	157	122
	158	121
	159	121
	157	121
	158	120
	159	120
	157	120
	158	119
	159	119
	157	119
	160	120
	161	120
	160	121
	160	119
	161	121
	161	119
	162	120
	162	121
	162	119
	163	120
	163	121
	163	119
	164	120
	164	121
	164	119
	165	120
	165	121
	165	119
	166	120
	166	121
	166	119
	167	120
	167	121
	167	119
	168	120
	168	121
	168	119
	169	120
	169	121
	169	119
	170	120
	170	121
	170	119
	171	120
	171	121
	171	119
	172	120
	172	121
	172	119
	173	120
	173	121
	173	119
	171	118
	172	118
	170	118
	171	117
	172	117
	170	117
	171	116
	172	116
	170	116
	171	115
	172	115
	170	115
	171	114
	172	114
	170	114
	171	113
	172	113
	170	113
	173	114
	173	115
	173	113
	174	114
	174	115
	174	113
	175	114
	175	115
	175	113
	176	114
	176	115
	176	113
	177	114
	177	115
	177	113
	178	114
	179	114
	178	115
	178	113
	179	115
	179	113
	178	112
	179	112
	177	112
	178	111
	179	111
	177	111
	178	110
	179	110
	177	110
	178	109
	179	109
	177	109
	178	108
	179	108
	177	108
	178	107
	179	107
	177	107
	178	106
	179	106
	177	106
	178	105
	179	105
	177	105
	178	104
	179	104
	177	104
	178	103
	179	103
	177	103
	178	102
	179	102
	177	102
	178	101
	179	101
	177	101
	178	100
	179	100
	177	100
	178	99
	179	99
	177	99
	178	98
	179	98
	177	98
	176	98
	177	97
	178	97
	176	99
	176	97
	175	98
	175	99
	175	97
	174	98
	174	99
	174	97
	173	98
	173	99
	173	97
	172	98
	172	99
	172	97
	118	107
	119	107
	117	107
	118	108
	118	106
	119	108
	119	106
	117	108
	117	106
	121	107
	122	107
	120	107
	121	108
	121	106
	122	108
	122	106
	120	108
	120	106
	123	107
	123	108
	123	106
	124	107
	124	108
	124	106
	125	107
	125	108
	125	106
	126	107
	126	108
	126	106
	127	107
	127	108
	127	106
	128	107
	128	108
	128	106
	129	107
	129	108
	129	106
	130	107
	130	108
	130	106
	131	107
	131	108
	131	106
	132	107
	132	108
	132	106
	133	107
	133	108
	133	106
	134	107
	134	108
	134	106
	135	107
	135	108
	135	106
	136	107
	136	108
	136	106
	137	107
	137	108
	137	106
	138	107
	138	108
	138	106
	139	107
	140	107
	139	108
	139	106
	140	108
	140	106
	139	109
	140	109
	138	109
	139	110
	140	110
	138	110
	139	111
	140	111
	138	111
	139	112
	140	112
	138	112
	139	113
	140	113
	138	113
	139	114
	140	114
	138	114
	141	113
	142	113
	141	114
	141	112
	142	114
	142	112
	143	113
	144	113
	143	114
	143	112
	144	114
	144	112
	143	111
	144	111
	142	111
	143	110
	144	110
	142	110
	143	109
	144	109
	142	109
	143	108
	144	108
	142	108
	143	107
	144	107
	142	107
	143	106
	144	106
	142	106
	145	107
	146	107
	145	108
	145	106
	146	108
	146	106
	147	107
	147	108
	147	106
	148	107
	148	108
	148	106
	149	107
	149	108
	149	106
	150	107
	150	108
	150	106
	151	107
	151	108
	151	106
	152	107
	153	107
	152	108
	152	106
	153	108
	153	106
	152	110
	153	110
	151	110
	152	111
	152	109
	153	111
	153	109
	151	111
	151	109
	154	110
	155	110
	154	111
	154	109
	155	111
	155	109
	156	110
	157	110
	156	111
	156	109
	157	111
	157	109
	156	108
	157	108
	155	108
	156	107
	157	107
	155	107
	156	106
	157	106
	155	106
	156	105
	157	105
	155	105
	156	104
	157	104
	155	104
	156	103
	157	103
	155	103
	156	102
	157	102
	155	102
	156	101
	157	101
	155	101
	156	100
	157	100
	155	100
	156	99
	157	99
	155	99
	156	98
	157	98
	155	98
	158	99
	158	100
	158	98
	157	97
	158	97
	156	97
	157	96
	158	96
	156	96
	157	95
	158	95
	156	95
	157	94
	158	94
	156	94
	157	93
	158	93
	156	93
	157	92
	158	92
	156	92
	157	91
	158	91
	156	91
	157	90
	158	90
	156	90
	157	89
	158	89
	156	89
	157	88
	158	88
	156	88
	157	87
	158	87
	156	87
	157	86
	158	86
	156	86
	157	85
	158	85
	156	85
	173	96
	174	96
	172	96
	173	95
	174	95
	172	95
	173	94
	174	94
	172	94
	173	93
	174	93
	172	93
	173	92
	174	92
	172	92
	173	91
	174	91
	172	91
	173	90
	174	90
	172	90
	173	89
	174	89
	172	89
	173	88
	174	88
	172	88
	173	87
	174	87
	172	87
	173	86
	174	86
	172	86
	173	85
	174	85
	172	85
	173	84
	174	84
	172	84
	173	83
	174	83
	172	83
	173	82
	174	82
	172	82
	173	81
	174	81
	172	81
	173	80
	174	80
	172	80
	173	79
	174	79
	172	79
	173	78
	174	78
	172	78
	173	77
	174	77
	172	77
	173	76
	174	76
	172	76
	173	75
	174	75
	172	75
	173	74
	174	74
	172	74
	157	84
	158	84
	156	84
	157	83
	158	83
	156	83
	157	82
	158	82
	156	82
	157	81
	158	81
	156	81
	157	80
	158	80
	156	80
	157	79
	158	79
	156	79
	157	78
	158	78
	156	78
	157	77
	158	77
	156	77
	157	76
	158	76
	156	76
	157	75
	158	75
	156	75
	157	74
	158	74
	156	74
	157	73
	158	73
	156	73
	157	72
	158	72
	156	72
	157	71
	158	71
	156	71
	157	70
	158	70
	156	70
	157	69
	158	69
	156	69
	157	68
	158	68
	156	68
	157	67
	158	67
	156	67
	157	66
	158	66
	156	66
	157	65
	158	65
	156	65
	157	64
	158	64
	156	64
	157	63
	158	63
	156	63
	157	62
	158	62
	156	62
	157	61
	158	61
	156	61
	157	60
	158	60
	156	60
	173	73
	174	73
	172	73
	173	72
	174	72
	172	72
	173	71
	174	71
	172	71
	173	70
	174	70
	172	70
	173	69
	174	69
	172	69
	173	68
	174	68
	172	68
	173	67
	174	67
	172	67
	173	66
	174	66
	172	66
	173	65
	174	65
	172	65
	173	64
	174	64
	172	64
	173	63
	174	63
	172	63
	173	62
	174	62
	172	62
	173	61
	174	61
	172	61
	173	60
	174	60
	172	60
	171	59
	172	59
	170	59
	171	60
	171	58
	172	58
	170	60
	170	58
	171	57
	172	57
	170	57
	171	56
	172	56
	170	56
	171	55
	172	55
	170	55
	171	54
	172	54
	170	54
	171	53
	172	53
	170	53
	171	52
	172	52
	170	52
	155	59
	156	59
	154	59
	155	60
	155	58
	156	58
	154	60
	154	58
	155	61
	154	61
	155	57
	156	57
	154	57
	155	56
	156	56
	154	56
	155	53
	156	53
	154	53
	155	54
	155	52
	156	54
	156	52
	154	54
	154	52
	155	55
	156	55
	154	55
	156	51
	157	51
	155	51
	156	50
	157	52
	157	50
	155	50
	156	48
	157	48
	155	48
	156	49
	156	47
	157	49
	157	47
	155	49
	155	47
	171	51
	172	51
	170	51
	171	50
	172	50
	170	50
	171	49
	172	49
	170	49
	171	48
	172	48
	170	48
	171	47
	172	47
	170	47
	171	46
	172	46
	170	46
	171	45
	172	45
	170	45
	171	44
	172	44
	170	44
	171	43
	172	43
	170	43
	171	42
	172	42
	170	42
	171	41
	172	41
	170	41
	171	40
	172	40
	170	40
	171	39
	172	39
	170	39
	171	38
	172	38
	170	38
	171	37
	172	37
	170	37
	171	36
	172	36
	170	36
	171	35
	172	35
	170	35
	171	34
	172	34
	170	34
	171	33
	172	33
	170	33
	171	32
	172	32
	170	32
	171	31
	172	31
	170	31
	171	30
	172	30
	170	30
	171	29
	172	29
	170	29
	171	28
	172	28
	170	28
	154	48
	153	48
	154	49
	154	47
	153	49
	153	47
	152	48
	151	48
	152	49
	152	47
	151	49
	151	47
	150	48
	150	49
	150	47
	149	48
	149	49
	149	47
	150	46
	151	46
	149	46
	150	45
	151	45
	149	45
	150	44
	151	44
	149	44
	150	43
	151	43
	149	43
	150	42
	151	42
	149	42
	150	41
	151	41
	149	41
	150	40
	151	40
	149	40
	150	39
	151	39
	149	39
	150	38
	151	38
	149	38
	150	37
	151	37
	149	37
	150	36
	151	36
	149	36
	150	35
	151	35
	149	35
	150	34
	151	34
	149	34
	150	33
	151	33
	149	33
	150	32
	151	32
	149	32
	150	31
	151	31
	149	31
	150	30
	150	29
	150	28
	151	30
	151	29
	151	28
	170	27
	171	27
	169	27
	170	26
	171	26
	169	28
	169	26
	172	27
	172	26
	168	27
	168	28
	168	26
	167	27
	167	28
	167	26
	166	27
	166	28
	166	26
	165	27
	165	28
	165	26
	164	27
	164	28
	164	26
	165	25
	166	25
	164	25
	165	24
	166	24
	164	24
	165	23
	166	23
	164	23
	165	22
	166	22
	164	22
	165	21
	166	21
	164	21
	165	20
	166	20
	164	20
	165	19
	166	19
	164	19
	165	18
	166	18
	164	18
	165	17
	166	17
	164	17
	165	16
	166	16
	164	16
	165	15
	166	15
	164	15
	165	14
	166	14
	164	14
	165	13
	166	13
	164	13
	165	12
	166	12
	164	12
	163	13
	163	14
	163	12
	162	13
	162	14
	162	12
	161	13
	161	14
	161	12
	160	13
	160	14
	160	12
	159	13
	159	14
	159	12
	158	13
	158	14
	158	12
	157	13
	157	14
	157	12
	156	13
	156	14
	156	12
	155	13
	155	14
	155	12
	154	13
	154	14
	154	12
	153	13
	153	14
	153	12
	152	13
	152	14
	152	12
	151	13
	151	14
	151	12
	150	13
	150	14
	150	12
	149	13
	148	13
	149	14
	149	12
	148	14
	148	12
	149	15
	150	15
	148	15
	149	16
	150	16
	148	16
	147	15
	147	16
	147	14
	146	15
	146	16
	146	14
	145	15
	145	16
	145	14
	144	15
	144	16
	144	14
	143	15
	143	16
	143	14
	142	15
	142	16
	142	14
	141	15
	141	16
	141	14
	140	15
	140	16
	140	14
	139	15
	139	16
	139	14
	138	15
	138	16
	138	14
	137	15
	137	16
	137	14
	136	15
	136	16
	136	14
	135	15
	135	16
	135	14
	134	15
	134	16
	134	14
	133	15
	133	16
	133	14
	132	15
	132	16
	132	14
	131	15
	131	16
	131	14
	130	15
	130	16
	130	14
	129	15
	129	16
	129	14
	128	15
	128	16
	128	14
	148	32
	147	32
	148	33
	148	31
	147	33
	147	31
	149	30
	148	30
	147	30
	146	31
	146	32
	146	30
	145	31
	145	32
	145	30
	144	31
	144	32
	144	30
	143	31
	143	32
	143	30
	142	31
	142	32
	142	30
	141	31
	141	32
	141	30
	140	31
	140	32
	140	30
	139	31
	139	32
	139	30
	138	31
	138	32
	138	30
	137	31
	137	32
	137	30
	136	31
	136	32
	136	30
	135	31
	135	32
	135	30
	134	30
	131	31
	131	32
	134	31
	132	32
	133	30
	133	31
	133	32
	132	30
	132	31
	134	32
	131	30
	130	31
	130	32
	130	30
	129	31
	129	32
	129	30
	128	31
	128	32
	128	30
	127	31
	127	32
	127	30
	126	31
	126	32
	126	30
	125	31
	125	32
	125	30
	124	31
	124	32
	124	30
	123	31
	123	32
	123	30
	122	31
	122	32
	122	30
	121	31
	121	32
	121	30
	120	31
	120	32
	120	30
	119	31
	119	32
	119	30
	118	31
	118	32
	118	30
	117	31
	117	32
	117	30
	116	32
	116	31
	115	32
	115	31
	116	30
	115	30
	114	31
	114	32
	114	30
	113	31
	112	31
	113	32
	113	30
	112	32
	112	30
	113	29
	114	29
	112	29
	113	28
	114	28
	112	28
	113	27
	114	27
	112	27
	113	26
	114	26
	112	26
	113	25
	114	25
	112	25
	113	24
	114	24
	112	24
	113	23
	114	23
	112	23
	113	22
	114	22
	112	22
	113	21
	114	21
	112	21
	113	20
	114	20
	112	20
	113	19
	114	19
	112	19
	113	18
	114	18
	112	18
	113	17
	114	17
	112	17
	113	16
	114	16
	112	16
	111	17
	111	18
	111	16
	110	17
	110	18
	110	16
	109	17
	109	18
	109	16
	108	17
	108	18
	108	16
	107	17
	107	18
	107	16
	106	17
	106	18
	106	16
	105	17
	105	18
	105	16
	104	17
	104	18
	104	16
	103	17
	103	18
	103	16
	102	17
	102	18
	102	16
	101	17
	101	18
	101	16
	100	17
	100	18
	100	16
	99	17
	99	18
	99	16
	98	17
	98	18
	98	16
	97	17
	97	18
	97	16
	96	17
	96	18
	96	16
	129	13
	130	13
	128	13
	129	12
	130	12
	128	12
	129	11
	130	11
	128	11
	129	10
	130	10
	128	10
	129	9
	130	9
	128	9
	129	8
	130	8
	128	8
	129	7
	130	7
	128	7
	127	8
	127	9
	127	7
	126	8
	126	9
	126	7
	125	8
	125	9
	125	7
	124	8
	124	9
	124	7
	123	8
	123	9
	123	7
	122	8
	122	9
	122	7
	121	8
	121	9
	121	7
	120	8
	120	9
	120	7
	121	6
	122	6
	120	6
	121	5
	122	5
	120	5
	121	4
	122	4
	120	4
	120	3
	121	3
	119	3
	120	2
	121	2
	119	4
	119	2
	122	3
	122	2
	118	3
	118	4
	118	2
	117	3
	117	4
	117	2
	116	3
	116	4
	116	2
	115	3
	115	4
	115	2
	114	3
	114	4
	114	2
	113	3
	113	4
	113	2
	112	3
	112	4
	112	2
	111	3
	111	4
	111	2
	110	3
	110	4
	110	2
	109	3
	109	4
	109	2
	108	3
	108	4
	108	2
	107	3
	107	4
	107	2
	106	3
	106	4
	106	2
	105	3
	105	4
	105	2
	104	3
	104	4
	104	2
	103	3
	103	4
	103	2
	102	3
	102	4
	102	2
	101	3
	101	4
	101	2
	100	3
	100	4
	100	2
	99	3
	99	4
	99	2
	98	3
	98	4
	98	2
	97	3
	97	4
	97	2
	96	3
	96	4
	96	2
	95	3
	95	4
	95	2
	94	3
	94	4
	94	2
	93	3
	93	4
	93	2
	92	3
	92	4
	92	2
	91	3
	91	4
	91	2
	90	3
	90	4
	90	2
	89	3
	89	4
	89	2
	88	3
	88	4
	88	2
	87	3
	87	4
	87	2
	86	3
	86	4
	86	2
	85	3
	85	4
	85	2
	84	3
	84	4
	84	2
	83	3
	83	4
	83	2
	82	3
	82	4
	82	2
	81	3
	81	4
	81	2
	82	5
	83	5
	81	5
	82	6
	83	6
	81	6
	82	7
	83	7
	81	7
	82	8
	83	8
	81	8
	82	9
	83	9
	81	9
	82	10
	83	10
	81	10
	82	11
	83	11
	81	11
	82	12
	83	12
	81	12
	82	13
	83	13
	81	13
	82	14
	83	14
	81	14
	82	15
	83	15
	81	15
	82	16
	83	16
	81	16
	82	17
	83	17
	81	17
	82	18
	83	18
	81	18
	82	19
	83	19
	81	19
	82	20
	83	20
	81	20
	82	21
	83	21
	81	21
	82	22
	83	22
	81	22
	82	23
	83	23
	81	23
	82	24
	83	24
	81	24
	82	25
	83	25
	81	25
	82	26
	83	26
	81	26
	82	27
	83	27
	81	27
	82	28
	83	28
	81	28
	82	29
	83	29
	81	29
	82	30
	83	30
	81	30
	82	31
	83	31
	81	31
	82	32
	83	32
	81	32
	82	33
	83	33
	81	33
	82	34
	83	34
	81	34
	82	35
	83	35
	81	35
	82	36
	83	36
	81	36
	82	37
	83	37
	81	37
	82	38
	83	38
	81	38
	82	39
	83	39
	81	39
	82	40
	83	40
	81	40
	82	41
	83	41
	81	41
	82	42
	83	42
	81	42
	82	43
	83	43
	81	43
	82	44
	83	44
	81	44
	82	45
	83	45
	81	45
	82	46
	83	46
	81	46
	82	47
	83	47
	81	47
	82	48
	83	48
	81	48
	82	49
	83	49
	81	49
	82	50
	83	50
	81	50
	82	51
	83	51
	81	51
	82	52
	83	52
	81	52
	82	53
	83	53
	81	53
	84	52
	84	53
	84	51
	85	52
	85	53
	85	51
	86	52
	86	53
	86	51
	87	52
	87	53
	87	51
	88	52
	88	53
	88	51
	89	52
	89	53
	89	51
	90	52
	90	53
	90	51
	91	52
	91	53
	91	51
	92	52
	92	53
	92	51
	93	52
	93	53
	93	51
	92	54
	93	54
	91	54
	94	53
	94	54
	94	52
	95	53
	95	54
	95	52
	94	51
	95	51
	96	52
	97	52
	96	53
	96	51
	97	53
	97	51
	98	52
	98	53
	98	51
	97	50
	98	50
	96	50
	97	49
	98	49
	96	49
	97	48
	98	48
	96	48
	97	47
	98	47
	96	47
	97	46
	98	46
	96	46
	98	32
	98	33
	98	34
	97	33
	97	34
	97	32
	96	33
	96	34
	96	32
	97	30
	98	30
	96	30
	97	31
	97	29
	98	31
	98	29
	96	31
	96	29
	97	28
	98	28
	96	28
	97	27
	98	27
	96	27
	97	26
	98	26
	96	26
	97	25
	98	25
	96	25
	97	24
	98	24
	96	24
	97	23
	98	23
	96	23
	97	22
	98	22
	96	22
	97	21
	98	21
	96	21
	97	20
	98	20
	96	20
	97	19
	98	19
	96	19
	54	105
	53	105
	54	104
	53	106
	53	104
	52	105
	52	106
	52	104
	51	105
	51	106
	51	104
	50	105
	49	105
	50	106
	50	104
	49	106
	49	104
	50	103
	51	103
	49	103
	50	102
	51	102
	49	102
	50	101
	51	101
	49	101
	50	100
	51	100
	49	100
	50	99
	51	99
	49	99
	50	98
	51	98
	49	98
	50	97
	51	97
	49	97
	50	96
	51	96
	49	96
	74	132
	75	132
	74	133
	74	131
	75	133
	75	131
	76	132
	76	133
	76	131
	77	132
	77	133
	77	131
	78	132
	78	133
	78	131
	79	132
	79	133
	79	131
	80	132
	80	133
	80	131
	81	132
	81	133
	81	131
	82	132
	82	133
	82	131
	83	132
	83	133
	83	131
	84	132
	84	133
	84	131
	85	132
	85	133
	85	131
	59	131
	59	132
	59	130
	58	131
	58	132
	58	130
	57	131
	57	132
	57	130
	56	131
	56	132
	56	130
	55	131
	55	132
	55	130
	54	131
	54	132
	54	130
	53	131
	53	132
	53	130
	52	131
	52	132
	52	130
	51	131
	51	132
	51	130
	50	131
	50	132
	50	130
	121	127
	122	127
	120	127
	121	128
	121	126
	122	128
	122	126
	120	128
	120	126
	123	127
	124	127
	123	128
	123	126
	124	128
	124	126
	125	127
	125	128
	125	126
	126	127
	126	128
	126	126
	125	129
	126	129
	124	129
	125	130
	126	130
	124	130
	124	131
	125	131
	124	132
	125	132
	126	131
	126	132
	97	45
	98	45
	96	45
	97	44
	98	44
	96	44
	97	43
	98	43
	96	43
	97	42
	98	42
	96	42
	97	41
	98	41
	96	41
	97	40
	98	40
	96	40
	97	39
	98	39
	96	39
	97	38
	98	38
	96	38
	97	37
	98	37
	96	37
	97	36
	98	36
	96	36
	97	35
	98	35
	96	35
	39	131
	38	131
	39	132
	39	130
	38	132
	38	130
	39	129
	38	129
	39	128
	38	128
	39	127
	38	127
	39	126
	38	126
	39	125
	38	125
	39	124
	38	124
	39	123
	38	123
	39	122
	38	122
	39	121
	38	121
	37	121
	37	122
	36	121
	36	122
	35	121
	35	122
	34	121
	34	122
	34	120
	33	121
	33	122
	33	120
	34	119
	33	119
	34	118
	33	118
	34	117
	33	117
	34	116
	33	116
	34	115
	33	115
	34	114
	33	114
	34	113
	33	113
	34	112
	33	112
	34	111
	33	111
	34	110
	33	110
	34	109
	33	109
	34	108
	33	108
	34	107
	33	107
	34	106
	33	106
	34	105
	33	105
	34	104
	34	103
	34	102
	34	101
	34	100
	33	102
	33	103
	33	101
	33	104
	32	102
	32	103
	32	101
	33	100
	32	100
	33	99
	34	99
	32	99
	33	98
	34	98
	32	98
	33	97
	34	97
	32	97
	33	96
	34	96
	32	96
	34	95
	33	95
	34	94
	33	94
	34	93
	33	93
	34	92
	33	92
	34	91
	33	91
	34	90
	34	89
	34	88
	34	87
	34	86
	34	85
	34	84
	34	83
	34	82
	34	81
	34	80
	34	79
	34	78
	34	77
	34	76
	34	75
	34	74
	34	73
	33	73
	34	72
	33	74
	33	72
	34	71
	33	71
	34	70
	33	70
	33	69
	33	68
	33	75
	33	76
	33	77
	33	78
	33	79
	33	80
	33	81
	33	82
	33	83
	33	84
	33	90
	33	89
	33	88
	33	87
	33	86
	33	85
	33	67
	33	66
	33	65
	32	65
	32	66
	32	64
	32	67
	31	67
	30	67
	29	67
	28	67
	27	67
	26	67
	25	67
	24	67
	23	67
	22	67
	25	68
	26	68
	24	68
	27	68
	29	68
	30	68
	28	68
	31	68
	32	68
	26	69
	27	69
	25	69
	23	68
	22	68
	23	69
	24	69
	22	69
	21	68
	21	69
	21	67
	20	68
	20	69
	20	67
	28	69
	29	69
	30	69
	31	69
	32	69
	19	68
	19	69
	19	67
	18	68
	18	69
	18	67
	17	68
	17	69
	17	67
	16	68
	16	69
	16	67
	15	68
	15	69
	15	67
	14	68
	14	69
	14	67
	13	68
	13	69
	13	67
	12	68
	12	69
	12	67
	11	68
	11	69
	11	67
	10	68
	10	69
	10	67
	9	68
	9	69
	9	67
	8	68
	8	69
	8	67
	7	68
	7	69
	7	67
	6	68
	6	69
	6	67
	5	68
	5	69
	5	67
	4	68
	4	69
	4	67
	3	68
	3	69
	3	67
	4	66
	3	66
	4	65
	3	65
	4	64
	3	64
	4	63
	3	63
	4	62
	3	62
	4	61
	3	61
	4	60
	5	60
	3	60
	4	59
	5	59
	3	59
	4	58
	5	58
	3	58
	4	57
	5	57
	3	57
	4	56
	5	56
	3	56
	4	55
	5	55
	3	55
	4	54
	5	54
	3	54
	4	53
	5	53
	3	53
	4	52
	5	52
	3	52
	4	51
	5	51
	3	51
	4	50
	5	50
	3	50
	4	49
	5	49
	3	49
	4	48
	5	48
	3	48
	4	47
	5	47
	3	47
	4	46
	5	46
	3	46
	4	45
	5	45
	3	45
	4	44
	5	44
	3	44
	6	45
	6	46
	6	44
	7	45
	7	46
	7	44
	8	45
	8	46
	8	44
	9	45
	9	46
	9	44
	10	45
	10	46
	10	44
	11	45
	11	46
	11	44
	12	46
	12	45
	13	46
	13	45
	14	46
	14	45
	15	46
	15	45
	16	46
	16	45
	17	46
	17	45
	18	46
	18	45
	19	46
	19	45
	20	46
	20	45
	21	46
	21	45
	12	44
	13	44
	14	44
	15	44
	16	44
	17	44
	18	44
	19	44
	20	44
	21	44
	22	45
	22	46
	22	44
	23	45
	23	46
	23	44
	24	45
	24	46
	24	44
	25	45
	25	46
	25	44
	26	45
	26	46
	26	44
	27	45
	27	46
	27	44
	28	45
	28	46
	28	44
	29	45
	29	46
	29	44
	30	45
	30	46
	30	44
	31	46
	30	47
	31	47
	31	45
	29	47
	32	46
	32	47
	32	45
	33	46
	33	47
	33	45
	34	46
	34	47
	34	45
	35	46
	35	47
	35	45
	36	45
	37	45
	38	45
	39	45
	35	44
	36	44
	34	44
	33	44
	32	44
	31	44
	37	44
	38	44
	39	44
	40	45
	40	44
	41	45
	41	44
	42	45
	42	44
	43	45
	43	44
	44	45
	45	45
	44	44
	45	44
	46	45
	46	44
	47	45
	47	44
	48	45
	48	44
	49	45
	49	44
	51	66
	52	66
	50	66
	51	67
	51	65
	52	67
	52	65
	50	67
	50	65
	51	64
	52	64
	50	64
	51	63
	52	63
	50	63
	51	62
	52	62
	50	62
	51	61
	52	61
	50	61
	51	60
	52	60
	50	60
	51	59
	52	59
	50	59
	51	58
	52	58
	50	58
	51	57
	52	57
	50	57
	51	56
	52	56
	50	56
	51	55
	52	55
	50	55
	51	54
	52	54
	50	54
	51	53
	52	53
	50	53
	51	52
	52	52
	50	52
	51	51
	52	51
	50	51
	51	50
	52	50
	50	50
	51	49
	52	49
	50	49
	51	48
	52	48
	50	48
	51	47
	52	47
	50	47
	51	46
	52	46
	50	46
	51	45
	52	45
	50	45
	51	44
	52	44
	50	44
	53	66
	54	66
	53	67
	53	65
	54	67
	54	65
	55	66
	55	67
	55	65
	56	66
	56	67
	56	65
	57	66
	57	67
	57	65
	58	66
	58	67
	58	65
	57	68
	58	68
	56	68
	57	69
	58	69
	57	70
	58	70
	59	69
	59	70
	59	68
	59	67
	59	66
	60	67
	60	68
	60	66
	60	69
	60	70
	58	71
	59	71
	57	71
	59	65
	60	65
	58	72
	59	72
	57	72
	58	73
	59	73
	57	73
	60	72
	60	73
	60	71
	59	74
	60	74
	58	74
	57	74
	58	75
	59	75
	57	75
	58	76
	59	76
	57	76
	60	75
	60	76
	59	77
	60	77
	58	77
	59	78
	60	78
	58	78
	59	79
	60	79
	58	79
	57	79
	58	80
	59	80
	57	80
	57	78
	58	81
	59	81
	57	81
	57	77
	60	80
	60	81
	59	82
	60	82
	58	82
	57	82
	58	83
	59	83
	57	83
	58	84
	59	84
	57	84
	58	85
	59	85
	57	85
	58	86
	59	86
	57	86
	58	87
	59	87
	57	87
	58	88
	59	88
	57	88
	58	89
	59	89
	57	89
	58	90
	59	90
	57	90
	60	87
	60	88
	60	86
	60	85
	60	84
	60	83
	60	89
	60	90
	53	102
	54	102
	52	102
	53	103
	53	101
	54	103
	54	101
	52	103
	52	101
	53	100
	54	100
	52	100
	53	99
	54	99
	52	99
	53	98
	54	98
	52	98
	53	97
	54	97
	52	97
	53	96
	54	96
	52	96
	53	95
	54	95
	52	95
	53	94
	54	94
	52	94
	53	93
	54	93
	52	93
	53	92
	54	92
	52	92
	53	91
	54	91
	52	91
	55	103
	56	103
	55	102
	56	102
	57	103
	57	104
	57	102
	58	103
	58	104
	58	102
	58	115
	59	115
	57	115
	58	114
	59	114
	57	114
	58	113
	59	113
	57	113
	58	112
	59	112
	57	112
	58	111
	59	111
	57	111
	58	110
	59	110
	57	110
	58	109
	59	109
	57	109
	58	108
	59	108
	57	108
	58	107
	59	107
	57	107
	58	106
	59	106
	57	106
	58	105
	59	105
	57	105
	59	104
	59	103
	60	104
	60	105
	60	103
	59	102
	60	102
	60	106
	60	107
	60	108
	60	109
	60	110
	60	111
	60	112
	60	113
	60	114
	60	115
	61	115
	61	114
	62	115
	62	114
	63	115
	63	114
	64	115
	64	114
	65	115
	65	114
	66	115
	66	114
	67	115
	67	114
	68	115
	68	114
	69	115
	69	114
	70	115
	70	114
	71	115
	71	114
	72	115
	72	114
	73	115
	73	114
	74	115
	74	114
	75	115
	75	114
	76	115
	76	114
	77	115
	77	114
	78	115
	78	114
	79	115
	79	114
	80	115
	80	114
	81	115
	81	114
	82	115
	82	114
	83	115
	84	115
	83	114
	84	114
	85	115
	86	115
	85	114
	86	114
	87	115
	88	115
	87	114
	88	114
	89	115
	89	114
	89	113
	88	113
	89	112
	88	112
	89	111
	88	111
	89	110
	88	110
	89	109
	88	109
	89	108
	90	108
	88	108
	89	107
	90	107
	88	107
	89	106
	90	106
	88	106
	91	107
	91	108
	91	106
	92	107
	92	108
	92	106
	93	107
	93	108
	93	106
	94	107
	94	108
	94	106
	95	107
	95	108
	95	106
	96	107
	96	108
	96	106
	97	107
	97	108
	97	106
	98	107
	98	108
	98	106
	99	107
	99	108
	99	106
	100	107
	100	108
	100	106
	101	107
	102	107
	101	108
	101	106
	102	108
	102	106
	103	108
	104	108
	103	107
	104	107
	105	108
	105	107
	106	108
	106	107
	107	108
	108	108
	107	107
	108	107
	109	108
	109	107
	110	108
	111	108
	110	107
	111	107
	112	108
	112	107
	113	108
	113	107
	114	108
	114	107
	115	108
	115	107
	116	108
	116	107
	104	106
	105	106
	103	106
	106	106
	107	106
	108	106
	109	106
	110	106
	111	106
	112	106
	113	106
	114	106
	115	106
	116	106
	39	134
	40	134
	38	134
	39	135
	39	133
	40	135
	40	133
	38	135
	38	133
	43	134
	44	134
	42	134
	43	135
	43	133
	44	135
	44	133
	42	135
	42	133
	45	134
	45	135
	45	133
	46	133
	46	134
	47	133
	47	134
	48	133
	48	134
	49	133
	49	134
	41	133
	41	134
	41	135
	46	135
	47	135
	48	135
	49	135
	50	134
	50	135
	50	133
	51	133
	51	134
	52	133
	52	134
	53	133
	53	134
	54	133
	54	134
	55	133
	55	134
	56	133
	56	134
	57	133
	57	134
	53	135
	54	135
	52	135
	51	135
	55	135
	56	135
	57	135
	58	134
	58	135
	58	133
	59	134
	59	135
	59	133
	60	134
	60	135
	60	133
	61	133
	61	134
	62	133
	62	134
	63	133
	63	134
	64	133
	64	134
	65	133
	65	134
	62	135
	63	135
	61	135
	64	135
	65	135
	66	134
	66	135
	66	133
	67	134
	67	135
	68	134
	68	135
	69	134
	69	135
	70	134
	71	134
	72	134
	73	134
	74	134
	70	135
	71	135
	72	135
	73	135
	75	134
	74	135
	75	135
	76	134
	76	135
	77	134
	77	135
	78	134
	78	135
	79	134
	80	134
	79	135
	80	135
	81	134
	81	135
	82	134
	82	135
	83	134
	83	135
	84	134
	84	135
	85	134
	85	135
	86	134
	86	135
	87	134
	87	135
	88	134
	88	135
	89	134
	89	135
	90	134
	90	135
	89	144
	90	144
	88	144
	89	145
	89	143
	90	145
	90	143
	88	145
	88	143
	89	142
	90	142
	88	142
	89	141
	90	141
	88	141
	89	140
	90	140
	88	140
	89	139
	90	139
	88	139
	89	138
	90	138
	88	138
	89	137
	90	137
	88	137
	89	136
	90	136
	88	136
	89	147
	90	147
	88	147
	89	148
	89	146
	90	148
	90	146
	88	148
	88	146
	91	147
	91	148
	91	146
	92	147
	93	147
	92	148
	92	146
	93	148
	93	146
	94	147
	95	147
	94	148
	94	146
	95	148
	95	146
	96	147
	96	148
	96	146
	97	147
	97	148
	97	146
	98	147
	98	148
	98	146
	99	147
	99	148
	99	146
	100	147
	101	147
	100	148
	100	146
	101	148
	101	146
	102	147
	103	147
	102	148
	102	146
	103	148
	103	146
	104	147
	104	148
	104	146
	105	147
	105	148
	105	146
	106	147
	106	148
	106	146
	107	147
	107	148
	107	146
	108	147
	108	148
	108	146
	109	147
	109	148
	109	146
	108	145
	109	145
	110	146
	110	147
	110	145
	110	148
	109	144
	110	144
	108	144
	109	143
	110	143
	108	143
	109	142
	110	142
	108	142
	109	141
	110	141
	108	141
	109	140
	110	140
	108	140
	109	139
	110	139
	108	139
	109	138
	110	138
	108	138
	109	137
	110	137
	108	137
	109	136
	110	136
	108	136
	109	135
	110	135
	108	135
	111	135
	110	134
	111	136
	111	134
	109	134
	110	133
	111	133
	109	133
	110	132
	111	132
	109	132
	110	131
	111	131
	109	131
	110	130
	111	130
	109	130
	110	129
	111	129
	109	129
	108	134
	108	133
	108	131
	108	132
	108	130
	108	129
	108	128
	109	128
	108	127
	109	127
	110	128
	110	127
	111	128
	111	127
	112	128
	112	129
	113	128
	113	129
	114	128
	114	129
	115	128
	116	128
	117	129
	118	129
	116	129
	115	129
	119	129
	120	129
	121	129
	122	129
	123	129
	112	130
	114	130
	115	130
	113	130
	116	130
	117	130
	118	130
	119	130
	120	130
	121	130
	122	130
	123	130
	123	131
	122	131
	123	132
	122	132
	123	133
	122	133
	123	134
	122	134
	123	135
	122	135
	121	134
	121	135
	121	133
	121	132
	121	131
	122	136
	123	136
	121	136
	122	137
	123	137
	121	137
	125	136
	126	136
	124	136
	125	137
	126	137
	124	137
	127	136
	127	137
	128	136
	128	137
	129	136
	129	137
	130	136
	130	137
	131	136
	131	137
	132	136
	132	137
	133	136
	133	137
	134	136
	134	137
	135	136
	136	136
	135	137
	136	137
	137	136
	137	137
	138	136
	138	137
	139	136
	139	137
	140	136
	140	137
	141	136
	141	137
	141	135
	142	136
	142	137
	142	135
	143	136
	143	137
	143	135
	142	134
	143	134
	141	134
	142	133
	143	133
	141	133
	142	132
	143	132
	141	132
	142	131
	143	131
	141	131
	142	130
	143	130
	141	130
	144	131
	144	132
	144	130
	145	131
	145	132
	145	130
	146	131
	146	132
	146	130
	147	131
	147	132
	147	130
	148	131
	148	132
	148	130
	149	130
	149	131
	150	130
	150	131
	149	132
	150	132
	151	131
	151	132
	151	130
	152	131
	152	132
	152	130
	153	131
	153	132
	153	130
	154	131
	154	132
	154	130
	155	131
	155	132
	155	130
	154	129
	155	129
	154	128
	155	128
	154	127
	155	127
	156	131
	156	132
	156	130
	157	131
	157	132
	157	130
	156	129
	157	129
	156	128
	157	128
	156	127
	157	127
	158	127
	159	127
	158	128
	159	128
	159	126
	160	127
	160	128
	160	126
	161	127
	161	128
	161	126
	160	125
	161	125
	160	124
	161	124
	160	123
	161	123
	160	122
	161	122
	162	123
	163	123
	162	124
	162	122
	163	124
	163	122
	164	123
	164	124
	164	122
	165	123
	165	124
	165	122
	166	123
	166	124
	166	122
	167	123
	167	124
	167	122
	168	123
	168	124
	168	122
	169	123
	169	124
	169	122
	170	122
	170	123
	171	122
	171	123
	172	122
	172	123
	173	122
	173	123
	174	122
	174	123
	174	121
	172	124
	173	124
	171	124
	170	124
	171	125
	172	125
	170	125
	169	125
	174	120
	174	119
	173	118
	174	118
	173	117
	174	117
	173	116
	174	116
	175	117
	175	118
	175	116
	176	117
	176	118
	176	116
	177	117
	177	118
	177	116
	178	117
	178	118
	178	116
	179	117
	179	118
	179	116
	180	117
	180	118
	180	116
	180	115
	181	116
	181	117
	181	115
	182	116
	182	117
	182	115
	181	118
	182	118
	181	114
	182	114
	180	114
	181	113
	182	113
	180	113
	181	112
	182	112
	180	112
	181	111
	182	111
	180	111
	181	110
	182	110
	180	110
	181	109
	182	109
	180	109
	181	108
	182	108
	180	108
	181	107
	182	107
	180	107
	181	106
	182	106
	180	106
	183	106
	182	105
	183	107
	183	105
	181	105
	182	104
	183	104
	181	104
	182	103
	183	103
	181	103
	182	102
	183	102
	181	102
	182	101
	183	101
	181	101
	180	104
	180	105
	180	103
	180	102
	180	101
	181	100
	182	100
	180	100
	181	99
	182	99
	180	99
	181	98
	182	98
	180	98
	181	97
	182	97
	180	97
	179	97
	180	96
	181	96
	179	96
	175	95
	176	95
	175	96
	175	94
	176	96
	176	94
	177	95
	177	96
	177	94
	178	95
	178	96
	178	94
	179	95
	179	94
	180	95
	180	94
	181	95
	181	94
	182	95
	182	96
	182	94
	176	93
	177	93
	175	93
	176	92
	177	92
	175	92
	176	91
	177	91
	175	91
	176	90
	177	90
	175	90
	176	89
	177	89
	175	89
	176	88
	177	88
	175	88
	176	87
	177	87
	175	87
	176	86
	177	86
	175	86
	176	85
	177	85
	175	85
	175	84
	176	84
	175	83
	176	83
	175	82
	176	82
	175	81
	176	81
	175	80
	176	80
	175	79
	176	79
	177	83
	177	84
	177	82
	177	81
	177	80
	177	79
	176	78
	177	78
	175	78
	176	77
	177	77
	175	77
	176	76
	177	76
	175	76
	176	75
	177	75
	175	75
	176	74
	177	74
	175	74
	176	73
	177	73
	175	73
	176	72
	177	72
	175	72
	176	71
	177	71
	175	71
	176	70
	177	70
	175	70
	176	69
	177	69
	175	69
	176	67
	177	67
	175	67
	176	68
	176	66
	177	68
	177	66
	175	68
	175	66
	176	65
	177	65
	175	65
	176	64
	177	64
	175	64
	176	63
	177	63
	175	63
	176	62
	177	62
	175	62
	176	61
	177	61
	175	61
	176	60
	177	60
	175	60
	176	59
	177	59
	175	59
	176	58
	177	58
	175	58
	174	59
	174	58
	173	59
	173	58
	174	57
	175	57
	173	57
	174	56
	175	56
	173	56
	176	57
	176	56
	177	57
	177	56
	174	55
	175	55
	173	55
	174	54
	175	54
	173	54
	173	53
	174	53
	173	52
	174	52
	173	51
	174	51
	173	50
	174	50
	173	49
	174	49
	175	52
	175	53
	175	51
	175	50
	175	49
	174	48
	175	48
	173	48
	174	47
	175	47
	173	47
	174	46
	175	46
	173	46
	174	45
	175	45
	173	45
	174	44
	175	44
	173	44
	174	43
	175	43
	173	43
	174	42
	175	42
	173	42
	174	41
	175	41
	173	41
	174	40
	175	40
	173	40
	174	39
	175	39
	173	39
	174	38
	175	38
	173	38
	174	37
	175	37
	173	37
	174	36
	175	36
	173	36
	174	35
	175	35
	173	35
	174	34
	175	34
	173	34
	174	33
	175	33
	173	33
	174	32
	175	32
	173	32
	174	31
	175	31
	173	31
	174	30
	175	30
	173	30
	174	29
	175	29
	173	29
	174	28
	175	28
	173	28
	174	27
	175	27
	173	27
	174	26
	175	26
	173	26
	168	24
	169	24
	167	24
	168	25
	168	23
	169	25
	169	23
	167	25
	167	23
	172	24
	173	24
	171	24
	172	25
	172	23
	173	25
	173	23
	171	25
	171	23
	174	24
	175	24
	174	25
	174	23
	175	25
	175	23
	176	25
	176	26
	176	24
	170	25
	170	24
	170	23
	168	22
	169	22
	167	22
	168	21
	169	21
	167	21
	167	20
	168	20
	167	19
	168	19
	167	18
	168	18
	167	17
	168	17
	167	16
	168	16
	169	18
	169	19
	169	17
	169	20
	169	16
	168	15
	169	15
	167	15
	168	14
	169	14
	167	14
	168	13
	169	13
	167	13
	168	12
	169	12
	167	12
	168	11
	169	11
	167	11
	166	11
	165	11
	164	11
	163	11
	162	11
	161	11
	165	10
	166	10
	164	10
	167	10
	168	10
	169	10
	163	10
	162	10
	161	10
	160	11
	160	10
	159	11
	159	10
	158	11
	157	11
	156	11
	155	11
	154	11
	153	11
	152	11
	151	11
	150	11
	149	11
	150	10
	151	10
	149	10
	152	10
	153	10
	154	10
	155	10
	154	9
	155	9
	153	9
	156	10
	156	9
	157	10
	157	9
	158	10
	158	9
	159	9
	152	9
	148	11
	148	10
	147	11
	147	12
	147	10
	146	12
	147	13
	146	13
	146	11
	145	12
	145	13
	145	11
	144	12
	144	13
	144	11
	143	12
	143	13
	143	11
	142	12
	142	13
	142	11
	141	12
	141	13
	141	11
	140	12
	139	12
	140	13
	140	11
	139	13
	139	11
	138	12
	137	12
	138	13
	138	11
	137	13
	137	11
	136	12
	136	13
	136	11
	135	12
	135	13
	135	11
	134	13
	134	12
	133	13
	133	12
	132	13
	132	12
	131	13
	131	12
	133	11
	134	11
	132	11
	131	11
	144	10
	145	10
	143	10
	146	10
	150	9
	151	9
	149	9
	160	9
	161	9
	162	9
	161	8
	162	8
	160	8
	163	9
	163	8
	164	9
	164	8
	165	9
	165	8
	166	9
	166	8
	167	9
	168	9
	132	10
	133	10
	131	10
	132	9
	133	9
	131	9
	132	8
	133	8
	131	8
	132	7
	133	7
	131	7
	131	6
	132	6
	130	6
	129	6
	128	6
	127	6
	128	5
	129	5
	127	5
	126	6
	126	5
	125	6
	125	5
	124	6
	124	5
	123	6
	123	5
	127	4
	128	4
	126	4
	129	4
	130	5
	130	4
	131	5
	131	4
	132	5
	132	4
	133	5
	133	6
	133	4
	123	4
	124	4
	123	3
	124	3
	125	4
	125	3
	126	3
	125	2
	126	2
	124	2
	123	2
	124	1
	125	1
	123	1
	124	0
	125	0
	123	0
	79	52
	80	52
	78	52
	79	53
	79	51
	80	53
	80	51
	78	53
	78	51
	79	50
	80	50
	78	50
	79	49
	80	49
	78	49
	79	48
	80	48
	78	48
	79	47
	80	47
	78	47
	79	46
	80	46
	78	46
	79	45
	80	45
	78	45
	79	44
	80	44
	78	44
	79	43
	80	43
	78	43
	79	42
	80	42
	78	42
	79	41
	80	41
	78	41
	79	40
	80	40
	78	40
	79	39
	80	39
	78	39
	79	38
	80	38
	78	38
	79	37
	80	37
	78	37
	79	36
	80	36
	78	36
	79	35
	80	35
	78	35
	79	34
	80	34
	78	34
	80	33
	79	33
	80	32
	79	32
	80	31
	79	31
	80	30
	79	30
	80	29
	79	29
	80	28
	79	28
	78	32
	78	33
	78	31
	80	27
	79	27
	80	26
	79	26
	78	30
	78	29
	78	28
	78	27
	78	26
	79	25
	80	25
	78	25
	79	24
	80	24
	78	24
	80	23
	79	23
	80	22
	79	22
	80	21
	79	21
	80	20
	79	20
	78	21
	78	22
	78	20
	78	23
	79	19
	80	19
	78	19
	79	18
	80	18
	78	18
	79	17
	80	17
	78	17
	79	16
	80	16
	78	16
	79	15
	80	15
	78	15
	79	14
	80	14
	78	14
	79	13
	80	13
	78	13
	79	12
	80	12
	78	12
	79	11
	80	11
	78	11
	79	10
	80	10
	78	10
	79	9
	80	9
	78	9
	79	8
	80	8
	78	8
	79	7
	80	7
	78	7
	79	6
	80	6
	78	6
	79	5
	80	5
	78	5
	79	4
	80	4
	78	4
	79	3
	80	3
	78	3
	79	2
	80	2
	78	2
	79	1
	80	1
	78	1
	79	0
	80	0
	78	0
	81	1
	81	0
	82	0
	82	1
	83	0
	83	1
	84	0
	84	1
	85	0
	85	1
	86	0
	86	1
	87	1
	87	0
	88	1
	88	0
	89	1
	89	0
	90	1
	90	0
	91	1
	91	0
	92	1
	92	0
	93	1
	94	1
	93	0
	94	0
	95	1
	95	0
	96	1
	97	1
	96	0
	97	0
	98	1
	98	0
	99	1
	99	0
	100	1
	101	1
	100	0
	101	0
	102	1
	102	0
	103	1
	103	0
	104	1
	104	0
	106	1
	107	1
	105	1
	106	0
	107	0
	105	0
	109	1
	110	1
	108	1
	109	0
	110	0
	108	0
	111	1
	112	1
	111	0
	112	0
	113	1
	114	1
	113	0
	114	0
	115	1
	116	1
	115	0
	116	0
	117	1
	118	1
	117	0
	118	0
	119	1
	119	0
	120	1
	120	0
	121	1
	122	1
	121	0
	122	0
	79	54
	80	54
	78	54
	79	55
	80	55
	78	55
	83	54
	84	54
	82	54
	83	55
	84	55
	82	55
	85	54
	86	54
	85	55
	86	55
	87	54
	87	55
	88	54
	88	55
	89	54
	89	55
	81	54
	81	55
	90	54
	90	55
	91	55
	92	55
	93	55
	94	55
	95	55
	96	54
	96	55
	97	54
	97	55
	98	54
	98	55
	99	54
	99	55
	99	53
	100	54
	100	55
	100	53
	101	54
	101	55
	101	53
	100	52
	101	52
	99	52
	100	51
	101	51
	99	51
	100	50
	101	50
	99	50
	100	49
	101	49
	99	49
	100	48
	101	48
	99	48
	100	47
	101	47
	99	47
	100	46
	101	46
	99	46
	100	45
	101	45
	99	45
	100	44
	101	44
	99	44
	100	43
	101	43
	99	43
	100	42
	101	42
	99	42
	100	41
	101	41
	99	41
	100	40
	101	40
	99	40
	99	39
	100	39
	99	38
	100	38
	99	37
	100	37
	99	36
	100	36
	99	35
	100	35
	101	37
	101	38
	101	36
	101	39
	101	35
	100	34
	101	34
	99	34
	100	33
	101	33
	99	33
	100	32
	101	32
	99	32
	100	31
	101	31
	99	31
	100	30
	101	30
	99	30
	100	29
	101	29
	99	29
	100	28
	101	28
	99	28
	100	27
	101	27
	99	27
	100	26
	101	26
	99	26
	100	25
	101	25
	99	25
	100	24
	101	24
	99	24
	100	23
	101	23
	99	23
	100	22
	101	22
	99	22
	100	21
	101	21
	99	21
	100	20
	101	20
	99	20
	100	19
	101	19
	99	19
	102	20
	102	21
	102	19
	103	19
	104	19
	103	20
	104	20
	105	19
	105	20
	106	19
	106	20
	107	19
	107	20
	108	19
	108	20
	109	19
	110	19
	109	20
	110	20
	111	19
	111	20
	103	21
	104	21
	110	21
	111	21
	109	21
	107	21
	108	21
	106	21
	105	21
	111	31
	110	31
	111	32
	111	30
	110	32
	110	30
	111	29
	110	29
	111	28
	110	28
	111	27
	110	27
	111	26
	110	26
	111	25
	110	25
	111	24
	110	24
	111	23
	110	23
	111	22
	110	22
	111	34
	112	34
	110	34
	111	35
	111	33
	112	35
	112	33
	110	35
	110	33
	113	34
	113	35
	113	33
	114	34
	114	35
	114	33
	115	34
	115	35
	115	33
	116	34
	116	35
	116	33
	117	34
	117	35
	117	33
	118	34
	118	35
	118	33
	119	34
	119	35
	119	33
	120	34
	120	35
	120	33
	121	34
	121	35
	121	33
	122	34
	122	35
	122	33
	123	34
	123	35
	123	33
	124	34
	124	35
	124	33
	125	34
	125	35
	125	33
	126	34
	126	35
	126	33
	127	34
	127	35
	127	33
	128	34
	128	35
	128	33
	129	34
	129	35
	129	33
	130	34
	130	35
	130	33
	131	34
	131	35
	131	33
	132	33
	132	34
	133	33
	133	34
	134	33
	134	34
	135	33
	135	34
	136	33
	136	34
	133	35
	134	35
	132	35
	135	35
	136	35
	137	34
	137	35
	137	33
	138	34
	138	35
	138	33
	139	34
	139	35
	139	33
	140	34
	140	35
	140	33
	141	34
	141	35
	141	33
	142	34
	142	35
	142	33
	143	34
	143	35
	143	33
	144	34
	144	35
	144	33
	145	34
	145	35
	145	33
	146	34
	146	35
	146	33
	147	34
	147	35
	148	34
	148	35
	148	36
	147	36
	148	37
	147	37
	148	38
	147	38
	148	39
	147	39
	148	40
	147	40
	148	41
	147	41
	148	42
	147	42
	148	43
	147	43
	148	44
	147	44
	148	45
	147	45
	146	46
	147	46
	145	46
	146	47
	146	45
	147	47
	145	47
	145	45
	146	48
	147	48
	145	48
	146	49
	147	49
	145	49
	148	48
	148	49
	148	47
	148	46
	146	44
	145	44
	146	43
	145	43
	146	42
	145	42
	146	41
	145	41
	146	40
	145	40
	146	39
	145	39
	146	38
	145	38
	146	37
	145	37
	146	36
	145	36
	146	50
	147	50
	145	50
	146	51
	147	51
	145	51
	149	50
	150	50
	148	50
	149	51
	150	51
	148	51
	151	50
	151	51
	153	50
	154	50
	152	50
	153	51
	154	51
	152	51
	153	52
	152	52
	153	53
	152	53
	153	54
	152	54
	153	55
	152	55
	153	56
	152	56
	153	57
	152	57
	153	58
	152	58
	153	59
	152	59
	153	60
	153	61
	154	62
	155	62
	153	62
	152	60
	152	61
	152	62
	153	63
	154	63
	152	63
	155	63
	154	107
	154	108
	154	106
	154	105
	153	105
	154	104
	153	104
	154	103
	153	103
	154	102
	153	102
	154	101
	153	101
	154	100
	153	100
	154	99
	153	99
	154	98
	153	98
	154	97
	155	97
	153	97
	154	96
	155	96
	153	96
	154	95
	155	95
	153	95
	154	94
	155	94
	153	94
	154	93
	155	93
	153	93
	155	92
	154	92
	155	91
	154	91
	155	90
	154	90
	155	89
	154	89
	153	91
	153	92
	153	90
	153	89
	154	88
	155	88
	153	88
	154	87
	155	87
	153	87
	154	86
	155	86
	153	86
	154	85
	155	85
	153	85
	154	84
	155	84
	153	84
	154	83
	155	83
	153	83
	154	82
	155	82
	153	82
	155	81
	154	81
	155	80
	154	80
	155	79
	154	79
	155	78
	154	78
	155	77
	154	77
	153	81
	153	80
	153	78
	153	79
	153	77
	154	76
	155	76
	153	76
	154	75
	155	75
	153	75
	154	74
	155	74
	153	74
	154	73
	155	73
	153	73
	154	72
	155	72
	153	72
	154	71
	155	71
	153	71
	154	70
	155	70
	153	70
	154	69
	155	69
	153	69
	154	68
	155	68
	153	68
	154	67
	155	67
	153	67
	154	66
	155	66
	153	66
	154	65
	155	65
	153	65
	154	64
	155	64
	153	64
	120	105
	121	105
	119	105
	120	104
	121	104
	119	104
	122	105
	123	105
	124	105
	125	105
	126	105
	127	105
	128	105
	129	105
	130	105
	131	105
	132	105
	123	104
	124	104
	122	104
	125	104
	126	104
	127	104
	128	104
	129	104
	130	104
	131	104
	133	105
	132	104
	133	104
	134	105
	134	104
	135	105
	136	105
	135	104
	136	104
	137	105
	137	104
	138	105
	138	104
	139	105
	139	104
	140	105
	140	104
	141	105
	141	106
	141	104
	142	105
	142	104
	141	107
	141	108
	141	109
	141	110
	141	111
	143	105
	143	104
	144	105
	144	104
	145	105
	145	104
	146	105
	146	104
	147	105
	147	104
	148	105
	148	104
	149	105
	149	104
	150	105
	150	104
	151	105
	151	104
	152	105
	152	104
	116	105
	117	105
	115	105
	118	105
	118	104
	117	104
	116	104
	115	104
	114	105
	114	104
	162	125
	163	125
	164	125
	165	125
	166	125
	167	125
	168	125
	158	129
	159	129
	158	130
	159	130
	120	131
	119	131
	120	132
	119	132
	120	133
	120	134
	55	101
	56	101
	55	100
	56	100
	152	64
	141	10
	142	10
	140	10
	141	9
	142	9
	140	9
	137	10
	138	10
	136	10
	137	9
	138	9
	136	9
	135	10
	135	9
	134	10
	134	9
	139	10
	146	9
	147	9
	145	9
	144	9
	143	9
	148	9
	151	8
	152	8
	150	8
	149	8
	37	124
	36	124
	37	125
	37	123
	36	125
	36	123
	152	65
	152	66
	152	68
	152	69
	152	67
	152	70
InvisibleObstacle		
AW1		
	38	117
	39	117
	37	117
	38	118
	38	116
	39	118
	39	116
	37	118
	37	116
	40	117
	40	118
	40	116
	41	117
	41	118
	41	116
	42	117
	42	118
	42	116
	43	117
	43	118
	43	116
	44	117
	44	118
	44	116
	45	117
	45	118
	45	116
	46	117
	46	118
	46	116
	47	117
	47	118
	47	116
	48	117
	48	118
	48	116
	49	117
	49	118
	49	116
	50	117
	50	118
	50	116
	51	117
	51	118
	51	116
	52	117
	52	118
	52	116
	53	117
	53	118
	53	116
	54	117
	54	118
	54	116
AW2		
	151	133
	152	133
	150	133
	151	134
	151	132
	152	134
	152	132
	150	134
	150	132
	151	131
	152	131
	150	131
	151	130
	152	130
	150	130
	151	129
	152	129
	150	129
	151	128
	152	128
	150	128
	151	127
	152	127
	150	127
	151	126
	152	126
	150	126
	151	125
	152	125
	150	125
	151	124
	152	124
	150	124
	151	123
	152	123
	150	123
	151	122
	152	122
	150	122
	151	121
	152	121
	150	121
	151	120
	152	120
	150	120
	151	119
	152	119
	150	119
	151	118
	152	118
	150	118
	151	117
	152	117
	150	117
	151	116
	152	116
	150	116
	151	115
	152	115
	150	115
	151	114
	152	114
	150	114
	151	113
	152	113
	150	113
	151	112
	152	112
	150	112
	151	111
	152	111
	150	111
	151	110
	152	110
	150	110
	151	109
	152	109
	150	109
AW3		
	146	20
	147	20
	145	20
	146	21
	146	19
	147	21
	147	19
	145	21
	145	19
	146	22
	147	22
	145	22
	146	23
	147	23
	145	23
	146	24
	147	24
	145	24
	146	25
	147	25
	145	25
	146	26
	147	26
	145	26
	146	27
	147	27
	145	27
	146	28
	147	28
	145	28
	146	29
	147	29
	145	29
	148	28
	148	29
	148	27
	147	30
	148	30
	146	30
	147	31
	148	31
	146	31
	145	30
	145	31
	146	32
	147	32
	145	32
	146	33
	147	33
	145	33
	146	34
	147	34
	145	34
	148	33
	148	34
	148	32
	148	20
	148	21
	148	19
	148	22
	148	23
	148	24
	148	25
	148	26
	147	17
	148	17
	146	17
	147	18
	147	16
	148	18
	148	16
	146	18
	146	16
	145	17
	145	18
	145	16
CG1		
	30	61
	31	61
	29	61
	30	62
	30	60
	31	62
	31	60
	29	62
	29	60
	30	59
	31	59
	29	59
	30	58
	31	58
	29	58
	30	57
	31	57
	29	57
	30	56
	31	56
	29	56
	30	55
	31	55
	29	55
	30	54
	31	54
	29	54
	30	53
	31	53
	29	53
	30	52
	31	52
	29	52
	30	51
	31	51
	29	51
	30	50
	31	50
	29	50
	32	50
	31	49
	32	51
	32	49
	30	49
	31	48
	32	48
	30	48
	31	47
	32	47
	30	47
	29	48
	29	49
	29	47
	32	62
	33	62
	32	63
	32	61
	33	63
	33	61
	31	63
	34	62
	34	63
	34	61
	32	60
	33	60
	34	60
	35	61
	35	62
	35	60
	36	61
	36	62
	36	60
	35	59
	36	59
	34	59
	35	58
	36	58
	34	58
	35	57
	36	57
	34	57
	35	56
	36	56
	34	56
	35	55
	36	55
	34	55
	35	54
	36	54
	34	54
	35	53
	36	53
	34	53
	35	52
	36	52
	34	52
	35	51
	36	51
	34	51
	35	50
	36	50
	34	50
	33	51
	33	52
	33	50
	32	52
	33	53
	32	53
	32	54
	33	54
	32	55
	33	55
	32	56
	33	56
	32	57
	33	57
	32	58
	33	58
	32	59
	33	59
CG2		
	89	130
	89	129
	89	128
	89	127
	89	126
	89	125
	88	124
	88	123
	88	122
	88	121
	89	120
	89	119
	89	118
	89	121
	89	122
	89	123
	89	124
	88	120
	88	119
	88	125
	88	126
	88	127
	88	128
	88	129
	88	130
CG3		
	159	80
	160	80
	161	80
	162	80
	163	80
	164	80
	166	80
	167	80
	168	80
	169	80
	170	80
	171	80
	166	79
	165	79
	160	79
	161	79
	162	79
	163	79
	164	79
	165	80
	159	79
	167	79
	168	79
	169	79
	170	79
	171	79
