Id	Type	Priority	PrefixRoot	Root
100020	OnFrame	3	2	107
100026	OnFrame	3	2	723
100033	OnFrame	3	930	932
100046	OnBeforeDamage	3	938	948
100051	OnBeforeDamage	3	991	996
100052	OnFrame	3	1022	1023
100053	OnSkill	3	1022	1062
100054	OnFrame	3	1069	1090
100055	OnSkill	3	1022	1102
100056	OnBeHit	3	1022	1131
100057	OnNpcWillDie	3	1022	1135
100058	OnSwitchNpc	3	1022	1138
100062	OnFrame	3	1144	1146
100063	OnBeHit	3	1022	1153
100074	OnSkill	3	1157	1159
100086	OnBeforeDamage	3	1022	1168
100089	OnFrame	3	1170	1175
199900	OnFrame	3	1022	1290
100201	OnSkill	3	1022	1309
100202	OnSwitchNpc	3	1324	1325
100203	OnFrame	3	1340	0
100219	OnFrame	3	1367	1370
100243	OnBeforeDamage	3	931	1385
100251	OnBeHit	3	1022	1408
100268	OnFrame	3	1413	1417
100290	OnBeforeDamage	3	1022	1420
100292	OnBeforeDamage	3	1022	1422
101853	OnFrame	3	1022	1424
101854	OnFrame	3	1431	1432
101861	OnSkill	3	1458	1464
101862	OnSkill	3	1022	1507
101863	OnSwitchNpc	3	931	1552
101864	OnFrame	3	1557	1560
100940	OnFrame	3	1562	1565
100942	OnBeforeDamage	3	1022	1567
100949	OnSkill	3	1022	1581
100957	OnSwitchNpc	3	931	1598
100406	OnFrame	3	1603	1604
100423	OnFrame	3	1614	1615
100424	OnFrame	3	1640	1641
100425	OnFrame	3	1640	1663
100433	OnBeforeDamage	3	1691	1693
100440	OnSkill	3	1717	1718
100446	OnBeforeDamage	3	931	1744
100450	OnFrame	3	1747	1752
100462	OnFrame	3	1864	1867
100463	OnSwitchNpc	3	931	1869
100489	OnFrame	3	1874	0
100490	OnBeforeDamage	3	931	1877
100492	OnFrame	3	931	1879
100494	OnBeforeDamage	3	931	1881
101641	OnBeforeDamage	3	931	1883
101660	OnSwitchNpc	3	931	1905
101661	OnFrame	3	1910	1913
101667	OnSkill	3	1022	1915
101669	OnFrame	3	1921	1923
101670	OnFrame	3	1932	1934
101680	OnFrame	3	1946	0
101690	OnFrame	3	1022	1968
101692	OnBeforeDamage	3	1022	1975
101694	OnFrame	3	1022	1988
101726	OnFrame	3	1992	2000
101727	OnFrame	3	1022	2070
101728	OnFrame	3	2086	2087
101741	OnFrame	3	2090	2094
101744	OnBeHit	3	1022	2142
101748	OnBeforeDamage	3	2144	2145
101752	OnFrame	3	2086	2189
101758	OnNpcWillDie	3	2086	2191
101759	OnFrame	3	2086	2189
101773	OnFrame	3	2192	0
101784	OnFrame	3	1022	2227
101786	OnBeforeDamage	3	1022	2232
101788	OnBeforeDamage	3	1022	2235
101790	OnSwitchNpc	3	931	2237
102339	OnFrame	3	931	2242
102340	OnAfterDamage	3	2278	2280
102348	OnSkill	3	2323	2326
102350	OnFrame	3	2330	2336
102360	OnFrame	3	2353	2356
102362	OnSwitchNpc	3	931	2358
102371	OnBeforeDamage	3	2086	2363
102380	OnFrame	3	2366	0
102382	OnBeforeDamage	3	931	2369
102384	OnBeforeDamage	3	931	2371
102386	OnSkill	3	931	2374
100633	OnBeforeDamage	3	1022	2379
100634	OnFrame	3	1022	2400
100643	OnFrame	3	2407	2408
100650	OnSwitchNpc	3	931	2419
100671	OnFrame	3	2424	2427
100677	OnFrame	3	2429	2431
100690	OnFrame	3	1022	2455
100692	OnBeforeDamage	3	931	2469
100694	OnBeforeDamage	3	931	2472
100696	OnBeforeDamage	3	931	2478
101139	OnBeforeDamage	3	2481	2484
101140	OnSkill	3	1022	2545
101144	OnFrame	3	2086	2553
101150	OnFrame	3	2561	2562
101153	OnFrame	3	2574	2580
101154	OnFrame	3	2596	2598
101163	OnBeHit	3	1022	2617
101166	OnSwitchNpc	3	931	2619
101167	OnFrame	3	2624	2627
101190	OnFrame	3	2629	0
101194	OnBeforeDamage	3	1022	2644
101196	OnBeforeDamage	3	1022	2647
101198	OnSkill	3	1022	2650
100323	OnBeforeDamage	3	931	2662
100330	OnFrame	3	2664	2667
100331	OnFrame	3	930	2696
100334	OnFrame	3	2712	0
100337	OnSwitchNpc	3	931	2719
100338	OnFrame	3	2724	2728
100340	OnSkill	3	1022	2742
100348	OnFrame	3	2750	2754
100356	OnFrame	3	2788	2792
100390	OnSkill	3	1022	2812
100392	OnFrame	3	1022	2814
100394	OnSkill	3	1022	2823
100396	OnFrame	3	2825	2828
102640	OnBeforeDamage	3	1603	2830
102648	OnFrame	3	2848	2851
102650	OnFrame	3	2858	2860
102665	OnSkill	3	2865	2875
102680	OnSwitchNpc	3	931	2925
101240	OnBeforeDamage	3	2930	2931
101244	OnBeforeDamage	3	2950	2952
101252	OnFrame	3	2967	2971
101261	OnSwitchNpc	3	931	2978
101262	OnFrame	3	2983	0
101268	OnFrame	3	2998	3001
101273	OnFrame	3	3003	3008
101290	OnFrame	3	1022	3009
101292	OnBeforeDamage	3	1022	3015
101294	OnSkill	3	1022	3018
100100	OnBeforeDamage	3	930	3020
100114	OnBeforeDamage	3	3050	3051
100115	OnBeforeDamage	3	3050	3059
100116	OnBeforeDamage	3	3050	3063
100128	OnSkill	3	1022	3067
100150	OnFrame	3	3081	0
100156	OnSwitchNpc	3	931	3096
100165	OnBeforeDamage	3	3050	3101
100171	OnFrame	3	3106	3109
100190	OnBeforeDamage	3	1022	3111
100192	OnBeforeDamage	3	1022	3113
100194	OnBeforeDamage	3	1022	3120
100541	OnSkill	3	1022	3131
100570	OnFrame	3	3139	0
100573	OnSwitchNpc	3	931	3146
100574	OnFrame	3	3151	3154
100590	OnBeforeDamage	3	1022	3156
100592	OnSkill	3	1022	3158
100595	OnSkill	3	1022	3160
100774	OnFrame	3	3162	0
100750	OnFrame	3	3179	3182
100760	OnSkill	3	3186	3187
100770	OnSwitchNpc	3	931	3214
100771	OnBeforeDamage	3	1022	3219
100773	OnBeforeDamage	3	931	3223
100782	OnFrame	3	3235	3238
100785	OnFrame	3	3240	3242
100790	OnBeforeDamage	3	1022	3259
100792	OnBeforeDamage	3	1022	3265
100794	OnBeforeDamage	3	1022	3268
100826	OnBeforeDamage	3	1022	3270
100855	OnFrame	3	3287	3290
100860	OnBeforeDamage	3	1022	3292
100870	OnSwitchNpc	3	931	3307
100875	OnFrame	3	3312	0
100890	OnBeforeDamage	3	1022	3319
100892	OnBeforeDamage	3	1022	3321
100894	OnBeforeDamage	3	1022	3324
101340	OnBeforeDamage	3	3326	3329
101361	OnSwitchNpc	3	931	3370
101362	OnFrame	3	3375	0
101364	OnFrame	3	3392	3395
101390	OnFrame	3	1022	3397
101392	OnBeforeDamage	3	1022	3400
101394	OnAfterDamage	3	1022	3405
101426	OnBeforeDamage	3	3415	3417
101427	OnBeforeDamage	3	3504	3506
101437	OnBeforeDamage	3	3522	3523
101440	OnSkill	3	3535	3537
101445	OnFrame	3	3554	3556
101449	OnFrame	3	3577	3579
101452	OnSwitchNpc	3	931	3615
101453	OnFrame	3	1640	3620
102223	OnBeforeDamage	3	1022	3621
102224	OnBeforeDamage	3	1022	3628
102225	OnBeforeDamage	3	1022	3631
102242	OnSwitchNpc	3	931	3634
102256	OnBeHit	3	1022	3639
102258	OnFrame	3	3641	3644
102261	OnFrame	3	1022	3646
102262	OnFrame	3	3662	3665
102263	OnFrame	3	1022	3672
102264	OnFrame	3	1022	3675
101528	OnFrame	3	1022	3679
101542	OnSwitchNpc	3	931	3694
101553	OnFrame	3	3699	3705
101558	OnFrame	3	3718	3721
101590	OnFrame	3	3723	0
101593	OnAfterDamage	3	3732	3733
101595	OnSkill	3	1022	3738
101597	OnSkill	3	1022	3740
101588	OnFrame	3	3742	3744
900004	OnAfterDamage	3	0	3748
900011	OnFrame	3	931	3754
900012	OnFrame	3	3762	3763
900014	OnFrame	3	3771	3773
900015	OnFrame	3	3786	3788
900016	OnFrame	3	3798	3799
900019	OnFrame	3	3815	3819
900020	OnBeHit	3	930	3832
900022	OnFrame	3	3835	3836
900033	OnFrame	3	930	3870
900050	OnAfterDamage	3	3879	3882
900051	OnAfterDamage	3	3891	3892
900053	OnFrame	3	931	3896
980001	OnFrame	3	3904	3905
821080	OnFrame	3	3907	3915
821230	OnFrame	3	3992	4002
821231	OnFrame	3	4035	4037
821232	OnFrame	3	4040	4042
821237	OnFrame	3	4045	4046
821241	OnFrame	3	4067	4068
821245	OnFrame	3	1324	4071
821256	OnNpcWillDie	3	0	4073
821269	OnFrame	3	930	4082
980003	OnFrame	3	4085	4087
821270	OnFrame	3	930	4219
821308	OnFrame	3	4227	4254
821301	OnFrame	3	4374	4376
821305	OnFrame	3	4431	4434
821311	OnFrame	3	4447	4448
821313	OnFrame	3	4488	4490
821316	OnFrame	3	4498	4508
821319	OnNpcWillDie	3	1022	4548
900201	OnFrame	3	1324	4550
900202	OnFrame	3	4555	4675
900203	OnAfterDamage	3	4767	4768
900204	OnFrame	3	4946	4947
900205	OnSkill	3	4960	4985
900206	OnFrame	3	5122	5123
900207	OnFrame	3	5135	5136
900208	OnFrame	3	5137	5138
900209	OnFrame	3	5148	5149
900211	OnSkill	3	5185	5186
900214	OnFrame	3	5198	5228
900062	OnFrame	3	5480	5515
900027	OnFrame	3	6080	6081
821530	OnNpcWillDie	3	1022	6117
900026	OnFrame	3	930	6119
900063	OnFrame	3	0	6122
900102	OnFrame	3	1157	6123
900066	OnFrame	3	6133	6134
900068	OnFrame	3	6143	6144
900083	OnFrame	3	6153	6163
900085	OnFrame	3	6218	6219
900105	OnFrame	3	6223	6224
900080	OnFrame	3	6233	6273
900081	OnFrame	3	6380	6388
900034	OnFrame	3	6896	6897
900096	OnFrame	3	0	6907
900107	OnFrame	3	6912	6913
870101	OnFrame	3	930	6957
870201	OnFrame	3	930	6960
870202	OnFrame	3	6962	6972
870301	OnFrame	3	7035	7042
870302	OnNpcWillDie	3	1022	7090
870308	OnFrame	3	6223	7094
870248	OnFrame	3	1022	7099
870249	OnFrame	3	1022	7101
870250	OnFrame	3	7103	7132
870255	OnFrame	3	1022	7256
870119	OnFrame	3	1022	7260
870139	OnNpcWillDie	3	1022	7267
870143	OnNpcWillDie	3	1022	7269
873104	OnFrame	3	7272	7286
873107	OnFrame	3	7330	7333
873108	OnFrame	3	7341	7350
873162	OnFrame	3	7370	7372
873163	OnFrame	3	7400	7401
873164	OnFrame	3	7400	7414
873165	OnFrame	3	7400	7422
902196	OnFrame	3	1022	7423
700001	OnBall	3	1022	7427
700002	OnBall	3	1022	7430
700003	OnBall	3	1022	7432
700005	OnAfterDamage	3	1022	7435
700007	OnNpcWillDie	3	1022	7439
700026	OnNpcWillDie	3	1022	7442
700009	OnFrame	3	1022	7445
700011	OnFrame	3	7446	7449
700027	OnFrame	3	7458	7459
700031	OnFrame	3	7458	7470
700036	OnFrame	3	7484	7487
700041	OnFrame	3	7491	7492
700047	OnFrame	3	1022	7500
700208	OnFrame	3	7506	7507
700271	OnFrame	3	0	7509
700209	OnFrame	3	7511	7512
700235	OnFrame	3	931	7529
700236	OnFrame	3	931	7537
700237	OnFrame	3	1157	7540
700268	OnFrame	3	6133	7548
700269	OnFrame	3	7553	7554
700270	OnFrame	3	7553	7563
700923	OnBeforeDamage	3	1022	7569
700925	OnBeforeDamage	3	7571	7572
700926	OnFrame	3	7572	1022
700927	OnBeforeDamage	3	7572	7572
700928	OnBeforeDamage	3	7572	7572
700929	OnFrame	3	1022	1022
700931	OnFrame	3	7572	1022
700932	OnFrame	3	7572	1022
701007	OnFrame	3	7573	7574
701008	OnBeforeDamage	3	7458	7584
701009	OnBeforeDamage	3	7596	7597
701024	OnFrame	3	7605	7606
701025	OnFrame	3	7605	7628
701026	OnFrame	3	7605	7662
701027	OnFrame	3	7605	7692
701028	OnFrame	3	7605	7710
701029	OnFrame	3	7605	7729
701030	OnFrame	3	7605	7748
709001	OnFrame	3	7767	7769
709002	OnFrame	3	7778	7779
709003	OnFrame	3	7790	7793
700046	OnFrame	3	7799	7801
790001	OnFrame	3	7491	7805
991205	OnFrame	3	7808	7819
710001	OnFrame	3	7880	7881
710051	OnAfterDamage	3	7942	7943
710053	OnFrame	3	7945	7946
710055	OnFrame	3	7945	7950
710057	OnFrame	3	7968	7969
710059	OnFrame	3	8005	8009
710069	OnFrame	3	7945	8132
710071	OnFrame	3	7945	8135
710072	OnFrame	3	8139	8141
710074	OnFrame	3	1022	8159
710079	OnFrame	3	1022	8162
710081	OnAfterDamage	3	7942	8164
710083	OnAfterDamage	3	7942	8166
710100	OnFrame	3	8168	8184
710169	OnFrame	3	8663	8664
711102	OnAfterDamage	3	8675	8685
711202	OnFrame	3	8714	3008
711203	OnAfterDamage	3	7491	8716
711302	OnFrame	3	8719	8720
711304	OnAfterDamage	3	7491	8751
711403	OnFrame	3	8757	8759
711404	OnFrame	3	8764	8766
715001	OnFrame	3	1022	8800
715002	OnFrame	3	1022	8802
715003	OnFrame	3	1022	8806
715004	OnFrame	3	1022	8809
715010	OnFrame	3	7942	8812
715018	OnAfterDamage	3	7942	8856
715022	OnFrame	3	7942	8865
715024	OnFrame	3	7942	8870
715027	OnFrame	3	8872	8874
715030	OnFrame	3	1022	8882
715042	OnFrame	3	1022	8884
715049	OnAfterDamage	3	1022	8887
715058	OnAfterDamage	3	7942	8889
715063	OnAfterDamage	3	1022	8891
715067	OnAfterDamage	3	1022	8894
715069	OnAfterDamage	3	1022	8903
715071	OnFrame	3	1022	8910
715072	OnFrame	3	1022	8918
715075	OnFrame	3	8929	8931
715076	OnFrame	3	1022	8944
715084	OnAfterDamage	3	7942	8957
715086	OnAfterDamage	3	7942	8959
715088	OnFrame	3	8960	8962
715092	OnAfterDamage	3	7491	8965
715096	OnFrame	3	8986	8988
715101	OnAfterDamage	3	7942	8989
715106	OnAfterDamage	3	1022	8992
715108	OnAfterDamage	3	1022	8999
715121	OnAfterDamage	3	7942	9005
715125	OnAfterDamage	3	7942	9008
715134	OnFrame	3	8663	9023
715138	OnAfterDamage	3	7942	9025
715146	OnAfterDamage	3	7942	9028
715150	OnFrame	3	1022	9031
720004	OnFrame	3	0	9033
720005	OnFrame	3	9035	9037
720007	OnFrame	3	9040	9055
720009	OnBeforeDamage	3	9116	9128
720010	OnBeforeDamage	3	9203	9204
720011	OnFrame	3	0	9208
720012	OnFrame	3	0	9210
720013	OnFrame	3	0	9212
720020	OnFrame	3	0	9214
720203	OnFrame	3	7491	9218
720209	OnFrame	3	9220	9228
720214	OnFrame	3	7458	9238
720220	OnFrame	3	7458	9252
720014	OnAfterDamage	3	0	9262
720029	OnFrame	3	0	9266
720038	OnFrame	3	7605	9272
720041	OnFrame	3	0	9286
730002	OnFrame	3	9300	9302
730004	OnFrame	3	9306	0
730007	OnFrame	3	9308	0
730008	OnFrame	3	9311	9313
730009	OnFrame	3	9319	9321
730010	OnFrame	3	9311	9335
730011	OnFrame	3	9311	9337
730013	OnFrame	3	9311	9341
730014	OnFrame	3	9311	9344
730015	OnFrame	3	9311	9346
730021	OnFrame	3	9348	0
730025	OnFrame	3	9040	9351
730027	OnFrame	3	9357	9359
730031	OnFrame	3	9372	9374
730039	OnBeHit	3	7491	9376
730036	OnFrame	3	9379	0
730037	OnFrame	3	9380	9381
730041	OnFrame	3	9389	0
730044	OnFrame	3	7491	9391
730045	OnFrame	3	7491	9392
730046	OnFrame	3	9398	9399
730047	OnFrame	3	9404	9405
730048	OnFrame	3	9415	0
730055	OnFrame	3	9040	9416
730056	OnFrame	3	9418	9422
730057	OnFrame	3	9436	9437
730061	OnFrame	3	9439	0
730062	OnFrame	3	9442	0
730064	OnFrame	3	9445	9446
730066	OnFrame	3	9472	0
730022	OnFrame	3	9474	9478
730023	OnFrame	3	9493	0
730067	OnFrame	3	9494	9496
730071	OnFrame	3	9504	9505
730074	OnFrame	3	9534	9539
730075	OnFrame	3	9549	0
730076	OnFrame	3	9550	9552
730077	OnFrame	3	9558	9559
730080	OnFrame	3	9562	9563
730083	OnFrame	3	1022	9567
730090	OnFrame	3	1022	9574
730097	OnFrame	3	9577	9579
904501	OnFrame	3	0	9581
904504	OnFrame	3	7491	9586
904505	OnFrame	3	9588	9590
904506	OnFrame	3	9562	9624
904509	OnFrame	3	0	9625
904510	OnFrame	3	9627	9634
904601	OnFrame	3	9657	9658
730100	OnFrame	3	9689	9692
740003	OnBeforeDamage	3	0	9706
740010	OnNpcWillDie	3	0	9709
740020	OnNpcWillDie	3	0	9712
740012	OnAfterDamage	3	9716	9718
741001	OnFrame	3	9722	9742
741002	OnFrame	3	0	9748
740021	OnFrame	3	9758	9760
740022	OnFrame	3	9558	9766
740026	OnAfterDamage	3	0	9770
740027	OnFrame	3	0	9777
750001	OnFrame	3	9780	9782
750006	OnFrame	3	9797	9798
750023	OnNpcWillDie	3	9797	9799
750025	OnFrame	3	9801	9803
750026	OnFrame	3	9838	9840
750027	OnFrame	3	9838	9852
750028	OnFrame	3	9866	9868
750029	OnFrame	3	9866	9876
750030	OnFrame	3	9881	9882
750032	OnFrame	3	1022	9883
750034	OnFrame	3	9885	9886
750037	OnFrame	3	9888	9889
750039	OnFrame	3	9897	9898
750040	OnFrame	3	9881	9900
750043	OnFrame	3	9881	9904
750046	OnFrame	3	9908	9922
750047	OnAfterDamage	3	9956	9960
750048	OnFrame	3	9965	9967
750049	OnFrame	3	9979	9985
750051	OnFrame	3	10037	10041
750052	OnFrame	3	10072	10074
750053	OnFrame	3	10079	10084
750056	OnFrame	3	10099	10102
750057	OnFrame	3	10110	10112
750058	OnFrame	3	10115	10117
750062	OnFrame	3	9881	10127
750066	OnFrame	3	10129	10131
750067	OnBeforeDamage	3	10135	10136
750068	OnBeforeDamage	3	10135	10141
750069	OnFrame	3	10143	10145
750070	OnBeHit	3	10151	10152
750071	OnFrame	3	1022	10161
750073	OnFrame	3	10162	10164
750076	OnFrame	3	10168	10169
750085	OnFrame	3	10183	10184
750088	OnFrame	3	2086	10193
750091	OnFrame	3	7942	10196
750096	OnFrame	3	10199	10201
750102	OnFrame	3	10204	10206
750106	OnFrame	3	10208	10210
750107	OnFrame	3	10215	10217
750108	OnFrame	3	10229	10230
750109	OnFrame	3	10229	10287
750110	OnFrame	3	10296	10298
750111	OnFrame	3	10391	10393
750112	OnFrame	3	10391	10413
750113	OnFrame	3	10391	10428
750114	OnFrame	3	10439	10441
750115	OnFrame	3	10448	10450
750116	OnFrame	3	10457	10459
750117	OnAfterDamage	3	9716	10473
750118	OnAfterDamage	3	9716	10474
750119	OnAfterDamage	3	9716	10475
750123	OnFrame	3	0	10481
750124	OnFrame	3	0	10491
750125	OnFrame	3	0	10496
750129	OnFrame	3	0	10501
750130	OnFrame	3	0	10506
750131	OnFrame	3	0	10511
750134	OnFrame	3	0	10512
750135	OnFrame	3	0	10515
750139	OnFrame	3	10525	10526
750142	OnFrame	3	10536	10537
750143	OnFrame	3	10549	10551
750144	OnFrame	3	10584	10585
750145	OnFrame	3	0	10603
750146	OnFrame	3	0	10604
750150	OnFrame	3	10607	10608
750151	OnFrame	3	10638	10639
750152	OnFrame	3	10643	10645
750154	OnFrame	3	10654	10655
750155	OnFrame	3	10664	10666
750158	OnFrame	3	10677	10679
750159	OnFrame	3	9380	10714
750160	OnFrame	3	10715	10717
750161	OnFrame	3	10638	10723
750162	OnFrame	3	10729	10773
750163	OnFrame	3	10797	10809
750164	OnFrame	3	10815	10821
750166	OnFrame	3	10836	10852
750167	OnFrame	3	10638	10854
750169	OnFrame	3	10863	10865
750170	OnAfterDamage	3	0	10873
750173	OnFrame	3	10876	10885
750176	OnFrame	3	0	10910
750178	OnFrame	3	0	10913
750183	OnFrame	3	10638	10915
750186	OnFrame	3	10923	10926
501001	OnBeforeDamage	3	931	10958
501101	OnFrame	3	10962	10964
501201	OnFrame	3	931	10995
501301	OnBeforeDamage	3	931	11002
501306	OnFrame	3	11006	11008
501308	OnFrame	3	931	11012
501315	OnFrame	3	3522	11015
502001	OnBeforeDamage	3	1022	11026
502101	OnBeforeDamage	3	11028	11030
502103	OnFrame	3	11036	11037
502201	OnFrame	3	931	11046
502301	OnSkill	3	931	11052
502303	OnBeforeDamage	3	931	11056
502308	OnSkill	3	931	11058
502320	OnFrame	3	11070	11072
503001	OnBeforeDamage	3	931	11087
503101	OnFrame	3	1603	11089
503201	OnFrame	3	931	11104
503301	OnBeforeDamage	3	931	11119
503303	OnFrame	3	931	11127
503311	OnFrame	3	11133	11134
503313	OnBeforeDamage	3	11133	11145
503317	OnBeforeDamage	3	2086	11148
504001	OnBeforeDamage	3	11164	11165
504101	OnFrame	3	11179	11181
504201	OnFrame	3	931	11186
504301	OnBeforeDamage	3	1022	11192
504310	OnFrame	3	1022	11197
504314	OnBeforeDamage	3	1022	11201
505001	OnBeforeDamage	3	1022	11203
505101	OnBeforeDamage	3	1022	11215
505201	OnFrame	3	931	11219
505301	OnBeforeDamage	3	1022	11225
505304	OnBeforeDamage	3	1022	11233
505310	OnBeforeDamage	3	11236	11240
505316	OnSkill	3	1022	11251
505317	OnFrame	3	1022	11253
506001	OnBeforeDamage	3	11259	11260
506101	OnBeforeDamage	3	11264	11265
506201	OnFrame	3	1022	11267
506210	OnFrame	3	3732	11273
506301	OnSkill	3	11276	11278
506304	OnSkill	3	1022	11297
506305	OnFrame	3	1022	11309
506306	OnBeforeDamage	3	1022	11315
506311	OnFrame	3	2086	11319
507001	OnBeforeDamage	3	1022	11329
507101	OnFrame	3	1022	11331
507201	OnFrame	3	1022	11337
507301	OnFrame	3	1022	11343
507303	OnBeforeDamage	3	1022	11346
507307	OnSkill	3	1022	11348
508001	OnFrame	3	931	11351
508101	OnFrame	3	11036	11359
508201	OnFrame	3	931	11366
508301	OnAfterDamage	3	1022	11372
508304	OnBeforeDamage	3	1022	11375
508310	OnBeforeDamage	3	3732	11380
508313	OnFrame	3	3522	11383
531001	OnSkill	3	1022	11390
531101	OnBeforeDamage	3	2086	11393
531301	OnFrame	3	2086	11397
531307	OnFrame	3	2086	11407
509001	OnBeforeDamage	3	11414	11416
509101	OnSkill	3	2086	11419
509103	OnSkill	3	1022	11423
509201	OnFrame	3	3732	11427
509301	OnBeforeCure	3	3732	11431
509303	OnBeforeDamage	3	11438	11440
509401	OnBeforeCure	3	3732	11445
509501	OnNpcWillDie	3	3732	11448
509601	OnBeforeDamage	3	3522	11452
509701	OnAfterDamage	3	3522	11456
509801	OnFrame	3	3732	11460
509803	OnBeforeDamage	3	11462	11465
509901	OnSkill	3	3732	11469
509904	OnBeforeDamage	3	11472	11475
510001	OnFrame	3	3732	11481
510003	OnFrame	3	11484	11486
510005	OnFrame	3	11493	11494
510101	OnBeforeDamage	3	2086	11504
510201	OnAfterDamage	3	11508	11512
510301	OnAfterDamage	3	1603	11534
510401	OnBeforeDamage	3	1603	11540
510501	OnBeforeCure	3	2086	11544
510601	OnBeforeCure	3	11546	11549
510604	OnNpcWillDie	3	1022	11553
510701	OnFrame	3	11560	11561
510801	OnSkill	3	3522	11572
510901	OnFrame	3	2086	11578
511001	OnFrame	3	11584	11585
600103	OnFrame	3	3522	11604
600301	OnBeforeDamage	3	931	11609
600303	OnBeforeDamage	3	931	11612
600401	OnBeforeDamage	3	931	11614
600403	OnBeforeDamage	3	931	11617
600504	OnBeforeDamage	3	11619	11621
600506	OnFrame	3	1170	11625
600602	OnSkill	3	11641	11644
600603	OnFrame	3	11656	11662
600617	OnFrame	3	3732	11675
610101	OnBeforeDamage	3	2086	11698
610107	OnBeforeDamage	3	3732	11704
610108	OnBeforeDamage	3	1022	11714
610202	OnBeforeCure	3	2086	11718
610301	OnBeforeDamage	3	1022	11725
610303	OnFrame	3	931	11737
610402	OnBeforeDamage	3	931	11739
610403	OnSkill	3	2086	11741
610404	OnBeforeDamage	3	931	11743
620101	OnFrame	3	2086	11745
620103	OnFrame	3	2086	11747
620201	OnBeforeCure	3	2086	11749
620207	OnBeforeCure	3	2086	11754
620301	OnBeforeCure	3	2086	11756
620304	OnFrame	3	3522	11758
620401	OnBeforeDamage	3	3522	11763
620406	OnBeforeDamage	3	2086	11769
620411	OnFrame	3	3732	11771
620501	OnBeforeDamage	3	2086	11773
620503	OnBeforeDamage	3	1022	11776
620606	OnAfterDamage	3	3522	11779
620701	OnFrame	3	931	11796
620705	OnSkill	3	3732	11803
620801	OnBeforeDamage	3	931	11806
620803	OnBeforeDamage	3	1022	11808
620807	OnFrame	3	1022	11815
620901	OnBeforeDamage	3	1022	11822
620904	OnBeforeDamage	3	11825	11828
630101	OnBeforeCure	3	931	11861
630111	OnAfterCure	3	2086	11870
630123	OnFrame	3	11892	11894
630125	OnFrame	3	11971	11973
630201	OnBeforeCure	3	931	11980
630205	OnAfterCure	3	2086	11983
630214	OnFrame	3	11892	12005
630217	OnFrame	3	11971	12009
630301	OnAfterDamage	3	2086	12013
630306	OnBeforeDamage	3	2086	12024
630401	OnAfterDamage	3	2086	12034
630403	OnBeforeDamage	3	2086	12036
630408	OnFrame	3	2086	12042
630501	OnSkill	3	3522	12045
630508	OnSkill	3	12052	12054
630517	OnFrame	3	1640	12089
630601	OnFrame	3	3522	12111
630605	OnSkill	3	931	12155
630607	OnFrame	3	12158	12160
630701	OnBeforeDamage	3	1022	12164
630703	OnSkill	3	3732	12166
630801	OnFrame	3	931	12171
630804	OnFrame	3	12178	12180
630809	OnFrame	3	1022	12192
630907	OnBeforeDamage	3	11036	12198
631007	OnBeforeDamage	3	12207	12209
631013	OnFrame	3	12221	12223
631017	OnBeforeDamage	3	3732	12226
631018	OnFrame	3	12228	12230
631020	OnFrame	3	12238	12239
631107	OnBeforeDamage	3	11036	12252
631207	OnAfterDamage	3	3732	12261
631301	OnSkill	3	3522	12272
631306	OnFrame	3	2086	12277
631401	OnBeforeDamage	3	1022	12282
631403	OnSkill	3	2086	12284
631404	OnBeforeDamage	3	1022	12287
760051	OnFrame	3	1022	12289
760052	OnFrame	3	1022	12295
760053	OnFrame	3	1022	12301
760091	OnFrame	3	1022	12307
760092	OnFrame	3	1022	12317
760093	OnFrame	3	1022	12327
760101	OnFrame	3	1022	12337
760102	OnFrame	3	1022	12340
760103	OnFrame	3	1022	12343
760104	OnBeforeDamage	3	1022	12346
760105	OnBeforeDamage	3	1022	12352
760106	OnBeforeDamage	3	1022	12354
760111	OnFrame	3	1022	12356
760112	OnFrame	3	1022	12359
760113	OnFrame	3	1022	12362
760114	OnBeforeDamage	3	1022	12365
760115	OnBeforeDamage	3	1022	12371
760116	OnBeforeDamage	3	1022	12373
760121	OnFrame	3	1022	12375
760122	OnFrame	3	1022	12378
760123	OnFrame	3	1022	12381
760124	OnBeforeDamage	3	1022	12384
760125	OnBeforeDamage	3	1022	12390
760126	OnBeforeDamage	3	1022	12392
760191	OnFrame	3	1022	12394
760192	OnFrame	3	1022	12400
760193	OnFrame	3	1022	12406
760211	OnFrame	3	2086	12412
760212	OnFrame	3	1022	12454
760213	OnFrame	3	1022	12465
760221	OnFrame	3	1022	12476
760231	OnFrame	3	2086	12481
760232	OnFrame	3	2086	12483
760233	OnFrame	3	2086	12485
760241	OnFrame	3	2086	12487
760242	OnFrame	3	2086	12490
760243	OnFrame	3	2086	12492
760248	OnBeforeDamage	3	2086	12494
760251	OnFrame	3	1022	12501
760252	OnFrame	3	1022	12507
760253	OnFrame	3	1022	12514
760254	OnBeforeDamage	3	1022	12518
760255	OnBeforeDamage	3	1022	12524
760256	OnBeforeDamage	3	1022	12525
760261	OnNpcWillDie	3	1022	12526
760262	OnNpcWillDie	3	1022	12529
760263	OnNpcWillDie	3	1022	12531
760271	OnFrame	3	1022	12533
760272	OnFrame	3	1022	12537
760273	OnFrame	3	1022	12540
760274	OnAfterDamage	3	12543	12545
760275	OnAfterDamage	3	12543	12552
760276	OnAfterDamage	3	12543	12555
760278	OnFrame	3	12543	12558
760281	OnFrame	3	12565	12567
760282	OnFrame	3	12578	12580
760283	OnFrame	3	12587	12589
760528	OnBeforeDamage	3	11036	12596
760291	OnFrame	3	11036	12599
760292	OnFrame	3	11036	12602
760293	OnFrame	3	11036	12604
760298	OnFrame	3	3522	12606
760301	OnFrame	3	3732	12611
760302	OnFrame	3	3732	12613
760303	OnFrame	3	3732	12615
760307	OnBeforeDamage	3	3732	12617
760308	OnBeforeDamage	3	3732	12621
760309	OnBeforeDamage	3	3732	12623
760311	OnFrame	3	3732	12625
760312	OnFrame	3	3732	12627
760313	OnFrame	3	3732	12629
760317	OnFrame	3	2086	12631
760321	OnFrame	3	12636	12638
760322	OnFrame	3	12636	12649
760323	OnFrame	3	12636	12656
760331	OnFrame	3	1603	12663
760332	OnFrame	3	1603	12666
760333	OnFrame	3	1603	12667
760341	OnFrame	3	3732	12668
760342	OnFrame	3	3732	12670
760343	OnFrame	3	3732	12672
760347	OnBeforeDamage	3	11036	12674
760348	OnBeforeDamage	3	3732	12677
760349	OnBeforeDamage	3	3732	12679
760351	OnFrame	3	1022	12682
760352	OnFrame	3	1022	12685
760353	OnFrame	3	1022	12688
760357	OnBeforeDamage	3	12690	12693
760358	OnBeforeDamage	3	12690	12706
760359	OnBeforeDamage	3	12690	12709
760361	OnFrame	3	3732	12711
760371	OnFrame	3	1022	12714
760372	OnFrame	3	1022	12717
760373	OnFrame	3	1022	12720
760377	OnBeforeDamage	3	11036	12723
760378	OnBeforeDamage	3	11036	12731
760379	OnBeforeDamage	3	11036	12734
760381	OnFrame	3	12737	12739
760382	OnFrame	3	12737	12751
760383	OnFrame	3	12737	12755
760386	OnBeforeDamage	3	12761	12763
760391	OnFrame	3	12769	12773
760392	OnFrame	3	12769	12803
760393	OnFrame	3	12769	12809
760394	OnFrame	3	12815	12819
760395	OnFrame	3	12815	12830
760396	OnFrame	3	12815	12832
760397	OnBeforeDamage	3	12833	12837
760401	OnFrame	3	1022	12858
760402	OnFrame	3	1022	12861
760403	OnFrame	3	1022	12864
760404	OnNpcWillDie	3	12867	12868
760405	OnNpcWillDie	3	12867	12881
760406	OnNpcWillDie	3	12867	12886
760411	OnFrame	3	12887	12888
760412	OnFrame	3	12887	12892
760413	OnFrame	3	12887	12894
760421	OnFrame	3	12896	12898
760422	OnFrame	3	12896	12908
760423	OnFrame	3	12896	12910
760431	OnFrame	3	1022	12912
760432	OnFrame	3	1022	12914
760433	OnFrame	3	1022	12916
760437	OnBeforeDamage	3	1022	12918
760438	OnBeforeDamage	3	1022	12922
760439	OnBeforeDamage	3	1022	12925
760451	OnFrame	3	1022	12928
760452	OnFrame	3	1022	12930
760453	OnFrame	3	1022	12932
760463	OnBeforeDamage	3	1022	12934
760464	OnBeforeDamage	3	1022	12942
760465	OnBeforeDamage	3	1022	12946
760467	OnFrame	3	2086	12950
760471	OnFrame	3	1022	12955
760472	OnFrame	3	1022	12957
760473	OnFrame	3	1022	12959
760480	OnBeforeDamage	3	1022	12961
760481	OnBeforeDamage	3	1022	12965
760482	OnBeforeDamage	3	1022	12968
760491	OnFrame	3	1022	12971
760492	OnFrame	3	1022	12973
760493	OnFrame	3	1022	12975
760497	OnFrame	3	1640	12977
760498	OnFrame	3	1640	12987
760499	OnFrame	3	1640	12993
760500	OnBeforeDamage	3	12999	13001
760501	OnBeforeDamage	3	12999	13008
760502	OnBeforeDamage	3	12999	13011
760515	OnFrame	3	2086	13014
760601	OnFrame	3	13038	13041
760602	OnFrame	3	13038	13048
760603	OnFrame	3	13038	13050
760607	OnFrame	3	13052	13054
760608	OnFrame	3	13077	13078
760609	OnFrame	3	13077	13086
760619	OnFrame	3	2086	13094
760623	OnFrame	3	3522	13099
760626	OnFrame	3	13103	13105
761011	OnFrame	3	1022	13143
761012	OnBeforeDamage	3	1022	13145
761021	OnFrame	3	1022	13151
761022	OnBeforeDamage	3	1022	13153
761031	OnFrame	3	13155	13156
761051	OnFrame	3	13158	13160
761061	OnFrame	3	13172	13173
761071	OnFrame	3	13172	13174
761081	OnFrame	3	13172	13175
761091	OnFrame	3	13176	13177
761101	OnFrame	3	13187	13189
761111	OnFrame	3	13200	13202
761113	OnFrame	3	1022	13204
761121	OnFrame	3	2086	13207
762007	OnFrame	3	2086	13209
762010	OnBeforeDamage	3	1022	13218
762012	OnBeforeDamage	3	1022	13221
762013	OnFrame	3	2086	13223
762018	OnFrame	3	1022	13228
762019	OnBeforeDamage	3	1022	13232
762021	OnFrame	3	1022	13233
762022	OnFrame	3	1022	13237
762024	OnFrame	3	3732	13241
762026	OnFrame	3	1022	13261
762027	OnNpcWillDie	3	13265	13267
762034	OnFrame	3	1022	13280
762035	OnNpcWillDie	3	3732	13283
762038	OnFrame	3	13285	13286
762039	OnFrame	3	13287	13292
762101	OnFrame	3	2086	13299
762301	OnSkill	3	1022	13304
763001	OnFrame	3	13311	13314
763006	OnFrame	3	13324	13327
763008	OnFrame	3	13347	13348
960003	OnFrame	3	13354	13357
960404	OnSkill	3	13386	13387
901405	OnNpcWillDie	3	3732	13395
901907	OnFrame	3	13398	13399
901908	OnFrame	3	13401	13402
901910	OnNpcWillDie	3	1022	13412
901911	OnFrame	3	9311	13413
901912	OnFrame	3	9311	13415
901914	OnFrame	3	1022	13418
901915	OnFrame	3	13420	13424
901917	OnBeforeDamage	3	13437	13438
910300	OnFrame	3	0	13454
910900	OnFrame	3	0	13460
911000	OnFrame	3	0	13460
911100	OnFrame	3	0	13462
911200	OnFrame	3	0	13462
911300	OnFrame	3	0	13462
911400	OnFrame	3	0	13463
911500	OnFrame	3	0	13464
911600	OnFrame	3	0	13467
911700	OnFrame	3	0	13468
911800	OnFrame	3	0	13471
911900	OnFrame	3	0	13472
912000	OnFrame	3	0	13474
912100	OnFrame	3	0	13475
912500	OnFrame	3	0	13474
912600	OnFrame	3	0	13474
913300	OnFrame	3	0	13474
913400	OnFrame	3	0	13474
913500	OnFrame	3	0	13474
913600	OnFrame	3	0	13474
913700	OnFrame	3	0	13474
913800	OnFrame	3	0	13474
913900	OnFrame	3	0	13474
914000	OnFrame	3	0	13476
914100	OnFrame	3	0	13474
914200	OnFrame	3	0	13474
914300	OnFrame	3	0	13474
920300	OnFrame	3	0	13478
920900	OnFrame	3	0	13479
921000	OnFrame	3	0	13479
921100	OnFrame	3	0	13478
921200	OnFrame	3	0	13478
921300	OnFrame	3	0	13478
921400	OnFrame	3	0	13480
921500	OnFrame	3	0	13481
921600	OnFrame	3	0	13482
921700	OnFrame	3	0	13483
921800	OnFrame	3	0	13484
921900	OnFrame	3	0	13485
922000	OnFrame	3	0	13474
922100	OnFrame	3	0	13486
922500	OnFrame	3	0	13474
922600	OnFrame	3	0	13474
923300	OnFrame	3	0	13474
923400	OnFrame	3	0	13474
923500	OnFrame	3	0	13474
923600	OnFrame	3	0	13474
923700	OnFrame	3	0	13474
923800	OnFrame	3	0	13474
923900	OnFrame	3	0	13474
924000	OnFrame	3	0	13476
924100	OnFrame	3	0	13474
924200	OnFrame	3	0	13474
924300	OnFrame	3	0	13474
914600	OnFrame	3	0	13487
924600	OnFrame	3	0	13487
903321	OnFrame	3	0	13488
903322	OnFrame	3	0	13496
903323	OnFrame	3	0	13500
903324	OnFrame	3	0	13504
903325	OnFrame	3	13510	13512
903412	OnFrame	3	13520	13521
995501	OnFrame	3	0	13532
995502	OnFrame	3	13534	13536
995506	OnFrame	3	13545	13547
995507	OnFrame	3	13561	13562
995512	OnSkill	3	13571	13575
995533	OnFrame	3	13638	13640
999903	OnFrame	3	3904	13644
999904	OnFrame	3	3904	13647
995538	OnFrame	3	0	13649
995539	OnFrame	3	0	13651
995540	OnFrame	3	0	13653
995541	OnFrame	3	0	13655
995542	OnFrame	3	0	13657
995543	OnFrame	3	0	13659
995544	OnFrame	3	0	13661
995545	OnFrame	3	0	13669
995546	OnFrame	3	0	13671
995547	OnFrame	3	0	13673
813050	OnFrame	3	0	13675
813051	OnFrame	3	0	13677
813052	OnFrame	3	0	13680
813053	OnFrame	3	0	13687
813054	OnFrame	3	0	13690
813055	OnFrame	3	13695	13696
813056	OnFrame	3	13695	13719
813057	OnFrame	3	13695	13725
995201	OnBeHit	3	0	13730
815050	OnFrame	3	0	13782
815054	OnFrame	3	0	13786
815055	OnFrame	3	0	13788
995901	OnFrame	3	0	13790
995902	OnFrame	3	0	13792
995903	OnFrame	3	0	13794
995904	OnFrame	3	0	13801
995913	OnFrame	3	0	13806
995914	OnFrame	3	0	13808
995958	OnFrame	3	0	13810
995959	OnFrame	3	0	13812
995960	OnFrame	3	0	13814
995961	OnFrame	3	0	13816
995962	OnFrame	3	0	13818
995963	OnFrame	3	0	13820
995964	OnFrame	3	0	13822
995965	OnFrame	3	0	13824
817050	OnFrame	3	0	13826
817051	OnFrame	3	0	13831
817052	OnFrame	3	0	13835
817053	OnFrame	3	0	13837
817054	OnFrame	3	0	13839
817055	OnFrame	3	0	13841
817058	OnFrame	3	13843	13845
817064	OnFrame	3	13867	13869
817065	OnFrame	3	13843	13878
817066	OnFrame	3	13843	13884
817067	OnFrame	3	0	13890
831550	OnFrame	3	0	13892
831551	OnFrame	3	0	13893
831552	OnFrame	3	0	13894
831553	OnFrame	3	0	13896
831554	OnFrame	3	0	13898
831555	OnFrame	3	0	13899
831556	OnFrame	3	0	13900
831557	OnFrame	3	0	13901
831558	OnFrame	3	0	13902
831559	OnFrame	3	0	13903
831560	OnFrame	3	0	13904
831561	OnFrame	3	0	13906
831562	OnFrame	3	0	13908
831564	OnFrame	3	0	13910
831592	OnFrame	3	0	13912
995917	OnBeHit	3	1022	13914
995918	OnBeHit	3	13930	13934
995920	OnNpcWillDie	3	13946	13950
995921	OnFrame	3	13964	1022
995922	OnFrame	3	13966	1022
995923	OnFrame	3	13968	1022
995926	OnFrame	3	13970	13972
995929	OnBeforeDamage	3	13984	13988
995936	OnFrame	3	1022	13994
902251	OnFrame	3	13998	14002
902252	OnFrame	3	0	14027
902253	OnFrame	3	14029	14030
902254	OnFrame	3	14029	14051
902255	OnSkill	3	14029	14066
902262	OnFrame	3	14029	14071
902263	OnFrame	3	14029	14085
902264	OnFrame	3	14029	14095
902266	OnFrame	3	14029	14104
902269	OnFrame	3	0	14113
301009	OnAfterDamage	3	1022	14118
110501	OnFrame	3	14127	14129
110502	OnFrame	3	14127	14242
110503	OnFrame	3	14127	14276
110510	OnBeHit	3	14292	14299
903701	OnFrame	3	14311	14337
903702	OnFrame	3	0	14352
903703	OnFrame	3	0	14353
902290	OnFrame	3	14355	14357
996403	OnFrame	3	14366	14367
999504	OnFrame	3	14369	14370
999505	OnFrame	3	14369	14372
999506	OnFrame	3	14369	14374
999507	OnNpcWillDie	3	14376	14379
999501	OnFrame	3	14366	14382
999508	OnFrame	3	14393	1022
999509	OnFrame	3	14366	14394
999510	OnFrame	3	14407	1022
999514	OnFrame	3	0	14409
999515	OnFrame	3	0	14411
999516	OnFrame	3	0	14413
999517	OnFrame	3	0	14415
999518	OnFrame	3	0	14417
999520	OnFrame	3	0	14419
999521	OnFrame	3	0	14421
999526	OnAfterDamage	3	1022	14423
999536	OnFrame	3	14425	14426
903505	OnFrame	3	1022	14430
903535	OnFrame	3	7942	14434
201601	OnFrame	3	14442	14445
201606	OnFrame	3	14459	14461
991891	OnFrame	3	7491	14471
991541	OnFrame	3	7491	14475
991542	OnFrame	3	7491	14482
991543	OnFrame	3	7491	14486
991544	OnFrame	3	7491	14491
991511	OnFrame	3	14493	14494
991752	OnFrame	3	14499	14500
991530	OnAfterDamage	3	14503	14504
991881	OnFrame	3	14507	14512
991512	OnFrame	3	14493	14544
992060	OnFrame	3	14545	14547
991519	OnFrame	3	14442	14571
997200	OnFrame	3	14573	14337
997121	OnSkill	3	14594	14595
997122	OnFrame	3	7572	14600
997123	OnSkill	3	14602	14604
997124	OnSkill	3	14602	14647
997125	OnSkill	3	14649	14651
997126	OnSkill	3	14602	14654
997127	OnSkill	3	14649	14656
997128	OnSkill	3	14602	14658
997129	OnSkill	3	14649	14660
997150	OnFrame	3	14662	14679
970714	OnNpcWillDie	3	14687	14688
971101	OnBeforeDamage	3	0	14690
811011	OnFrame	3	14697	14699
811012	OnFrame	3	0	14702
811013	OnFrame	3	0	14705
811014	OnFrame	3	0	14707
811015	OnFrame	3	0	14709
811016	OnFrame	3	0	14711
811017	OnFrame	3	0	14713
811018	OnFrame	3	0	14715
811019	OnFrame	3	0	14717
811020	OnFrame	3	0	14719
811021	OnFrame	3	0	14721
811022	OnFrame	3	0	14723
811023	OnFrame	3	0	14725
811024	OnFrame	3	0	14727
811025	OnFrame	3	0	14729
811026	OnFrame	3	0	14731
811027	OnFrame	3	0	14733
811028	OnFrame	3	0	14735
811029	OnFrame	3	0	14737
811030	OnFrame	3	0	14739
811102	OnFrame	3	14697	14749
811101	OnNpcWillDie	3	0	14751
813002	OnFrame	3	0	14753
813003	OnFrame	3	0	14754
813008	OnFrame	3	13695	14755
813009	OnFrame	3	0	14758
813011	OnFrame	3	0	14759
814001	OnFrame	3	14761	14763
814103	OnFrame	3	14761	14768
814021	OnFrame	3	13695	14771
814022	OnFrame	3	13695	14773
814023	OnFrame	3	13695	14783
814024	OnFrame	3	13695	14785
812021	OnFrame	3	14369	14787
813031	OnFrame	3	14369	14790
814100	OnFrame	3	14792	14337
814105	OnFrame	3	14809	14811
814106	OnFrame	3	14809	14811
814107	OnFrame	3	14809	14811
814108	OnFrame	3	14809	14811
814109	OnFrame	3	14809	14811
814011	OnFrame	3	0	14817
814012	OnFrame	3	0	14819
814013	OnFrame	3	0	14823
814101	OnFrame	3	0	14826
815100	OnFrame	3	14834	14337
815006	OnFrame	3	14369	14850
816017	OnFrame	3	14369	14852
817019	OnFrame	3	14369	14854
818024	OnFrame	3	14369	14856
819049	OnFrame	3	14369	14858
831010	OnFrame	3	14369	14860
815101	OnFrame	3	14862	14863
816001	OnFrame	3	0	14871
816011	OnFrame	3	14873	14876
816005	OnFrame	3	13695	14885
816006	OnFrame	3	13695	14887
816012	OnFrame	3	14888	14889
816013	OnSkill	3	14899	14901
816100	OnFrame	3	14908	14337
817002	OnFrame	3	14926	14931
817004	OnFrame	3	9881	15043
817007	OnFrame	3	1022	15059
817012	OnFrame	3	15062	15063
817100	OnFrame	3	15064	15085
817101	OnFrame	3	0	15205
817103	OnFrame	3	0	15211
900294	OnFrame	3	13970	15215
900293	OnBeforeDamage	3	15230	15231
900292	OnFrame	3	15236	15237
900291	OnFrame	3	15289	15290
818005	OnFrame	3	15298	15300
819001	OnSkill	3	15312	15314
819002	OnBeforeDamage	3	0	15325
819006	OnFrame	3	0	15331
819011	OnBeHit	3	0	15349
831001	OnSkill	3	15418	15419
831003	OnBeforeDamage	3	0	15423
831012	OnFrame	3	0	15429
831031	OnBeHit	3	0	15442
831013	OnFrame	3	0	15451
831051	OnFrame	3	0	15452
831052	OnFrame	3	0	15464
831053	OnFrame	3	0	15466
831061	OnSkill	3	15468	15470
831062	OnBeHit	3	0	15486
831063	OnFrame	3	0	15491
831072	OnFrame	3	15492	15494
831100	OnFrame	3	15512	15518
831103	OnFrame	3	0	15663
831200	OnFrame	3	15669	15678
832022	OnFrame	3	0	15690
832223	OnFrame	3	0	15697
832210	OnSkill	3	15418	15699
832212	OnBeforeDamage	3	0	15723
832213	OnBeHit	3	0	15731
800001	OnBeforeDamage	3	15734	15735
800006	OnBeforeDamage	3	15738	15745
800007	OnBeforeDamage	3	0	15749
800012	OnBeforeDamage	3	0	15752
800013	OnBeforeDamage	3	0	15755
800014	OnFrame	3	0	15771
800019	OnFrame	3	1022	15772
800061	OnNpcWillDie	3	0	15775
800062	OnNpcWillDie	3	0	15776
800063	OnNpcWillDie	3	0	15777
800064	OnNpcWillDie	3	0	15778
800065	OnNpcWillDie	3	0	15779
800066	OnNpcWillDie	3	0	15780
800067	OnNpcWillDie	3	0	15780
800093	OnFrame	3	15781	15784
800094	OnFrame	3	15796	15784
800095	OnFrame	3	15798	15784
800096	OnFrame	3	15800	15784
800097	OnFrame	3	15802	15784
800201	OnFrame	3	15804	0
800202	OnFrame	3	15805	0
800203	OnFrame	3	15806	0
800204	OnFrame	3	15807	0
800205	OnFrame	3	15808	0
800206	OnFrame	3	15809	0
800207	OnFrame	3	15810	0
800208	OnFrame	3	15811	0
800209	OnFrame	3	15812	0
800211	OnFrame	3	15813	0
800212	OnFrame	3	15814	0
800213	OnFrame	3	15815	0
800214	OnFrame	3	15816	0
800215	OnFrame	3	15817	0
800216	OnFrame	3	15818	0
800217	OnFrame	3	15819	0
800218	OnFrame	3	15820	0
800219	OnFrame	3	15821	0
800221	OnFrame	3	15822	0
800222	OnFrame	3	15823	0
800223	OnFrame	3	15824	0
800224	OnFrame	3	15825	0
800225	OnFrame	3	15826	0
800226	OnFrame	3	15827	0
800227	OnFrame	3	15828	0
800228	OnFrame	3	15829	0
800229	OnFrame	3	15830	0
800301	OnFrame	3	3	15831
800302	OnFrame	3	3	15835
800303	OnFrame	3	3	15839
800304	OnFrame	3	3	15843
800305	OnFrame	3	3	15847
800306	OnFrame	3	3	15851
800307	OnFrame	3	3	15855
800308	OnFrame	3	3	15859
800309	OnFrame	3	3	15863
800310	OnFrame	3	3	15867
800601	OnNpcWillDie	3	0	15871
800602	OnNpcWillDie	3	0	15872
800603	OnNpcWillDie	3	0	15873
800604	OnNpcWillDie	3	0	15874
800605	OnNpcWillDie	3	0	15875
800606	OnNpcWillDie	3	0	15876
800607	OnNpcWillDie	3	0	15877
800608	OnNpcWillDie	3	0	15878
800609	OnNpcWillDie	3	0	15879
800610	OnNpcWillDie	3	0	15880
950108	OnFrame	3	15734	15881
950110	OnBeforeDamage	3	0	15885
950131	OnFrame	3	0	15894
833011	OnBeforeDamage	3	0	15934
833012	OnFrame	3	0	15951
20000101	OnFrame	1	15953	15974
20000102	OnFrame	1	16018	16024
20000103	OnFrame	1	16025	16032
20000104	OnFrame	1	16033	16032
20000201	OnFrame	1	16039	16046
20000202	OnFrame	1	16077	16078
20000203	OnFrame	1	16077	16078
20000204	OnFrame	1	16077	16078
20000301	OnFrame	1	16079	16080
20000302	OnFrame	1	16089	16090
20000303	OnFrame	1	16089	16090
20000304	OnFrame	1	16089	16090
99999957	OnFrame	1	16091	16094
99999956	OnFrame	1	16104	16105
99999970	OnFrame	1	16109	16111
99999969	OnFrame	1	16122	16126
99999968	OnFrame	1	16137	16140
99999967	OnFrame	1	16152	16158
99999960	OnFrame	1	16162	16163
99999959	OnFrame	1	16200	16201
99999958	OnFrame	1	16209	16211
10010001	OnFrame	1	16230	16240
10010002	OnFrame	1	16410	16418
10010003	OnFrame	1	16553	16565
10010101	OnFrame	1	16758	16792
10010102	OnFrame	1	16871	16884
10010103	OnFrame	1	17084	17105
10010104	OnFrame	1	17225	17233
10010201	OnFrame	1	17303	17320
10010202	OnFrame	1	17422	17436
10010203	OnFrame	1	17542	17556
10010204	OnFrame	1	17646	17655
10010301	OnFrame	1	17774	17782
10010302	OnFrame	1	17804	17811
10010303	OnFrame	1	17835	17840
10010304	OnFrame	1	17868	17873
10020101	OnFrame	1	17899	17913
10020102	OnFrame	1	18005	18014
10020103	OnFrame	1	18060	18072
10020104	OnFrame	1	18169	18175
10020201	OnFrame	1	18191	18204
10020202	OnFrame	1	18270	18288
10020203	OnFrame	1	18360	18368
10020204	OnFrame	1	18429	18444
10020301	OnFrame	1	18543	18555
10020302	OnFrame	1	18595	18613
10020303	OnFrame	1	18641	18645
10020304	OnFrame	1	18665	18673
10030101	OnFrame	1	18758	18767
10030102	OnFrame	1	18794	18809
10030103	OnFrame	1	18947	18956
10030104	OnFrame	1	18986	18994
10030201	OnFrame	1	19030	19048
10030202	OnFrame	1	19078	19090
10030203	OnFrame	1	19352	19364
10030204	OnFrame	1	19428	19433
10030301	OnFrame	1	19443	19459
10030302	OnFrame	1	19701	19708
10030303	OnFrame	1	19792	19795
10030304	OnFrame	1	19812	19816
10030401	OnFrame	1	19841	19845
10030402	OnFrame	1	19848	18809
10030403	OnFrame	1	19850	18956
10030404	OnFrame	1	19854	18994
10030501	OnFrame	1	19858	19048
10030502	OnFrame	1	19861	19865
10030503	OnFrame	1	19869	19873
10030504	OnFrame	1	19880	19433
10030601	OnFrame	1	19882	19886
10030602	OnFrame	1	19894	19708
10030603	OnFrame	1	19897	19795
10030604	OnFrame	1	19901	19816
10040101	OnFrame	1	19906	19917
10040102	OnFrame	1	19949	19953
10040103	OnFrame	1	19980	19985
10040104	OnFrame	1	20002	20009
10040201	OnFrame	1	20042	20048
10040202	OnFrame	1	20058	20062
10040203	OnFrame	1	20075	20079
10040204	OnFrame	1	20091	20098
10040301	OnFrame	1	20135	20142
10040302	OnFrame	1	20235	20239
10040303	OnFrame	1	20248	20258
10040304	OnFrame	1	20291	20294
10040401	OnFrame	1	20316	20320
10040402	OnFrame	1	20325	19953
10040403	OnFrame	1	20328	19985
10040404	OnFrame	1	20332	20009
10040501	OnFrame	1	20336	20048
10040502	OnFrame	1	20339	20062
10040503	OnFrame	1	20342	20079
10040504	OnFrame	1	20346	20098
10040601	OnFrame	1	20350	20142
10040602	OnFrame	1	20353	20239
10040603	OnFrame	1	20356	20258
10040604	OnFrame	1	20360	20294
10050101	OnFrame	1	20363	20368
10050102	OnFrame	1	20393	20404
10050103	OnFrame	1	20419	20437
10050104	OnFrame	1	20517	20526
10050201	OnFrame	1	20554	20563
10050202	OnFrame	1	20572	20576
10050203	OnFrame	1	20609	20615
10050204	OnFrame	1	20677	20687
10050301	OnFrame	1	20708	20714
10050302	OnFrame	1	20726	20729
10050303	OnFrame	1	20745	20749
10050304	OnFrame	1	20762	20767
10060101	OnFrame	1	20797	20806
10060102	OnFrame	1	20828	20834
10060103	OnFrame	1	20864	20868
10060104	OnFrame	1	20878	20882
10060201	OnFrame	1	20899	20905
10060202	OnFrame	1	20914	20918
10060203	OnFrame	1	20952	20966
10060204	OnFrame	1	21053	21060
10060301	OnFrame	1	21072	21078
10060302	OnFrame	1	21085	21089
10060303	OnFrame	1	21100	21104
10060304	OnFrame	1	21116	21120
10070101	OnFrame	1	21139	21146
10070102	OnFrame	1	21174	21178
10070103	OnFrame	1	21192	21197
10070104	OnFrame	1	21253	21259
10070201	OnFrame	1	21283	21290
10070202	OnFrame	1	21327	21334
10070203	OnFrame	1	21356	21360
10070204	OnFrame	1	21373	21379
10070301	OnFrame	1	21395	21402
10070302	OnFrame	1	21444	21460
10070303	OnFrame	1	21674	21679
10070304	OnFrame	1	21692	21695
10080101	OnFrame	1	21712	21726
10080102	OnFrame	1	21762	21774
10080103	OnFrame	1	21794	21802
10080104	OnFrame	1	21973	21982
10080201	OnFrame	1	22002	22013
10080202	OnFrame	1	22039	22056
10080203	OnFrame	1	22125	22137
10080204	OnFrame	1	22178	22182
10080301	OnFrame	1	22210	22221
10080302	OnFrame	1	22254	22260
10080303	OnFrame	1	22281	22288
10080304	OnFrame	1	22311	22315
99970010	OnFrame	1	22325	22329
99970020	OnFrame	1	22330	22329
99970030	OnFrame	1	22332	22329
99970040	OnFrame	1	22334	22329
99970050	OnFrame	1	22336	22329
99970060	OnFrame	1	22338	22329
99970070	OnFrame	1	22340	22329
99970080	OnFrame	1	22342	22329
99970120	OnFrame	1	22344	22329
99970130	OnFrame	1	22346	22329
99981100	OnFrame	1	22348	22329
99981110	OnFrame	1	22350	22329
99981200	OnFrame	1	22352	22329
99981300	OnFrame	1	22354	22329
99981310	OnFrame	1	22356	22329
99981400	OnFrame	1	22358	22329
99981401	OnFrame	1	22360	22329
99981410	OnFrame	1	22362	22329
99981420	OnFrame	1	22364	22329
99981430	OnFrame	1	22366	22329
99981500	OnFrame	1	22368	22329
99981600	OnFrame	1	22370	22329
99981700	OnFrame	1	22372	22329
99981800	OnFrame	1	22374	22329
99981900	OnFrame	1	22376	22329
99982100	OnFrame	1	22378	22329
99920100	OnFrame	1	22380	22329
99920110	OnFrame	1	22382	22329
99982130	OnFrame	1	22384	22329
99982140	OnFrame	1	22386	22329
99982150	OnFrame	1	22388	22329
99982160	OnFrame	1	22390	22329
99983100	OnFrame	1	22392	22329
99983110	OnFrame	1	22394	22329
99983111	OnFrame	1	22396	22329
99983102	OnFrame	1	22398	22329
99987010	OnFrame	1	22400	22329
99987020	OnFrame	1	22402	22329
99987030	OnFrame	1	22404	22329
99987050	OnFrame	1	22406	22329
99990000	OnFrame	1	22408	22329
99990001	OnFrame	1	22410	22329
99990002	OnFrame	1	22412	22329
99990020	OnFrame	1	22414	22329
99990040	OnFrame	1	22416	22329
99990060	OnFrame	1	22418	22329
99990230	OnFrame	1	22420	22329
99990030	OnFrame	1	22422	22329
99990090	OnFrame	1	22424	22329
99990100	OnFrame	1	22426	22329
99990110	OnFrame	1	22428	22329
99990120	OnFrame	1	22430	22329
99990130	OnFrame	1	22432	22329
99990140	OnFrame	1	22434	22329
99990150	OnFrame	1	22436	22329
99990160	OnFrame	1	22438	22329
99990170	OnFrame	1	22440	22329
99990180	OnFrame	1	22442	22329
99990190	OnFrame	1	22444	22329
99990200	OnFrame	1	22446	22329
99990210	OnFrame	1	22448	22329
99990220	OnFrame	1	22450	22329
99990250	OnFrame	1	22452	22329
99990260	OnFrame	1	22454	22329
99990330	OnFrame	1	22456	22329
99990340	OnFrame	1	22458	22329
99990350	OnFrame	1	22460	22329
99990360	OnFrame	1	22462	22329
99990370	OnFrame	1	22464	22329
99990380	OnFrame	1	22466	22329
99990390	OnFrame	1	22468	22329
99990400	OnFrame	1	22470	22329
99990410	OnFrame	1	22472	22329
99990420	OnFrame	1	22474	22329
99990430	OnFrame	1	22476	22329
99990440	OnFrame	1	22478	22329
99991030	OnFrame	1	22480	22329
99991090	OnFrame	1	22482	22329
99991100	OnFrame	1	22484	22329
99991110	OnFrame	1	22486	22329
99991120	OnFrame	1	22488	22329
99991130	OnFrame	1	22490	22329
99991140	OnFrame	1	22492	22329
99991150	OnFrame	1	22494	22329
99991160	OnFrame	1	22496	22329
99991170	OnFrame	1	22498	22329
99991180	OnFrame	1	22500	22329
99991190	OnFrame	1	22502	22329
99991200	OnFrame	1	22504	22329
99991210	OnFrame	1	22506	22329
99991250	OnFrame	1	22508	22329
99991260	OnFrame	1	22510	22329
99991330	OnFrame	1	22512	22329
99991340	OnFrame	1	22514	22329
99991350	OnFrame	1	22516	22329
99991360	OnFrame	1	22518	22329
99991370	OnFrame	1	22520	22329
99991380	OnFrame	1	22522	22329
99991390	OnFrame	1	22524	22329
99991400	OnFrame	1	22526	22329
99991410	OnFrame	1	22528	22329
99991420	OnFrame	1	22530	22329
99991430	OnFrame	1	22532	22329
99991440	OnFrame	1	22534	22329
99992030	OnFrame	1	22536	22329
99992090	OnFrame	1	22538	22329
99992100	OnFrame	1	22540	22329
99992110	OnFrame	1	22542	22329
99992120	OnFrame	1	22544	22329
99992130	OnFrame	1	22546	22329
99992140	OnFrame	1	22548	22329
99992150	OnFrame	1	22550	22329
99992160	OnFrame	1	22552	22329
99992170	OnFrame	1	22554	22329
99992180	OnFrame	1	22556	22329
99992190	OnFrame	1	22558	22329
99992200	OnFrame	1	22560	22329
99992210	OnFrame	1	22562	22329
99992250	OnFrame	1	22564	22329
99992260	OnFrame	1	22566	22329
99992330	OnFrame	1	22568	22329
99992340	OnFrame	1	22570	22329
99992350	OnFrame	1	22572	22329
99992360	OnFrame	1	22574	22329
99992370	OnFrame	1	22576	22329
99992380	OnFrame	1	22578	22329
99992390	OnFrame	1	22580	22329
99992400	OnFrame	1	22582	22329
99992410	OnFrame	1	22584	22329
99992420	OnFrame	1	22586	22329
99992430	OnFrame	1	22588	22329
99992440	OnFrame	1	22590	22329
99997110	OnFrame	1	22592	22329
99997610	OnFrame	1	22594	22329
99997620	OnFrame	1	22596	22329
99997120	OnFrame	1	22598	22329
99996080	OnFrame	1	22600	22329
99991031	OnFrame	1	22602	22329
99991111	OnFrame	1	22604	22329
99832001	OnFrame	1	22606	22609
99832002	OnFrame	1	22610	22609
99832003	OnFrame	1	22612	22609
99832004	OnFrame	1	22614	22609
99832005	OnFrame	1	22616	22609
99832006	OnFrame	1	22618	22609
99832007	OnFrame	1	22620	22609
99832008	OnFrame	1	22622	22609
99832009	OnFrame	1	22624	22609
99832011	OnFrame	1	22626	22609
99832012	OnFrame	1	22628	22609
99832016	OnFrame	1	22630	22609
99832017	OnFrame	1	22632	22609
99832018	OnFrame	1	22634	22609
99832019	OnFrame	1	22636	22609
99832021	OnFrame	1	22638	22609
99832022	OnFrame	1	22640	22609
99832023	OnFrame	1	22642	22609
99832024	OnFrame	1	22644	22609
99832031	OnFrame	1	22646	22609
99832032	OnFrame	1	22648	22609
99832033	OnFrame	1	22650	22609
99832034	OnFrame	1	22652	22609
99832201	OnFrame	1	22654	22609
99832202	OnFrame	1	22657	22609
99832203	OnFrame	1	22659	22609
99832204	OnFrame	1	22661	22609
99832205	OnFrame	1	22663	22609
99832206	OnFrame	1	22665	22609
99832207	OnFrame	1	22667	22609
99832208	OnFrame	1	22669	22609
99832209	OnFrame	1	22671	22609
99832211	OnFrame	1	22673	22609
99832212	OnFrame	1	22675	22609
99832213	OnFrame	1	22677	22609
99832214	OnFrame	1	22679	22609
99832215	OnFrame	1	22681	22609
99832216	OnFrame	1	22683	22609
99990450	OnFrame	1	22685	22329
99990460	OnFrame	1	22687	22329
99991450	OnFrame	1	22689	22329
99991460	OnFrame	1	22691	22329
99992450	OnFrame	1	22693	22329
99992460	OnFrame	1	22695	22329
99990101	OnFrame	1	22697	22698
99990102	OnFrame	1	22697	22698
99999922	OnFrame	1	22705	22707
99999923	OnFrame	1	22705	22716
99996001	OnFrame	1	22721	22722
99990104	OnFrame	1	22705	22746
99960001	OnFrame	1	22758	22776
99960002	OnFrame	1	22888	22891
99960010	OnFrame	1	22937	22941
99960011	OnFrame	1	22937	22941
99980001	OnFrame	1	22948	22958
99980002	OnFrame	1	23002	23016
99980003	OnFrame	1	23404	23407
99980004	OnFrame	1	23411	23417
99919037	OnFrame	1	23433	23435
99919919	OnFrame	1	23478	23486
99919917	OnFrame	1	23544	23551
99919916	OnFrame	1	23590	23592
99919902	OnFrame	1	23544	23711
99919903	OnFrame	1	23544	23729
99919918	OnFrame	1	23740	23780
99919911	OnFrame	1	23890	23901
99919912	OnFrame	1	23907	23911
99919913	OnFrame	1	23914	23916
99919914	OnFrame	1	23920	23922
99919915	OnFrame	1	23925	23927
99919901	OnFrame	1	23933	24013
99919904	OnFrame	1	24274	24275
99919905	OnFrame	1	24284	24289
99919906	OnFrame	1	24390	24392
99950001	OnFrame	1	24400	24410
99950002	OnFrame	1	24430	24434
99950003	OnFrame	1	24437	24438
99950004	OnFrame	1	24441	24442
99950005	OnFrame	1	24447	24459
99950006	OnFrame	1	24504	24520
99950008	OnFrame	1	24441	24605
99950009	OnFrame	1	24441	24608
99950010	OnFrame	1	24441	24611
99950011	OnFrame	1	24441	24614
99950012	OnFrame	1	24437	24619
99950013	OnFrame	1	24437	24624
99950014	OnFrame	1	24437	24627
99950015	OnFrame	1	24437	24630
99950016	OnFrame	1	24437	24633
99950017	OnFrame	1	24437	24637
99950018	OnFrame	1	24640	24649
99950019	OnFrame	1	24441	24650
99950020	OnFrame	1	24441	24654
99950021	OnFrame	1	24657	24660
99950022	OnFrame	1	24664	24666
99950023	OnFrame	1	24671	24674
99950024	OnFrame	1	24683	24686
99950025	OnFrame	1	24689	24696
99950026	OnFrame	1	24709	24711
99950027	OnFrame	1	24719	24729
99950028	OnFrame	1	24843	24847
99950029	OnFrame	1	24879	24884
99950030	OnFrame	1	24933	24940
99940001	OnFrame	1	24993	25012
99940003	OnFrame	1	25047	25048
99940002	OnFrame	1	25056	25059
99940004	OnFrame	1	25079	25080
99940005	OnFrame	1	25047	25086
99940006	OnFrame	1	25047	25087
99940007	OnFrame	1	25047	25090
99940008	OnFrame	1	25047	25093
99940009	OnFrame	1	25047	25096
99940010	OnFrame	1	25099	25100
99940011	OnFrame	1	25099	25267
99940012	OnFrame	1	25099	25390
99940013	OnFrame	1	25449	25453
99940014	OnFrame	1	25578	25581
99940015	OnFrame	1	25578	25654
99940020	OnFrame	1	25674	25086
99940021	OnFrame	1	25674	25086
99940022	OnFrame	1	25674	25086
99940023	OnFrame	1	25674	25086
99940024	OnFrame	1	25674	25086
99940025	OnFrame	1	25674	25086
99940026	OnFrame	1	25674	25086
99940027	OnFrame	1	25674	25086
99940028	OnFrame	1	25674	25086
99940029	OnFrame	1	25674	25086
99940030	OnFrame	1	25674	25086
99940031	OnFrame	1	25674	25086
99940032	OnFrame	1	25674	25086
99940033	OnFrame	1	25674	25086
99940034	OnFrame	1	25674	25086
99940035	OnFrame	1	25674	25086
99940037	OnFrame	1	25674	25086
99940038	OnFrame	1	25674	25086
99940039	OnFrame	1	25674	25086
99940040	OnFrame	1	25674	25086
99940041	OnFrame	1	25674	25086
99940043	OnFrame	1	25674	25086
99940044	OnFrame	1	25674	25086
99940045	OnFrame	1	25674	25086
99940046	OnFrame	1	25674	25086
99940047	OnFrame	1	25674	25086
99940048	OnFrame	1	25674	25086
99940049	OnFrame	1	25674	25086
99940050	OnFrame	1	25674	25086
99940051	OnFrame	1	25674	25086
99940052	OnFrame	1	25674	25086
99940053	OnFrame	1	25674	25086
99940054	OnFrame	1	25674	25086
99940056	OnFrame	1	25674	25086
99940057	OnFrame	1	25674	25086
99940058	OnFrame	1	25674	25086
99940059	OnFrame	1	25674	25086
99940060	OnFrame	1	25674	25086
99940061	OnFrame	1	25674	25086
99940062	OnFrame	1	25674	25086
99940063	OnFrame	1	25674	25086
99940064	OnFrame	1	25674	25086
99940065	OnFrame	1	25674	25086
99940066	OnFrame	1	25674	25086
99940067	OnFrame	1	25674	25086
99940068	OnFrame	1	25674	25086
99940069	OnFrame	1	25674	25086
99940070	OnFrame	1	25674	25086
99940071	OnFrame	1	25674	25086
99940072	OnFrame	1	25674	25086
99940073	OnFrame	1	25674	25086
99940074	OnFrame	1	25674	25086
99940075	OnFrame	1	25674	25086
99940077	OnFrame	1	25674	25086
99940078	OnFrame	1	25674	25086
99940079	OnFrame	1	25674	25086
99940080	OnFrame	1	25674	25086
99940081	OnFrame	1	25674	25086
99940082	OnFrame	1	25674	25086
99940083	OnFrame	1	25674	25086
99940084	OnFrame	1	25674	25086
99940085	OnFrame	1	25674	25086
99940086	OnFrame	1	25674	25086
99940087	OnFrame	1	25674	25086
99940088	OnFrame	1	25674	25086
99940089	OnFrame	1	25674	25086
99940090	OnFrame	1	25674	25086
99940091	OnFrame	1	25674	25086
99940092	OnFrame	1	25674	25086
99940093	OnFrame	1	25674	25086
99940094	OnFrame	1	25674	25086
99940095	OnFrame	1	25674	25086
99940096	OnFrame	1	25674	25086
99940097	OnFrame	1	25674	25086
99940098	OnFrame	1	25674	25086
99940099	OnFrame	1	25674	25086
99940100	OnFrame	1	25674	25086
99940101	OnFrame	1	25674	25086
99940102	OnFrame	1	25674	25086
99940103	OnFrame	1	25674	25086
99940104	OnFrame	1	25674	25086
99940105	OnFrame	1	25674	25086
99940106	OnFrame	1	25674	25086
99940107	OnFrame	1	25674	25086
99940108	OnFrame	1	25674	25086
99940111	OnFrame	1	25674	25086
99940112	OnFrame	1	25674	25086
99940113	OnFrame	1	25674	25086
99940114	OnFrame	1	25674	25086
99940115	OnFrame	1	25674	25086
99940116	OnFrame	1	25674	25086
99940117	OnFrame	1	25674	25086
99940118	OnFrame	1	25674	25086
99940120	OnFrame	1	25674	25086
99940121	OnFrame	1	25674	25086
99940122	OnFrame	1	25674	25086
99940123	OnFrame	1	25674	25086
99940124	OnFrame	1	25674	25086
99940125	OnFrame	1	25674	25086
99940126	OnFrame	1	25674	25086
99940127	OnFrame	1	25674	25086
99940128	OnFrame	1	25674	25086
99940129	OnFrame	1	25675	25679
99940130	OnFrame	1	25674	25086
99940150	OnFrame	1	25686	25689
99940152	OnFrame	1	25686	25939
99940151	OnFrame	1	25946	25991
99940160	OnFrame	1	26004	26019
99940161	OnFrame	1	26022	26019
99940162	OnFrame	1	26041	26019
99940163	OnFrame	1	26057	26019
99940164	OnFrame	1	26066	26019
95000001	OnFrame	1	25674	25086
95000002	OnFrame	1	25674	25086
95000003	OnFrame	1	25674	25086
95000004	OnFrame	1	25674	25086
95000005	OnFrame	1	25674	25086
95000006	OnFrame	1	25674	25086
95000007	OnFrame	1	25674	25086
95000008	OnFrame	1	25674	25086
95000009	OnFrame	1	25674	25086
95000010	OnFrame	1	25674	25086
95000011	OnFrame	1	25674	25086
95000012	OnFrame	1	25674	25086
95000013	OnFrame	1	25674	25086
95000014	OnFrame	1	25674	25086
95000015	OnFrame	1	25674	25086
95000016	OnFrame	1	25674	25086
95000018	OnFrame	1	25674	25086
95000019	OnFrame	1	25674	25086
95000020	OnFrame	1	25674	25086
95000021	OnFrame	1	25674	25086
95000022	OnFrame	1	25674	25086
95000024	OnFrame	1	25674	25086
95000025	OnFrame	1	25674	25086
95000026	OnFrame	1	25674	25086
95000027	OnFrame	1	25674	25086
95000028	OnFrame	1	25674	25086
95000029	OnFrame	1	25674	25086
95000030	OnFrame	1	25674	25086
95000031	OnFrame	1	25674	25086
95000032	OnFrame	1	25674	25086
95000033	OnFrame	1	25674	25086
95000034	OnFrame	1	25674	25086
95000035	OnFrame	1	25674	25086
95000037	OnFrame	1	25674	25086
95000038	OnFrame	1	25674	25086
95000039	OnFrame	1	25674	25086
95000040	OnFrame	1	25674	25086
95000041	OnFrame	1	25674	25086
95000042	OnFrame	1	25674	25086
95000043	OnFrame	1	25674	25086
95000044	OnFrame	1	25674	25086
95000045	OnFrame	1	25674	25086
95000046	OnFrame	1	25674	25086
95000047	OnFrame	1	25674	25086
95000048	OnFrame	1	25674	25086
95000049	OnFrame	1	25674	25086
95000050	OnFrame	1	25674	25086
95000051	OnFrame	1	25674	25086
95000052	OnFrame	1	25674	25086
95000053	OnFrame	1	25674	25086
95000054	OnFrame	1	25674	25086
95000055	OnFrame	1	25674	25086
95000056	OnFrame	1	25674	25086
95000058	OnFrame	1	25674	25086
95000059	OnFrame	1	25674	25086
95000060	OnFrame	1	25674	25086
95000061	OnFrame	1	25674	25086
95000062	OnFrame	1	25674	25086
95000063	OnFrame	1	25674	25086
95000064	OnFrame	1	25674	25086
95000065	OnFrame	1	25674	25086
95000066	OnFrame	1	25674	25086
95000067	OnFrame	1	25674	25086
95000068	OnFrame	1	25674	25086
95000069	OnFrame	1	25674	25086
95000070	OnFrame	1	25674	25086
95000071	OnFrame	1	25674	25086
95000072	OnFrame	1	25674	25086
95000073	OnFrame	1	25674	25086
95000074	OnFrame	1	25674	25086
95000075	OnFrame	1	25674	25086
95000076	OnFrame	1	25674	25086
95000077	OnFrame	1	25674	25086
95000078	OnFrame	1	25674	25086
95000079	OnFrame	1	25674	25086
95000080	OnFrame	1	25674	25086
95000081	OnFrame	1	25674	25086
95000082	OnFrame	1	25674	25086
95000083	OnFrame	1	25674	25086
95000084	OnFrame	1	25674	25086
95000085	OnFrame	1	25674	25086
95000086	OnFrame	1	25674	25086
95000087	OnFrame	1	25674	25086
95000088	OnFrame	1	25674	25086
95000089	OnFrame	1	25674	25086
95000092	OnFrame	1	25674	25086
95000093	OnFrame	1	25674	25086
95000094	OnFrame	1	25674	25086
95000095	OnFrame	1	25674	25086
95000096	OnFrame	1	25674	25086
95000097	OnFrame	1	25674	25086
95000098	OnFrame	1	25674	25086
95000099	OnFrame	1	25674	25086
95000101	OnFrame	1	25674	25086
95000102	OnFrame	1	25674	25086
95000103	OnFrame	1	25674	25086
95000104	OnFrame	1	25674	25086
95000105	OnFrame	1	25674	25086
95000106	OnFrame	1	25674	25086
95000107	OnFrame	1	25674	25086
95000108	OnFrame	1	25674	25086
95000109	OnFrame	1	25674	25086
95000110	OnFrame	1	25674	26085
95000111	OnFrame	1	25674	25086
95000116	OnFrame	1	25674	25086
95000122	OnFrame	1	25674	25086
13010101	OnFrame	1	26086	26087
13010102	OnFrame	1	26093	26097
13010103	OnFrame	1	26099	26100
13010115	OnFrame	1	26104	26107
13010116	OnFrame	1	26271	26286
13010201	OnFrame	1	26443	26444
13010202	OnFrame	1	26448	26449
13010203	OnFrame	1	26099	26452
13010214	OnFrame	1	26456	26463
13010216	OnFrame	1	26664	26677
13010301	OnFrame	1	26684	26685
13010302	OnFrame	1	26689	26690
13010303	OnFrame	1	26099	26100
13010314	OnFrame	1	26693	26696
13010316	OnFrame	1	26703	26711
13010401	OnFrame	1	26443	26873
13010402	OnFrame	1	26443	26876
13010403	OnFrame	1	26443	26452
13010412	OnFrame	1	26879	26884
13010415	OnFrame	1	26892	26905
13010501	OnFrame	1	26443	27013
13010502	OnFrame	1	27017	27018
13010503	OnFrame	1	26443	26100
13010514	OnFrame	1	27021	27043
13010516	OnFrame	1	27164	27168
13010601	OnFrame	1	26689	27362
13010602	OnFrame	1	26689	27365
13010603	OnFrame	1	26099	26452
13010614	OnFrame	1	27368	27371
13010615	OnFrame	1	27376	27384
13010701	OnFrame	1	26689	27696
13010702	OnFrame	1	26689	27700
13010703	OnFrame	1	26443	26100
13010715	OnFrame	1	27703	27706
13010716	OnFrame	1	27716	27735
13010801	OnFrame	1	26689	27923
13010802	OnFrame	1	26443	27927
13010803	OnFrame	1	26443	27931
13010814	OnFrame	1	27934	27935
13010815	OnFrame	1	27940	27945
13010914	OnFrame	1	28074	28085
13010915	OnFrame	1	28141	28159
13011013	OnFrame	1	28211	28232
13011015	OnFrame	1	28433	28473
13011017	OnFrame	1	28657	28666
13011114	OnFrame	1	28697	28705
13011116	OnFrame	1	28748	28760
30000101	OnFrame	1	29078	29082
30000102	OnFrame	1	29084	29086
30000103	OnFrame	1	29087	29086
30000104	OnFrame	1	29089	29086
30000105	OnFrame	1	29091	29086
30000201	OnFrame	1	29092	29094
30000202	OnFrame	1	29095	29094
30000203	OnFrame	1	29096	29094
30000204	OnFrame	1	29097	29094
30000205	OnFrame	1	29098	29094
30000301	OnFrame	1	29099	29102
30000302	OnFrame	1	29103	29102
30000303	OnFrame	1	29104	29102
30000304	OnFrame	1	29105	29102
30000305	OnFrame	1	29106	29102
30000401	OnFrame	1	29107	24649
30000402	OnFrame	1	29108	24649
30000403	OnFrame	1	29109	24649
30000404	OnFrame	1	29110	24649
30000405	OnFrame	1	24640	24649
30000501	OnFrame	1	29111	29113
30000502	OnFrame	1	29114	29113
30000503	OnFrame	1	29115	29113
30000504	OnFrame	1	29116	29113
30000505	OnFrame	1	29117	29113
30000601	OnFrame	1	29118	29120
30000602	OnFrame	1	29121	29120
30000603	OnFrame	1	29122	29120
30000604	OnFrame	1	29123	29120
30000605	OnFrame	1	29124	29120
30000701	OnFrame	1	29125	29127
30000702	OnFrame	1	29128	29127
30000703	OnFrame	1	29129	29127
30000704	OnFrame	1	29130	29127
30000705	OnFrame	1	29131	29127
30000801	OnFrame	1	29132	29135
30000802	OnFrame	1	29136	29135
30000803	OnFrame	1	29137	29135
30000804	OnFrame	1	29138	29135
30000805	OnFrame	1	29139	29135
30000901	OnFrame	1	29140	29141
30000902	OnFrame	1	29140	29141
30000903	OnFrame	1	29196	29141
30000904	OnFrame	1	29200	29141
30000905	OnFrame	1	29200	29203
30000906	OnFrame	1	29206	29141
30000907	OnFrame	1	29207	29141
30000908	OnFrame	1	29208	29141
30000909	OnFrame	1	29209	29141
30000910	OnFrame	1	29210	29203
30000911	OnFrame	1	29207	29141
30000912	OnFrame	1	29207	29141
30000913	OnFrame	1	29212	29141
30000914	OnFrame	1	29210	29141
30000915	OnFrame	1	29213	29203
30010101	OnFrame	1	29214	29257
30010102	OnFrame	1	29258	29257
30010103	OnFrame	1	29283	29257
30010104	OnFrame	1	29290	29257
30010201	OnFrame	1	29296	29338
30010202	OnFrame	1	29339	29338
30010203	OnFrame	1	29342	29338
30010204	OnFrame	1	29345	29338
30010301	OnFrame	1	29348	29374
30010302	OnFrame	1	29375	29374
30010303	OnFrame	1	29377	29374
30010304	OnFrame	1	29379	29374
30010401	OnFrame	1	29381	29384
30010402	OnFrame	1	29385	29384
30010403	OnFrame	1	29386	29384
30010404	OnFrame	1	29388	29384
30010701	OnFrame	1	29390	29401
30010702	OnFrame	1	29402	29401
30010703	OnFrame	1	29408	29401
30010704	OnFrame	1	29409	29401
30010801	OnFrame	1	29410	29416
30010802	OnFrame	1	29417	29416
30010803	OnFrame	1	29419	29416
30010804	OnFrame	1	29421	29416
30020100	OnFrame	1	0	29423
30020101	OnFrame	1	29464	29471
30020102	OnFrame	1	29492	29510
30020103	OnFrame	1	29572	29575
30020104	OnFrame	1	29600	29607
30020105	OnFrame	1	29747	29750
30020106	OnFrame	1	29783	29789
30020107	OnFrame	1	29810	29813
30020108	OnFrame	1	29834	29837
30020109	OnFrame	1	29852	29859
30020110	OnFrame	1	29873	29879
30020111	OnFrame	1	29939	29943
30020200	OnFrame	1	0	30007
30020201	OnFrame	1	30041	30049
30020202	OnFrame	1	30093	30105
30020203	OnFrame	1	30211	30220
30020204	OnFrame	1	30244	30247
30020205	OnFrame	1	30280	30291
30020206	OnFrame	1	30336	30349
30020207	OnFrame	1	30430	30439
30020208	OnFrame	1	30475	30484
30020209	OnFrame	1	30567	30609
30030301	OnFrame	1	30766	30769
30030302	OnFrame	1	30790	30791
30030303	OnFrame	1	30799	30801
30030401	OnFrame	1	30814	30817
30030402	OnFrame	1	30831	30832
30030403	OnFrame	1	30843	30846
30030501	OnFrame	1	30851	30856
30030601	OnFrame	1	31283	31287
30030602	OnFrame	1	31283	31297
30030603	OnFrame	1	31283	31305
30030604	OnFrame	1	31283	31318
30030605	OnFrame	1	31283	31324
30030701	OnFrame	1	31333	31334
30030702	OnFrame	1	31333	31493
30030703	OnFrame	1	31333	31652
30030704	OnFrame	1	31333	31795
30030705	OnFrame	1	31333	31940
30030801	OnFrame	1	32068	32070
30050101	OnFrame	1	32121	32123
30050102	OnFrame	1	32146	32147
30050103	OnFrame	1	32149	24940
30050104	OnFrame	1	32150	24940
30050109	OnFrame	1	32154	32155
30050110	OnFrame	1	32154	32155
30050201	OnFrame	1	32162	32167
30050202	OnFrame	1	32189	32193
30050203	OnFrame	1	32204	32208
30050204	OnFrame	1	32229	32233
30050205	OnFrame	1	32248	32253
30050206	OnFrame	1	32258	32260
30050105	OnFrame	1	32266	32267
30050106	OnFrame	1	32154	32272
30050107	OnFrame	1	32280	32281
30050108	OnFrame	1	32302	32303
30050207	OnFrame	1	32325	32327
30050208	OnFrame	1	32331	32333
30060101	OnFrame	1	32341	32367
30060102	OnFrame	1	32341	32561
30060103	OnFrame	1	32562	32561
30060201	OnFrame	1	32563	32588
30060202	OnFrame	1	32563	32636
30060203	OnFrame	1	32563	32636
30060301	OnFrame	1	32637	32669
30060302	OnFrame	1	32749	32751
30060303	OnFrame	1	32755	32757
30060401	OnFrame	1	32767	32788
30060402	OnFrame	1	32839	32840
30060403	OnFrame	1	32845	32847
30060501	OnFrame	1	32850	32878
30060502	OnFrame	1	32934	32935
30060503	OnFrame	1	32938	32935
30060601	OnFrame	1	32939	32969
30060602	OnFrame	1	33053	33054
30060603	OnFrame	1	33067	33069
30060701	OnFrame	1	33084	33106
30060702	OnFrame	1	33084	33153
30060703	OnFrame	1	33084	33169
30060801	OnFrame	1	33176	33198
30060802	OnFrame	1	33176	33240
30060803	OnFrame	1	33176	33249
30060901	OnFrame	1	33260	33280
30060902	OnFrame	1	33307	33309
30060903	OnFrame	1	33320	33322
30061001	OnFrame	1	33325	33349
30061002	OnFrame	1	33389	33390
30061003	OnFrame	1	33389	33402
30061101	OnFrame	1	33415	33435
30061102	OnFrame	1	33461	33464
30061103	OnFrame	1	33469	33470
30061201	OnFrame	1	33472	33494
30061202	OnFrame	1	33507	33510
30061203	OnFrame	1	33516	33518
30061301	OnFrame	1	33526	33547
30061302	OnFrame	1	33548	33547
30061303	OnFrame	1	33554	33547
30070101	OnFrame	1	33557	33565
30070102	OnFrame	1	33609	33616
30070103	OnFrame	1	33642	33651
30070104	OnFrame	1	33661	33667
30070105	OnFrame	1	33708	33715
30070106	OnFrame	1	33749	33757
30070107	OnFrame	1	33790	33797
30070108	OnFrame	1	33815	33823
30070109	OnFrame	1	33832	33841
30070110	OnFrame	1	33856	33864
30080101	OnFrame	1	33901	33904
30080102	OnFrame	1	33906	33908
30080103	OnFrame	1	33932	33936
30080201	OnFrame	1	33963	33964
30080202	OnFrame	1	33906	33966
30080203	OnFrame	1	33970	33936
30080301	OnFrame	1	33963	33964
30080302	OnFrame	1	33906	33971
30080303	OnFrame	1	33973	33936
30080401	OnFrame	1	33963	33904
30080402	OnFrame	1	33906	33971
30080403	OnFrame	1	33970	33974
30080501	OnFrame	1	33976	33964
30080502	OnFrame	1	33906	33971
30080503	OnFrame	1	33977	33936
30100101	OnFrame	1	33978	33981
30100102	OnFrame	1	34029	34030
30100201	OnFrame	1	34057	34058
30100202	OnFrame	1	34093	34094
30100301	OnFrame	1	34029	34151
30100302	OnFrame	1	34029	34186
30100401	OnFrame	1	34217	34218
30100501	OnFrame	1	34242	34243
30100502	OnFrame	1	34271	34273
30100701	OnFrame	1	34302	34303
30100702	OnFrame	1	34334	34338
30100703	OnFrame	1	34369	34370
30100103	OnFrame	1	34410	34424
30100203	OnFrame	1	34473	34482
30100303	OnFrame	1	34561	34567
30100513	OnFrame	1	34666	34673
30100503	OnFrame	1	34767	34771
30100504	OnFrame	1	34935	34941
30100704	OnFrame	1	35011	35015
30100801	OnFrame	1	35069	35071
30100802	OnFrame	1	35088	35092
30100803	OnFrame	1	35088	35101
30100804	OnFrame	1	35108	35109
30100805	OnFrame	1	35108	35122
30100806	OnFrame	1	35133	35134
30100807	OnFrame	1	35108	35151
30100808	OnFrame	1	35108	35163
30100809	OnFrame	1	35108	35174
30100810	OnFrame	1	35108	35185
30100811	OnFrame	1	35195	35197
30100812	OnFrame	1	35233	35234
30100813	OnFrame	1	35088	35263
30100814	OnFrame	1	35108	35271
30100815	OnFrame	1	35088	35279
30110107	OnFrame	1	35289	35293
30110108	OnFrame	1	35303	35306
30020300	OnFrame	1	0	35326
30020301	OnFrame	1	35360	35368
30020302	OnFrame	1	35382	35389
30020303	OnFrame	1	35471	35480
30020304	OnFrame	1	35556	35565
30020305	OnFrame	1	35635	35649
30020306	OnFrame	1	35726	35737
30020307	OnFrame	1	35935	36053
30020308	OnFrame	1	36370	36387
30020309	OnFrame	1	36565	36577
30020310	OnFrame	1	36639	36657
30020311	OnFrame	1	36734	36746
30020400	OnFrame	1	0	36879
30020401	OnFrame	1	36913	36920
30020402	OnFrame	1	36936	36943
30020403	OnFrame	1	37004	37013
30020404	OnFrame	1	37082	37093
30020405	OnFrame	1	37170	37179
30020406	OnFrame	1	37212	37220
30020407	OnFrame	1	37297	37303
30020408	OnFrame	1	37372	37387
30020409	OnFrame	1	37466	37474
30130103	OnFrame	1	37540	37547
30030101	OnFrame	1	37596	37600
30030102	OnFrame	1	37601	37603
30030103	OnFrame	1	37609	37611
30030104	OnFrame	1	37612	37613
30030105	OnFrame	1	37614	37618
30030106	OnFrame	1	37622	37613
30030201	OnFrame	1	37623	37628
30030202	OnFrame	1	37634	37635
30030203	OnFrame	1	37638	37642
30030204	OnFrame	1	37643	37644
30030205	OnFrame	1	37645	37642
30030206	OnFrame	1	37649	37644
11010101	OnFrame	1	37650	37665
11010102	OnFrame	1	37760	37778
11010103	OnFrame	1	37912	37925
11010104	OnFrame	1	38023	38039
11010105	OnFrame	1	38243	38277
11010106	OnFrame	1	38431	38455
11020101	OnFrame	1	38621	38630
11020102	OnFrame	1	38718	38739
11020103	OnFrame	1	38824	38849
11020104	OnFrame	1	38912	38928
11020105	OnFrame	1	39088	39105
11020106	OnFrame	1	39274	39289
11030101	OnFrame	1	39393	39403
11030102	OnFrame	1	39465	39489
11030103	OnFrame	1	39527	39555
11030104	OnFrame	1	39794	39807
11030105	OnFrame	1	39859	39874
11030106	OnFrame	1	40021	40038
11040101	OnFrame	1	40144	40156
11040102	OnFrame	1	40212	40221
11040103	OnFrame	1	40255	40263
11040104	OnFrame	1	40358	40378
11040105	OnFrame	1	40458	40465
11040106	OnFrame	1	40518	40534
11060101	OnFrame	1	40603	40611
11060102	OnFrame	1	40651	40659
11060103	OnFrame	1	40869	40880
11060104	OnFrame	1	40912	40923
11060105	OnFrame	1	40987	40994
11060106	OnFrame	1	41073	41089
11050101	OnFrame	1	41239	41241
11050102	OnFrame	1	41254	41262
11050103	OnFrame	1	41339	41340
11050104	OnFrame	1	41385	41389
11050105	OnFrame	1	41454	41471
11050106	OnFrame	1	41648	41653
11070101	OnFrame	1	41751	41762
11070102	OnFrame	1	42016	42024
11070103	OnFrame	1	42065	42069
11070104	OnFrame	1	42103	42108
11070105	OnFrame	1	42121	42128
11070106	OnFrame	1	42189	42195
11080102	OnFrame	1	42252	42258
11080103	OnFrame	1	42319	42325
11080104	OnFrame	1	42351	42357
11080105	OnFrame	1	42404	42407
11080101	OnFrame	1	42479	42483
11080106	OnFrame	1	42490	42495
12010101	OnFrame	1	42506	42510
12010102	OnFrame	1	42528	42529
12010201	OnFrame	1	42538	42539
12010202	OnFrame	1	42549	42550
12010301	OnFrame	1	42556	42557
12010302	OnFrame	1	42528	42568
12020101	OnFrame	1	42576	42579
12020102	OnFrame	1	42585	42586
12020103	OnFrame	1	42576	42593
12020201	OnFrame	1	42601	42605
12020202	OnFrame	1	42610	42611
12020203	OnFrame	1	42618	42619
12020301	OnFrame	1	42626	42627
12020302	OnFrame	1	42626	42631
12020303	OnFrame	1	42626	42637
12030101	OnFrame	1	42646	42650
12030102	OnFrame	1	42659	42660
12030103	OnFrame	1	42646	42668
12030201	OnFrame	1	42673	42674
12030202	OnFrame	1	42679	42680
12030203	OnFrame	1	42688	42689
12030301	OnFrame	1	42697	42700
12030302	OnFrame	1	42697	42706
12030303	OnFrame	1	42697	42710
12040101	OnFrame	1	42715	42719
12040102	OnFrame	1	42715	42729
12040103	OnFrame	1	42735	42736
12040201	OnFrame	1	42744	42748
12040202	OnFrame	1	42755	42756
12040203	OnFrame	1	42760	42761
12040301	OnFrame	1	42767	42768
12040302	OnFrame	1	42767	42778
12040303	OnFrame	1	42767	42786
12050101	OnFrame	1	42792	42796
12050102	OnFrame	1	42792	42802
12050103	OnFrame	1	42816	42817
12050201	OnFrame	1	42792	42821
12050202	OnFrame	1	42792	42830
12050203	OnFrame	1	42792	42834
12050301	OnFrame	1	42792	42838
12050302	OnFrame	1	42843	42844
12050303	OnFrame	1	42853	42854
12060101	OnFrame	1	42858	42862
12060102	OnFrame	1	42867	42868
12060103	OnFrame	1	42876	42877
12060201	OnFrame	1	42884	42888
12060202	OnFrame	1	42893	42894
12060203	OnFrame	1	42899	42900
12060301	OnFrame	1	42899	42906
12060302	OnFrame	1	42899	42910
12060303	OnFrame	1	42916	42917
12070101	OnFrame	1	42921	42925
12070102	OnFrame	1	42921	42931
12070103	OnFrame	1	42921	42937
12070201	OnFrame	1	42943	42944
12070202	OnFrame	1	42951	42952
12070203	OnFrame	1	42956	42957
12070301	OnFrame	1	42963	42967
12070302	OnFrame	1	42963	42971
12070303	OnFrame	1	42963	42975
12080101	OnFrame	1	42983	42987
12080102	OnFrame	1	42983	42996
12080103	OnFrame	1	42983	43005
12080201	OnFrame	1	43011	43012
12080202	OnFrame	1	43011	43017
12080203	OnFrame	1	43011	43024
12080301	OnFrame	1	42983	43038
12080302	OnFrame	1	42983	43044
12080303	OnFrame	1	42983	43053
80008110	OnFrame	1	43058	43061
80008130	OnFrame	1	43058	43067
80009609	OnFrame	1	43058	43070
80008131	OnFrame	1	43073	43074
80008140	OnFrame	1	43078	43087
80008150	OnFrame	1	43090	43092
80008151	OnFrame	1	43098	43099
80008160	OnFrame	1	43101	43102
80008170	OnFrame	1	43098	43109
80008180	OnFrame	1	43116	43118
80008181	OnFrame	1	43101	43124
80008215	OnFrame	1	43127	43129
80008183	OnFrame	1	43133	43134
80008190	OnFrame	1	43101	43137
80008310	OnFrame	1	43144	43146
80008311	OnFrame	1	43153	43154
80008312	OnFrame	1	43153	43167
80008313	OnFrame	1	43153	43172
80008320	OnFrame	1	43090	43178
80008321	OnFrame	1	43090	43196
80008322	OnFrame	1	43199	43200
80010205	OnFrame	1	43212	43213
80010206	OnFrame	1	43231	43232
80010209	OnFrame	1	43249	43250
80010301	OnFrame	1	43255	43262
80010302	OnFrame	1	43318	43320
80010303	OnFrame	1	43329	43330
80010401	OnFrame	1	43335	43349
80010402	OnFrame	1	43363	43382
80020101	OnFrame	1	43153	43411
80020102	OnFrame	1	43429	43433
97900301	OnFrame	1	43538	22609
97900302	OnFrame	1	43540	22609
97900303	OnFrame	1	43542	22609
97900304	OnFrame	1	43544	22609
97900305	OnFrame	1	43546	22609
97900306	OnFrame	1	43548	22609
97900901	OnFrame	1	43550	22609
97900902	OnFrame	1	43552	22609
97901001	OnFrame	1	43554	22609
97901002	OnFrame	1	43556	22609
97901101	OnFrame	1	43558	22609
97901102	OnFrame	1	43560	22609
97901103	OnFrame	1	43562	22609
97901201	OnFrame	1	43564	22609
97901202	OnFrame	1	43566	22609
97901203	OnFrame	1	43568	22609
97901301	OnFrame	1	43570	22609
97901302	OnFrame	1	43572	22609
97901303	OnFrame	1	43574	22609
97901304	OnFrame	1	43576	22609
97901401	OnFrame	1	43578	22609
97901402	OnFrame	1	43580	22609
97901501	OnFrame	1	43582	22609
97901502	OnFrame	1	43584	22609
97901503	OnFrame	1	43586	22609
97901504	OnFrame	1	43588	22609
97901505	OnFrame	1	43590	22609
97901601	OnFrame	1	43592	22609
97901602	OnFrame	1	43594	22609
97901701	OnFrame	1	43596	22609
97901702	OnFrame	1	43598	22609
97901703	OnFrame	1	43600	22609
97901704	OnFrame	1	43602	22609
97901705	OnFrame	1	43604	22609
97901706	OnFrame	1	43606	22609
97901801	OnFrame	1	43608	22609
97901802	OnFrame	1	43610	22609
97901803	OnFrame	1	43612	22609
97901804	OnFrame	1	43614	22609
97901901	OnFrame	1	43616	22609
97901902	OnFrame	1	43618	22609
97901903	OnFrame	1	43620	22609
97901904	OnFrame	1	43622	22609
97901905	OnFrame	1	43624	22609
97901906	OnFrame	1	43626	22609
97901907	OnFrame	1	43628	22609
97901908	OnFrame	1	43630	22609
97901909	OnFrame	1	43632	22609
97901910	OnFrame	1	43634	22609
97901911	OnFrame	1	43636	22609
97901912	OnFrame	1	43638	22609
97902001	OnFrame	1	43640	22609
97902002	OnFrame	1	43642	22609
97902003	OnFrame	1	43644	22609
97902101	OnFrame	1	43646	22609
97902102	OnFrame	1	43648	22609
97902103	OnFrame	1	43650	22609
97902104	OnFrame	1	43652	22609
97902105	OnFrame	1	43654	22609
97902106	OnFrame	1	43656	22609
97902107	OnFrame	1	43658	22609
97902108	OnFrame	1	43660	22609
97902109	OnFrame	1	43662	22609
97902110	OnFrame	1	43664	22609
97902501	OnFrame	1	43666	22609
97902502	OnFrame	1	43668	22609
97902503	OnFrame	1	43670	22609
97902504	OnFrame	1	43672	22609
97902505	OnFrame	1	43674	22609
97902506	OnFrame	1	43676	22609
97902507	OnFrame	1	43678	22609
97903601	OnFrame	1	43680	22609
97903602	OnFrame	1	43682	22609
97903603	OnFrame	1	43684	22609
97903604	OnFrame	1	43686	22609
97903605	OnFrame	1	43688	22609
97903606	OnFrame	1	43690	22609
97903607	OnFrame	1	43692	22609
97903608	OnFrame	1	43694	22609
97971401	OnFrame	1	43696	22609
97971402	OnFrame	1	43698	22609
97971403	OnFrame	1	43700	22609
97971404	OnFrame	1	43702	22609
97971405	OnFrame	1	43704	22609
97971406	OnFrame	1	43706	22609
97903501	OnFrame	1	43708	22609
97903502	OnFrame	1	43710	22609
97903503	OnFrame	1	43712	22609
97903504	OnFrame	1	43714	22609
97903505	OnFrame	1	43716	22609
97903506	OnFrame	1	43718	22609
97903507	OnFrame	1	43720	22609
97903508	OnFrame	1	43722	22609
97903509	OnFrame	1	43724	22609
97903510	OnFrame	1	43726	22609
97903511	OnFrame	1	43728	22609
97903512	OnFrame	1	43730	22609
97903513	OnFrame	1	43732	22609
97904001	OnFrame	1	43734	22609
97904002	OnFrame	1	43736	22609
97904003	OnFrame	1	43738	22609
97904004	OnFrame	1	43740	22609
97904005	OnFrame	1	43742	22609
97904006	OnFrame	1	43744	22609
97904007	OnFrame	1	43746	22609
97904008	OnFrame	1	43748	22609
97904009	OnFrame	1	43750	22609
97904010	OnFrame	1	43752	22609
97904011	OnFrame	1	43754	22609
97904012	OnFrame	1	43756	22609
97904013	OnFrame	1	43758	22609
97904101	OnFrame	1	43760	22609
97904102	OnFrame	1	43762	22609
97904103	OnFrame	1	43764	22609
97904104	OnFrame	1	43766	22609
97904105	OnFrame	1	43768	22609
97904106	OnFrame	1	43770	22609
97904107	OnFrame	1	43772	22609
97904108	OnFrame	1	43774	22609
97904109	OnFrame	1	43776	22609
97904110	OnFrame	1	43778	22609
97904401	OnFrame	1	43780	22609
97904402	OnFrame	1	43782	22609
97904403	OnFrame	1	43784	22609
97904404	OnFrame	1	43786	22609
97904405	OnFrame	1	43788	22609
97904406	OnFrame	1	43790	22609
97904407	OnFrame	1	43792	22609
97904408	OnFrame	1	43794	22609
97904409	OnFrame	1	43796	22609
97904410	OnFrame	1	43798	22609
97904411	OnFrame	1	43800	22609
97904412	OnFrame	1	43802	22609
97904413	OnFrame	1	43804	22609
97904414	OnFrame	1	43806	22609
97902201	OnFrame	1	43808	22609
97902202	OnFrame	1	43810	22609
97902203	OnFrame	1	43812	22609
97902204	OnFrame	1	43814	22609
97902205	OnFrame	1	43816	22609
97902206	OnFrame	1	43818	22609
97902207	OnFrame	1	43820	22609
97902208	OnFrame	1	43822	22609
97902209	OnFrame	1	43824	22609
97902210	OnFrame	1	43826	22609
97902211	OnFrame	1	43828	22609
97903301	OnFrame	1	43830	22609
97903302	OnFrame	1	43831	22609
97903303	OnFrame	1	43833	22609
97903304	OnFrame	1	43835	22609
97903305	OnFrame	1	43837	22609
97903306	OnFrame	1	43839	22609
97903307	OnFrame	1	43841	22609
97903308	OnFrame	1	43843	22609
97903309	OnFrame	1	43845	22609
97903401	OnFrame	1	43847	22609
97903402	OnFrame	1	43849	22609
97903403	OnFrame	1	43851	22609
97903404	OnFrame	1	43853	22609
97903405	OnFrame	1	43855	22609
97903406	OnFrame	1	43857	22609
97903407	OnFrame	1	43859	22609
97902601	OnFrame	1	43861	22609
97902602	OnFrame	1	43863	22609
97902603	OnFrame	1	43865	22609
97902604	OnFrame	1	43867	22609
97902605	OnFrame	1	43869	22609
97902606	OnFrame	1	43871	22609
97819006	OnFrame	1	43873	22609
97819007	OnFrame	1	43875	22609
97819008	OnFrame	1	43877	22609
97819009	OnFrame	1	43879	22609
97819010	OnFrame	1	43881	22609
97819011	OnFrame	1	43883	22609
97819012	OnFrame	1	43885	22609
97819013	OnFrame	1	43887	22609
97819014	OnFrame	1	43889	22609
97819015	OnFrame	1	43891	22609
97819016	OnFrame	1	43893	22609
97819017	OnFrame	1	43895	22609
97819018	OnFrame	1	43897	22609
97819019	OnFrame	1	43899	22609
97819020	OnFrame	1	43901	22609
97819021	OnFrame	1	43903	22609
97819022	OnFrame	1	43905	22609
97819023	OnFrame	1	43907	22609
97819024	OnFrame	1	43909	22609
97819025	OnFrame	1	43911	22609
97903801	OnFrame	1	43913	22609
97903802	OnFrame	1	43915	22609
97903803	OnFrame	1	43917	22609
97903804	OnFrame	1	43919	22609
97903805	OnFrame	1	43921	22609
97903806	OnFrame	1	43923	22609
97903807	OnFrame	1	43925	22609
97903808	OnFrame	1	43927	22609
97903809	OnFrame	1	43929	22609
97903810	OnFrame	1	43931	22609
97903811	OnFrame	1	43933	22609
97903812	OnFrame	1	43935	22609
97903813	OnFrame	1	43937	22609
97954701	OnFrame	1	43939	22609
97954702	OnFrame	1	43941	22609
97903711	OnFrame	1	43943	22609
97903712	OnFrame	1	43945	22609
97903713	OnFrame	1	43947	22609
97903714	OnFrame	1	43949	22609
97903715	OnFrame	1	43951	22609
97812001	OnFrame	1	43953	22609
97812002	OnFrame	1	43955	22609
97812003	OnFrame	1	43957	22609
97812004	OnFrame	1	43959	22609
97812005	OnFrame	1	43961	22609
97812006	OnFrame	1	43963	22609
97812007	OnFrame	1	43965	22609
97812008	OnFrame	1	43967	22609
97812009	OnFrame	1	43969	22609
97812010	OnFrame	1	43971	22609
97812011	OnFrame	1	43973	22609
97812012	OnFrame	1	43975	22609
97812013	OnFrame	1	43977	22609
97812014	OnFrame	1	43979	22609
97811001	OnFrame	1	43981	22609
97811002	OnFrame	1	43983	22609
97811003	OnFrame	1	43985	22609
97811004	OnFrame	1	43987	22609
97811005	OnFrame	1	43989	22609
97811011	OnFrame	1	43991	22609
97811012	OnFrame	1	43993	22609
97811013	OnFrame	1	43995	22609
97811014	OnFrame	1	43997	22609
97811015	OnFrame	1	43999	22609
97811021	OnFrame	1	44001	22609
97811022	OnFrame	1	44003	22609
97811023	OnFrame	1	44005	22609
97811024	OnFrame	1	44007	22609
97811025	OnFrame	1	44009	22609
97811026	OnFrame	1	44011	22609
97811027	OnFrame	1	44013	22609
97811028	OnFrame	1	44015	22609
97811029	OnFrame	1	44017	22609
97812021	OnFrame	1	44019	22609
97812022	OnFrame	1	44021	22609
97812023	OnFrame	1	44023	22609
97812024	OnFrame	1	44025	22609
97812025	OnFrame	1	44027	22609
97812026	OnFrame	1	44029	22609
97812027	OnFrame	1	44031	22609
97812028	OnFrame	1	44033	22609
97812029	OnFrame	1	44035	22609
97812031	OnFrame	1	44037	22609
97812032	OnFrame	1	44039	22609
97812033	OnFrame	1	44041	22609
97821501	OnFrame	1	44043	22609
97821502	OnFrame	1	44045	22609
97821503	OnFrame	1	44047	22609
97821504	OnFrame	1	44049	22609
97821505	OnFrame	1	44051	22609
97821506	OnFrame	1	44053	22609
97821507	OnFrame	1	44055	22609
97821508	OnFrame	1	44057	22609
97821509	OnFrame	1	44059	22609
97821510	OnFrame	1	44061	22609
97821511	OnFrame	1	44063	22609
97821512	OnFrame	1	44065	22609
97821513	OnFrame	1	44067	22609
97821301	OnFrame	1	44069	22609
97821302	OnFrame	1	44071	22609
97821303	OnFrame	1	44073	22609
97821304	OnFrame	1	44075	22609
97821305	OnFrame	1	44077	22609
97821001	OnFrame	1	44079	22609
97821002	OnFrame	1	44081	22609
97821003	OnFrame	1	44083	22609
97821004	OnFrame	1	44085	22609
97821005	OnFrame	1	44087	22609
97821006	OnFrame	1	44089	22609
97821007	OnFrame	1	44091	22609
97821008	OnFrame	1	44093	22609
97821009	OnFrame	1	44095	22609
97821010	OnFrame	1	44097	22609
97821011	OnFrame	1	44099	22609
97821012	OnFrame	1	44101	22609
97821013	OnFrame	1	44103	22609
97821014	OnFrame	1	44105	22609
97821015	OnFrame	1	44107	22609
97813000	OnFrame	1	44109	22609
97813001	OnFrame	1	44111	22609
97813002	OnFrame	1	44113	22609
97813003	OnFrame	1	44115	22609
97813004	OnFrame	1	44117	22609
97813010	OnFrame	1	44119	22609
97813011	OnFrame	1	44121	22609
97813012	OnFrame	1	44123	22609
97813013	OnFrame	1	44125	22609
97813014	OnFrame	1	44127	22609
97813015	OnFrame	1	44129	22609
97813016	OnFrame	1	44131	22609
97813017	OnFrame	1	44133	22609
97813018	OnFrame	1	44135	22609
97813020	OnFrame	1	44137	22609
97813021	OnFrame	1	44139	22609
97813022	OnFrame	1	44141	22609
97813023	OnFrame	1	44143	22609
97813024	OnFrame	1	44145	22609
97813025	OnFrame	1	44147	22609
97813026	OnFrame	1	44149	22609
97813027	OnFrame	1	44151	22609
97813033	OnFrame	1	44153	22609
97813034	OnFrame	1	44155	22609
97815001	OnFrame	1	44157	22609
97815002	OnFrame	1	44159	22609
97815003	OnFrame	1	44161	22609
97815004	OnFrame	1	44163	22609
97815005	OnFrame	1	44165	22609
97815006	OnFrame	1	44167	22609
97815007	OnFrame	1	44169	22609
97815008	OnFrame	1	44171	22609
97815011	OnFrame	1	44173	22609
97815012	OnFrame	1	44175	22609
97815013	OnFrame	1	44177	22609
97815014	OnFrame	1	44179	22609
97815015	OnFrame	1	44181	22609
97815022	OnFrame	1	44183	22609
97815026	OnFrame	1	44185	22609
97815027	OnFrame	1	44187	22609
97815028	OnFrame	1	44189	22609
97816001	OnFrame	1	44191	22609
97816002	OnFrame	1	44193	22609
97816003	OnFrame	1	44195	22609
97816004	OnFrame	1	44197	22609
97816005	OnFrame	1	44199	22609
97816006	OnFrame	1	44201	22609
97816007	OnFrame	1	44203	22609
97816008	OnFrame	1	44205	22609
97816009	OnFrame	1	44207	22609
97816011	OnFrame	1	44209	22609
97816012	OnFrame	1	44211	22609
97816013	OnFrame	1	44213	22609
97816014	OnFrame	1	44215	22609
97816015	OnFrame	1	44217	22609
97816016	OnFrame	1	44219	22609
97816017	OnFrame	1	44221	22609
97816018	OnFrame	1	44223	22609
97816019	OnFrame	1	44225	22609
97816020	OnFrame	1	44227	22609
97817001	OnFrame	1	44229	22609
97817002	OnFrame	1	44231	22609
97817003	OnFrame	1	44233	22609
97817004	OnFrame	1	44235	22609
97817005	OnFrame	1	44237	22609
97817011	OnFrame	1	44239	22609
97817012	OnFrame	1	44241	22609
97817013	OnFrame	1	44243	22609
97817014	OnFrame	1	44245	22609
97817015	OnFrame	1	44247	22609
97817016	OnFrame	1	44249	22609
97817017	OnFrame	1	44251	22609
97817018	OnFrame	1	44253	22609
97817019	OnFrame	1	44255	22609
97817020	OnFrame	1	44257	22609
97818001	OnFrame	1	44259	22609
97818002	OnFrame	1	44261	22609
97818003	OnFrame	1	44263	22609
97818004	OnFrame	1	44265	22609
97818005	OnFrame	1	44267	22609
97818006	OnFrame	1	44269	22609
97818007	OnFrame	1	44271	22609
97818008	OnFrame	1	44273	22609
97818009	OnFrame	1	44275	22609
97818011	OnFrame	1	44277	22609
97818012	OnFrame	1	44279	22609
97818013	OnFrame	1	44281	22609
97831001	OnFrame	1	44283	22609
97831002	OnFrame	1	44285	22609
97831003	OnFrame	1	44287	22609
97831004	OnFrame	1	44289	22609
97831005	OnFrame	1	44291	22609
97831006	OnFrame	1	44293	22609
97831007	OnFrame	1	44295	22609
97831008	OnFrame	1	44297	22609
97831009	OnFrame	1	44299	22609
97831011	OnFrame	1	44301	22609
97831012	OnFrame	1	44303	22609
97831013	OnFrame	1	44305	22609
97831014	OnFrame	1	44307	22609
97831015	OnFrame	1	44309	22609
97831016	OnFrame	1	44311	22609
90090001	OnFrame	1	44313	44315
90090002	OnFrame	1	44321	44325
90090004	OnFrame	1	44349	44350
90095462	OnFrame	1	44356	44357
90093453	OnFrame	1	44374	44393
90099912	OnFrame	1	44456	44457
99999914	OnFrame	1	44456	44463
90090010	OnFrame	1	44456	44465
90090011	OnFrame	1	44456	44503
90090012	OnFrame	1	44349	44517
90090013	OnFrame	1	44349	44534
90090014	OnFrame	1	44349	44541
90090015	OnFrame	1	44349	44548
90090016	OnFrame	1	44349	44555
90090017	OnFrame	1	44349	44562
90090018	OnFrame	1	44349	44569
90090019	OnFrame	1	44349	44576
90090020	OnFrame	1	44349	44583
90090021	OnFrame	1	44349	44590
90090022	OnFrame	1	44349	44596
90090023	OnFrame	1	44349	44602
90090024	OnFrame	1	44349	44605
90090025	OnFrame	1	44349	44617
90090026	OnFrame	1	44349	44623
90090027	OnFrame	1	44349	44626
90090028	OnFrame	1	44349	44631
90090029	OnFrame	1	44635	44636
1002	OnFrame	1	44639	44673
1018	OnFrame	1	45908	45943
1028	OnFrame	1	45970	45973
1009	OnFrame	1	46007	46036
1004	OnFrame	1	46075	46104
1016	OnFrame	1	46149	46178
1023	OnFrame	1	46430	46457
1017	OnFrame	1	46503	46530
1117	OnFrame	1	46697	46708
1217	OnFrame	1	3522	46863
1317	OnFrame	1	46867	46876
1006	OnFrame	1	47045	47072
1011	OnFrame	1	47124	47152
1003	OnFrame	1	47221	47249
1026	OnFrame	1	47304	47330
1012	OnFrame	1	47378	47407
1001	OnFrame	1	47644	47671
1005	OnFrame	1	47783	47812
1007	OnFrame	1	47886	47911
1008	OnFrame	1	47994	48022
1013	OnFrame	1	48115	48142
1014	OnFrame	1	48176	48203
1022	OnFrame	1	48265	48294
1015	OnFrame	1	48387	48415
9039	OnFrame	1	50279	50294
8215	OnFrame	1	50394	50417
8213	OnFrame	1	50688	50690
2013	OnFrame	1	1022	50726
2014	OnFrame	1	930	50728
8701	OnFrame	1	50733	50761
8731	OnFrame	1	51102	51106
8733	OnFrame	1	51206	51208
7001	OnFrame	1	51293	51322
7002	OnFrame	1	51326	51349
7003	OnFrame	1	51351	51372
7005	OnFrame	1	51374	51393
7008	OnFrame	1	51395	51412
7007	OnFrame	1	51414	51430
7072	OnFrame	1	51432	51461
7006	OnFrame	1	51504	51519
7004	OnFrame	1	51528	51543
7023	OnFrame	1	51545	51372
9003	OnFrame	1	51562	51571
9009	OnFrame	1	51590	51600
9010	OnFrame	1	51614	51617
9011	OnFrame	1	51629	51632
9012	OnFrame	1	51651	51653
9013	OnFrame	1	51669	51672
9014	OnFrame	1	51694	51695
9015	OnFrame	1	51706	51713
9016	OnFrame	1	51731	51734
9017	OnFrame	1	51746	51753
9018	OnFrame	1	51791	51805
9019	OnFrame	1	51877	51878
9020	OnFrame	1	51903	51905
9021	OnFrame	1	51925	51927
9601	OnFrame	1	51950	51951
9602	OnFrame	1	52040	52041
9603	OnFrame	1	52040	52071
9604	OnFrame	1	52091	52092
9605	OnFrame	1	52103	52104
9606	OnFrame	1	52103	52135
9607	OnFrame	1	52103	52157
9025	OnFrame	1	52179	52183
9027	OnFrame	1	52204	52216
9028	OnFrame	1	52249	52253
9029	OnFrame	1	52261	52263
9030	OnFrame	1	52268	52270
9031	OnFrame	1	52275	52278
9032	OnFrame	1	52305	52308
9036	OnFrame	1	52312	52315
9714	OnFrame	1	52339	52352
9943	OnFrame	1	52437	52439
9944	OnFrame	1	52451	52452
9716	OnFrame	1	52467	52476
9941	OnFrame	1	52561	52562
9041	OnFrame	1	52582	52583
9945	OnFrame	1	52611	52613
9045	OnFrame	1	52641	52642
9046	OnFrame	1	52662	52663
9951	OnFrame	1	52683	52689
9952	OnFrame	1	52727	52734
9953	OnFrame	1	52830	52831
9033	OnFrame	1	52859	52869
9034	OnFrame	1	52892	52900
9026	OnFrame	1	52929	52930
9958	OnFrame	1	52956	52964
9959	OnFrame	1	53032	53033
9960	OnFrame	1	53057	53059
9961	OnFrame	1	53070	53076
9962	OnFrame	1	53155	53161
9022	OnFrame	1	53183	53185
9963	OnFrame	1	53222	53224
9043	OnFrame	1	53257	53267
9964	OnFrame	1	53305	53333
9956	OnFrame	1	53497	53498
9957	OnFrame	1	53499	14426
9965	OnFrame	1	53500	53509
9966	OnFrame	1	53500	53509
9967	OnFrame	1	53500	53509
9968	OnFrame	1	53500	53509
9969	OnFrame	1	53500	53618
9970	OnFrame	1	53623	53633
9922	OnFrame	1	53684	53687
9923	OnFrame	1	53722	53723
9035	OnFrame	1	53754	53757
2008	OnFrame	1	8663	53837
9972	OnFrame	1	53851	53878
9971	OnFrame	1	54070	54076
9023	OnFrame	1	54762	54773
8110	OnFrame	1	54777	54835
8111	OnFrame	1	54911	54942
8112	OnFrame	1	54994	55017
8113	OnFrame	1	55030	55051
8120	OnFrame	1	55063	55075
8130	OnFrame	1	55235	55297
8140	OnFrame	1	55460	55484
8141	OnFrame	1	55553	55555
8150	OnFrame	1	55565	55574
8160	OnFrame	1	55694	55699
8170	OnFrame	1	55755	55769
8180	OnFrame	1	55894	55898
9002	OnFrame	1	55960	55961
8190	OnFrame	1	56010	56017
8310	OnFrame	1	56111	56116
8311	OnFrame	1	56220	56236
8320	OnFrame	1	56329	56334
8322	OnFrame	1	56409	56419
9501	OnFrame	1	59796	59798
